NAME : ORTEC-VRPTW-ASYM-ffa0f3b4-d1-n926
TYPE : VRPTW-RT
DIMENSION : 927
EDGE_WEIGHT_TYPE : EUC_2D
CAPACITY : 160
NODE_COORD_SECTION
1	2977	2563
2	4109	3051
3	2733	3922
4	1000	827
5	2464	1942
6	2401	2830
7	3057	2141
8	1525	2115
9	1788	2923
10	1496	1292
11	2470	2342
12	1459	1687
13	2660	2241
14	4073	3297
15	3016	3169
16	1374	1194
17	2597	3839
18	3631	2870
19	3558	2917
20	4460	3506
21	2406	2637
22	3113	2434
23	1301	1709
24	1605	1262
25	301	1081
26	3317	3234
27	3138	3727
28	1211	2641
29	3550	2684
30	1433	2552
31	2597	3839
32	2008	2411
33	1496	1292
34	4416	4599
35	3172	2612
36	3948	3204
37	1251	1098
38	3088	2714
39	2609	1946
40	1344	1897
41	4030	3075
42	1767	2130
43	3831	3885
44	5481	3735
45	4030	4475
46	1944	2555
47	1605	1262
48	1359	2797
49	1292	2743
50	1241	1416
51	4413	3460
52	1433	2552
53	4207	4003
54	5366	6015
55	4346	3283
56	4652	4317
57	3442	3564
58	599	880
59	3234	3382
60	2098	2946
61	1348	2206
62	3634	2870
63	3978	4113
64	4452	3408
65	2811	2246
66	1702	2360
67	1314	1098
68	4403	4251
69	3893	3225
70	892	1678
71	1359	2797
72	2047	2388
73	2874	2412
74	4030	3075
75	3296	3606
76	3884	3165
77	1613	1545
78	5570	5217
79	2406	2637
80	1299	2701
81	2150	2699
82	4076	3431
83	4439	3301
84	4931	4812
85	5334	4974
86	3893	3225
87	5294	4666
88	1045	975
89	3916	4188
90	1386	1663
91	3081	3871
92	5919	4047
93	3720	4149
94	3036	2461
95	1655	1827
96	2986	3859
97	5325	3607
98	3895	3891
99	3416	4030
100	2047	2388
101	3424	2753
102	4586	3490
103	5334	4974
104	4449	3533
105	2256	1935
106	3499	3479
107	4076	3431
108	4403	4251
109	3707	4226
110	5311	5241
111	3721	3115
112	1499	1444
113	4380	3281
114	2943	3255
115	5479	4268
116	4569	3341
117	5570	5217
118	4073	3297
119	1488	2649
120	1211	2641
121	2023	2410
122	2305	2272
123	1010	958
124	2164	2318
125	4532	3505
126	2730	3624
127	3744	3938
128	993	1462
129	5736	3546
130	4597	3742
131	4569	3341
132	1231	2514
133	3317	3234
134	1770	1587
135	1702	2360
136	1785	1344
137	1056	1394
138	1166	1639
139	2660	2241
140	1314	1098
141	4253	4715
142	759	937
143	6617	5280
144	3113	2434
145	992	1286
146	5294	4666
147	5570	5217
148	4288	3322
149	3072	3998
150	2438	2733
151	3668	3709
152	4076	3431
153	2380	2398
154	2350	1916
155	5253	4069
156	3057	2141
157	3768	3982
158	2312	2570
159	4076	3431
160	2150	2699
161	1231	2514
162	3365	2711
163	3757	3055
164	3948	3204
165	5366	6015
166	2023	2410
167	1047	1637
168	3978	4113
169	3911	3140
170	3892	4151
171	4962	4490
172	1223	1548
173	4403	4251
174	3036	2461
175	5337	3465
176	1206	1390
177	4332	3802
178	3327	3778
179	2283	2358
180	5284	4563
181	1276	2099
182	4073	3297
183	5325	5398
184	4931	4812
185	5479	4268
186	2664	2147
187	2254	2517
188	1459	1687
189	1344	1897
190	3424	2753
191	2470	2342
192	2607	3876
193	4380	3281
194	1433	2552
195	1330	1738
196	3296	3606
197	2660	2241
198	1432	2570
199	939	1229
200	905	1335
201	1144	1900
202	3537	3421
203	5660	4791
204	810	1095
205	4482	3588
206	2350	1916
207	3200	2606
208	4447	3315
209	5481	3735
210	2406	2637
211	1299	2701
212	2468	3150
213	4215	3325
214	3606	3987
215	3867	3010
216	1177	1607
217	4942	4831
218	1522	2433
219	4370	3761
220	1037	1649
221	3742	4117
222	4980	6118
223	3499	3925
224	3884	3165
225	3138	3727
226	1770	1587
227	5569	4273
228	1756	2033
229	4030	3243
230	3442	3564
231	4320	3080
232	1144	1900
233	3113	2434
234	855	793
235	3365	2711
236	1613	1545
237	3404	3952
238	3631	2870
239	2283	2786
240	2150	2699
241	3200	2606
242	1357	2603
243	1276	2099
244	1655	1827
245	2464	1942
246	855	793
247	2256	1935
248	5398	5304
249	4617	3752
250	3721	3115
251	4073	3297
252	5569	4273
253	1040	2345
254	1605	1262
255	4326	4238
256	1386	1663
257	3424	2753
258	4199	3092
259	3129	2157
260	5325	3607
261	1496	1292
262	2224	3555
263	1662	2060
264	2640	2034
265	1874	2309
266	5754	5172
267	1231	2514
268	1037	1649
269	2315	1707
270	1206	1390
271	3911	3140
272	4380	3651
273	858	1181
274	4305	3306
275	2640	2034
276	5377	4923
277	3172	3222
278	1785	1344
279	1045	975
280	4775	4989
281	543	1019
282	4775	4989
283	1496	1292
284	3707	4226
285	3867	3010
286	1374	1194
287	3831	3885
288	1605	1262
289	3214	3474
290	1299	2701
291	4569	3341
292	3634	2870
293	1672	2386
294	3296	3606
295	1360	1867
296	4035	3199
297	5736	3546
298	1241	1416
299	1231	2514
300	2063	2401
301	4161	3165
302	2272	1981
303	5716	5619
304	3893	3225
305	5479	4268
306	2469	3218
307	4030	4475
308	1565	1566
309	2986	3859
310	3978	4113
311	866	1597
312	1037	1649
313	2811	2246
314	5523	5810
315	2350	1916
316	4030	3243
317	4215	3325
318	2272	1981
319	4641	4798
320	5325	5398
321	1141	1429
322	4128	3995
323	4849	3665
324	599	880
325	2423	2214
326	1960	2236
327	4288	3322
328	2959	3522
329	858	1181
330	5325	3607
331	2984	3992
332	599	880
333	2098	2946
334	1756	2033
335	1785	1344
336	1874	2309
337	4447	3315
338	1223	1548
339	2245	2999
340	1117	942
341	4030	3243
342	4460	3506
343	3867	3070
344	1314	1098
345	4164	3526
346	4849	3665
347	4738	3641
348	2552	2722
349	3768	3982
350	1321	1198
351	3766	2899
352	4931	4812
353	2150	2699
354	2660	2241
355	6617	5280
356	759	937
357	2552	2722
358	3895	3891
359	4274	4296
360	3631	2870
361	4482	3588
362	1241	1416
363	1040	2345
364	4266	3164
365	3222	2537
366	1432	2570
367	3161	3612
368	4030	4475
369	4556	3741
370	1291	1031
371	1359	2797
372	1374	1194
373	4305	3306
374	3129	2157
375	6523	5387
376	4942	4831
377	3952	4273
378	1206	1390
379	3618	4147
380	1265	1583
381	3135	3195
382	3852	4067
383	4652	4317
384	4068	4478
385	4320	3080
386	4010	4235
387	4429	4676
388	1570	1204
389	4380	3281
390	4641	4798
391	3911	3140
392	3081	3871
393	2256	1935
394	4261	4307
395	2305	2272
396	3766	2899
397	2047	2388
398	1276	2099
399	3138	3727
400	1047	1637
401	4161	3165
402	5660	4791
403	3707	4226
404	4332	3802
405	3978	4113
406	5253	4069
407	1010	958
408	1525	2115
409	1785	1344
410	4577	3518
411	1785	1344
412	4439	3301
413	1330	1738
414	2863	3708
415	2470	2342
416	5682	3453
417	1788	2923
418	1177	1607
419	3648	4145
420	1141	1429
421	3916	4096
422	4332	3802
423	1299	2627
424	3876	3765
425	3668	3709
426	5398	5304
427	2607	3876
428	3161	3612
429	1432	2570
430	4664	3726
431	1756	2033
432	3895	3891
433	2959	3522
434	5398	5304
435	2956	2294
436	866	1597
437	5348	4370
438	3720	4149
439	1522	1294
440	4073	3297
441	1088	1916
442	1136	1022
443	4288	3322
444	3172	3222
445	4030	4475
446	2550	2102
447	3172	3222
448	1767	2130
449	2978	2284
450	2920	2058
451	1344	1897
452	5262	4438
453	5189	4734
454	1655	1827
455	3442	4079
456	301	1081
457	4013	4279
458	1231	2514
459	3232	3918
460	3852	4067
461	1788	2923
462	5402	5920
463	1136	1022
464	5366	3184
465	1321	1198
466	4261	4307
467	4253	4715
468	4849	3665
469	1344	1897
470	3892	4151
471	709	1352
472	1386	1663
473	3214	3474
474	2607	3876
475	927	1585
476	4030	3243
477	3967	3153
478	2380	2398
479	4332	3802
480	1223	1548
481	2048	2191
482	5231	5169
483	1306	1307
484	4942	4831
485	1233	2799
486	892	1678
487	1874	2309
488	5366	3184
489	1412	2649
490	5641	3898
491	3742	4117
492	5253	4069
493	4577	3518
494	898	1488
495	4380	3281
496	4261	4307
497	4109	3051
498	2597	3839
499	4655	4837
500	2048	2191
501	2464	1942
502	3895	3891
503	2464	1942
504	3606	3987
505	1292	2743
506	3876	3765
507	880	1612
508	2664	2147
509	5471	3737
510	3036	2461
511	5325	5398
512	2023	2410
513	5570	5217
514	4288	3322
515	5821	6423
516	2550	2102
517	2470	2342
518	5366	6015
519	1374	1194
520	2863	3708
521	4030	3243
522	3473	2744
523	5736	3546
524	3948	3204
525	1136	1022
526	1960	2236
527	3072	3998
528	3634	2870
529	3634	2870
530	4641	4798
531	3867	3070
532	3081	3871
533	892	1678
534	1314	1098
535	3819	3233
536	1231	2514
537	5284	4563
538	4083	3840
539	4380	3651
540	5325	5398
541	1047	1637
542	4429	4676
543	5284	4563
544	1045	975
545	3648	4145
546	599	880
547	2305	2702
548	1241	1416
549	1785	1344
550	3558	2917
551	4460	3506
552	3270	3210
553	2499	2906
554	1314	1098
555	1102	1844
556	4721	4500
557	3057	2141
558	5398	5304
559	4416	4599
560	5294	4666
561	3916	4096
562	4460	3506
563	4449	3533
564	1265	1583
565	4849	3665
566	3892	4151
567	927	1585
568	1697	1634
569	4199	3092
570	866	1597
571	3129	2157
572	2863	3708
573	2401	2830
574	3135	3195
575	3867	3010
576	4416	4599
577	4452	3408
578	1231	2514
579	5871	3865
580	2048	2191
581	1348	2206
582	4030	3243
583	543	1019
584	4380	3281
585	3214	3474
586	2660	2241
587	1223	1548
588	5325	3607
589	2235	2160
590	2649	2186
591	905	1335
592	1251	1098
593	4429	4676
594	1330	1738
595	1565	1566
596	1412	2649
597	858	1181
598	3442	4079
599	5253	4069
600	3668	3709
601	1306	1307
602	1211	2641
603	1279	1882
604	2048	2191
605	3866	2858
606	2401	2830
607	3768	3982
608	2499	2906
609	4416	4599
610	2863	3708
611	4164	3526
612	1231	2514
613	5716	5619
614	2464	1942
615	3916	4188
616	1609	1200
617	3270	3210
618	4775	4989
619	1276	2099
620	1166	1639
621	3424	2753
622	4532	3505
623	5325	3607
624	4051	3169
625	2256	1935
626	5570	5217
627	3075	3821
628	1412	1102
629	1136	1022
630	3966	4175
631	3056	2584
632	3232	3918
633	950	1128
634	3757	3055
635	1344	1897
636	1231	2514
637	3606	3987
638	1609	1200
639	858	1181
640	3648	4145
641	4380	3281
642	5311	5241
643	1299	2701
644	5366	3184
645	4641	4798
646	950	1128
647	1662	2060
648	4013	4279
649	3442	3564
650	4449	3533
651	1525	2115
652	4586	3490
653	1040	2345
654	1357	2603
655	1672	2386
656	2254	2517
657	5189	4734
658	1299	2627
659	5189	4734
660	1047	1637
661	1008	1266
662	2404	3185
663	3606	3987
664	4010	4235
665	5311	5241
666	3378	3993
667	3378	3993
668	2550	2102
669	3916	4096
670	3668	3709
671	4980	6118
672	992	1286
673	1613	1545
674	1123	1334
675	3966	4175
676	4286	3154
677	3424	2753
678	3172	2612
679	1123	1334
680	3893	3225
681	1459	1687
682	3852	4067
683	3867	3070
684	2936	2106
685	2649	2186
686	3634	2870
687	4346	3283
688	2469	3218
689	3067	3473
690	5348	4370
691	1279	1882
692	3537	3421
693	1960	2236
694	3757	3055
695	2315	1707
696	1662	2060
697	2730	3624
698	3707	4226
699	2986	3859
700	5334	4974
701	2597	3839
702	3831	3885
703	5716	5619
704	4266	3164
705	3537	3421
706	4199	3092
707	5569	4273
708	3895	3891
709	3707	4226
710	1565	1566
711	1045	975
712	5821	6423
713	2008	2411
714	3378	3993
715	1655	1827
716	1785	1344
717	1570	1204
718	1008	1266
719	301	1081
720	5366	3184
721	3948	3204
722	3707	4226
723	4346	3283
724	2991	2199
725	3634	2870
726	1756	2033
727	4288	3322
728	5481	3735
729	3327	3778
730	4380	3651
731	2978	2284
732	770	1617
733	4305	3306
734	993	1462
735	2640	2034
736	770	1617
737	1056	1394
738	3550	2684
739	2023	2410
740	1770	1587
741	1279	1882
742	3631	2870
743	927	1585
744	2272	1981
745	1386	1663
746	3866	2858
747	1299	2627
748	892	1678
749	2640	2034
750	1056	1394
751	3631	2870
752	1206	1390
753	4215	3325
754	2283	2358
755	855	793
756	5523	5810
757	3550	2684
758	3270	3210
759	855	793
760	1144	1900
761	1570	1204
762	3365	2711
763	1166	1639
764	3550	2684
765	2272	1981
766	1357	2603
767	5821	6423
768	4010	4235
769	5311	5241
770	1605	1262
771	3129	2157
772	4403	4251
773	3773	4062
774	3499	3479
775	2283	2786
776	3036	2461
777	1299	2627
778	4103	3295
779	4083	3840
780	1299	2701
781	3113	2434
782	3074	3137
783	3416	4030
784	1008	1266
785	2986	3859
786	1702	2360
787	3853	4525
788	2812	2039
789	1068	1666
790	2283	2786
791	1117	942
792	2047	2388
793	4000	2898
794	2405	2524
795	3016	3169
796	1960	2236
797	3618	4147
798	3831	3885
799	1141	1429
800	3876	3765
801	1000	827
802	3916	4096
803	2499	2906
804	3744	3938
805	4431	3567
806	1367	2867
807	1745	2506
808	1141	1429
809	3867	3070
810	2224	3555
811	4586	3490
812	4569	3341
813	3378	3993
814	2936	2106
815	4664	3726
816	5481	3735
817	4556	3741
818	5469	4978
819	3867	3070
820	4261	4307
821	3720	4149
822	3948	3204
823	1745	2506
824	1206	1390
825	3088	2714
826	1251	1098
827	950	1128
828	3075	3821
829	1292	2743
830	1367	2867
831	3088	2714
832	3075	3821
833	1756	2033
834	1299	2627
835	3075	3821
836	759	937
837	2469	3218
838	5469	4978
839	5325	5398
840	1609	1200
841	3967	3153
842	2978	2284
843	5919	4047
844	5377	4923
845	3744	3938
846	3057	2141
847	2978	2284
848	1348	2206
849	5660	4791
850	2730	3624
851	3867	3010
852	2272	1981
853	2008	2411
854	4652	4317
855	1000	827
856	3200	2606
857	3234	3382
858	2470	2342
859	2469	3218
860	5348	4370
861	3172	2612
862	1010	958
863	2404	3185
864	4013	4279
865	4535	3435
866	3962	3087
867	3056	2584
868	3812	3229
869	4456	4731
870	5189	4734
871	301	1081
872	1367	2867
873	4439	3301
874	1117	942
875	5262	4438
876	2023	2410
877	1592	2321
878	4066	3907
879	3876	3765
880	1702	2360
881	2984	3992
882	3404	3952
883	3966	4175
884	880	1612
885	4652	4317
886	5189	4734
887	1314	1098
888	2660	2241
889	3062	2380
890	1068	1666
891	892	1678
892	2660	2241
893	3113	2434
894	2350	1916
895	3948	3204
896	2986	3859
897	3720	4149
898	4641	4798
899	1117	942
900	2245	2999
901	3404	3952
902	5141	4831
903	2739	1980
904	3895	3891
905	3867	3070
906	1349	2251
907	2008	2411
908	2959	3522
909	3819	3233
910	4274	4296
911	1123	1334
912	1525	2115
913	1206	1390
914	5337	3465
915	3867	3070
916	1662	2060
917	5682	3453
918	3966	4175
919	5660	4791
920	1756	2033
921	1291	1031
922	2047	2388
923	2063	2401
924	3057	2141
925	4617	3752
926	4253	3475
927	3113	2434
DEMAND_SECTION
1	0
2	9
3	7
4	6
5	4
6	3
7	9
8	5
9	9
10	7
11	4
12	15
13	5
14	10
15	5
16	4
17	5
18	8
19	1
20	5
21	6
22	5
23	4
24	9
25	5
26	4
27	6
28	4
29	4
30	7
31	8
32	9
33	12
34	7
35	5
36	9
37	4
38	6
39	9
40	7
41	6
42	4
43	7
44	10
45	4
46	16
47	6
48	5
49	4
50	4
51	7
52	14
53	10
54	5
55	8
56	9
57	6
58	6
59	6
60	3
61	5
62	9
63	8
64	7
65	3
66	3
67	5
68	12
69	5
70	8
71	5
72	4
73	3
74	5
75	8
76	7
77	5
78	7
79	10
80	7
81	7
82	4
83	4
84	4
85	5
86	13
87	4
88	11
89	4
90	8
91	5
92	4
93	6
94	16
95	4
96	5
97	5
98	4
99	7
100	8
101	4
102	8
103	4
104	7
105	5
106	6
107	1
108	3
109	3
110	4
111	10
112	6
113	7
114	6
115	9
116	7
117	5
118	12
119	5
120	22
121	4
122	9
123	6
124	6
125	5
126	8
127	4
128	4
129	11
130	4
131	7
132	8
133	11
134	3
135	8
136	6
137	22
138	7
139	8
140	5
141	7
142	6
143	4
144	7
145	3
146	6
147	7
148	5
149	8
150	3
151	7
152	13
153	2
154	8
155	11
156	10
157	5
158	10
159	4
160	17
161	2
162	5
163	11
164	6
165	10
166	5
167	5
168	3
169	4
170	3
171	11
172	5
173	3
174	8
175	4
176	4
177	3
178	3
179	4
180	5
181	3
182	4
183	6
184	6
185	3
186	5
187	9
188	10
189	8
190	6
191	6
192	4
193	13
194	4
195	5
196	3
197	5
198	6
199	5
200	5
201	10
202	4
203	4
204	11
205	16
206	5
207	16
208	7
209	10
210	7
211	12
212	3
213	5
214	5
215	4
216	7
217	9
218	4
219	10
220	10
221	4
222	6
223	4
224	9
225	3
226	8
227	3
228	4
229	6
230	7
231	15
232	8
233	6
234	11
235	13
236	8
237	2
238	9
239	6
240	5
241	5
242	7
243	2
244	5
245	11
246	5
247	15
248	6
249	6
250	5
251	5
252	4
253	6
254	4
255	5
256	7
257	5
258	9
259	4
260	3
261	7
262	5
263	6
264	8
265	3
266	4
267	4
268	11
269	5
270	4
271	4
272	10
273	13
274	4
275	2
276	5
277	8
278	8
279	4
280	5
281	5
282	11
283	3
284	5
285	8
286	7
287	6
288	5
289	7
290	3
291	6
292	4
293	3
294	22
295	6
296	6
297	8
298	10
299	10
300	7
301	4
302	7
303	6
304	4
305	7
306	9
307	3
308	7
309	10
310	9
311	6
312	10
313	3
314	5
315	9
316	10
317	4
318	5
319	6
320	13
321	9
322	7
323	8
324	6
325	5
326	4
327	9
328	5
329	7
330	6
331	5
332	9
333	3
334	13
335	11
336	5
337	9
338	6
339	5
340	6
341	6
342	3
343	4
344	14
345	3
346	7
347	3
348	11
349	4
350	6
351	6
352	5
353	6
354	4
355	9
356	7
357	5
358	6
359	4
360	4
361	11
362	3
363	6
364	5
365	5
366	8
367	7
368	9
369	11
370	8
371	4
372	5
373	7
374	5
375	5
376	8
377	5
378	5
379	14
380	6
381	5
382	6
383	8
384	12
385	10
386	5
387	4
388	4
389	4
390	5
391	8
392	5
393	5
394	4
395	4
396	9
397	7
398	4
399	16
400	7
401	12
402	4
403	3
404	7
405	8
406	6
407	13
408	3
409	6
410	11
411	3
412	4
413	3
414	3
415	6
416	8
417	7
418	5
419	1
420	3
421	5
422	9
423	6
424	10
425	8
426	16
427	7
428	8
429	5
430	5
431	12
432	9
433	4
434	7
435	3
436	6
437	5
438	5
439	7
440	7
441	10
442	4
443	9
444	2
445	9
446	17
447	9
448	5
449	3
450	4
451	4
452	12
453	10
454	7
455	11
456	8
457	10
458	7
459	6
460	3
461	10
462	7
463	6
464	9
465	3
466	6
467	12
468	4
469	3
470	6
471	6
472	7
473	5
474	6
475	4
476	3
477	6
478	6
479	5
480	4
481	4
482	9
483	12
484	5
485	7
486	5
487	5
488	4
489	5
490	5
491	3
492	6
493	4
494	5
495	9
496	10
497	13
498	4
499	12
500	3
501	8
502	4
503	10
504	5
505	7
506	4
507	3
508	7
509	7
510	7
511	7
512	2
513	10
514	10
515	9
516	6
517	7
518	3
519	5
520	14
521	8
522	7
523	4
524	4
525	3
526	12
527	4
528	7
529	10
530	5
531	6
532	4
533	6
534	8
535	7
536	6
537	3
538	8
539	12
540	3
541	9
542	4
543	3
544	4
545	6
546	8
547	7
548	6
549	3
550	4
551	3
552	5
553	4
554	6
555	10
556	3
557	4
558	6
559	8
560	4
561	4
562	9
563	4
564	7
565	5
566	7
567	5
568	10
569	6
570	9
571	9
572	4
573	8
574	4
575	6
576	10
577	7
578	5
579	6
580	3
581	4
582	8
583	6
584	2
585	4
586	7
587	9
588	7
589	9
590	7
591	7
592	7
593	3
594	3
595	3
596	8
597	5
598	10
599	4
600	5
601	6
602	5
603	8
604	5
605	5
606	4
607	8
608	4
609	7
610	5
611	4
612	7
613	6
614	9
615	3
616	6
617	10
618	7
619	10
620	3
621	9
622	5
623	6
624	5
625	7
626	1
627	6
628	5
629	4
630	9
631	12
632	4
633	9
634	3
635	5
636	7
637	6
638	8
639	7
640	4
641	7
642	12
643	12
644	3
645	4
646	5
647	5
648	7
649	16
650	6
651	3
652	7
653	10
654	9
655	5
656	5
657	10
658	6
659	4
660	5
661	11
662	6
663	5
664	10
665	7
666	4
667	5
668	3
669	6
670	7
671	8
672	5
673	5
674	3
675	8
676	4
677	5
678	3
679	6
680	9
681	6
682	9
683	3
684	5
685	5
686	5
687	7
688	7
689	8
690	11
691	10
692	3
693	10
694	9
695	9
696	11
697	7
698	3
699	6
700	17
701	9
702	5
703	5
704	7
705	12
706	6
707	4
708	5
709	10
710	8
711	3
712	8
713	6
714	4
715	9
716	3
717	4
718	4
719	13
720	7
721	3
722	2
723	10
724	5
725	6
726	5
727	11
728	7
729	9
730	11
731	3
732	6
733	6
734	9
735	4
736	5
737	1
738	6
739	8
740	7
741	2
742	6
743	8
744	2
745	9
746	5
747	4
748	8
749	7
750	5
751	12
752	7
753	4
754	5
755	7
756	4
757	3
758	6
759	8
760	4
761	7
762	9
763	7
764	4
765	3
766	5
767	5
768	4
769	4
770	4
771	4
772	9
773	8
774	9
775	8
776	6
777	3
778	15
779	3
780	9
781	5
782	6
783	4
784	7
785	17
786	8
787	16
788	6
789	2
790	10
791	6
792	10
793	12
794	22
795	5
796	8
797	8
798	8
799	5
800	8
801	10
802	8
803	11
804	7
805	3
806	8
807	5
808	16
809	7
810	5
811	4
812	4
813	6
814	6
815	5
816	9
817	4
818	10
819	5
820	9
821	9
822	5
823	8
824	8
825	6
826	11
827	10
828	6
829	3
830	6
831	6
832	7
833	5
834	4
835	7
836	7
837	7
838	3
839	8
840	4
841	6
842	2
843	4
844	7
845	4
846	13
847	4
848	5
849	3
850	9
851	4
852	4
853	7
854	5
855	3
856	9
857	5
858	12
859	3
860	6
861	5
862	4
863	3
864	3
865	5
866	5
867	8
868	12
869	7
870	6
871	7
872	9
873	6
874	5
875	2
876	5
877	9
878	5
879	4
880	22
881	5
882	9
883	5
884	5
885	5
886	22
887	11
888	12
889	7
890	4
891	8
892	6
893	3
894	5
895	9
896	5
897	4
898	3
899	8
900	9
901	3
902	3
903	5
904	5
905	4
906	4
907	3
908	5
909	6
910	5
911	8
912	2
913	7
914	6
915	4
916	3
917	7
918	11
919	10
920	3
921	4
922	5
923	3
924	4
925	9
926	7
927	7
DEPOT_SECTION
1
-1
SERVICE_TIME_SECTION
1	0
2	660
3	840
4	480
5	360
6	720
7	660
8	420
9	300
10	420
11	360
12	480
13	420
14	960
15	780
16	540
17	660
18	720
19	420
20	420
21	420
22	1020
23	600
24	420
25	420
26	540
27	660
28	540
29	960
30	840
31	660
32	660
33	300
34	480
35	780
36	300
37	420
38	420
39	1320
40	720
41	300
42	960
43	540
44	540
45	360
46	660
47	540
48	360
49	480
50	960
51	1320
52	960
53	660
54	360
55	300
56	960
57	420
58	720
59	360
60	420
61	600
62	480
63	780
64	360
65	600
66	420
67	420
68	420
69	600
70	360
71	420
72	1020
73	480
74	540
75	300
76	300
77	360
78	720
79	420
80	480
81	720
82	540
83	660
84	420
85	420
86	600
87	420
88	1080
89	480
90	420
91	900
92	720
93	360
94	360
95	660
96	660
97	480
98	540
99	600
100	960
101	180
102	660
103	720
104	540
105	360
106	660
107	180
108	540
109	540
110	540
111	420
112	540
113	540
114	480
115	420
116	600
117	600
118	600
119	540
120	720
121	600
122	660
123	420
124	840
125	480
126	660
127	360
128	600
129	540
130	840
131	780
132	720
133	480
134	360
135	300
136	1260
137	720
138	720
139	960
140	900
141	720
142	420
143	420
144	660
145	300
146	540
147	360
148	480
149	600
150	720
151	420
152	420
153	480
154	540
155	420
156	840
157	360
158	480
159	480
160	780
161	1020
162	600
163	660
164	540
165	660
166	600
167	480
168	420
169	720
170	420
171	720
172	660
173	420
174	360
175	300
176	780
177	660
178	360
179	600
180	1200
181	420
182	600
183	540
184	480
185	660
186	360
187	480
188	300
189	900
190	300
191	420
192	480
193	360
194	660
195	600
196	480
197	540
198	780
199	1020
200	240
201	420
202	900
203	360
204	600
205	720
206	600
207	1080
208	540
209	840
210	480
211	360
212	360
213	540
214	420
215	660
216	960
217	300
218	480
219	540
220	720
221	480
222	480
223	480
224	360
225	660
226	600
227	660
228	720
229	780
230	360
231	900
232	420
233	600
234	660
235	420
236	480
237	840
238	360
239	900
240	420
241	600
242	720
243	600
244	540
245	360
246	900
247	780
248	540
249	780
250	360
251	600
252	600
253	1260
254	360
255	360
256	420
257	540
258	540
259	540
260	540
261	240
262	660
263	420
264	420
265	780
266	420
267	600
268	420
269	420
270	660
271	600
272	660
273	480
274	720
275	360
276	840
277	420
278	420
279	540
280	540
281	480
282	360
283	360
284	540
285	360
286	360
287	660
288	480
289	600
290	600
291	420
292	840
293	420
294	480
295	540
296	600
297	480
298	1680
299	720
300	360
301	360
302	600
303	540
304	480
305	1080
306	600
307	360
308	420
309	300
310	420
311	660
312	600
313	480
314	420
315	900
316	420
317	420
318	600
319	600
320	660
321	960
322	540
323	600
324	600
325	1080
326	420
327	720
328	480
329	420
330	300
331	420
332	480
333	480
334	540
335	900
336	480
337	660
338	360
339	720
340	480
341	840
342	600
343	720
344	540
345	420
346	660
347	720
348	360
349	780
350	480
351	540
352	360
353	420
354	600
355	720
356	1200
357	780
358	360
359	360
360	540
361	720
362	1260
363	480
364	720
365	600
366	660
367	960
368	360
369	540
370	600
371	1140
372	600
373	300
374	480
375	420
376	420
377	720
378	420
379	960
380	720
381	360
382	420
383	420
384	480
385	600
386	300
387	720
388	480
389	720
390	600
391	540
392	480
393	420
394	420
395	1260
396	360
397	360
398	420
399	600
400	420
401	360
402	540
403	420
404	720
405	540
406	420
407	660
408	600
409	660
410	600
411	360
412	480
413	660
414	960
415	360
416	1020
417	420
418	600
419	360
420	360
421	420
422	360
423	540
424	720
425	420
426	180
427	420
428	540
429	1140
430	420
431	480
432	780
433	480
434	840
435	300
436	720
437	480
438	360
439	420
440	300
441	540
442	600
443	480
444	540
445	720
446	420
447	600
448	600
449	600
450	360
451	420
452	420
453	420
454	360
455	420
456	360
457	300
458	540
459	420
460	480
461	360
462	540
463	780
464	720
465	360
466	420
467	600
468	720
469	240
470	300
471	840
472	420
473	420
474	540
475	720
476	540
477	420
478	540
479	600
480	600
481	540
482	600
483	780
484	720
485	840
486	600
487	840
488	600
489	480
490	420
491	900
492	660
493	480
494	540
495	480
496	780
497	480
498	540
499	720
500	1140
501	360
502	540
503	840
504	240
505	720
506	420
507	1140
508	660
509	480
510	600
511	660
512	360
513	660
514	600
515	720
516	780
517	1140
518	720
519	540
520	420
521	600
522	480
523	420
524	420
525	420
526	600
527	360
528	600
529	600
530	300
531	360
532	540
533	360
534	900
535	600
536	360
537	840
538	480
539	600
540	660
541	600
542	780
543	300
544	600
545	420
546	420
547	660
548	360
549	600
550	360
551	480
552	660
553	420
554	780
555	720
556	780
557	840
558	960
559	360
560	600
561	360
562	480
563	840
564	600
565	780
566	1140
567	360
568	600
569	720
570	720
571	840
572	720
573	780
574	420
575	300
576	420
577	720
578	360
579	720
580	600
581	600
582	660
583	480
584	480
585	420
586	240
587	720
588	180
589	600
590	600
591	420
592	720
593	600
594	360
595	1020
596	720
597	480
598	660
599	780
600	600
601	1260
602	660
603	360
604	420
605	540
606	600
607	540
608	780
609	420
610	600
611	480
612	600
613	660
614	480
615	240
616	720
617	600
618	660
619	420
620	420
621	420
622	780
623	720
624	360
625	720
626	720
627	840
628	360
629	360
630	840
631	420
632	780
633	600
634	420
635	540
636	600
637	300
638	900
639	600
640	420
641	540
642	660
643	720
644	420
645	480
646	720
647	360
648	480
649	720
650	780
651	600
652	540
653	300
654	420
655	720
656	1020
657	300
658	720
659	540
660	540
661	600
662	960
663	660
664	300
665	900
666	720
667	780
668	840
669	720
670	360
671	720
672	840
673	720
674	360
675	180
676	480
677	1680
678	480
679	360
680	1260
681	660
682	300
683	480
684	720
685	540
686	960
687	480
688	720
689	600
690	300
691	780
692	540
693	840
694	1500
695	660
696	1080
697	720
698	540
699	360
700	780
701	600
702	840
703	480
704	360
705	600
706	480
707	1200
708	660
709	360
710	840
711	660
712	540
713	960
714	420
715	480
716	480
717	600
718	780
719	480
720	900
721	300
722	180
723	720
724	360
725	420
726	780
727	540
728	540
729	720
730	540
731	720
732	720
733	660
734	1020
735	480
736	600
737	480
738	360
739	480
740	600
741	540
742	660
743	360
744	600
745	540
746	840
747	360
748	420
749	960
750	1140
751	720
752	480
753	300
754	180
755	480
756	480
757	540
758	420
759	540
760	600
761	420
762	180
763	480
764	360
765	600
766	780
767	960
768	480
769	540
770	300
771	840
772	720
773	540
774	360
775	420
776	720
777	300
778	1020
779	240
780	480
781	420
782	780
783	240
784	720
785	960
786	360
787	420
788	780
789	420
790	660
791	360
792	540
793	720
794	1500
795	720
796	420
797	600
798	420
799	420
800	540
801	660
802	420
803	480
804	840
805	1020
806	420
807	420
808	420
809	300
810	360
811	420
812	540
813	600
814	480
815	840
816	420
817	1200
818	420
819	660
820	480
821	660
822	1020
823	900
824	480
825	600
826	480
827	660
828	360
829	900
830	720
831	300
832	420
833	360
834	480
835	600
836	600
837	540
838	720
839	720
840	480
841	420
842	540
843	660
844	180
845	720
846	540
847	540
848	1500
849	480
850	720
851	360
852	600
853	360
854	1020
855	420
856	420
857	480
858	480
859	600
860	540
861	540
862	660
863	540
864	420
865	600
866	600
867	420
868	420
869	720
870	480
871	300
872	1020
873	540
874	600
875	720
876	480
877	600
878	540
879	360
880	300
881	540
882	420
883	300
884	300
885	720
886	660
887	420
888	600
889	420
890	420
891	480
892	660
893	720
894	720
895	720
896	480
897	780
898	420
899	720
900	720
901	420
902	600
903	900
904	960
905	480
906	360
907	480
908	720
909	480
910	660
911	480
912	600
913	360
914	480
915	780
916	540
917	780
918	300
919	480
920	780
921	660
922	480
923	600
924	1260
925	540
926	540
927	420
TIME_WINDOW_SECTION
1	0	45000
2	16200	23400
3	5400	12600
4	16200	25200
5	19800	27000
6	12600	19800
7	9000	19800
8	7200	30600
9	16200	27000
10	19800	27000
11	9000	19800
12	5400	11700
13	9000	19800
14	12600	19800
15	19800	27000
16	16200	27000
17	5400	12600
18	12600	19800
19	7200	30600
20	23400	30600
21	19800	27000
22	16200	27000
23	12600	19800
24	5400	12600
25	19800	27000
26	19800	27000
27	19800	26100
28	23400	30600
29	19800	27000
30	9000	19800
31	16200	27000
32	16200	23400
33	19800	27000
34	12600	19800
35	19800	27000
36	5400	12600
37	9000	16200
38	19800	27000
39	23400	30600
40	16200	27000
41	9000	15300
42	19800	27000
43	12600	19800
44	16200	27000
45	16200	27000
46	19800	27000
47	23400	30600
48	12600	19800
49	16200	27000
50	12600	19800
51	16200	27000
52	19800	27000
53	5400	12600
54	19800	27000
55	7200	30600
56	16200	26100
57	5400	12600
58	19800	27000
59	19800	27000
60	5400	12600
61	5400	12600
62	19800	27000
63	5400	12600
64	19800	27000
65	7200	30600
66	12600	19800
67	19800	27000
68	7200	30600
69	5400	12600
70	7200	30600
71	16200	27000
72	12600	19800
73	16200	27000
74	23400	30600
75	19800	26100
76	5400	12600
77	12600	19800
78	16200	26100
79	12600	19800
80	7200	30600
81	7200	30600
82	7200	30600
83	16200	27000
84	23400	30600
85	16200	23400
86	12600	19800
87	5400	12600
88	12600	19800
89	16200	27000
90	19800	27000
91	16200	25200
92	16200	23400
93	12600	19800
94	16200	23400
95	9000	19800
96	12600	19800
97	7200	30600
98	12600	19800
99	12600	19800
100	23400	30600
101	12600	19800
102	12600	19800
103	5400	12600
104	12600	19800
105	12600	19800
106	7200	30600
107	19800	27000
108	23400	30600
109	16200	27000
110	12600	19800
111	19800	27000
112	19800	27000
113	16200	23400
114	5400	12600
115	9000	19800
116	16200	23400
117	16200	25200
118	23400	30600
119	7200	29700
120	12600	19800
121	23400	30600
122	12600	19800
123	16200	27000
124	19800	27000
125	12600	19800
126	19800	27000
127	5400	12600
128	7200	30600
129	9000	19800
130	9000	16200
131	16200	27000
132	7200	30600
133	19800	27000
134	12600	19800
135	19800	27000
136	19800	27000
137	23400	30600
138	5400	12600
139	19800	27000
140	12600	19800
141	7200	30600
142	19800	27000
143	19800	27000
144	16200	27000
145	23400	30600
146	19800	27000
147	23400	30600
148	23400	30600
149	23400	29700
150	16200	27000
151	12600	19800
152	19800	27000
153	16200	25200
154	19800	27000
155	9000	19800
156	19800	27000
157	16200	23400
158	7200	30600
159	7200	29700
160	5400	12600
161	7200	30600
162	16200	27000
163	9000	15300
164	9000	15300
165	16200	23400
166	12600	19800
167	19800	27000
168	16200	27000
169	12600	19800
170	16200	27000
171	16200	27000
172	23400	30600
173	19800	27000
174	19800	27000
175	16200	27000
176	18000	41400
177	23400	30600
178	19800	27000
179	9000	16200
180	19800	27000
181	23400	30600
182	7200	29700
183	5400	12600
184	12600	19800
185	19800	27000
186	23400	30600
187	12600	19800
188	5400	12600
189	19800	27000
190	23400	30600
191	16200	23400
192	16200	23400
193	16200	27000
194	16200	25200
195	19800	27000
196	19800	27000
197	12600	19800
198	16200	27000
199	5400	12600
200	16200	27000
201	23400	30600
202	23400	30600
203	19800	26100
204	16200	27000
205	9000	19800
206	16200	27000
207	16200	27000
208	12600	19800
209	12600	19800
210	9000	19800
211	12600	19800
212	16200	27000
213	7200	29700
214	12600	19800
215	23400	30600
216	16200	22500
217	9000	16200
218	12600	19800
219	23400	30600
220	9000	19800
221	16200	27000
222	16200	27000
223	19800	27000
224	19800	27000
225	23400	30600
226	12600	19800
227	19800	27000
228	23400	30600
229	16200	27000
230	23400	30600
231	7200	30600
232	19800	27000
233	12600	19800
234	16200	27000
235	16200	23400
236	12600	19800
237	16200	25200
238	19800	27000
239	5400	12600
240	23400	30600
241	7200	30600
242	7200	30600
243	5400	12600
244	12600	19800
245	23400	30600
246	19800	26100
247	19800	27000
248	16200	27000
249	16200	27000
250	19800	27000
251	23400	30600
252	19800	27000
253	7200	29700
254	12600	19800
255	16200	27000
256	19800	27000
257	19800	27000
258	16200	27000
259	12600	19800
260	12600	19800
261	12600	19800
262	16200	27000
263	5400	12600
264	23400	30600
265	23400	30600
266	16200	27000
267	5400	12600
268	7200	30600
269	23400	30600
270	16200	27000
271	7200	30600
272	9000	19800
273	16200	27000
274	23400	30600
275	19800	27000
276	16200	22500
277	16200	27000
278	23400	30600
279	16200	25200
280	19800	27000
281	7200	30600
282	5400	12600
283	12600	19800
284	16200	23400
285	7200	30600
286	23400	30600
287	9000	19800
288	23400	30600
289	16200	23400
290	5400	12600
291	19800	27000
292	5400	12600
293	16200	23400
294	16200	27000
295	23400	30600
296	5400	12600
297	5400	12600
298	19800	27000
299	5400	12600
300	9000	19800
301	7200	30600
302	19800	27000
303	16200	27000
304	19800	27000
305	19800	27000
306	12600	19800
307	9000	19800
308	12600	19800
309	5400	12600
310	23400	30600
311	12600	18900
312	19800	27000
313	16200	23400
314	12600	19800
315	12600	19800
316	16200	25200
317	19800	27000
318	16200	27000
319	19800	27000
320	16200	23400
321	19800	27000
322	7200	30600
323	23400	30600
324	12600	19800
325	16200	26100
326	16200	27000
327	16200	27000
328	12600	19800
329	12600	19800
330	19800	27000
331	19800	27000
332	23400	30600
333	9000	16200
334	7200	30600
335	16200	26100
336	19800	27000
337	16200	27000
338	12600	19800
339	12600	19800
340	16200	27000
341	12600	19800
342	19800	27000
343	5400	12600
344	19800	27000
345	12600	18900
346	23400	30600
347	9000	15300
348	7200	29700
349	16200	27000
350	12600	19800
351	23400	30600
352	9000	19800
353	9000	19800
354	19800	27000
355	23400	30600
356	16200	27000
357	5400	12600
358	5400	12600
359	9000	19800
360	16200	26100
361	16200	27000
362	23400	30600
363	19800	27000
364	5400	12600
365	12600	19800
366	5400	12600
367	9000	19800
368	19800	27000
369	16200	25200
370	19800	27000
371	23400	30600
372	19800	27000
373	12600	19800
374	23400	30600
375	12600	19800
376	12600	19800
377	19800	27000
378	12600	19800
379	23400	30600
380	19800	27000
381	9000	19800
382	16200	27000
383	23400	30600
384	23400	30600
385	23400	30600
386	19800	27000
387	16200	27000
388	19800	27000
389	7200	29700
390	12600	19800
391	5400	12600
392	12600	19800
393	5400	12600
394	16200	27000
395	16200	25200
396	12600	19800
397	19800	27000
398	16200	27000
399	19800	27000
400	7200	30600
401	23400	30600
402	12600	19800
403	23400	30600
404	19800	27000
405	12600	19800
406	19800	27000
407	23400	30600
408	7200	30600
409	23400	30600
410	12600	19800
411	16200	23400
412	12600	19800
413	19800	27000
414	16200	27000
415	23400	30600
416	7200	30600
417	16200	26100
418	12600	19800
419	23400	29700
420	12600	19800
421	19800	27000
422	12600	19800
423	16200	26100
424	9000	15300
425	12600	19800
426	16200	23400
427	19800	27000
428	16200	27000
429	16200	27000
430	9000	19800
431	12600	19800
432	19800	27000
433	16200	27000
434	19800	27000
435	16200	26100
436	16200	27000
437	23400	30600
438	16200	23400
439	23400	30600
440	23400	29700
441	9000	16200
442	12600	19800
443	16200	27000
444	16200	23400
445	12600	19800
446	19800	27000
447	19800	27000
448	19800	27000
449	23400	30600
450	19800	26100
451	23400	30600
452	7200	29700
453	23400	30600
454	12600	19800
455	19800	27000
456	23400	30600
457	23400	30600
458	23400	30600
459	12600	19800
460	19800	27000
461	12600	19800
462	16200	23400
463	19800	27000
464	19800	27000
465	12600	19800
466	19800	27000
467	19800	27000
468	19800	27000
469	19800	27000
470	12600	19800
471	12600	19800
472	7200	30600
473	12600	19800
474	23400	30600
475	12600	19800
476	9000	19800
477	16200	27000
478	19800	27000
479	23400	30600
480	7200	30600
481	12600	19800
482	12600	19800
483	19800	27000
484	16200	27000
485	19800	27000
486	16200	27000
487	12600	19800
488	19800	27000
489	23400	29700
490	7200	30600
491	23400	30600
492	16200	26100
493	23400	30600
494	23400	30600
495	19800	27000
496	23400	30600
497	9000	19800
498	23400	30600
499	12600	19800
500	7200	30600
501	9000	16200
502	23400	30600
503	19800	27000
504	16200	27000
505	16200	27000
506	19800	27000
507	18000	41400
508	19800	27000
509	12600	19800
510	16200	27000
511	16200	27000
512	9000	19800
513	12600	19800
514	19800	27000
515	16200	27000
516	16200	27000
517	19800	27000
518	7200	30600
519	12600	19800
520	16200	23400
521	16200	27000
522	23400	30600
523	16200	27000
524	19800	27000
525	23400	30600
526	16200	23400
527	23400	30600
528	23400	30600
529	9000	19800
530	7200	30600
531	19800	27000
532	16200	23400
533	19800	27000
534	23400	30600
535	16200	27000
536	12600	19800
537	7200	30600
538	19800	27000
539	16200	27000
540	7200	30600
541	23400	29700
542	23400	30600
543	7200	30600
544	12600	19800
545	7200	30600
546	16200	27000
547	9000	19800
548	9000	19800
549	19800	27000
550	7200	30600
551	23400	30600
552	19800	27000
553	23400	30600
554	16200	27000
555	19800	27000
556	12600	18900
557	16200	27000
558	12600	19800
559	19800	27000
560	16200	25200
561	23400	30600
562	7200	30600
563	12600	19800
564	19800	27000
565	16200	27000
566	19800	27000
567	19800	27000
568	16200	23400
569	19800	27000
570	19800	27000
571	23400	30600
572	16200	27000
573	7200	30600
574	23400	30600
575	23400	30600
576	7200	30600
577	12600	19800
578	23400	30600
579	16200	23400
580	19800	27000
581	7200	30600
582	12600	19800
583	12600	19800
584	16200	26100
585	12600	19800
586	19800	27000
587	19800	27000
588	16200	23400
589	12600	19800
590	12600	19800
591	7200	30600
592	16200	23400
593	16200	27000
594	19800	27000
595	23400	30600
596	23400	30600
597	16200	25200
598	19800	26100
599	16200	23400
600	16200	27000
601	7200	30600
602	23400	30600
603	23400	30600
604	9000	19800
605	16200	27000
606	7200	30600
607	16200	27000
608	16200	27000
609	19800	26100
610	16200	27000
611	19800	27000
612	19800	27000
613	19800	27000
614	23400	30600
615	23400	30600
616	16200	23400
617	9000	19800
618	12600	19800
619	16200	27000
620	16200	23400
621	19800	27000
622	7200	30600
623	16200	23400
624	12600	19800
625	19800	27000
626	7200	29700
627	16200	27000
628	7200	29700
629	16200	27000
630	16200	23400
631	12600	19800
632	23400	30600
633	16200	27000
634	23400	30600
635	12600	19800
636	16200	23400
637	7200	29700
638	12600	19800
639	16200	27000
640	19800	27000
641	18000	41400
642	7200	30600
643	7200	30600
644	19800	27000
645	19800	27000
646	7200	30600
647	12600	19800
648	16200	27000
649	19800	27000
650	19800	27000
651	23400	30600
652	12600	19800
653	12600	19800
654	16200	27000
655	12600	19800
656	16200	23400
657	23400	30600
658	23400	30600
659	19800	27000
660	19800	27000
661	16200	26100
662	16200	27000
663	16200	23400
664	16200	27000
665	16200	27000
666	19800	27000
667	19800	27000
668	12600	19800
669	23400	30600
670	16200	27000
671	16200	27000
672	19800	27000
673	12600	19800
674	19800	27000
675	7200	30600
676	16200	27000
677	16200	27000
678	16200	27000
679	19800	27000
680	16200	23400
681	23400	30600
682	19800	27000
683	7200	30600
684	19800	27000
685	16200	27000
686	19800	27000
687	19800	27000
688	16200	27000
689	19800	27000
690	19800	27000
691	16200	27000
692	19800	27000
693	23400	30600
694	16200	27000
695	23400	30600
696	12600	19800
697	16200	27000
698	7200	30600
699	23400	30600
700	19800	27000
701	12600	19800
702	19800	27000
703	16200	23400
704	16200	27000
705	12600	19800
706	19800	27000
707	7200	30600
708	12600	19800
709	23400	30600
710	19800	27000
711	16200	23400
712	16200	27000
713	7200	30600
714	19800	26100
715	12600	19800
716	19800	27000
717	23400	30600
718	16200	23400
719	7200	29700
720	16200	27000
721	7200	30600
722	16200	23400
723	16200	27000
724	7200	30600
725	23400	30600
726	16200	27000
727	19800	27000
728	16200	27000
729	12600	19800
730	12600	19800
731	16200	27000
732	16200	22500
733	23400	30600
734	16200	27000
735	7200	30600
736	16200	23400
737	7200	30600
738	7200	30600
739	16200	27000
740	16200	23400
741	16200	27000
742	23400	29700
743	23400	30600
744	23400	29700
745	16200	23400
746	23400	30600
747	23400	29700
748	23400	29700
749	16200	27000
750	19800	27000
751	19800	27000
752	7200	30600
753	16200	27000
754	23400	30600
755	16200	27000
756	19800	27000
757	19800	27000
758	19800	27000
759	16200	23400
760	16200	27000
761	19800	27000
762	23400	30600
763	7200	30600
764	7200	30600
765	19800	27000
766	16200	27000
767	16200	25200
768	7200	29700
769	19800	27000
770	7200	30600
771	23400	30600
772	7200	30600
773	23400	30600
774	19800	27000
775	16200	26100
776	16200	27000
777	16200	25200
778	19800	27000
779	7200	30600
780	16200	27000
781	7200	30600
782	16200	27000
783	16200	27000
784	7200	30600
785	16200	27000
786	23400	30600
787	19800	27000
788	19800	27000
789	19800	27000
790	16200	23400
791	19800	27000
792	19800	27000
793	16200	27000
794	16200	23400
795	19800	27000
796	19800	27000
797	19800	27000
798	19800	27000
799	23400	30600
800	19800	27000
801	19800	27000
802	16200	27000
803	19800	27000
804	19800	27000
805	7200	30600
806	16200	23400
807	19800	27000
808	19800	27000
809	7200	30600
810	19800	27000
811	23400	30600
812	19800	27000
813	19800	26100
814	23400	30600
815	16200	27000
816	23400	30600
817	16200	27000
818	7200	30600
819	7200	30600
820	16200	27000
821	19800	27000
822	16200	26100
823	19800	27000
824	19800	27000
825	19800	27000
826	19800	27000
827	19800	27000
828	16200	27000
829	7200	30600
830	23400	29700
831	23400	30600
832	16200	26100
833	23400	29700
834	19800	27000
835	7200	30600
836	16200	27000
837	16200	26100
838	7200	29700
839	23400	30600
840	19800	27000
841	7200	30600
842	19800	27000
843	23400	30600
844	23400	30600
845	7200	29700
846	16200	25200
847	23400	30600
848	7200	30600
849	7200	30600
850	19800	27000
851	23400	30600
852	19800	27000
853	23400	30600
854	23400	30600
855	23400	30600
856	7200	30600
857	19800	27000
858	16200	23400
859	23400	30600
860	23400	30600
861	7200	30600
862	19800	27000
863	16200	27000
864	23400	30600
865	23400	30600
866	19800	27000
867	16200	27000
868	7200	30600
869	23400	30600
870	7200	30600
871	23400	30600
872	23400	30600
873	7200	30600
874	18000	41400
875	23400	29700
876	16200	27000
877	23400	30600
878	16200	26100
879	19800	27000
880	23400	30600
881	23400	30600
882	23400	30600
883	16200	27000
884	16200	27000
885	23400	30600
886	19800	27000
887	19800	27000
888	19800	27000
889	19800	27000
890	23400	30600
891	7200	30600
892	7200	30600
893	19800	27000
894	19800	27000
895	16200	25200
896	23400	30600
897	23400	30600
898	23400	30600
899	16200	26100
900	19800	27000
901	16200	27000
902	16200	27000
903	23400	30600
904	19800	27000
905	16200	27000
906	19800	27000
907	7200	30600
908	16200	27000
909	7200	30600
910	7200	30600
911	19800	27000
912	16200	27000
913	16200	26100
914	16200	27000
915	19800	27000
916	19800	27000
917	19800	27000
918	19800	27000
919	23400	30600
920	19800	27000
921	16200	27000
922	7200	30600
923	16200	27000
924	23400	30600
925	23400	30600
926	7200	30600
927	16200	27000
RELEASE_TIME_SECTION
1	0
2	5400
3	5400
4	5400
5	5400
6	5400
7	5400
8	5400
9	5400
10	5400
11	5400
12	5400
13	5400
14	5400
15	5400
16	5400
17	5400
18	5400
19	5400
20	5400
21	5400
22	5400
23	5400
24	5400
25	5400
26	5400
27	5400
28	5400
29	5400
30	5400
31	5400
32	5400
33	5400
34	5400
35	5400
36	5400
37	5400
38	5400
39	5400
40	5400
41	5400
42	5400
43	5400
44	5400
45	5400
46	5400
47	5400
48	5400
49	5400
50	5400
51	5400
52	5400
53	5400
54	5400
55	5400
56	5400
57	5400
58	5400
59	5400
60	5400
61	5400
62	5400
63	5400
64	5400
65	5400
66	5400
67	5400
68	5400
69	5400
70	5400
71	5400
72	5400
73	5400
74	5400
75	5400
76	5400
77	5400
78	5400
79	5400
80	5400
81	5400
82	5400
83	5400
84	5400
85	5400
86	5400
87	5400
88	5400
89	5400
90	5400
91	5400
92	5400
93	5400
94	5400
95	5400
96	5400
97	5400
98	5400
99	5400
100	5400
101	5400
102	7200
103	7200
104	7200
105	7200
106	7200
107	7200
108	7200
109	7200
110	7200
111	7200
112	7200
113	7200
114	7200
115	7200
116	7200
117	7200
118	7200
119	7200
120	7200
121	7200
122	7200
123	7200
124	7200
125	7200
126	7200
127	7200
128	7200
129	7200
130	7200
131	7200
132	7200
133	7200
134	7200
135	7200
136	7200
137	7200
138	7200
139	7200
140	7200
141	7200
142	7200
143	7200
144	7200
145	7200
146	7200
147	7200
148	7200
149	7200
150	7200
151	7200
152	7200
153	7200
154	7200
155	7200
156	7200
157	7200
158	7200
159	7200
160	7200
161	7200
162	7200
163	7200
164	7200
165	7200
166	7200
167	7200
168	7200
169	7200
170	7200
171	7200
172	7200
173	7200
174	7200
175	7200
176	7200
177	7200
178	7200
179	7200
180	7200
181	7200
182	7200
183	7200
184	7200
185	7200
186	7200
187	7200
188	7200
189	7200
190	7200
191	7200
192	7200
193	7200
194	7200
195	7200
196	7200
197	7200
198	7200
199	7200
200	7200
201	7200
202	9000
203	9000
204	9000
205	9000
206	9000
207	9000
208	9000
209	9000
210	9000
211	9000
212	9000
213	9000
214	9000
215	9000
216	9000
217	9000
218	9000
219	9000
220	9000
221	9000
222	9000
223	9000
224	9000
225	9000
226	9000
227	9000
228	9000
229	9000
230	9000
231	9000
232	9000
233	9000
234	9000
235	9000
236	9000
237	9000
238	9000
239	9000
240	9000
241	9000
242	9000
243	9000
244	9000
245	9000
246	9000
247	9000
248	9000
249	9000
250	9000
251	9000
252	9000
253	9000
254	9000
255	9000
256	9000
257	9000
258	9000
259	9000
260	9000
261	9000
262	9000
263	9000
264	9000
265	9000
266	9000
267	9000
268	9000
269	9000
270	9000
271	9000
272	9000
273	9000
274	9000
275	9000
276	9000
277	9000
278	9000
279	9000
280	9000
281	9000
282	9000
283	9000
284	9000
285	9000
286	9000
287	9000
288	9000
289	9000
290	9000
291	9000
292	9000
293	9000
294	9000
295	9000
296	9000
297	9000
298	9000
299	9000
300	9000
301	10800
302	10800
303	10800
304	10800
305	10800
306	10800
307	10800
308	10800
309	10800
310	10800
311	10800
312	10800
313	10800
314	10800
315	10800
316	10800
317	10800
318	10800
319	10800
320	10800
321	10800
322	10800
323	10800
324	10800
325	10800
326	10800
327	10800
328	10800
329	10800
330	10800
331	10800
332	10800
333	10800
334	10800
335	10800
336	10800
337	10800
338	10800
339	10800
340	10800
341	10800
342	10800
343	10800
344	10800
345	10800
346	10800
347	10800
348	10800
349	10800
350	10800
351	10800
352	10800
353	10800
354	10800
355	10800
356	10800
357	10800
358	10800
359	10800
360	10800
361	10800
362	10800
363	10800
364	10800
365	10800
366	10800
367	10800
368	10800
369	10800
370	10800
371	10800
372	10800
373	10800
374	10800
375	10800
376	10800
377	10800
378	10800
379	10800
380	10800
381	10800
382	10800
383	10800
384	10800
385	10800
386	10800
387	10800
388	10800
389	10800
390	10800
391	10800
392	10800
393	10800
394	10800
395	10800
396	10800
397	10800
398	12600
399	12600
400	12600
401	12600
402	12600
403	12600
404	12600
405	12600
406	12600
407	12600
408	12600
409	12600
410	12600
411	12600
412	12600
413	12600
414	12600
415	12600
416	12600
417	12600
418	12600
419	12600
420	12600
421	12600
422	12600
423	12600
424	12600
425	12600
426	12600
427	12600
428	12600
429	12600
430	12600
431	12600
432	12600
433	12600
434	12600
435	12600
436	12600
437	12600
438	12600
439	12600
440	12600
441	12600
442	12600
443	12600
444	12600
445	12600
446	12600
447	12600
448	12600
449	12600
450	12600
451	12600
452	12600
453	12600
454	12600
455	12600
456	12600
457	12600
458	12600
459	12600
460	12600
461	12600
462	12600
463	12600
464	12600
465	12600
466	12600
467	12600
468	12600
469	12600
470	12600
471	12600
472	12600
473	12600
474	12600
475	12600
476	12600
477	12600
478	12600
479	12600
480	12600
481	12600
482	12600
483	12600
484	12600
485	12600
486	12600
487	14400
488	14400
489	14400
490	14400
491	14400
492	14400
493	14400
494	14400
495	14400
496	14400
497	14400
498	14400
499	14400
500	14400
501	14400
502	14400
503	14400
504	14400
505	14400
506	14400
507	14400
508	14400
509	14400
510	14400
511	14400
512	14400
513	14400
514	14400
515	14400
516	14400
517	14400
518	14400
519	14400
520	14400
521	14400
522	14400
523	14400
524	14400
525	14400
526	14400
527	14400
528	14400
529	14400
530	14400
531	14400
532	14400
533	14400
534	14400
535	14400
536	14400
537	14400
538	14400
539	14400
540	14400
541	14400
542	14400
543	14400
544	14400
545	14400
546	14400
547	14400
548	14400
549	14400
550	14400
551	14400
552	14400
553	14400
554	14400
555	14400
556	14400
557	14400
558	14400
559	14400
560	14400
561	14400
562	14400
563	14400
564	14400
565	14400
566	14400
567	14400
568	14400
569	14400
570	14400
571	14400
572	16200
573	16200
574	16200
575	16200
576	16200
577	16200
578	16200
579	16200
580	16200
581	16200
582	16200
583	16200
584	16200
585	16200
586	16200
587	16200
588	16200
589	16200
590	16200
591	16200
592	16200
593	16200
594	16200
595	16200
596	16200
597	16200
598	16200
599	16200
600	16200
601	16200
602	16200
603	16200
604	16200
605	16200
606	16200
607	16200
608	16200
609	16200
610	16200
611	16200
612	16200
613	16200
614	16200
615	16200
616	16200
617	16200
618	16200
619	16200
620	16200
621	16200
622	16200
623	16200
624	16200
625	16200
626	16200
627	16200
628	16200
629	16200
630	16200
631	16200
632	16200
633	16200
634	16200
635	16200
636	16200
637	16200
638	16200
639	16200
640	16200
641	16200
642	16200
643	16200
644	16200
645	16200
646	16200
647	16200
648	16200
649	16200
650	16200
651	16200
652	16200
653	16200
654	18000
655	18000
656	18000
657	18000
658	18000
659	18000
660	18000
661	18000
662	18000
663	18000
664	18000
665	18000
666	18000
667	18000
668	18000
669	18000
670	18000
671	18000
672	18000
673	18000
674	18000
675	18000
676	18000
677	18000
678	18000
679	18000
680	18000
681	18000
682	18000
683	18000
684	18000
685	18000
686	18000
687	18000
688	18000
689	18000
690	18000
691	18000
692	18000
693	18000
694	18000
695	18000
696	18000
697	18000
698	18000
699	18000
700	18000
701	18000
702	18000
703	18000
704	18000
705	18000
706	18000
707	18000
708	18000
709	18000
710	18000
711	18000
712	18000
713	18000
714	18000
715	18000
716	18000
717	18000
718	18000
719	18000
720	18000
721	18000
722	18000
723	18000
724	18000
725	18000
726	18000
727	18000
728	18000
729	18000
730	18000
731	18000
732	18000
733	19800
734	19800
735	19800
736	19800
737	19800
738	19800
739	19800
740	19800
741	19800
742	19800
743	19800
744	19800
745	19800
746	19800
747	19800
748	19800
749	19800
750	19800
751	19800
752	19800
753	19800
754	19800
755	19800
756	19800
757	19800
758	19800
759	19800
760	19800
761	19800
762	19800
763	19800
764	19800
765	19800
766	19800
767	19800
768	19800
769	19800
770	19800
771	19800
772	19800
773	19800
774	19800
775	19800
776	19800
777	19800
778	19800
779	19800
780	19800
781	19800
782	19800
783	19800
784	19800
785	19800
786	19800
787	19800
788	19800
789	19800
790	19800
791	19800
792	19800
793	19800
794	19800
795	19800
796	19800
797	19800
798	19800
799	19800
800	19800
801	19800
802	19800
803	21600
804	21600
805	21600
806	21600
807	21600
808	21600
809	21600
810	21600
811	21600
812	21600
813	21600
814	21600
815	21600
816	21600
817	21600
818	21600
819	21600
820	21600
821	21600
822	21600
823	21600
824	21600
825	21600
826	21600
827	21600
828	21600
829	21600
830	21600
831	21600
832	21600
833	21600
834	21600
835	21600
836	21600
837	21600
838	21600
839	21600
840	21600
841	21600
842	21600
843	21600
844	21600
845	21600
846	21600
847	21600
848	21600
849	21600
850	21600
851	21600
852	21600
853	21600
854	21600
855	21600
856	21600
857	21600
858	21600
859	21600
860	21600
861	21600
862	21600
863	21600
864	21600
865	21600
866	23400
867	23400
868	23400
869	23400
870	23400
871	23400
872	23400
873	23400
874	23400
875	23400
876	23400
877	23400
878	23400
879	23400
880	23400
881	23400
882	23400
883	23400
884	23400
885	23400
886	23400
887	23400
888	23400
889	23400
890	23400
891	23400
892	23400
893	23400
894	23400
895	23400
896	23400
897	23400
898	23400
899	23400
900	23400
901	23400
902	23400
903	23400
904	23400
905	23400
906	23400
907	23400
908	23400
909	23400
910	23400
911	23400
912	23400
913	23400
914	23400
915	23400
916	23400
917	23400
918	23400
919	23400
920	23400
921	23400
922	23400
923	23400
924	23400
925	23400
926	23400
927	23400
EOF
