NAME : ORTEC-VRPTW-ASYM-efe3fa8e-d1-n837
TYPE : VRPTW-RT
DIMENSION : 838
EDGE_WEIGHT_TYPE : EUC_2D
CAPACITY : 135
NODE_COORD_SECTION
1	2900	0
2	971	3990
3	1923	4030
4	1623	3849
5	2370	3149
6	3266	3282
7	814	4109
8	2494	3290
9	900	4723
10	2017	4725
11	2186	4103
12	2100	4407
13	1563	4008
14	1508	4183
15	1267	4396
16	2303	3187
17	1528	3630
18	2656	3786
19	1921	3667
20	2344	4237
21	2773	3073
22	2435	3198
23	1248	3226
24	760	4707
25	2596	3545
26	1876	3355
27	2908	2947
28	1499	3998
29	1135	4611
30	1389	3050
31	1528	3630
32	1443	3379
33	2017	4725
34	2617	3209
35	2756	3472
36	2370	2946
37	1677	3658
38	2184	3712
39	3175	3614
40	1986	3555
41	1713	3569
42	1987	3562
43	1255	5127
44	3035	4277
45	2686	3135
46	1373	4771
47	760	4707
48	2154	3872
49	2582	3175
50	2946	3639
51	2292	4049
52	1389	3050
53	2911	3788
54	2014	3583
55	2480	3062
56	1568	3471
57	989	3703
58	2259	3766
59	992	4694
60	1255	4395
61	1473	3860
62	1638	3908
63	2544	3678
64	2267	3787
65	2052	3396
66	1185	3483
67	2343	3459
68	1731	3054
69	2026	4260
70	1443	3379
71	2154	3872
72	1912	4118
73	1995	3339
74	1713	3569
75	2020	3185
76	2751	3542
77	2975	4424
78	2916	3391
79	2773	3073
80	1867	3445
81	2449	4004
82	760	4707
83	1944	3720
84	3209	3339
85	2363	3768
86	2751	3542
87	1634	3073
88	1508	4183
89	2000	3860
90	1211	3982
91	1453	4739
92	2187	3573
93	1626	4538
94	2304	3089
95	2517	3041
96	1128	4008
97	1845	3793
98	2588	3323
99	2566	3413
100	2067	3790
101	1276	3765
102	1298	4058
103	604	4643
104	3008	4090
105	2946	3487
106	2365	3031
107	760	4707
108	1731	3054
109	2118	3446
110	1949	4265
111	1864	3399
112	1195	3334
113	2602	4004
114	819	4494
115	848	3995
116	2617	3209
117	2916	3391
118	1688	3561
119	1126	4515
120	1490	4134
121	1454	3499
122	3165	3488
123	2506	3466
124	917	4959
125	2052	3396
126	971	4065
127	1038	4824
128	2969	4420
129	2114	4457
130	2370	3149
131	2617	3209
132	604	4643
133	1876	3355
134	1007	3788
135	1185	3483
136	2195	3373
137	1872	3199
138	2292	4645
139	1563	4008
140	2343	3459
141	1614	3119
142	393	4584
143	883	2966
144	2435	3198
145	2911	3405
146	1634	3073
147	2916	3391
148	2911	3405
149	1079	4786
150	2566	3252
151	1524	3823
152	760	4707
153	1656	3670
154	1255	4241
155	1095	4806
156	454	3243
157	3178	3582
158	2440	3211
159	1808	3978
160	2449	4004
161	604	4643
162	2009	4147
163	2969	4420
164	1096	4849
165	2014	3583
166	1454	3499
167	3105	3878
168	992	4694
169	1345	3656
170	2340	3290
171	195	3933
172	2631	3219
173	1731	3054
174	2304	3089
175	2525	4443
176	1395	3560
177	1117	3113
178	2867	2981
179	1794	3827
180	2134	3498
181	844	3049
182	1508	4183
183	2449	3598
184	3209	3339
185	826	3861
186	814	4109
187	1376	4333
188	2100	4407
189	1986	3555
190	1276	3765
191	2186	4103
192	1843	3696
193	2602	4004
194	1389	3050
195	1612	3825
196	2042	3352
197	883	2966
198	819	4494
199	1219	5161
200	1980	3677
201	1276	3765
202	1195	3334
203	2378	3766
204	2182	4123
205	2868	3247
206	1255	4241
207	195	3933
208	2441	3354
209	3035	4277
210	2773	3073
211	2363	3768
212	1867	3445
213	844	3049
214	1638	3908
215	2304	3089
216	1912	4118
217	1534	3815
218	1095	4806
219	2395	3461
220	1384	4023
221	2531	3295
222	1409	3421
223	1194	4084
224	2313	4556
225	1128	4008
226	1481	3880
227	989	3703
228	3366	2147
229	1909	3329
230	2555	3728
231	1255	4241
232	2395	4264
233	1001	4016
234	2444	3431
235	1361	3212
236	2009	4147
237	2975	4424
238	2351	3703
239	2656	3786
240	0	3080
241	2449	4004
242	723	4708
243	1229	4868
244	1189	4077
245	2517	3041
246	2370	3149
247	1361	3212
248	2262	3744
249	2289	4031
250	2391	3763
251	1864	3399
252	1508	4183
253	3366	2147
254	760	4707
255	2428	3980
256	1211	3982
257	1276	3765
258	2009	4147
259	3295	2868
260	1567	3902
261	2017	4725
262	1956	3372
263	2419	4026
264	2292	4049
265	1454	3499
266	1519	3427
267	3165	3488
268	2531	3295
269	1376	4333
270	1457	3617
271	1228	4326
272	2186	2899
273	2780	3246
274	1897	3596
275	2313	4556
276	2646	4006
277	2014	3583
278	2195	3373
279	1508	4183
280	1519	3427
281	1653	4279
282	1519	3427
283	2017	4725
284	2118	3446
285	1912	4118
286	2585	3549
287	1255	5127
288	760	4707
289	3295	2868
290	1867	3445
291	2617	3209
292	1450	3519
293	2851	3447
294	2020	3185
295	1361	3212
296	1817	3553
297	2114	4457
298	2946	3639
299	604	4643
300	2801	4038
301	1845	3793
302	1373	4771
303	3180	2914
304	2026	4260
305	826	3861
306	815	4941
307	2686	3135
308	1722	3804
309	1128	4008
310	0	3080
311	2052	3396
312	2680	3134
313	1255	4241
314	2555	3728
315	1638	3908
316	1373	4771
317	934	4529
318	714	4401
319	2182	3632
320	1651	3488
321	2067	3790
322	2773	3073
323	2805	3593
324	2911	3405
325	2341	4631
326	2531	3295
327	1845	3793
328	1524	3823
329	2067	3790
330	1255	4395
331	2969	4420
332	2195	3373
333	1407	3696
334	2405	3396
335	2631	3219
336	2443	3843
337	2666	2955
338	2555	3728
339	1892	3542
340	1650	3913
341	1303	4663
342	2292	3619
343	1651	3488
344	2259	3766
345	2443	3843
346	945	3707
347	3178	3582
348	2481	3389
349	2544	3678
350	3209	3339
351	2449	4004
352	1563	4008
353	883	2966
354	863	3862
355	1463	3711
356	2588	3323
357	2408	3085
358	2868	3247
359	2946	3639
360	1096	4849
361	2449	3598
362	996	2814
363	2686	3135
364	1457	3617
365	1594	3912
366	1229	4868
367	2585	3549
368	1897	3596
369	2303	3200
370	2572	3402
371	1372	3020
372	1457	3617
373	1998	3391
374	2606	3905
375	3180	2914
376	1117	3113
377	1107	4176
378	2606	3905
379	2754	3393
380	1586	4284
381	2602	4004
382	934	4529
383	1345	3656
384	1876	3355
385	2946	3487
386	1255	4395
387	3165	3488
388	2544	3678
389	2067	3790
390	1189	4077
391	1481	3880
392	1623	3849
393	2015	4574
394	2378	3766
395	2118	3446
396	2859	3515
397	2544	3678
398	1126	4515
399	1068	4170
400	2506	3466
401	1623	3849
402	2259	3766
403	2195	3373
404	2187	3573
405	2195	3373
406	1944	3720
407	1473	3860
408	2370	2946
409	2497	3377
410	3180	2914
411	1464	4103
412	2186	4103
413	922	3287
414	1534	3815
415	850	3558
416	2215	3825
417	2859	3515
418	2039	3329
419	1524	3823
420	2289	4031
421	2622	3409
422	996	2814
423	819	4494
424	2082	3450
425	1864	3399
426	1713	3569
427	2289	4031
428	1794	4719
429	1626	4538
430	2656	3174
431	1688	3561
432	2551	3648
433	2408	4299
434	3008	2945
435	3191	2494
436	2686	3135
437	2054	4058
438	850	3558
439	3191	2494
440	1987	3562
441	2641	3440
442	2848	3412
443	1986	3555
444	2533	3136
445	2517	3041
446	1488	3252
447	1135	4611
448	2596	3545
449	2497	3377
450	604	4643
451	2249	4315
452	2678	4251
453	900	4723
454	1987	3562
455	1314	4622
456	2481	3389
457	673	4111
458	1614	3119
459	1949	4265
460	2443	4751
461	2340	3290
462	1980	3677
463	3295	2868
464	1843	3696
465	2115	4585
466	1148	5097
467	1656	3670
468	2859	3515
469	2631	3219
470	714	4401
471	1267	4396
472	1463	3711
473	2215	3825
474	1095	4806
475	933	4854
476	1450	3519
477	1407	3696
478	1314	4622
479	1728	3987
480	1591	3190
481	1095	4806
482	2480	4047
483	2641	3440
484	2408	4299
485	2602	4004
486	673	4111
487	971	3990
488	1528	3630
489	3121	2952
490	1267	4396
491	2483	3599
492	1897	3596
493	2373	4514
494	2483	3599
495	2483	3599
496	2582	3175
497	1219	5161
498	2533	3136
499	814	4109
500	1499	3998
501	2440	3211
502	2449	3598
503	2646	3286
504	2916	3391
505	3008	2945
506	1298	4058
507	2054	4058
508	2186	4103
509	195	3933
510	2303	3187
511	1464	4103
512	1563	4008
513	1096	4849
514	2805	3593
515	1079	4786
516	2848	3412
517	1638	3908
518	934	4529
519	1650	3913
520	1453	4739
521	1443	3379
522	2343	3459
523	2680	3134
524	2134	3498
525	804	3965
526	2596	3545
527	2186	2899
528	2449	3598
529	2292	4049
530	1623	3849
531	2134	3498
532	1508	4183
533	2259	3766
534	1804	3843
535	3209	3339
536	2539	3955
537	1677	3658
538	1892	3542
539	2292	3619
540	1843	3696
541	814	4109
542	2262	3744
543	1524	3823
544	2586	3547
545	1634	3073
546	2215	3825
547	1371	3942
548	2152	4716
549	1998	3391
550	2100	4407
551	1651	3488
552	2340	3290
553	1303	4663
554	1701	4636
555	2640	3460
556	0	3080
557	2303	3200
558	1464	4103
559	3266	3282
560	2606	3905
561	1912	4118
562	1519	3427
563	2267	3787
564	3165	3488
565	1651	3488
566	1473	3860
567	2555	3728
568	1653	4279
569	2602	4004
570	3295	2868
571	1563	4008
572	2024	4251
573	2371	3184
574	1921	3667
575	1677	3658
576	2754	3393
577	1473	3860
578	1722	3804
579	1728	3987
580	2841	3355
581	2780	3246
582	852	3515
583	1473	3860
584	2851	3447
585	1499	3998
586	2021	4137
587	2602	4004
588	1194	4084
589	3178	3582
590	2152	4716
591	2617	3209
592	3165	3488
593	2656	3174
594	3180	2914
595	1303	4663
596	1519	3427
597	844	3049
598	2622	3409
599	2292	4645
600	1276	3765
601	2499	4187
602	2480	4047
603	1634	3073
604	2005	3845
605	2262	3744
606	1794	3827
607	2021	4137
608	597	3247
609	1892	3542
610	1113	4294
611	2249	4315
612	1653	4279
613	709	4888
614	1986	3555
615	3165	3488
616	2118	3446
617	2304	3089
618	2370	3149
619	2784	3557
620	2480	3062
621	2780	3246
622	1191	4874
623	2602	4004
624	1722	3804
625	1228	4326
626	804	3965
627	2419	4026
628	2303	3200
629	2497	3377
630	1255	4241
631	2152	4716
632	2494	3290
633	826	3861
634	1096	4849
635	1229	4868
636	2444	3431
637	3105	3878
638	2303	3187
639	2525	4443
640	2304	3089
641	3090	3149
642	1949	4265
643	1068	4170
644	1068	4170
645	2441	3354
646	2851	3447
647	814	4109
648	2848	3412
649	2867	2981
650	2975	4424
651	2680	3134
652	945	3707
653	2305	3442
654	2449	3598
655	1276	3765
656	2756	3472
657	597	3247
658	945	3707
659	2026	4260
660	2449	4004
661	2678	4251
662	2143	3103
663	2801	4038
664	1382	3363
665	2351	3703
666	2021	4137
667	1395	3937
668	709	4888
669	1376	4333
670	2215	3825
671	2419	4026
672	2118	3446
673	2480	4047
674	709	4888
675	604	4643
676	2365	3031
677	1395	3937
678	3105	3878
679	2303	3187
680	1219	5161
681	1068	4170
682	2517	3041
683	2596	3545
684	1314	4622
685	1096	4849
686	1113	4294
687	1638	3908
688	1864	3399
689	2341	4631
690	3008	2945
691	3035	4277
692	2027	3112
693	2186	2899
694	2641	3440
695	1384	4023
696	2125	3555
697	1897	3596
698	2292	4645
699	1626	4538
700	1872	3199
701	1454	3499
702	1007	3788
703	1303	4663
704	1303	4663
705	2656	3174
706	1211	3982
707	2408	3085
708	848	3995
709	1248	3226
710	2656	3786
711	1638	3908
712	2021	4137
713	1361	3212
714	1001	4016
715	1464	4103
716	2009	4147
717	2292	4645
718	1229	4868
719	1298	4058
720	2606	3905
721	1949	4265
722	1923	4030
723	760	4707
724	1731	3054
725	2365	3031
726	2304	3089
727	2435	3198
728	2566	3413
729	1481	3880
730	2381	3268
731	1128	4008
732	971	4065
733	2009	4147
734	2395	3461
735	2801	4038
736	2027	3112
737	2405	3396
738	2666	2955
739	1912	4118
740	2195	3373
741	1804	3843
742	2841	3355
743	2371	3184
744	2551	3648
745	2182	3632
746	852	3515
747	2408	4299
748	850	3558
749	2586	3469
750	1623	3849
751	2215	3825
752	2303	3187
753	2344	4237
754	2184	3712
755	2494	3017
756	1298	4058
757	2370	2946
758	2143	3103
759	2082	3450
760	2868	3247
761	1457	3617
762	2678	4251
763	2640	3460
764	1650	3913
765	673	4111
766	2042	3352
767	1567	3902
768	2911	3788
769	2292	3619
770	1817	3553
771	2184	3712
772	2005	3845
773	2572	3402
774	2582	3175
775	2494	3290
776	770	4120
777	1007	3788
778	2641	3440
779	2572	3402
780	2641	3440
781	852	3515
782	1909	3329
783	2039	3329
784	863	3862
785	2784	3557
786	2352	3510
787	2187	3573
788	2017	4725
789	2305	3442
790	1912	4118
791	1373	4771
792	1563	4008
793	1382	3363
794	997	4157
795	2506	3466
796	2497	3377
797	2449	4004
798	1032	4583
799	1395	3937
800	1567	3902
801	2666	2955
802	1287	3492
803	2015	4574
804	1955	4044
805	1753	3584
806	2443	4751
807	1185	3483
808	819	4494
809	2533	3136
810	1117	3113
811	2343	3459
812	1358	4515
813	883	2966
814	770	4120
815	2435	3198
816	1128	4008
817	1626	4538
818	2250	3823
819	2492	3191
820	2588	3323
821	2480	3062
822	1592	4394
823	2341	4631
824	1306	3498
825	2408	3085
826	945	3707
827	2494	3290
828	2801	4038
829	2525	4443
830	2341	4631
831	2305	3442
832	1594	3912
833	1909	3329
834	2391	3763
835	2443	4751
836	2042	3352
837	2444	3431
838	819	4494
DEMAND_SECTION
1	0
2	8
3	5
4	11
5	7
6	3
7	4
8	10
9	8
10	3
11	5
12	4
13	7
14	5
15	12
16	6
17	7
18	8
19	5
20	3
21	5
22	3
23	5
24	7
25	13
26	13
27	4
28	10
29	8
30	4
31	5
32	6
33	8
34	4
35	9
36	5
37	4
38	6
39	8
40	6
41	4
42	3
43	14
44	3
45	5
46	15
47	4
48	10
49	7
50	4
51	7
52	7
53	6
54	9
55	8
56	8
57	3
58	4
59	4
60	8
61	6
62	4
63	4
64	7
65	16
66	6
67	9
68	6
69	4
70	8
71	6
72	5
73	5
74	6
75	5
76	21
77	6
78	5
79	8
80	20
81	4
82	7
83	16
84	7
85	9
86	4
87	13
88	6
89	6
90	5
91	7
92	5
93	9
94	7
95	5
96	9
97	6
98	7
99	5
100	7
101	5
102	4
103	4
104	20
105	11
106	5
107	5
108	4
109	4
110	15
111	7
112	5
113	21
114	63
115	8
116	8
117	3
118	5
119	7
120	4
121	4
122	7
123	9
124	6
125	4
126	5
127	9
128	6
129	6
130	5
131	6
132	8
133	4
134	4
135	5
136	3
137	4
138	9
139	4
140	5
141	6
142	3
143	3
144	4
145	10
146	4
147	4
148	7
149	11
150	5
151	6
152	9
153	11
154	4
155	5
156	7
157	8
158	3
159	6
160	3
161	5
162	6
163	6
164	9
165	5
166	4
167	8
168	6
169	4
170	4
171	6
172	4
173	4
174	7
175	7
176	6
177	6
178	8
179	7
180	5
181	6
182	5
183	7
184	6
185	4
186	7
187	5
188	7
189	4
190	8
191	10
192	4
193	7
194	5
195	5
196	4
197	5
198	10
199	6
200	4
201	15
202	16
203	7
204	3
205	15
206	12
207	7
208	4
209	9
210	5
211	7
212	4
213	10
214	39
215	3
216	13
217	5
218	7
219	4
220	6
221	7
222	5
223	4
224	5
225	6
226	4
227	7
228	3
229	5
230	4
231	7
232	4
233	4
234	3
235	7
236	9
237	8
238	9
239	7
240	4
241	3
242	5
243	4
244	8
245	5
246	5
247	10
248	7
249	7
250	11
251	7
252	39
253	4
254	5
255	9
256	4
257	6
258	4
259	15
260	10
261	8
262	5
263	5
264	6
265	7
266	5
267	4
268	7
269	5
270	11
271	4
272	5
273	7
274	8
275	4
276	8
277	6
278	10
279	7
280	8
281	5
282	6
283	3
284	5
285	6
286	6
287	9
288	9
289	9
290	6
291	11
292	6
293	4
294	4
295	8
296	4
297	11
298	7
299	15
300	4
301	6
302	11
303	4
304	8
305	4
306	4
307	8
308	5
309	5
310	9
311	4
312	9
313	4
314	3
315	6
316	7
317	3
318	4
319	7
320	3
321	4
322	6
323	5
324	8
325	7
326	8
327	6
328	7
329	5
330	7
331	5
332	6
333	5
334	4
335	4
336	4
337	7
338	4
339	6
340	13
341	8
342	11
343	7
344	6
345	5
346	5
347	4
348	4
349	16
350	5
351	7
352	5
353	6
354	11
355	6
356	4
357	7
358	12
359	4
360	4
361	3
362	9
363	6
364	6
365	6
366	10
367	8
368	5
369	5
370	5
371	5
372	4
373	6
374	3
375	6
376	4
377	5
378	6
379	6
380	5
381	10
382	9
383	8
384	6
385	4
386	7
387	13
388	4
389	7
390	7
391	7
392	21
393	19
394	5
395	8
396	7
397	6
398	6
399	6
400	7
401	7
402	19
403	5
404	5
405	7
406	7
407	7
408	8
409	4
410	4
411	4
412	4
413	9
414	6
415	3
416	7
417	5
418	8
419	8
420	7
421	7
422	5
423	13
424	4
425	5
426	4
427	6
428	5
429	6
430	11
431	5
432	6
433	9
434	7
435	10
436	6
437	4
438	6
439	26
440	3
441	5
442	6
443	7
444	15
445	6
446	4
447	7
448	13
449	5
450	12
451	7
452	4
453	6
454	8
455	6
456	4
457	4
458	5
459	6
460	4
461	13
462	7
463	10
464	5
465	8
466	16
467	8
468	7
469	10
470	7
471	4
472	7
473	5
474	6
475	7
476	5
477	4
478	9
479	4
480	7
481	7
482	10
483	10
484	14
485	4
486	6
487	6
488	4
489	6
490	3
491	4
492	4
493	6
494	6
495	6
496	9
497	5
498	3
499	5
500	4
501	5
502	8
503	8
504	3
505	6
506	7
507	9
508	20
509	6
510	7
511	11
512	6
513	6
514	5
515	6
516	8
517	6
518	6
519	8
520	5
521	4
522	5
523	5
524	4
525	8
526	3
527	14
528	4
529	8
530	5
531	4
532	9
533	7
534	6
535	7
536	6
537	7
538	7
539	11
540	7
541	6
542	6
543	4
544	7
545	10
546	5
547	5
548	8
549	5
550	8
551	9
552	7
553	7
554	6
555	3
556	5
557	6
558	5
559	4
560	7
561	5
562	11
563	4
564	3
565	5
566	7
567	4
568	4
569	9
570	10
571	6
572	6
573	6
574	15
575	7
576	4
577	10
578	3
579	3
580	4
581	7
582	7
583	5
584	3
585	6
586	4
587	6
588	39
589	3
590	7
591	6
592	6
593	7
594	6
595	6
596	15
597	10
598	39
599	8
600	4
601	5
602	6
603	7
604	6
605	5
606	3
607	6
608	8
609	19
610	6
611	9
612	5
613	4
614	7
615	4
616	5
617	8
618	15
619	6
620	3
621	13
622	5
623	7
624	6
625	5
626	4
627	12
628	7
629	14
630	5
631	8
632	4
633	13
634	4
635	8
636	4
637	6
638	4
639	4
640	5
641	3
642	6
643	5
644	6
645	4
646	5
647	6
648	4
649	4
650	7
651	6
652	8
653	6
654	5
655	3
656	4
657	14
658	13
659	9
660	7
661	5
662	6
663	7
664	12
665	4
666	7
667	7
668	4
669	6
670	5
671	5
672	8
673	8
674	5
675	4
676	4
677	8
678	6
679	7
680	5
681	4
682	9
683	7
684	4
685	5
686	6
687	4
688	6
689	4
690	6
691	3
692	8
693	12
694	4
695	9
696	9
697	7
698	5
699	7
700	5
701	4
702	12
703	5
704	9
705	14
706	11
707	5
708	7
709	4
710	5
711	7
712	10
713	7
714	4
715	8
716	9
717	12
718	3
719	6
720	5
721	4
722	5
723	8
724	8
725	5
726	5
727	6
728	16
729	15
730	6
731	3
732	3
733	10
734	3
735	8
736	9
737	7
738	8
739	8
740	9
741	4
742	6
743	26
744	5
745	8
746	8
747	4
748	5
749	4
750	8
751	5
752	7
753	7
754	7
755	6
756	7
757	6
758	8
759	12
760	6
761	9
762	14
763	7
764	6
765	8
766	11
767	7
768	8
769	8
770	5
771	4
772	3
773	13
774	7
775	11
776	5
777	4
778	4
779	6
780	9
781	7
782	5
783	7
784	5
785	13
786	4
787	9
788	4
789	4
790	5
791	7
792	6
793	6
794	6
795	6
796	4
797	9
798	5
799	4
800	5
801	6
802	7
803	6
804	8
805	8
806	4
807	4
808	9
809	3
810	4
811	5
812	7
813	5
814	7
815	10
816	3
817	10
818	3
819	6
820	4
821	4
822	10
823	4
824	8
825	11
826	7
827	3
828	4
829	11
830	10
831	7
832	8
833	4
834	8
835	9
836	11
837	6
838	5
DEPOT_SECTION
1
-1
SERVICE_TIME_SECTION
1	0
2	1560
3	420
4	780
5	600
6	660
7	1020
8	420
9	360
10	660
11	780
12	1740
13	360
14	240
15	420
16	600
17	480
18	480
19	300
20	360
21	360
22	540
23	660
24	840
25	480
26	540
27	720
28	720
29	480
30	720
31	360
32	360
33	480
34	540
35	1140
36	480
37	600
38	1320
39	780
40	420
41	480
42	240
43	960
44	540
45	540
46	540
47	480
48	360
49	540
50	780
51	780
52	1140
53	480
54	780
55	480
56	300
57	480
58	420
59	1020
60	420
61	840
62	540
63	660
64	540
65	540
66	420
67	660
68	540
69	480
70	780
71	480
72	480
73	420
74	780
75	540
76	540
77	540
78	300
79	420
80	420
81	240
82	840
83	600
84	480
85	300
86	600
87	660
88	480
89	600
90	660
91	300
92	480
93	1020
94	360
95	360
96	660
97	660
98	480
99	840
100	360
101	540
102	300
103	660
104	360
105	900
106	240
107	540
108	360
109	360
110	480
111	720
112	780
113	540
114	420
115	480
116	420
117	300
118	540
119	1080
120	420
121	2220
122	840
123	480
124	660
125	780
126	960
127	540
128	840
129	660
130	600
131	480
132	360
133	720
134	420
135	240
136	600
137	780
138	840
139	480
140	540
141	660
142	600
143	300
144	240
145	540
146	600
147	600
148	780
149	780
150	540
151	600
152	540
153	540
154	780
155	600
156	660
157	600
158	660
159	480
160	540
161	420
162	300
163	300
164	360
165	600
166	300
167	420
168	540
169	420
170	360
171	360
172	360
173	480
174	480
175	420
176	300
177	240
178	960
179	1200
180	600
181	780
182	1440
183	600
184	420
185	300
186	1440
187	720
188	540
189	420
190	540
191	480
192	780
193	420
194	600
195	840
196	420
197	960
198	660
199	420
200	1740
201	540
202	300
203	360
204	1440
205	480
206	300
207	480
208	600
209	600
210	600
211	360
212	840
213	540
214	1980
215	600
216	300
217	1140
218	300
219	960
220	540
221	600
222	660
223	540
224	540
225	540
226	300
227	420
228	360
229	600
230	420
231	420
232	300
233	660
234	300
235	600
236	420
237	420
238	1080
239	360
240	660
241	600
242	660
243	840
244	300
245	360
246	360
247	540
248	1140
249	600
250	600
251	1020
252	360
253	300
254	1020
255	660
256	300
257	600
258	540
259	600
260	600
261	1680
262	300
263	480
264	1020
265	1140
266	960
267	420
268	1020
269	480
270	540
271	240
272	3480
273	360
274	540
275	840
276	1080
277	720
278	600
279	480
280	720
281	660
282	1020
283	840
284	360
285	660
286	540
287	1560
288	720
289	420
290	300
291	600
292	780
293	300
294	420
295	660
296	480
297	420
298	540
299	360
300	540
301	540
302	540
303	840
304	660
305	480
306	300
307	660
308	600
309	480
310	600
311	360
312	240
313	540
314	360
315	840
316	540
317	600
318	840
319	720
320	300
321	600
322	420
323	840
324	540
325	540
326	540
327	480
328	540
329	480
330	480
331	480
332	420
333	900
334	360
335	480
336	420
337	360
338	660
339	1020
340	540
341	480
342	600
343	540
344	420
345	540
346	1560
347	660
348	540
349	600
350	1020
351	840
352	480
353	360
354	480
355	720
356	360
357	600
358	840
359	600
360	540
361	2220
362	1140
363	240
364	840
365	540
366	480
367	600
368	480
369	540
370	480
371	420
372	480
373	840
374	600
375	780
376	600
377	840
378	480
379	480
380	600
381	1020
382	1020
383	480
384	540
385	360
386	600
387	420
388	600
389	540
390	360
391	300
392	600
393	420
394	480
395	780
396	420
397	420
398	420
399	720
400	360
401	660
402	1020
403	600
404	360
405	300
406	660
407	540
408	420
409	480
410	660
411	360
412	1020
413	540
414	540
415	540
416	600
417	540
418	780
419	480
420	540
421	780
422	720
423	480
424	660
425	540
426	1020
427	720
428	540
429	720
430	600
431	480
432	1080
433	2220
434	360
435	840
436	660
437	960
438	480
439	660
440	420
441	540
442	420
443	600
444	300
445	1440
446	300
447	540
448	660
449	480
450	960
451	600
452	540
453	720
454	480
455	300
456	480
457	600
458	480
459	540
460	600
461	600
462	960
463	300
464	600
465	780
466	420
467	300
468	840
469	540
470	1020
471	900
472	300
473	480
474	420
475	900
476	660
477	600
478	300
479	420
480	540
481	600
482	480
483	1020
484	900
485	1080
486	960
487	480
488	600
489	420
490	480
491	720
492	1140
493	600
494	960
495	600
496	660
497	1320
498	480
499	660
500	540
501	600
502	540
503	300
504	480
505	840
506	660
507	660
508	480
509	360
510	1080
511	600
512	480
513	540
514	840
515	540
516	420
517	600
518	480
519	360
520	720
521	600
522	420
523	600
524	900
525	1020
526	660
527	840
528	480
529	1020
530	300
531	360
532	420
533	780
534	960
535	480
536	420
537	540
538	480
539	360
540	660
541	600
542	660
543	420
544	660
545	480
546	960
547	660
548	660
549	540
550	600
551	660
552	360
553	420
554	300
555	600
556	360
557	1080
558	900
559	1800
560	300
561	960
562	660
563	540
564	360
565	600
566	480
567	1560
568	600
569	600
570	480
571	1680
572	420
573	2220
574	540
575	540
576	480
577	840
578	540
579	540
580	660
581	780
582	480
583	540
584	420
585	300
586	720
587	480
588	480
589	600
590	600
591	600
592	420
593	480
594	780
595	660
596	540
597	1320
598	300
599	480
600	540
601	960
602	840
603	1020
604	1560
605	600
606	780
607	480
608	420
609	1020
610	780
611	900
612	480
613	720
614	600
615	1440
616	480
617	960
618	540
619	540
620	420
621	840
622	780
623	780
624	480
625	480
626	360
627	660
628	600
629	660
630	540
631	420
632	840
633	420
634	540
635	720
636	540
637	840
638	540
639	240
640	360
641	360
642	300
643	600
644	420
645	540
646	420
647	840
648	840
649	840
650	600
651	660
652	1020
653	420
654	660
655	360
656	600
657	300
658	540
659	840
660	660
661	540
662	660
663	780
664	420
665	600
666	300
667	360
668	540
669	720
670	780
671	420
672	1020
673	900
674	540
675	480
676	1080
677	840
678	840
679	600
680	420
681	600
682	480
683	540
684	540
685	480
686	660
687	720
688	660
689	600
690	600
691	840
692	540
693	420
694	540
695	420
696	420
697	360
698	660
699	540
700	720
701	360
702	660
703	540
704	660
705	960
706	540
707	660
708	660
709	600
710	300
711	480
712	480
713	720
714	420
715	540
716	1020
717	600
718	960
719	660
720	600
721	420
722	480
723	480
724	420
725	540
726	1020
727	540
728	1440
729	360
730	480
731	660
732	540
733	660
734	840
735	480
736	360
737	300
738	360
739	600
740	600
741	540
742	780
743	600
744	720
745	480
746	480
747	360
748	480
749	600
750	660
751	600
752	1020
753	300
754	420
755	540
756	900
757	300
758	600
759	660
760	780
761	600
762	360
763	360
764	420
765	780
766	420
767	480
768	360
769	1200
770	660
771	600
772	540
773	480
774	660
775	540
776	600
777	240
778	660
779	360
780	540
781	900
782	720
783	420
784	720
785	420
786	360
787	900
788	300
789	420
790	420
791	780
792	420
793	540
794	600
795	480
796	420
797	660
798	900
799	540
800	540
801	600
802	1440
803	1080
804	300
805	1020
806	780
807	360
808	360
809	480
810	900
811	600
812	240
813	720
814	780
815	540
816	480
817	660
818	360
819	300
820	480
821	720
822	420
823	660
824	900
825	660
826	780
827	840
828	660
829	780
830	900
831	360
832	1020
833	1800
834	660
835	780
836	660
837	600
838	360
TIME_WINDOW_SECTION
1	0	45000
2	4800	12300
3	22800	33900
4	22800	30300
5	22800	33900
6	22800	30300
7	22800	30300
8	17400	37500
9	15600	23100
10	10200	30300
11	22800	30300
12	4800	12300
13	19200	26700
14	17400	37500
15	8400	15900
16	12000	18840
17	12000	19500
18	10200	30300
19	10200	30300
20	10200	30300
21	8400	15900
22	10200	30300
23	19200	26700
24	15600	23100
25	22800	30300
26	19200	26700
27	10200	29700
28	15600	23100
29	22800	30300
30	12000	19500
31	4800	12300
32	15600	23100
33	10200	30300
34	4800	12300
35	12000	19500
36	10200	30300
37	12000	19500
38	15600	23100
39	8400	15300
40	19200	26700
41	19200	26700
42	15600	23100
43	22800	30300
44	15600	23100
45	19200	26700
46	19200	26700
47	4800	12300
48	10200	30300
49	12000	19500
50	12000	19500
51	15600	23100
52	8400	15900
53	10200	30300
54	19200	26700
55	15600	23100
56	12000	19500
57	15600	23100
58	10200	30300
59	12000	19500
60	4800	12300
61	4800	12300
62	10200	30300
63	10200	30300
64	12000	19500
65	15600	23100
66	10200	30300
67	12000	19500
68	10200	30300
69	10200	30300
70	17400	37500
71	4800	12300
72	8400	15900
73	4800	12300
74	8400	15900
75	22800	30300
76	15600	23100
77	22800	30300
78	8400	15900
79	15600	24900
80	15600	23100
81	19200	26700
82	10200	30300
83	19200	26700
84	10200	30300
85	15600	23100
86	15600	23100
87	4800	12300
88	22800	30300
89	12000	19500
90	4800	12300
91	10200	30300
92	4800	12300
93	8400	15900
94	10200	30300
95	19200	26700
96	12000	19500
97	8400	15900
98	4800	12300
99	4800	12300
100	8400	15900
101	15600	23100
102	15600	24900
103	8400	15900
104	15600	23100
105	10200	30300
106	22800	30300
107	12000	19500
108	12000	19500
109	17400	36900
110	15600	23100
111	12000	19500
112	8400	15900
113	19200	26100
114	22800	30300
115	22800	30300
116	10200	30300
117	12000	19500
118	10200	30300
119	4800	12300
120	22800	33900
121	22800	30300
122	15600	23100
123	15600	23100
124	12000	19500
125	15600	22500
126	19200	26700
127	12000	19500
128	4800	12300
129	17400	37500
130	8400	15900
131	12000	19500
132	22800	30300
133	10200	30300
134	10200	30300
135	19200	26700
136	22800	30300
137	10200	30300
138	19200	26700
139	12000	19500
140	15600	23100
141	4800	12300
142	12000	19500
143	15600	23100
144	22800	30300
145	4800	12300
146	12000	19500
147	12000	19500
148	10200	30300
149	10200	30300
150	4800	12300
151	15600	23100
152	15600	23100
153	10200	30300
154	15600	23100
155	8400	15900
156	8400	15900
157	19200	26100
158	19200	26700
159	19200	26700
160	15600	23100
161	8400	15900
162	4800	12300
163	10200	30300
164	12000	19500
165	12000	19500
166	15600	23100
167	15600	23100
168	10200	29700
169	10200	30300
170	19200	26700
171	12000	19500
172	22800	30300
173	22800	33900
174	12000	19500
175	19200	26700
176	10200	30300
177	10200	30300
178	22800	30300
179	10200	30300
180	22800	30300
181	22800	30300
182	19200	26700
183	10200	30300
184	4800	12300
185	22800	30300
186	8400	15900
187	10200	30300
188	4800	12300
189	15600	23100
190	22800	30300
191	19200	26100
192	10200	30300
193	15600	23100
194	10200	30300
195	15600	23100
196	12000	19500
197	10200	30300
198	22800	30300
199	10200	30300
200	12000	19500
201	15600	23100
202	8400	15900
203	22800	30300
204	17400	36900
205	12000	19500
206	10200	29700
207	10200	30300
208	12000	19500
209	4800	12300
210	22800	30300
211	8400	15900
212	19200	26700
213	4800	11700
214	10200	30300
215	17400	37500
216	4800	12300
217	22800	30300
218	10200	30300
219	10200	30300
220	10200	30300
221	22800	30300
222	4800	12300
223	12000	18840
224	12000	19500
225	15600	23100
226	4800	12300
227	22800	30300
228	10200	29700
229	19200	26700
230	15600	23100
231	22800	33900
232	15600	23100
233	19200	26700
234	10200	30300
235	10200	29700
236	4800	12300
237	15600	23100
238	10200	30300
239	15600	23100
240	19200	26700
241	22800	30300
242	17400	37500
243	12000	19500
244	8400	15900
245	22800	30300
246	22800	30300
247	15600	24900
248	17400	37500
249	10200	29700
250	8400	15900
251	12000	19500
252	4800	12300
253	15600	23100
254	15600	23100
255	10200	29700
256	10200	30300
257	8400	15900
258	19200	26700
259	10200	30300
260	22800	29700
261	10200	30300
262	10200	30300
263	15600	23100
264	8400	15900
265	15600	23100
266	22800	30300
267	12000	19500
268	10200	30300
269	15600	23100
270	19200	26700
271	22800	30300
272	8400	15900
273	8400	15900
274	4800	12300
275	17400	37500
276	22800	30300
277	19200	26700
278	15600	23100
279	22800	30300
280	22800	30300
281	15600	23100
282	8400	15900
283	15600	23100
284	22800	33900
285	22800	30300
286	8400	15900
287	19200	26700
288	15600	23100
289	4800	12300
290	15600	23100
291	22800	30300
292	8400	15900
293	19200	26100
294	19200	26700
295	4800	12300
296	12000	19500
297	17400	37500
298	15600	23100
299	17400	37500
300	8400	15900
301	8400	15900
302	19200	26700
303	10200	30300
304	8400	15900
305	22800	30300
306	15600	23100
307	12000	19500
308	15600	23100
309	8400	15900
310	8400	15900
311	15600	23100
312	17400	37500
313	10200	30300
314	10200	30300
315	12000	19500
316	19200	26700
317	22800	30300
318	12000	19500
319	10200	30300
320	17400	37500
321	12000	19500
322	12000	19500
323	17400	36900
324	12000	19500
325	10200	30300
326	12000	19500
327	15600	23100
328	8400	15900
329	8400	15300
330	8400	15900
331	12000	18900
332	19200	26700
333	12000	19500
334	19200	26700
335	19200	26700
336	10200	30300
337	12000	19500
338	15600	23100
339	12000	19500
340	8400	15900
341	15600	23100
342	12000	19500
343	15600	24900
344	12000	19500
345	10200	30300
346	10200	30300
347	8400	15900
348	22800	30300
349	15600	23100
350	8400	15900
351	19200	26700
352	19200	26700
353	8400	15900
354	19200	26700
355	12000	19500
356	15600	23100
357	12000	19500
358	19200	26700
359	8400	15900
360	10200	30300
361	10200	30300
362	19200	26700
363	22800	30300
364	12000	19500
365	12000	19500
366	17400	37500
367	12000	18900
368	17400	37500
369	15600	23100
370	12000	19500
371	15600	23100
372	8400	15900
373	17400	37500
374	12000	19500
375	4800	12300
376	8400	15900
377	19200	26700
378	8400	15900
379	22800	30300
380	8400	15900
381	19200	26700
382	12000	19500
383	19200	26700
384	8400	15300
385	12000	19500
386	22800	30300
387	19200	26700
388	12000	19500
389	15600	23100
390	17400	37500
391	8400	15900
392	19200	26700
393	15600	23100
394	8400	15900
395	10200	30300
396	8400	15900
397	22800	30300
398	22800	30300
399	10200	29700
400	10200	30300
401	12000	19500
402	10200	30300
403	15600	23100
404	22800	33900
405	15600	23100
406	22800	30300
407	8400	15900
408	8400	15900
409	17400	37500
410	12000	18900
411	12000	19500
412	22800	30300
413	10200	30300
414	15600	23100
415	12000	19500
416	22800	30300
417	12000	19500
418	15600	24900
419	10200	30300
420	15600	23100
421	8400	15900
422	22800	30300
423	10200	29700
424	12000	19500
425	10200	30300
426	15600	23100
427	15600	23100
428	19200	26700
429	12000	19500
430	19200	26700
431	19200	26700
432	8400	15900
433	10200	29700
434	12000	18840
435	10200	30300
436	17400	37500
437	12000	19500
438	15600	23100
439	15600	23100
440	15600	23100
441	12000	19500
442	22800	30300
443	17400	37500
444	22800	30300
445	10200	30300
446	19200	26700
447	8400	15900
448	17400	37500
449	8400	15900
450	12000	19500
451	12000	19500
452	12000	19500
453	12000	19500
454	10200	30300
455	8400	15900
456	8400	15300
457	15600	23100
458	8400	15900
459	10200	29700
460	10200	30300
461	22800	30300
462	15600	24900
463	8400	15900
464	10200	30300
465	12000	19500
466	22800	30300
467	17400	37500
468	15600	24240
469	15600	23100
470	17400	37500
471	19200	26700
472	10200	30300
473	15600	23100
474	17400	37500
475	12000	19500
476	19200	26700
477	12000	19500
478	15600	23100
479	10200	30300
480	15600	23100
481	19200	26700
482	12000	19500
483	15600	23100
484	19200	26700
485	10200	29700
486	10200	30300
487	12000	19500
488	10200	30300
489	15600	23100
490	15600	23100
491	12000	19500
492	15600	23100
493	10200	30300
494	10200	30300
495	19200	26700
496	15600	23100
497	17400	37500
498	10200	30300
499	15600	24300
500	15600	23100
501	10200	30300
502	12000	19500
503	22800	30300
504	22800	30300
505	15600	23100
506	19200	26700
507	15600	23100
508	10200	29700
509	10200	30300
510	10200	29700
511	10200	30300
512	22800	30300
513	22800	30300
514	15600	23100
515	22800	30300
516	17400	37500
517	12000	19500
518	22800	30300
519	12000	19500
520	19200	26700
521	10200	30300
522	15600	23100
523	15600	23100
524	22800	30300
525	15600	23100
526	12000	19500
527	17400	37500
528	10200	30300
529	19200	26700
530	19200	26700
531	10200	30300
532	17400	37500
533	19200	26100
534	12000	19500
535	22800	30300
536	15600	23100
537	10200	29700
538	15600	23100
539	19200	26700
540	12000	19500
541	10200	29700
542	19200	26700
543	19200	26700
544	22800	30300
545	15600	24900
546	10200	30300
547	17400	37500
548	10200	30300
549	15600	23100
550	15600	23100
551	19200	26700
552	19200	26700
553	15600	23100
554	10200	30300
555	15600	22500
556	22800	33900
557	12000	19500
558	10200	30300
559	22800	30300
560	10200	30300
561	22800	30300
562	12000	19500
563	15600	23100
564	15600	24900
565	15600	23100
566	22800	30300
567	12000	19500
568	22800	30300
569	12000	19500
570	15600	22500
571	12000	19500
572	15600	23100
573	15600	23100
574	22800	30300
575	10200	29700
576	15600	23100
577	15600	23100
578	19200	26700
579	19200	26700
580	17400	36900
581	10200	30300
582	15600	23100
583	15600	23100
584	22800	30300
585	15600	24900
586	19200	26700
587	22800	30300
588	12000	19500
589	10200	29700
590	22800	30300
591	15600	23100
592	17400	37500
593	10200	30300
594	17400	37500
595	22800	30300
596	15600	23100
597	12000	19500
598	19200	26700
599	10200	29700
600	22800	30300
601	15600	23100
602	10200	30300
603	10200	30300
604	10200	30300
605	10200	30300
606	19200	26700
607	10200	30300
608	19200	26700
609	19200	26700
610	22800	30300
611	15600	24900
612	17400	37500
613	10200	30300
614	19200	26700
615	12000	19500
616	15600	23100
617	15600	22500
618	15600	23100
619	15600	23100
620	12000	19500
621	19200	26700
622	17400	37500
623	10200	30300
624	10200	30300
625	12000	19500
626	19200	26100
627	10200	30300
628	12000	19500
629	10200	30300
630	15600	23100
631	12000	19500
632	15600	24240
633	22800	30300
634	17400	37500
635	10200	29700
636	17400	37500
637	17400	37500
638	15600	23100
639	22800	30300
640	19200	26100
641	15600	23100
642	10200	30300
643	22800	30300
644	22800	30300
645	10200	30300
646	10200	29700
647	10200	30300
648	10200	30300
649	10200	30300
650	19200	26700
651	15600	24900
652	10200	29700
653	17400	37500
654	10200	30300
655	10200	29700
656	19200	26700
657	15600	23100
658	19200	26700
659	10200	30300
660	10200	30300
661	15600	23100
662	12000	19500
663	15600	23100
664	19200	26700
665	15600	24900
666	17400	36900
667	15600	23100
668	10200	29700
669	22800	30300
670	15600	24900
671	17400	37500
672	22800	30300
673	22800	30300
674	22800	30300
675	19200	26100
676	15600	23100
677	22800	29700
678	10200	30300
679	17400	37500
680	15600	23100
681	15600	24900
682	12000	19500
683	19200	26700
684	17400	37500
685	22800	30300
686	10200	30300
687	15600	24900
688	22800	30300
689	17400	37500
690	10200	30300
691	10200	30300
692	15600	23100
693	15600	23100
694	15600	23100
695	22800	30300
696	22800	30300
697	22800	30300
698	22800	30300
699	15600	23100
700	22800	30300
701	19200	26700
702	15600	23100
703	22800	30300
704	15600	24900
705	10200	30300
706	10200	29700
707	22800	29700
708	10200	30300
709	22800	33900
710	15600	23100
711	15600	23100
712	15600	22500
713	19200	26100
714	22800	30300
715	19200	26700
716	10200	30300
717	10200	30300
718	10200	30300
719	15600	23100
720	22800	29700
721	15600	23100
722	19200	26700
723	10200	30300
724	17400	37500
725	22800	33900
726	19200	26700
727	15600	23100
728	19200	26700
729	22800	30300
730	10200	30300
731	15600	24900
732	10200	30300
733	10200	30300
734	15600	24900
735	19200	26700
736	19200	26700
737	19200	26700
738	10200	30300
739	15600	23100
740	15600	22500
741	15600	23100
742	19200	26700
743	10200	30300
744	15600	23100
745	15600	23100
746	17400	37500
747	22800	33900
748	10200	30300
749	10200	30300
750	15600	23100
751	15600	23100
752	17400	37500
753	10200	30300
754	10200	29700
755	10200	30300
756	22800	30300
757	19200	26700
758	15600	23100
759	22800	30300
760	17400	37500
761	22800	30300
762	22800	33900
763	19200	26700
764	10200	30300
765	19200	26700
766	10200	30300
767	22800	30300
768	22800	30300
769	10200	29700
770	19200	26100
771	19200	26700
772	22800	33900
773	10200	29700
774	10200	30300
775	19200	26700
776	22800	30300
777	10200	30300
778	10200	30300
779	15600	24900
780	19200	26700
781	19200	26700
782	19200	26700
783	10200	29700
784	22800	30300
785	17400	37500
786	22800	33900
787	10200	30300
788	19200	26700
789	10200	30300
790	10200	30300
791	10200	30300
792	22800	33900
793	15600	24900
794	10200	30300
795	22800	30300
796	22800	30300
797	22800	30300
798	22800	30300
799	17400	37500
800	19200	26700
801	10200	30300
802	19200	26700
803	22800	33900
804	22800	30300
805	10200	30300
806	22800	29700
807	17400	37500
808	19200	26700
809	22800	30300
810	10200	30300
811	22800	30300
812	17400	37500
813	10200	30300
814	10200	30300
815	19200	26700
816	22800	30300
817	22800	33900
818	19200	26700
819	19200	26700
820	10200	30300
821	19200	26700
822	22800	30300
823	22800	30300
824	17400	37500
825	10200	29700
826	22800	30300
827	17400	37500
828	19200	26700
829	19200	26700
830	22800	30300
831	17400	37500
832	10200	30300
833	17400	37500
834	19200	26700
835	22800	30300
836	19200	26700
837	17400	36900
838	22800	30300
RELEASE_TIME_SECTION
1	0
2	3600
3	3600
4	3600
5	3600
6	3600
7	3600
8	3600
9	3600
10	3600
11	3600
12	3600
13	3600
14	3600
15	3600
16	3600
17	3600
18	3600
19	3600
20	3600
21	3600
22	3600
23	3600
24	3600
25	3600
26	3600
27	3600
28	3600
29	3600
30	3600
31	3600
32	3600
33	3600
34	3600
35	3600
36	3600
37	3600
38	3600
39	3600
40	3600
41	3600
42	3600
43	3600
44	3600
45	3600
46	3600
47	3600
48	3600
49	3600
50	3600
51	3600
52	3600
53	3600
54	3600
55	3600
56	3600
57	3600
58	3600
59	3600
60	3600
61	3600
62	3600
63	3600
64	3600
65	3600
66	3600
67	3600
68	3600
69	3600
70	3600
71	3600
72	3600
73	3600
74	3600
75	3600
76	3600
77	3600
78	3600
79	3600
80	3600
81	3600
82	3600
83	3600
84	3600
85	3600
86	3600
87	3600
88	3600
89	3600
90	3600
91	3600
92	3600
93	3600
94	3600
95	3600
96	3600
97	3600
98	3600
99	3600
100	3600
101	3600
102	5400
103	5400
104	5400
105	5400
106	5400
107	5400
108	5400
109	5400
110	5400
111	5400
112	5400
113	5400
114	5400
115	5400
116	5400
117	5400
118	5400
119	5400
120	5400
121	5400
122	5400
123	5400
124	5400
125	5400
126	5400
127	5400
128	5400
129	5400
130	5400
131	5400
132	5400
133	5400
134	5400
135	5400
136	5400
137	5400
138	5400
139	5400
140	5400
141	5400
142	5400
143	5400
144	5400
145	5400
146	5400
147	5400
148	5400
149	5400
150	5400
151	5400
152	5400
153	5400
154	5400
155	5400
156	5400
157	5400
158	5400
159	5400
160	5400
161	5400
162	5400
163	5400
164	5400
165	5400
166	5400
167	5400
168	5400
169	5400
170	5400
171	5400
172	5400
173	5400
174	5400
175	5400
176	5400
177	5400
178	5400
179	5400
180	5400
181	5400
182	5400
183	5400
184	5400
185	5400
186	5400
187	5400
188	5400
189	5400
190	5400
191	5400
192	5400
193	5400
194	5400
195	5400
196	5400
197	5400
198	5400
199	5400
200	5400
201	5400
202	7200
203	7200
204	7200
205	7200
206	7200
207	7200
208	7200
209	7200
210	7200
211	7200
212	7200
213	7200
214	7200
215	7200
216	7200
217	7200
218	7200
219	7200
220	7200
221	7200
222	7200
223	7200
224	7200
225	7200
226	7200
227	7200
228	7200
229	7200
230	7200
231	7200
232	7200
233	7200
234	7200
235	7200
236	7200
237	7200
238	7200
239	7200
240	7200
241	7200
242	7200
243	7200
244	7200
245	7200
246	7200
247	7200
248	7200
249	7200
250	7200
251	7200
252	7200
253	7200
254	7200
255	7200
256	7200
257	7200
258	7200
259	7200
260	7200
261	7200
262	7200
263	7200
264	7200
265	7200
266	7200
267	7200
268	7200
269	7200
270	7200
271	7200
272	7200
273	7200
274	7200
275	7200
276	7200
277	7200
278	7200
279	7200
280	7200
281	7200
282	7200
283	7200
284	7200
285	7200
286	7200
287	7200
288	7200
289	7200
290	7200
291	7200
292	7200
293	7200
294	7200
295	7200
296	7200
297	7200
298	7200
299	7200
300	7200
301	9000
302	9000
303	9000
304	9000
305	9000
306	9000
307	9000
308	9000
309	9000
310	9000
311	9000
312	9000
313	9000
314	9000
315	9000
316	9000
317	9000
318	9000
319	9000
320	9000
321	9000
322	9000
323	9000
324	9000
325	9000
326	9000
327	9000
328	9000
329	9000
330	9000
331	9000
332	9000
333	9000
334	9000
335	9000
336	9000
337	9000
338	9000
339	9000
340	9000
341	9000
342	9000
343	9000
344	9000
345	9000
346	9000
347	9000
348	9000
349	9000
350	9000
351	9000
352	9000
353	9000
354	9000
355	9000
356	9000
357	9000
358	9000
359	9000
360	9000
361	9000
362	9000
363	9000
364	9000
365	9000
366	9000
367	9000
368	9000
369	9000
370	9000
371	9000
372	9000
373	9000
374	9000
375	9000
376	9000
377	9000
378	9000
379	9000
380	9000
381	9000
382	9000
383	9000
384	9000
385	9000
386	9000
387	9000
388	9000
389	9000
390	10800
391	10800
392	10800
393	10800
394	10800
395	10800
396	10800
397	10800
398	10800
399	10800
400	10800
401	10800
402	10800
403	10800
404	10800
405	10800
406	10800
407	10800
408	10800
409	10800
410	10800
411	10800
412	10800
413	10800
414	10800
415	10800
416	10800
417	10800
418	10800
419	10800
420	10800
421	10800
422	10800
423	10800
424	10800
425	10800
426	10800
427	10800
428	10800
429	10800
430	10800
431	10800
432	10800
433	10800
434	10800
435	10800
436	10800
437	10800
438	10800
439	10800
440	10800
441	10800
442	10800
443	10800
444	10800
445	10800
446	10800
447	10800
448	10800
449	10800
450	10800
451	10800
452	10800
453	10800
454	10800
455	10800
456	10800
457	10800
458	10800
459	10800
460	10800
461	10800
462	10800
463	10800
464	10800
465	10800
466	10800
467	10800
468	10800
469	10800
470	10800
471	10800
472	10800
473	10800
474	10800
475	10800
476	10800
477	12600
478	12600
479	12600
480	12600
481	12600
482	12600
483	12600
484	12600
485	12600
486	12600
487	12600
488	12600
489	12600
490	12600
491	12600
492	12600
493	12600
494	12600
495	12600
496	12600
497	12600
498	12600
499	12600
500	12600
501	12600
502	12600
503	12600
504	12600
505	12600
506	12600
507	12600
508	12600
509	12600
510	12600
511	12600
512	12600
513	12600
514	12600
515	12600
516	12600
517	12600
518	12600
519	12600
520	12600
521	12600
522	12600
523	12600
524	12600
525	12600
526	12600
527	12600
528	12600
529	12600
530	12600
531	12600
532	12600
533	12600
534	12600
535	12600
536	12600
537	12600
538	12600
539	12600
540	12600
541	12600
542	12600
543	12600
544	12600
545	12600
546	12600
547	12600
548	12600
549	12600
550	12600
551	12600
552	12600
553	12600
554	12600
555	12600
556	12600
557	12600
558	14400
559	14400
560	14400
561	14400
562	14400
563	14400
564	14400
565	14400
566	14400
567	14400
568	14400
569	14400
570	14400
571	14400
572	14400
573	14400
574	14400
575	14400
576	14400
577	14400
578	14400
579	14400
580	14400
581	14400
582	14400
583	14400
584	14400
585	14400
586	14400
587	14400
588	14400
589	14400
590	14400
591	14400
592	14400
593	14400
594	14400
595	14400
596	14400
597	14400
598	14400
599	14400
600	14400
601	14400
602	14400
603	14400
604	14400
605	14400
606	14400
607	14400
608	14400
609	14400
610	14400
611	14400
612	14400
613	14400
614	14400
615	14400
616	14400
617	14400
618	14400
619	14400
620	14400
621	14400
622	14400
623	14400
624	14400
625	14400
626	14400
627	14400
628	14400
629	14400
630	14400
631	14400
632	14400
633	14400
634	14400
635	16200
636	16200
637	16200
638	16200
639	16200
640	16200
641	16200
642	16200
643	16200
644	16200
645	16200
646	16200
647	16200
648	16200
649	16200
650	16200
651	16200
652	16200
653	16200
654	16200
655	16200
656	16200
657	16200
658	16200
659	16200
660	16200
661	16200
662	16200
663	16200
664	16200
665	16200
666	16200
667	16200
668	16200
669	16200
670	16200
671	16200
672	16200
673	16200
674	16200
675	16200
676	16200
677	16200
678	16200
679	16200
680	16200
681	16200
682	16200
683	16200
684	16200
685	16200
686	16200
687	16200
688	16200
689	16200
690	16200
691	16200
692	16200
693	16200
694	16200
695	16200
696	16200
697	18000
698	18000
699	18000
700	18000
701	18000
702	18000
703	18000
704	18000
705	18000
706	18000
707	18000
708	18000
709	18000
710	18000
711	18000
712	18000
713	18000
714	18000
715	18000
716	18000
717	18000
718	18000
719	18000
720	18000
721	18000
722	18000
723	18000
724	18000
725	18000
726	18000
727	18000
728	18000
729	18000
730	18000
731	18000
732	18000
733	18000
734	18000
735	18000
736	18000
737	18000
738	18000
739	18000
740	18000
741	18000
742	18000
743	18000
744	18000
745	18000
746	18000
747	18000
748	18000
749	18000
750	18000
751	18000
752	18000
753	19800
754	19800
755	19800
756	19800
757	19800
758	19800
759	19800
760	19800
761	19800
762	19800
763	19800
764	19800
765	19800
766	19800
767	19800
768	19800
769	19800
770	19800
771	19800
772	19800
773	19800
774	19800
775	19800
776	19800
777	19800
778	19800
779	19800
780	19800
781	19800
782	19800
783	19800
784	19800
785	19800
786	19800
787	19800
788	19800
789	19800
790	19800
791	19800
792	19800
793	19800
794	19800
795	19800
796	19800
797	19800
798	21600
799	21600
800	21600
801	21600
802	21600
803	21600
804	21600
805	21600
806	21600
807	21600
808	21600
809	21600
810	21600
811	21600
812	21600
813	21600
814	21600
815	21600
816	21600
817	21600
818	21600
819	21600
820	21600
821	21600
822	21600
823	21600
824	21600
825	21600
826	21600
827	21600
828	21600
829	21600
830	21600
831	21600
832	21600
833	21600
834	21600
835	21600
836	21600
837	21600
838	21600
EOF
