NAME : ORTEC-VRPTW-ASYM-2c4cceaa-d1-n918
TYPE : VRPTW-RT
DIMENSION : 919
EDGE_WEIGHT_TYPE : EUC_2D
CAPACITY : 135
NODE_COORD_SECTION
1	4430	2191
2	3506	2483
3	4433	1756
4	5302	1683
5	2202	3130
6	4035	2689
7	3155	3351
8	1567	2895
9	2989	2026
10	5604	1716
11	6309	1271
12	4393	1695
13	3580	1863
14	3807	2414
15	2578	2670
16	3126	2822
17	5765	2081
18	5315	554
19	2872	2528
20	5271	242
21	3611	1350
22	4204	1248
23	1414	3270
24	4410	1386
25	3550	2033
26	3116	2706
27	5673	1761
28	6501	1225
29	2988	2574
30	4793	941
31	5765	2081
32	4826	2143
33	5604	1716
34	4013	1072
35	4645	1875
36	5247	1526
37	2953	2853
38	2455	2792
39	4238	1007
40	6946	1485
41	2365	2646
42	5274	1304
43	2760	2741
44	2939	2579
45	5796	1029
46	3095	2601
47	4410	1386
48	2899	2374
49	3706	1966
50	4126	2433
51	4007	2076
52	4793	941
53	5254	1406
54	2567	2807
55	5312	822
56	4235	2262
57	2359	3332
58	2860	2505
59	2739	2740
60	5901	1655
61	4393	1695
62	3759	1402
63	4439	1187
64	3573	2417
65	3754	2514
66	5545	1146
67	3034	2862
68	2957	2618
69	7115	1125
70	4826	2143
71	2126	2701
72	5957	1087
73	3930	2636
74	2365	2646
75	7039	929
76	6349	1018
77	3857	2395
78	6388	1610
79	3611	1350
80	5306	550
81	4940	618
82	3359	2062
83	2921	2710
84	5331	626
85	6925	1417
86	3674	2412
87	5784	1189
88	2682	2614
89	2666	3448
90	8606	1123
91	1915	3326
92	2791	2715
93	3857	2395
94	3845	1328
95	4735	1831
96	2760	2862
97	6396	1628
98	2862	2741
99	4042	931
100	4860	570
101	2719	2766
102	5546	704
103	2815	2556
104	5344	871
105	5309	1150
106	3951	2461
107	3359	2062
108	2957	2618
109	7066	1352
110	4978	626
111	5232	397
112	2845	2999
113	2460	2720
114	4076	1729
115	5928	1415
116	4013	1072
117	4558	1363
118	3807	2414
119	3328	2624
120	6501	1225
121	6556	1323
122	4867	745
123	5366	1078
124	6927	1104
125	3754	2514
126	3351	3177
127	484	2739
128	4412	1385
129	4155	1141
130	2940	3045
131	4013	1072
132	6163	983
133	3116	2706
134	2359	3332
135	4235	1393
136	5368	1260
137	3221	3041
138	6920	1196
139	3580	1863
140	3034	2862
141	4793	941
142	4734	629
143	4540	1673
144	4204	1248
145	4281	1058
146	5784	1189
147	6388	1610
148	4473	2022
149	4558	1363
150	4607	1738
151	5549	1209
152	3359	2062
153	1701	2232
154	5246	1030
155	3624	2451
156	3899	1845
157	0	3494
158	4080	2646
159	3359	2062
160	5092	1362
161	6163	983
162	3321	2312
163	5052	549
164	4796	826
165	2567	2807
166	6556	1323
167	471	3106
168	2739	2740
169	3584	2526
170	5386	1201
171	4617	982
172	2411	2773
173	2957	2618
174	3845	1328
175	5356	1288
176	2905	2732
177	5617	1830
178	3761	1548
179	2760	2718
180	5274	384
181	6779	1536
182	3807	2414
183	2594	2742
184	4126	2433
185	5928	1415
186	2098	3251
187	2847	2927
188	3706	1966
189	6946	1485
190	2719	2766
191	6309	1271
192	2808	2437
193	2460	2720
194	2395	2781
195	6876	1282
196	7039	929
197	4388	1590
198	3158	3997
199	3839	2413
200	3691	2528
201	2491	2658
202	2845	2999
203	4174	1751
204	3496	2062
205	2558	2919
206	5312	1842
207	2632	2587
208	1537	3341
209	2939	2579
210	3611	1350
211	6925	1417
212	5306	550
213	5259	1247
214	3759	1402
215	3845	1328
216	3370	2345
217	3649	2541
218	2342	2557
219	6212	898
220	5383	1313
221	3760	2473
222	4131	1572
223	2925	2776
224	2625	2426
225	3832	2242
226	3668	1529
227	2359	3332
228	5239	501
229	3759	1216
230	3350	3126
231	5312	1842
232	4722	773
233	2922	2603
234	4204	1248
235	2240	2591
236	3321	2312
237	2084	3201
238	5335	633
239	5729	1883
240	5092	1362
241	2869	2650
242	3045	2439
243	5246	1030
244	4735	1831
245	2202	3130
246	2240	2591
247	5309	1150
248	2794	2979
249	4825	809
250	5232	397
251	3807	2414
252	2926	2516
253	2773	2710
254	4410	1386
255	4026	2498
256	8606	1123
257	2719	2766
258	5173	1383
259	2788	2070
260	6773	1321
261	5604	1716
262	3756	1212
263	2934	3877
264	6358	1551
265	6556	1323
266	4191	1022
267	6163	983
268	3760	2473
269	2847	2927
270	3729	2760
271	3973	1696
272	4536	1420
273	2930	2642
274	4453	1106
275	2625	2426
276	3686	2070
277	2567	2807
278	2765	2090
279	2682	2614
280	4191	1022
281	4425	2275
282	4191	1022
283	6212	898
284	7066	1352
285	3370	2345
286	3126	2822
287	2760	2741
288	4410	1386
289	2788	2070
290	5306	550
291	2626	3396
292	5108	817
293	4235	1393
294	7039	929
295	4255	2295
296	2717	2335
297	4155	1141
298	4919	884
299	6163	983
300	3956	2513
301	6396	1628
302	2939	2579
303	6995	1032
304	3674	2412
305	2768	2512
306	4281	1058
307	2274	2689
308	3832	2242
309	4439	1187
310	3639	2353
311	3760	2473
312	3754	2514
313	2840	3470
314	5312	1842
315	3350	3126
316	3759	1402
317	3095	2601
318	2594	2742
319	3791	2581
320	3021	2726
321	4860	570
322	2688	2744
323	5990	1066
324	4473	2022
325	1576	2995
326	6773	1321
327	3326	2778
328	5559	2007
329	3366	2832
330	5368	1260
331	4236	2053
332	4304	1171
333	2591	3251
334	4123	1589
335	3350	3126
336	3602	2306
337	3377	2808
338	2936	2739
339	3317	2486
340	6927	1210
341	2860	2505
342	4203	2191
343	3310	3181
344	3076	2384
345	4787	1332
346	4439	1187
347	5092	1362
348	3580	1863
349	4540	1673
350	4734	629
351	2461	2632
352	2862	2741
353	6926	946
354	7186	1272
355	4126	2433
356	4796	826
357	3573	2419
358	3158	3997
359	5210	1141
360	4281	1058
361	3729	2760
362	4842	1878
363	2899	2374
364	3126	2822
365	3550	2172
366	2494	2995
367	3528	1597
368	2857	2599
369	3729	2760
370	5990	1066
371	5851	1079
372	2554	2677
373	6995	1032
374	4235	2262
375	3092	2418
376	1920	2641
377	2554	2677
378	3740	1409
379	2492	2916
380	4402	1488
381	1992	3174
382	3584	2526
383	3116	2706
384	5309	1150
385	5901	1655
386	4867	745
387	4439	1187
388	4860	570
389	5246	1030
390	3668	1529
391	2902	3086
392	3284	2804
393	7090	1230
394	7066	1352
395	6742	1206
396	4439	1187
397	3328	2624
398	2596	2996
399	4830	990
400	2902	3086
401	2860	2505
402	2765	2090
403	3406	3050
404	5368	1260
405	2921	2710
406	2808	2437
407	2914	2670
408	5247	1526
409	2594	2742
410	6995	1032
411	5288	784
412	6309	1271
413	4210	1246
414	5614	801
415	2989	2026
416	3649	2541
417	5162	880
418	3791	2581
419	1928	2869
420	6742	1206
421	3112	2822
422	5821	1247
423	5549	1209
424	2794	2979
425	2808	2437
426	5210	1141
427	4076	1729
428	3024	3130
429	3759	1216
430	2063	2781
431	2794	2979
432	2863	3278
433	3639	2353
434	4507	2153
435	3857	2395
436	3362	3210
437	3807	2414
438	4607	1738
439	3953	1326
440	4473	2022
441	2261	2501
442	5796	1029
443	5039	596
444	2261	2501
445	5274	1304
446	3715	2190
447	2820	2866
448	2598	3126
449	5881	1026
450	2988	2574
451	4830	990
452	1059	2683
453	6995	1032
454	2989	2026
455	7128	1177
456	4962	929
457	1492	2430
458	6927	1210
459	5386	1201
460	3011	3006
461	2395	2781
462	3819	1196
463	2808	2437
464	3120	4171
465	3337	3199
466	1701	2232
467	6742	1206
468	2411	2773
469	3791	2581
470	3418	2503
471	2342	2557
472	2012	3285
473	4236	2053
474	2751	2485
475	3630	2366
476	4131	1572
477	3624	2451
478	3406	3050
479	3715	2190
480	4402	1488
481	4962	929
482	3506	2483
483	3684	1995
484	4323	1253
485	2913	3585
486	2231	2421
487	3550	2172
488	4062	2891
489	2202	3130
490	3706	1966
491	5821	1247
492	4141	2545
493	3155	3351
494	2498	2527
495	6363	925
496	2860	2838
497	6168	950
498	3201	2427
499	4473	2022
500	4540	1673
501	3000	3126
502	5039	596
503	6309	1271
504	2567	2807
505	3126	2822
506	5288	784
507	3337	3199
508	3580	1863
509	4155	1141
510	4796	826
511	3602	2306
512	2874	2562
513	4558	1363
514	3697	2463
515	5108	817
516	1992	3174
517	6981	1178
518	1915	3326
519	4826	2143
520	3813	1617
521	2867	2566
522	6163	983
523	5274	384
524	5780	0
525	306	2764
526	3550	2033
527	3205	2426
528	6358	1551
529	2902	3086
530	3740	1409
531	5274	384
532	3807	2414
533	5162	880
534	4468	1727
535	4126	2433
536	5368	1260
537	4035	2689
538	2872	2528
539	5271	242
540	7017	1320
541	3034	2862
542	2515	2147
543	3155	3351
544	368	3236
545	5309	1150
546	5549	1209
547	4138	2094
548	5784	1189
549	3418	2503
550	5271	242
551	1583	2773
552	3418	2695
553	5305	379
554	4393	1695
555	6927	1210
556	5386	1201
557	3377	2808
558	5383	1313
559	3639	2353
560	2494	2995
561	3221	3041
562	4035	2689
563	2554	2677
564	3370	2345
565	4138	2094
566	4191	1022
567	3573	2417
568	4867	745
569	4078	1132
570	3045	2439
571	2913	3585
572	2914	2670
573	3350	3126
574	4425	2275
575	4402	1488
576	3819	1196
577	3580	1863
578	6773	1321
579	4772	757
580	6702	892
581	3058	2469
582	2953	2853
583	3740	1409
584	2914	2670
585	4978	626
586	2751	2485
587	2578	2670
588	1576	2995
589	2562	2874
590	4393	1695
591	2765	2618
592	6501	1225
593	7041	978
594	2460	2720
595	4035	2689
596	0	3494
597	7017	1320
598	4013	1072
599	5288	784
600	3317	2486
601	6163	983
602	2918	2703
603	2202	3130
604	5335	633
605	3177	2546
606	3377	2808
607	4191	1022
608	6779	1536
609	2864	2327
610	2491	2658
611	3231	2490
612	3120	4171
613	6396	1628
614	3076	2384
615	2516	2687
616	2760	2862
617	6946	1485
618	6163	983
619	5356	1288
620	2202	3130
621	3177	2546
622	3155	3351
623	4851	641
624	2930	2642
625	5162	880
626	2063	2781
627	2460	2720
628	4978	626
629	5306	550
630	4795	697
631	4310	2251
632	2830	2830
633	2594	2742
634	5029	690
635	3418	2695
636	1567	2895
637	4796	826
638	3045	2439
639	4235	1393
640	2847	2927
641	3112	2822
642	2598	3126
643	2251	2712
644	2783	2811
645	3845	1328
646	4051	1989
647	2278	2529
648	8606	1123
649	1928	2869
650	4590	2267
651	3155	3351
652	2682	2614
653	2665	2842
654	3857	2395
655	3310	3181
656	3741	1384
657	2594	2742
658	4141	2545
659	2491	2658
660	2751	2485
661	4645	1875
662	4950	1270
663	3674	2412
664	4393	1695
665	3264	2798
666	6981	1178
667	3760	2473
668	6702	892
669	7115	1125
670	5335	633
671	7041	978
672	3418	2503
673	2830	2830
674	3351	3177
675	7066	1352
676	3856	1428
677	2760	2862
678	5765	2081
679	2760	2741
680	3573	2419
681	3698	2428
682	5239	501
683	2862	2741
684	2498	2527
685	471	3106
686	2809	3015
687	3550	2882
688	4735	1831
689	2492	2916
690	2251	2712
691	3310	3132
692	4796	826
693	7066	1352
694	3294	3062
695	2516	2687
696	3761	1548
697	3070	2632
698	4536	1420
699	3715	2190
700	4143	855
701	3164	2750
702	3550	2172
703	4412	1385
704	3857	2395
705	2625	2426
706	7041	978
707	6926	946
708	2903	2895
709	4236	2053
710	2905	2732
711	3759	1402
712	2760	2718
713	4238	1007
714	2988	2574
715	3377	2808
716	4255	2295
717	3321	2312
718	4402	1488
719	2988	2574
720	3095	2601
721	3045	2439
722	3460	2974
723	3951	2461
724	5729	1883
725	3112	2822
726	6223	665
727	306	2764
728	2261	2501
729	5306	550
730	2639	2871
731	2626	3396
732	2760	2862
733	5545	1146
734	3	3213
735	6212	898
736	3070	2632
737	5729	1883
738	2765	2090
739	3326	2421
740	2578	2670
741	3691	2528
742	5990	1066
743	2562	2874
744	3528	1597
745	3953	1326
746	1928	2869
747	7017	1320
748	484	2739
749	3715	2190
750	3676	2283
751	2874	2507
752	4200	1131
753	5146	923
754	4021	965
755	3760	2473
756	3024	3130
757	6925	1417
758	3698	2428
759	5901	1655
760	3279	3403
761	5247	1526
762	4323	1253
763	4200	1131
764	3729	2760
765	5117	1634
766	3954	1834
767	2455	2792
768	4310	2251
769	4659	1158
770	4021	965
771	2888	2782
772	3321	2312
773	4659	1158
774	3715	2190
775	2562	2874
776	3112	2822
777	4659	1158
778	2768	2512
779	5559	2007
780	3843	1809
781	2888	2782
782	3899	1845
783	5604	1716
784	4393	1695
785	6846	1346
786	3370	2345
787	3326	2421
788	3095	2601
789	3550	2882
790	4235	2262
791	5108	817
792	2869	2650
793	6309	1271
794	2768	2512
795	2863	2172
796	7090	1230
797	4830	990
798	5092	1362
799	3761	1548
800	2238	2529
801	2815	2699
802	6297	1646
803	2026	3338
804	3973	1696
805	3209	3116
806	3496	2062
807	2874	2507
808	2921	2710
809	6995	1032
810	3284	2804
811	2875	2563
812	4131	2135
813	2860	2838
814	3946	1562
815	3326	2778
816	3741	1384
817	4076	1729
818	7115	1125
819	2845	2999
820	3594	2684
821	2598	3126
822	4388	1590
823	3070	2632
824	4826	2143
825	2251	2712
826	4042	931
827	2639	2871
828	3158	3997
829	3201	2427
830	3064	2165
831	2760	2862
832	2857	2599
833	5572	1142
834	3699	1636
835	3833	2217
836	2869	2650
837	3359	2062
838	3550	2882
839	6163	983
840	3956	2513
841	4035	2689
842	3729	2760
843	2783	2811
844	4210	1246
845	4174	1751
846	4860	570
847	4468	1727
848	4825	809
849	5604	1716
850	4066	1482
851	2990	2792
852	4126	2433
853	5274	1304
854	3833	2217
855	5146	923
856	3095	2601
857	3588	2201
858	3370	2345
859	4026	2498
860	5302	1683
861	3362	3210
862	2988	2574
863	4143	855
864	2251	2712
865	1905	2786
866	3422	2465
867	3294	3062
868	3095	2601
869	5108	817
870	3359	2062
871	5232	397
872	2760	2718
873	4263	1271
874	5821	1247
875	3013	3004
876	8606	1123
877	4796	826
878	3058	2469
879	3231	2490
880	2409	2767
881	4393	1695
882	3406	3050
883	6176	856
884	5383	1313
885	2084	3201
886	5386	1201
887	3759	1402
888	6556	1323
889	2491	2658
890	1888	2614
891	3550	2172
892	3095	2601
893	2625	2426
894	3310	3181
895	5302	1683
896	3076	2384
897	2494	2995
898	4238	1007
899	7128	1177
900	2760	2718
901	3034	2862
902	3321	2312
903	3699	1636
904	2395	2781
905	3362	3210
906	5169	1308
907	2578	2670
908	2963	2571
909	3337	3161
910	5851	1079
911	5765	2081
912	2913	3585
913	2845	2999
914	3833	2217
915	6358	1551
916	4830	990
917	4187	1332
918	2768	2512
919	5239	501
DEMAND_SECTION
1	0
2	3
3	5
4	10
5	7
6	4
7	7
8	7
9	5
10	6
11	4
12	7
13	4
14	5
15	7
16	5
17	6
18	11
19	11
20	6
21	4
22	9
23	6
24	6
25	4
26	5
27	5
28	9
29	8
30	8
31	6
32	5
33	13
34	10
35	5
36	4
37	5
38	5
39	3
40	5
41	5
42	5
43	26
44	4
45	7
46	6
47	5
48	5
49	4
50	4
51	3
52	8
53	7
54	9
55	5
56	3
57	4
58	17
59	17
60	10
61	8
62	7
63	8
64	4
65	5
66	5
67	6
68	11
69	10
70	9
71	8
72	27
73	7
74	4
75	8
76	4
77	6
78	4
79	5
80	6
81	8
82	8
83	5
84	5
85	4
86	6
87	5
88	7
89	7
90	7
91	6
92	11
93	12
94	5
95	5
96	6
97	4
98	9
99	4
100	9
101	5
102	8
103	8
104	6
105	10
106	7
107	7
108	5
109	9
110	4
111	4
112	6
113	7
114	6
115	9
116	7
117	6
118	6
119	6
120	8
121	5
122	6
123	12
124	6
125	8
126	15
127	7
128	5
129	10
130	6
131	12
132	13
133	3
134	6
135	15
136	5
137	8
138	6
139	7
140	4
141	6
142	12
143	6
144	5
145	5
146	8
147	10
148	6
149	7
150	6
151	5
152	6
153	6
154	8
155	5
156	6
157	8
158	4
159	4
160	4
161	6
162	15
163	7
164	6
165	5
166	5
167	13
168	4
169	4
170	6
171	10
172	12
173	6
174	6
175	5
176	6
177	4
178	5
179	15
180	6
181	5
182	3
183	6
184	6
185	8
186	6
187	5
188	6
189	8
190	6
191	5
192	8
193	14
194	6
195	8
196	5
197	5
198	8
199	5
200	5
201	5
202	5
203	8
204	7
205	4
206	7
207	5
208	8
209	3
210	11
211	6
212	13
213	5
214	4
215	6
216	5
217	6
218	6
219	8
220	5
221	6
222	5
223	5
224	11
225	5
226	6
227	4
228	6
229	6
230	7
231	6
232	7
233	6
234	9
235	10
236	6
237	8
238	7
239	5
240	9
241	7
242	4
243	6
244	5
245	5
246	8
247	6
248	4
249	9
250	6
251	7
252	4
253	10
254	6
255	9
256	5
257	6
258	6
259	4
260	5
261	4
262	4
263	5
264	7
265	7
266	5
267	11
268	3
269	6
270	7
271	5
272	5
273	14
274	6
275	7
276	13
277	5
278	11
279	8
280	11
281	6
282	8
283	6
284	5
285	7
286	3
287	6
288	4
289	7
290	6
291	6
292	5
293	5
294	5
295	6
296	16
297	6
298	4
299	5
300	10
301	5
302	5
303	3
304	4
305	6
306	6
307	5
308	4
309	4
310	12
311	5
312	8
313	5
314	5
315	5
316	5
317	10
318	6
319	6
320	4
321	4
322	4
323	5
324	3
325	4
326	3
327	6
328	5
329	8
330	5
331	5
332	6
333	5
334	13
335	17
336	3
337	8
338	11
339	6
340	5
341	6
342	9
343	6
344	4
345	7
346	13
347	7
348	5
349	5
350	5
351	5
352	5
353	9
354	7
355	9
356	16
357	3
358	8
359	6
360	5
361	4
362	8
363	2
364	6
365	4
366	5
367	6
368	6
369	6
370	11
371	5
372	6
373	4
374	8
375	6
376	5
377	4
378	8
379	6
380	3
381	6
382	8
383	5
384	17
385	5
386	5
387	10
388	3
389	7
390	5
391	4
392	4
393	3
394	6
395	9
396	7
397	5
398	5
399	6
400	5
401	5
402	7
403	9
404	3
405	5
406	4
407	8
408	5
409	5
410	12
411	6
412	5
413	12
414	6
415	4
416	8
417	6
418	6
419	6
420	12
421	6
422	3
423	6
424	5
425	5
426	13
427	4
428	5
429	5
430	12
431	8
432	5
433	4
434	9
435	4
436	8
437	5
438	7
439	6
440	6
441	3
442	4
443	6
444	8
445	6
446	7
447	11
448	6
449	4
450	10
451	5
452	4
453	7
454	10
455	26
456	7
457	4
458	11
459	8
460	5
461	10
462	5
463	6
464	5
465	6
466	5
467	5
468	5
469	4
470	6
471	6
472	3
473	7
474	7
475	6
476	7
477	8
478	2
479	5
480	7
481	4
482	6
483	8
484	11
485	3
486	4
487	5
488	7
489	5
490	5
491	5
492	6
493	7
494	5
495	14
496	5
497	5
498	5
499	10
500	7
501	7
502	12
503	6
504	6
505	5
506	11
507	4
508	6
509	4
510	5
511	5
512	4
513	7
514	8
515	4
516	6
517	6
518	8
519	15
520	4
521	5
522	8
523	8
524	6
525	8
526	5
527	6
528	11
529	6
530	2
531	5
532	6
533	5
534	5
535	4
536	5
537	5
538	5
539	8
540	6
541	10
542	4
543	8
544	5
545	7
546	5
547	4
548	3
549	8
550	8
551	6
552	4
553	5
554	4
555	4
556	3
557	4
558	7
559	4
560	9
561	9
562	4
563	7
564	7
565	5
566	8
567	5
568	6
569	5
570	7
571	8
572	8
573	10
574	5
575	7
576	9
577	6
578	6
579	5
580	4
581	3
582	7
583	6
584	5
585	3
586	8
587	6
588	11
589	6
590	8
591	4
592	15
593	4
594	6
595	9
596	8
597	9
598	9
599	3
600	15
601	3
602	3
603	5
604	9
605	17
606	7
607	3
608	5
609	4
610	5
611	8
612	4
613	6
614	8
615	7
616	8
617	6
618	10
619	7
620	10
621	7
622	5
623	6
624	15
625	4
626	9
627	4
628	7
629	4
630	4
631	4
632	7
633	3
634	4
635	15
636	5
637	6
638	3
639	3
640	4
641	6
642	6
643	9
644	5
645	5
646	5
647	5
648	8
649	6
650	9
651	6
652	10
653	6
654	10
655	6
656	7
657	8
658	6
659	9
660	8
661	9
662	3
663	9
664	4
665	5
666	10
667	8
668	10
669	6
670	6
671	6
672	6
673	9
674	13
675	8
676	3
677	16
678	12
679	9
680	7
681	10
682	5
683	8
684	7
685	8
686	5
687	4
688	9
689	12
690	5
691	4
692	7
693	6
694	5
695	3
696	7
697	5
698	7
699	8
700	5
701	7
702	5
703	5
704	6
705	27
706	7
707	10
708	6
709	7
710	8
711	15
712	5
713	5
714	6
715	5
716	4
717	9
718	4
719	5
720	9
721	3
722	5
723	16
724	3
725	7
726	10
727	3
728	6
729	7
730	8
731	4
732	4
733	5
734	6
735	5
736	7
737	6
738	3
739	4
740	6
741	6
742	5
743	11
744	7
745	10
746	8
747	4
748	3
749	7
750	8
751	6
752	6
753	5
754	5
755	5
756	7
757	4
758	6
759	3
760	5
761	7
762	7
763	10
764	7
765	3
766	8
767	3
768	5
769	8
770	8
771	3
772	9
773	7
774	9
775	8
776	6
777	6
778	6
779	5
780	6
781	6
782	6
783	6
784	4
785	6
786	6
787	5
788	15
789	7
790	7
791	13
792	8
793	8
794	8
795	8
796	5
797	6
798	7
799	11
800	7
801	10
802	11
803	9
804	7
805	4
806	11
807	5
808	8
809	5
810	17
811	5
812	5
813	4
814	8
815	4
816	6
817	5
818	5
819	5
820	6
821	11
822	8
823	6
824	7
825	4
826	5
827	5
828	4
829	6
830	5
831	9
832	5
833	9
834	7
835	8
836	7
837	5
838	5
839	7
840	9
841	9
842	3
843	6
844	8
845	3
846	7
847	4
848	8
849	5
850	6
851	5
852	4
853	4
854	7
855	6
856	5
857	11
858	7
859	10
860	7
861	8
862	7
863	6
864	8
865	8
866	4
867	9
868	8
869	4
870	6
871	6
872	6
873	5
874	5
875	5
876	5
877	8
878	5
879	3
880	7
881	6
882	5
883	6
884	9
885	3
886	8
887	8
888	4
889	7
890	6
891	6
892	10
893	5
894	4
895	6
896	11
897	8
898	2
899	3
900	6
901	5
902	6
903	5
904	6
905	5
906	4
907	3
908	6
909	7
910	5
911	6
912	4
913	5
914	6
915	4
916	7
917	7
918	5
919	7
DEPOT_SECTION
1
-1
SERVICE_TIME_SECTION
1	0
2	240
3	480
4	840
5	660
6	360
7	600
8	360
9	360
10	240
11	600
12	600
13	600
14	720
15	540
16	600
17	420
18	540
19	1380
20	360
21	360
22	660
23	540
24	600
25	360
26	360
27	660
28	300
29	360
30	600
31	600
32	660
33	780
34	360
35	420
36	360
37	420
38	240
39	420
40	1440
41	720
42	720
43	1620
44	300
45	360
46	420
47	480
48	240
49	420
50	780
51	480
52	780
53	360
54	600
55	480
56	420
57	300
58	600
59	420
60	420
61	600
62	420
63	720
64	360
65	360
66	240
67	300
68	420
69	360
70	240
71	480
72	600
73	420
74	720
75	420
76	360
77	660
78	600
79	840
80	240
81	600
82	420
83	1440
84	540
85	420
86	480
87	240
88	660
89	480
90	240
91	480
92	540
93	480
94	420
95	660
96	660
97	480
98	360
99	360
100	240
101	600
102	420
103	420
104	360
105	600
106	300
107	600
108	240
109	300
110	420
111	480
112	660
113	600
114	420
115	300
116	900
117	660
118	420
119	600
120	480
121	600
122	420
123	360
124	420
125	720
126	600
127	660
128	780
129	300
130	240
131	780
132	720
133	600
134	420
135	300
136	360
137	600
138	720
139	360
140	360
141	300
142	660
143	1980
144	420
145	420
146	300
147	540
148	720
149	600
150	780
151	360
152	480
153	840
154	600
155	540
156	420
157	360
158	360
159	540
160	240
161	420
162	840
163	720
164	300
165	1440
166	240
167	420
168	540
169	840
170	360
171	360
172	660
173	360
174	600
175	900
176	780
177	240
178	540
179	420
180	600
181	720
182	300
183	300
184	240
185	420
186	720
187	360
188	420
189	420
190	300
191	360
192	840
193	420
194	600
195	600
196	600
197	420
198	720
199	420
200	600
201	540
202	480
203	420
204	300
205	360
206	660
207	660
208	600
209	300
210	480
211	300
212	240
213	480
214	600
215	420
216	720
217	780
218	480
219	360
220	300
221	240
222	480
223	420
224	420
225	360
226	420
227	420
228	360
229	420
230	420
231	720
232	480
233	420
234	840
235	360
236	240
237	1440
238	540
239	360
240	240
241	540
242	600
243	1980
244	420
245	240
246	240
247	420
248	360
249	780
250	840
251	540
252	660
253	300
254	420
255	360
256	300
257	720
258	420
259	360
260	360
261	240
262	540
263	600
264	420
265	420
266	420
267	900
268	780
269	480
270	540
271	360
272	240
273	360
274	660
275	300
276	540
277	300
278	420
279	360
280	420
281	480
282	420
283	300
284	420
285	540
286	360
287	360
288	540
289	420
290	660
291	180
292	300
293	540
294	240
295	420
296	360
297	420
298	420
299	240
300	480
301	480
302	360
303	480
304	480
305	300
306	300
307	360
308	540
309	480
310	540
311	600
312	360
313	240
314	240
315	600
316	600
317	540
318	360
319	360
320	420
321	360
322	420
323	480
324	660
325	300
326	660
327	240
328	660
329	360
330	480
331	240
332	600
333	480
334	1080
335	420
336	540
337	360
338	360
339	600
340	420
341	1080
342	420
343	240
344	420
345	420
346	660
347	240
348	420
349	600
350	420
351	540
352	420
353	540
354	240
355	600
356	420
357	360
358	600
359	780
360	480
361	600
362	540
363	540
364	540
365	360
366	720
367	600
368	480
369	600
370	360
371	480
372	660
373	660
374	420
375	360
376	360
377	360
378	300
379	300
380	840
381	420
382	720
383	360
384	600
385	1380
386	600
387	300
388	360
389	420
390	600
391	720
392	720
393	420
394	660
395	1080
396	600
397	420
398	300
399	660
400	420
401	840
402	360
403	360
404	600
405	840
406	660
407	540
408	360
409	360
410	540
411	360
412	420
413	600
414	300
415	420
416	360
417	720
418	420
419	600
420	540
421	840
422	600
423	420
424	420
425	660
426	420
427	720
428	1260
429	420
430	360
431	600
432	300
433	360
434	900
435	420
436	720
437	540
438	600
439	600
440	360
441	360
442	360
443	420
444	900
445	300
446	300
447	480
448	300
449	300
450	300
451	660
452	540
453	540
454	420
455	360
456	480
457	540
458	660
459	420
460	360
461	420
462	840
463	240
464	240
465	840
466	480
467	300
468	540
469	600
470	780
471	1440
472	300
473	240
474	420
475	300
476	420
477	600
478	420
479	900
480	540
481	420
482	480
483	300
484	1440
485	720
486	420
487	420
488	660
489	360
490	720
491	480
492	720
493	420
494	540
495	420
496	360
497	540
498	600
499	240
500	600
501	360
502	420
503	540
504	480
505	600
506	360
507	420
508	360
509	1980
510	420
511	540
512	240
513	540
514	300
515	780
516	540
517	300
518	420
519	300
520	660
521	360
522	420
523	300
524	540
525	600
526	420
527	600
528	480
529	660
530	420
531	420
532	900
533	600
534	420
535	660
536	420
537	420
538	420
539	240
540	420
541	420
542	540
543	780
544	360
545	540
546	600
547	840
548	1080
549	600
550	720
551	660
552	240
553	480
554	660
555	720
556	480
557	420
558	600
559	600
560	540
561	600
562	360
563	1020
564	240
565	600
566	420
567	480
568	420
569	1440
570	240
571	540
572	1080
573	240
574	300
575	300
576	600
577	240
578	360
579	900
580	600
581	540
582	660
583	540
584	300
585	240
586	420
587	420
588	720
589	840
590	420
591	360
592	540
593	360
594	600
595	360
596	600
597	720
598	540
599	900
600	840
601	420
602	600
603	360
604	300
605	720
606	360
607	480
608	480
609	660
610	240
611	420
612	360
613	540
614	600
615	420
616	540
617	360
618	300
619	600
620	600
621	420
622	600
623	300
624	780
625	300
626	420
627	720
628	1080
629	360
630	900
631	480
632	300
633	840
634	480
635	360
636	780
637	360
638	300
639	240
640	780
641	720
642	600
643	360
644	720
645	660
646	240
647	480
648	420
649	360
650	900
651	360
652	480
653	600
654	240
655	840
656	420
657	420
658	600
659	360
660	660
661	300
662	600
663	360
664	1080
665	660
666	360
667	420
668	720
669	900
670	360
671	780
672	300
673	420
674	360
675	840
676	240
677	600
678	840
679	300
680	300
681	240
682	420
683	360
684	300
685	1080
686	480
687	360
688	420
689	540
690	720
691	420
692	720
693	360
694	720
695	720
696	420
697	360
698	780
699	540
700	420
701	1080
702	780
703	900
704	480
705	360
706	300
707	360
708	660
709	420
710	240
711	360
712	600
713	600
714	780
715	420
716	480
717	360
718	600
719	360
720	540
721	420
722	360
723	480
724	360
725	360
726	420
727	360
728	600
729	420
730	300
731	420
732	240
733	720
734	300
735	480
736	600
737	720
738	480
739	240
740	600
741	720
742	240
743	600
744	480
745	840
746	480
747	300
748	240
749	480
750	420
751	360
752	420
753	480
754	900
755	600
756	360
757	240
758	420
759	360
760	420
761	240
762	360
763	420
764	840
765	660
766	300
767	960
768	240
769	660
770	720
771	480
772	420
773	540
774	540
775	480
776	300
777	360
778	540
779	240
780	420
781	600
782	720
783	300
784	480
785	600
786	720
787	300
788	780
789	660
790	420
791	540
792	240
793	240
794	420
795	600
796	420
797	240
798	900
799	540
800	600
801	420
802	300
803	600
804	780
805	420
806	360
807	420
808	720
809	420
810	1620
811	480
812	540
813	420
814	360
815	420
816	840
817	840
818	780
819	840
820	360
821	420
822	540
823	360
824	840
825	840
826	240
827	480
828	600
829	780
830	600
831	420
832	240
833	480
834	480
835	360
836	540
837	240
838	420
839	240
840	300
841	300
842	480
843	720
844	420
845	480
846	480
847	300
848	600
849	540
850	660
851	240
852	780
853	720
854	480
855	540
856	540
857	240
858	420
859	480
860	720
861	240
862	900
863	360
864	360
865	600
866	240
867	600
868	420
869	600
870	600
871	660
872	360
873	360
874	360
875	420
876	540
877	360
878	900
879	600
880	660
881	420
882	240
883	480
884	480
885	240
886	540
887	900
888	360
889	480
890	540
891	1080
892	360
893	420
894	420
895	360
896	1260
897	420
898	300
899	480
900	420
901	540
902	600
903	360
904	480
905	420
906	360
907	240
908	360
909	540
910	420
911	780
912	480
913	360
914	480
915	360
916	540
917	420
918	600
919	540
TIME_WINDOW_SECTION
1	0	45000
2	12600	19500
3	10800	30300
4	16200	26700
5	16200	23100
6	23400	30300
7	9000	19500
8	16200	23100
9	19800	26700
10	5400	12300
11	16200	22500
12	5400	11700
13	5400	12300
14	23400	30300
15	19800	26700
16	10800	29700
17	9000	15900
18	9000	15900
19	5400	12300
20	12600	19500
21	12600	19500
22	23400	29700
23	23400	30300
24	12600	19500
25	9000	15900
26	23400	30300
27	16200	24900
28	18000	37500
29	5400	11700
30	19800	26700
31	19800	26700
32	16200	26700
33	5400	12300
34	12600	19500
35	9000	15900
36	5400	12300
37	19800	26700
38	12600	19500
39	23400	30300
40	19800	26100
41	23400	30300
42	10800	29700
43	16200	26100
44	16200	26100
45	5400	11700
46	19800	26700
47	23400	30300
48	16200	26700
49	19800	26700
50	5400	12300
51	10800	29700
52	9000	19500
53	12600	19500
54	23400	30300
55	16200	23100
56	19800	26700
57	19800	26700
58	10800	30300
59	19800	26700
60	10800	30300
61	19800	26700
62	9000	15900
63	5400	12300
64	12600	18900
65	16200	23100
66	19800	26700
67	9000	15300
68	5400	12300
69	10800	30300
70	16200	23100
71	5400	12300
72	16200	23100
73	5400	12300
74	10800	30300
75	23400	30300
76	16200	26700
77	5400	12300
78	5400	12300
79	12600	19500
80	19800	26700
81	23400	30300
82	16200	23100
83	5400	11700
84	19800	26700
85	12600	19500
86	12600	19500
87	16200	26700
88	16200	23100
89	9000	15900
90	16200	26700
91	10800	30300
92	9000	15900
93	10800	29700
94	19800	26700
95	10800	29700
96	19800	26700
97	23400	30300
98	5400	12300
99	12600	19500
100	23400	30300
101	19800	26100
102	19800	26700
103	10800	30300
104	10800	29700
105	9000	19500
106	10800	29700
107	19800	26700
108	23400	30300
109	16200	23100
110	23400	30300
111	16200	23100
112	19800	26700
113	16200	22500
114	16200	26700
115	19800	26700
116	19800	26700
117	12600	19500
118	10800	30300
119	9000	19500
120	19800	26700
121	9000	19500
122	10800	30300
123	19800	26700
124	23400	30300
125	5400	12300
126	16200	22500
127	9000	15900
128	9000	15900
129	5400	12300
130	19800	26700
131	5400	12300
132	10800	29700
133	10800	30300
134	19800	26700
135	9000	15900
136	5400	11700
137	9000	15900
138	16200	26700
139	12600	18900
140	10800	30300
141	9000	15300
142	10800	29700
143	9000	15900
144	9000	15900
145	12600	19500
146	9000	15900
147	23400	30300
148	16200	23100
149	23400	30300
150	19800	26700
151	16200	23100
152	10800	30300
153	10800	30300
154	12600	19500
155	5400	12300
156	19800	26700
157	12600	19500
158	10800	30300
159	9000	15900
160	23400	30300
161	23400	30300
162	5400	12300
163	23400	30300
164	23400	30300
165	10800	30300
166	10800	29700
167	9000	18900
168	23400	30300
169	5400	11700
170	5400	12300
171	9000	15900
172	10800	30300
173	16200	23100
174	23400	30300
175	16200	22500
176	9000	19500
177	12600	19500
178	10800	30300
179	9000	15900
180	5400	12300
181	10800	30300
182	10800	29700
183	16200	23100
184	10800	29700
185	10800	30300
186	16200	24900
187	5400	11700
188	16200	26700
189	23400	30300
190	10800	30300
191	12600	19500
192	10800	29700
193	16200	23100
194	10800	30300
195	12600	19500
196	19800	26700
197	5400	12300
198	9000	15900
199	5400	12300
200	12600	19500
201	10800	30300
202	10800	29700
203	23400	30300
204	16200	23100
205	5400	12300
206	23400	30300
207	10800	29700
208	16200	23100
209	23400	30300
210	23400	30300
211	16200	26700
212	5400	12300
213	10800	30300
214	12600	19500
215	23400	30300
216	12600	19500
217	23400	30300
218	9000	15900
219	19800	26700
220	9000	15900
221	19800	26700
222	12600	19500
223	10800	29700
224	23400	30300
225	12600	19500
226	12600	19500
227	9000	15900
228	9000	19500
229	19800	26100
230	23400	30300
231	9000	19500
232	12600	19500
233	16200	22500
234	5400	12300
235	23400	30300
236	12600	19500
237	23400	30300
238	10800	30300
239	10800	29700
240	9000	15900
241	12600	19500
242	23400	30300
243	9000	19500
244	9000	15900
245	9000	15900
246	23400	30300
247	12600	19500
248	23400	30300
249	10800	29700
250	12600	19500
251	10800	30300
252	10800	30300
253	5400	12300
254	16200	23100
255	10800	30300
256	12600	19500
257	19800	26700
258	16200	22500
259	9000	15900
260	10800	30300
261	18000	37500
262	19800	26700
263	12600	19500
264	16200	26700
265	16200	26700
266	9000	15300
267	9000	15900
268	19800	26700
269	12600	19500
270	19800	26100
271	23400	30300
272	9000	19500
273	9000	15900
274	5400	12300
275	23400	30300
276	23400	30300
277	9000	19500
278	9000	15900
279	16200	26700
280	16200	26700
281	10800	29700
282	9000	19500
283	12600	18900
284	9000	19500
285	10800	29700
286	10800	30300
287	5400	12300
288	12600	19500
289	5400	12300
290	12600	19500
291	23400	30300
292	10800	30300
293	12600	19500
294	16200	26700
295	5400	12300
296	23400	30300
297	12600	19500
298	23400	30300
299	9000	15900
300	5400	12300
301	23400	30300
302	9000	15900
303	23400	29700
304	16200	26700
305	19800	26100
306	5400	12300
307	9000	19500
308	9000	19500
309	12600	19500
310	23400	29700
311	5400	11700
312	23400	30300
313	9000	15900
314	19800	26700
315	16200	26700
316	12600	19500
317	19800	26700
318	12600	19500
319	12600	18900
320	16200	23100
321	12600	19500
322	10800	30300
323	16200	23100
324	19800	26700
325	19800	26700
326	12600	19500
327	19800	26700
328	10800	30300
329	19800	26700
330	9000	19500
331	23400	30300
332	16200	22500
333	10800	30300
334	19800	26700
335	10800	30300
336	9000	15900
337	16200	26700
338	19800	26700
339	16200	23100
340	9000	15900
341	9000	15900
342	12600	19500
343	10800	29700
344	10800	30300
345	12600	19500
346	16200	26700
347	10800	30300
348	12600	18900
349	16200	26700
350	23400	30300
351	23400	30300
352	12600	19500
353	12600	18900
354	10800	29700
355	19800	26700
356	9000	15900
357	19800	26700
358	16200	23100
359	5400	12300
360	12600	19500
361	5400	12300
362	12600	19500
363	12600	19500
364	19800	26700
365	23400	30300
366	9000	15900
367	12600	19500
368	10800	29700
369	23400	29700
370	9000	15900
371	9000	15900
372	10800	30300
373	19800	26700
374	10800	29700
375	19800	26700
376	12600	19500
377	19800	26700
378	23400	30300
379	19800	26700
380	10800	29700
381	16200	23100
382	12600	19500
383	5400	12300
384	10800	29700
385	9000	15900
386	10800	30300
387	23400	30300
388	23400	30300
389	9000	15900
390	19800	26700
391	12600	19500
392	16200	26700
393	16200	23100
394	12600	19500
395	23400	30300
396	9000	19500
397	12600	19500
398	9000	19500
399	23400	30300
400	19800	26700
401	9000	19500
402	9000	15900
403	19800	26700
404	12600	19500
405	16200	26100
406	16200	22500
407	12600	19500
408	10800	30300
409	9000	19500
410	19800	26700
411	19800	26700
412	19800	26700
413	16200	23100
414	19800	26700
415	9000	19500
416	12600	18900
417	9000	19500
418	23400	30300
419	23400	30300
420	19800	26700
421	23400	30300
422	9000	15900
423	9000	15900
424	12600	19500
425	16200	24900
426	23400	29700
427	10800	30300
428	10800	30300
429	12600	19500
430	16200	26100
431	10800	30300
432	9000	19500
433	23400	30300
434	12600	19500
435	16200	23100
436	19800	26700
437	12600	19500
438	19800	26700
439	9000	19500
440	10800	29700
441	19800	26700
442	23400	30300
443	23400	30300
444	19800	26700
445	23400	30300
446	16200	26700
447	9000	15900
448	10800	30300
449	12600	19500
450	19800	26700
451	16200	26700
452	19800	26700
453	10800	30300
454	19800	26700
455	19800	26700
456	16200	26100
457	19800	26700
458	10800	30300
459	16200	26100
460	12600	19500
461	9000	15300
462	19800	26700
463	9000	19500
464	10800	30300
465	19800	26700
466	10800	30300
467	23400	30300
468	10800	29700
469	12600	19500
470	9000	19500
471	12600	19500
472	23400	30300
473	19800	26700
474	23400	30300
475	16200	23100
476	23400	30300
477	9000	19500
478	16200	26700
479	10800	30300
480	10800	30300
481	12600	19500
482	10800	30300
483	10800	30300
484	9000	19500
485	19800	26700
486	19800	26700
487	10800	30300
488	9000	15900
489	12600	19500
490	10800	29700
491	10800	30300
492	9000	19500
493	10800	29700
494	16200	23100
495	12600	19500
496	19800	26700
497	19800	26700
498	19800	26700
499	23400	30300
500	12600	19500
501	19800	26100
502	10800	30300
503	9000	19500
504	10800	30300
505	9000	19500
506	19800	26700
507	16200	26700
508	9000	15900
509	10800	30300
510	23400	30300
511	12600	19500
512	23400	30300
513	9000	15900
514	9000	19500
515	16200	23100
516	9000	18900
517	9000	18900
518	19800	26700
519	10800	30300
520	9000	15900
521	19800	26700
522	10800	30300
523	10800	29700
524	10800	30300
525	10800	29700
526	19800	26700
527	9000	19500
528	10800	29700
529	12600	19500
530	23400	30300
531	12600	19500
532	9000	19500
533	10800	29700
534	23400	30300
535	10800	30300
536	12600	19500
537	10800	30300
538	12600	19500
539	10800	30300
540	10800	29700
541	19800	26700
542	12600	19500
543	9000	19500
544	10800	29700
545	12600	19500
546	23400	30300
547	19800	26700
548	12600	19500
549	12600	19500
550	9000	19500
551	12600	19500
552	12600	18900
553	12600	19500
554	16200	26700
555	19800	26100
556	23400	30300
557	16200	26100
558	16200	22500
559	10800	29700
560	19800	26700
561	23400	29700
562	10800	29700
563	9000	19500
564	10800	30300
565	16200	23100
566	23400	30300
567	10800	30300
568	9000	19500
569	12600	19500
570	9000	19500
571	9000	19500
572	16200	26700
573	23400	30300
574	16200	23100
575	19800	26700
576	19800	26700
577	12600	19500
578	23400	30300
579	10800	30300
580	19800	26100
581	12600	19500
582	19800	26700
583	12600	19500
584	9000	18900
585	19800	26700
586	9000	19500
587	16200	23100
588	16200	26700
589	19800	26100
590	12600	19500
591	12600	19500
592	9000	19500
593	19800	26700
594	10800	30300
595	23400	29700
596	23400	30300
597	19800	26700
598	12600	19500
599	10800	30300
600	19800	26700
601	9000	19500
602	23400	30300
603	10800	30300
604	19800	26700
605	19800	26700
606	10800	30300
607	16200	26700
608	16200	23100
609	23400	30300
610	16200	26700
611	19800	26700
612	19800	26700
613	12600	18900
614	10800	29700
615	9000	19500
616	10800	30300
617	19800	26700
618	10800	30300
619	12600	19500
620	23400	30300
621	12600	18900
622	10800	30300
623	23400	30300
624	10800	30300
625	16200	23100
626	19800	26700
627	10800	30300
628	16200	23100
629	23400	29700
630	16200	26700
631	12600	19500
632	12600	18900
633	19800	26700
634	10800	30300
635	16200	23100
636	12600	19500
637	23400	30300
638	12600	19500
639	23400	30300
640	16200	23100
641	12600	19500
642	16200	23100
643	10800	30300
644	10800	29700
645	12600	19500
646	10800	30300
647	10800	29700
648	19800	26700
649	23400	30300
650	23400	30300
651	16200	26700
652	10800	30300
653	16200	23100
654	10800	30300
655	19800	26700
656	16200	23100
657	19800	26700
658	23400	30300
659	10800	30300
660	10800	30300
661	19800	26100
662	10800	30300
663	19800	26700
664	23400	30300
665	23400	30300
666	16200	23100
667	19800	26700
668	10800	30300
669	19800	26700
670	19800	26700
671	16200	23100
672	19800	26700
673	23400	30300
674	23400	30300
675	10800	29700
676	19800	26700
677	23400	30300
678	10800	29700
679	23400	30300
680	10800	30300
681	16200	23100
682	23400	29700
683	19800	26700
684	23400	30300
685	19800	26700
686	10800	29700
687	23400	30300
688	19800	26700
689	16200	26700
690	19800	26700
691	12600	19500
692	9000	19500
693	18000	37500
694	23400	30300
695	19800	26700
696	12600	19500
697	19800	26700
698	16200	26700
699	16200	26100
700	23400	30300
701	23400	30300
702	23400	30300
703	16200	23100
704	16200	26700
705	10800	30300
706	10800	29700
707	10800	30300
708	10800	30300
709	23400	30300
710	16200	23100
711	10800	29700
712	16200	26700
713	10800	30300
714	23400	30300
715	16200	23100
716	23400	30300
717	10800	30300
718	16200	23100
719	16200	23100
720	16200	22500
721	19800	26700
722	10800	30300
723	10800	29700
724	10800	30300
725	16200	26700
726	16200	26700
727	10800	30300
728	23400	30300
729	23400	30300
730	10800	30300
731	19800	26100
732	10800	30300
733	23400	30300
734	19800	26700
735	19800	26700
736	23400	30300
737	19800	26700
738	19800	26700
739	23400	30300
740	23400	30300
741	16200	23100
742	19800	26700
743	16200	23100
744	10800	30300
745	10800	30300
746	19800	26700
747	19800	26700
748	10800	29700
749	23400	30300
750	16200	26700
751	19800	26700
752	19800	26700
753	16200	26700
754	10800	29700
755	16200	26700
756	23400	30300
757	10800	30300
758	23400	30300
759	19800	26700
760	19800	26700
761	23400	30300
762	10800	29700
763	19800	26700
764	19800	26700
765	10800	30300
766	19800	26700
767	23400	30300
768	16200	26100
769	23400	30300
770	10800	30300
771	10800	30300
772	16200	23100
773	23400	30300
774	23400	30300
775	10800	29700
776	10800	30300
777	19800	26700
778	23400	30300
779	10800	29700
780	16200	23100
781	23400	30300
782	10800	30300
783	23400	30300
784	10800	29700
785	23400	30300
786	16200	23100
787	19800	26700
788	16200	23100
789	10800	30300
790	10800	30300
791	10800	30300
792	10800	30300
793	10800	29700
794	16200	26700
795	10800	29700
796	10800	30300
797	16200	26700
798	19800	26700
799	16200	23100
800	19800	26700
801	19800	26700
802	19800	26700
803	10800	30300
804	23400	30300
805	23400	30300
806	23400	30300
807	19800	26700
808	19800	26700
809	23400	30300
810	19800	26700
811	23400	30300
812	19800	26700
813	10800	30300
814	10800	30300
815	23400	30300
816	16200	26700
817	23400	30300
818	19800	26700
819	16200	26700
820	23400	29700
821	16200	26100
822	10800	30300
823	19800	26700
824	23400	30300
825	23400	30300
826	19800	26700
827	23400	30300
828	19800	26700
829	10800	30300
830	10800	30300
831	10800	30300
832	27000	37500
833	23400	30300
834	23400	30300
835	19800	26700
836	10800	30300
837	23400	30300
838	16200	26700
839	10800	30300
840	10800	30300
841	27000	37500
842	10800	30300
843	16200	26700
844	19800	26700
845	23400	30300
846	19800	26700
847	19800	26700
848	10800	30300
849	10800	30300
850	10800	29700
851	23400	30300
852	10800	30300
853	23400	30300
854	10800	30300
855	10800	30300
856	10800	30300
857	18000	37500
858	19800	26700
859	19800	26700
860	23400	30300
861	10800	29700
862	23400	30300
863	23400	30300
864	10800	30300
865	23400	30300
866	23400	29700
867	23400	30300
868	10800	30300
869	23400	30300
870	19800	26700
871	23400	30300
872	10800	30300
873	10800	30300
874	10800	30300
875	10800	30300
876	10800	30300
877	23400	30300
878	23400	30300
879	10800	30300
880	10800	30300
881	19800	26700
882	19800	26700
883	23400	30300
884	16200	26700
885	10800	30300
886	19800	26700
887	10800	30300
888	10800	30300
889	23400	30300
890	10800	30300
891	19800	26700
892	10800	30300
893	10800	30300
894	10800	29700
895	23400	30300
896	10800	30300
897	10800	30300
898	10800	29700
899	23400	30300
900	23400	30300
901	23400	30300
902	23400	30300
903	10800	29700
904	10800	30300
905	10800	30300
906	10800	29700
907	23400	30300
908	23400	30300
909	10800	30300
910	23400	30300
911	10800	29700
912	23400	29700
913	10800	29700
914	23400	30300
915	23400	30300
916	10800	30300
917	23400	30300
918	10800	30300
919	10800	30300
RELEASE_TIME_SECTION
1	0
2	5400
3	5400
4	5400
5	5400
6	5400
7	5400
8	5400
9	5400
10	5400
11	5400
12	5400
13	5400
14	5400
15	5400
16	5400
17	5400
18	5400
19	5400
20	5400
21	5400
22	5400
23	5400
24	5400
25	5400
26	5400
27	5400
28	5400
29	5400
30	5400
31	5400
32	5400
33	5400
34	5400
35	5400
36	5400
37	5400
38	5400
39	5400
40	5400
41	5400
42	5400
43	5400
44	5400
45	5400
46	5400
47	5400
48	5400
49	5400
50	5400
51	5400
52	5400
53	5400
54	5400
55	5400
56	5400
57	5400
58	5400
59	5400
60	5400
61	5400
62	5400
63	5400
64	5400
65	5400
66	5400
67	5400
68	5400
69	5400
70	5400
71	5400
72	5400
73	5400
74	5400
75	5400
76	5400
77	5400
78	5400
79	5400
80	5400
81	5400
82	5400
83	5400
84	5400
85	5400
86	5400
87	5400
88	5400
89	5400
90	5400
91	5400
92	5400
93	5400
94	5400
95	5400
96	5400
97	5400
98	5400
99	5400
100	5400
101	5400
102	7200
103	7200
104	7200
105	7200
106	7200
107	7200
108	7200
109	7200
110	7200
111	7200
112	7200
113	7200
114	7200
115	7200
116	7200
117	7200
118	7200
119	7200
120	7200
121	7200
122	7200
123	7200
124	7200
125	7200
126	7200
127	7200
128	7200
129	7200
130	7200
131	7200
132	7200
133	7200
134	7200
135	7200
136	7200
137	7200
138	7200
139	7200
140	7200
141	7200
142	7200
143	7200
144	7200
145	7200
146	7200
147	7200
148	7200
149	7200
150	7200
151	7200
152	7200
153	7200
154	7200
155	7200
156	7200
157	7200
158	7200
159	7200
160	7200
161	7200
162	7200
163	7200
164	7200
165	7200
166	7200
167	7200
168	7200
169	7200
170	7200
171	7200
172	7200
173	7200
174	7200
175	7200
176	7200
177	7200
178	7200
179	7200
180	7200
181	7200
182	7200
183	7200
184	7200
185	7200
186	7200
187	7200
188	7200
189	7200
190	7200
191	7200
192	7200
193	7200
194	7200
195	7200
196	7200
197	7200
198	7200
199	7200
200	7200
201	7200
202	9000
203	9000
204	9000
205	9000
206	9000
207	9000
208	9000
209	9000
210	9000
211	9000
212	9000
213	9000
214	9000
215	9000
216	9000
217	9000
218	9000
219	9000
220	9000
221	9000
222	9000
223	9000
224	9000
225	9000
226	9000
227	9000
228	9000
229	9000
230	9000
231	9000
232	9000
233	9000
234	9000
235	9000
236	9000
237	9000
238	9000
239	9000
240	9000
241	9000
242	9000
243	9000
244	9000
245	9000
246	9000
247	9000
248	9000
249	9000
250	9000
251	9000
252	9000
253	9000
254	9000
255	9000
256	9000
257	9000
258	9000
259	9000
260	9000
261	9000
262	9000
263	9000
264	9000
265	9000
266	9000
267	9000
268	9000
269	9000
270	9000
271	9000
272	9000
273	9000
274	9000
275	9000
276	9000
277	9000
278	9000
279	9000
280	9000
281	9000
282	9000
283	9000
284	9000
285	9000
286	9000
287	9000
288	9000
289	9000
290	9000
291	9000
292	9000
293	9000
294	9000
295	9000
296	9000
297	9000
298	9000
299	9000
300	9000
301	10800
302	10800
303	10800
304	10800
305	10800
306	10800
307	10800
308	10800
309	10800
310	10800
311	10800
312	10800
313	10800
314	10800
315	10800
316	10800
317	10800
318	10800
319	10800
320	10800
321	10800
322	10800
323	10800
324	10800
325	10800
326	10800
327	10800
328	10800
329	10800
330	10800
331	10800
332	10800
333	10800
334	10800
335	10800
336	10800
337	10800
338	10800
339	10800
340	10800
341	10800
342	10800
343	10800
344	10800
345	10800
346	10800
347	10800
348	10800
349	10800
350	10800
351	10800
352	10800
353	10800
354	10800
355	10800
356	10800
357	10800
358	10800
359	10800
360	10800
361	10800
362	10800
363	10800
364	10800
365	10800
366	10800
367	10800
368	10800
369	10800
370	10800
371	10800
372	10800
373	10800
374	10800
375	10800
376	10800
377	10800
378	10800
379	10800
380	10800
381	10800
382	10800
383	10800
384	10800
385	10800
386	10800
387	10800
388	10800
389	12600
390	12600
391	12600
392	12600
393	12600
394	12600
395	12600
396	12600
397	12600
398	12600
399	12600
400	12600
401	12600
402	12600
403	12600
404	12600
405	12600
406	12600
407	12600
408	12600
409	12600
410	12600
411	12600
412	12600
413	12600
414	12600
415	12600
416	12600
417	12600
418	12600
419	12600
420	12600
421	12600
422	12600
423	12600
424	12600
425	12600
426	12600
427	12600
428	12600
429	12600
430	12600
431	12600
432	12600
433	12600
434	12600
435	12600
436	12600
437	12600
438	12600
439	12600
440	12600
441	12600
442	12600
443	12600
444	12600
445	12600
446	12600
447	12600
448	12600
449	12600
450	12600
451	12600
452	12600
453	12600
454	12600
455	12600
456	12600
457	12600
458	12600
459	12600
460	12600
461	12600
462	12600
463	12600
464	12600
465	12600
466	12600
467	12600
468	12600
469	12600
470	12600
471	12600
472	12600
473	14400
474	14400
475	14400
476	14400
477	14400
478	14400
479	14400
480	14400
481	14400
482	14400
483	14400
484	14400
485	14400
486	14400
487	14400
488	14400
489	14400
490	14400
491	14400
492	14400
493	14400
494	14400
495	14400
496	14400
497	14400
498	14400
499	14400
500	14400
501	14400
502	14400
503	14400
504	14400
505	14400
506	14400
507	14400
508	14400
509	14400
510	14400
511	14400
512	14400
513	14400
514	14400
515	14400
516	14400
517	14400
518	14400
519	14400
520	14400
521	14400
522	14400
523	14400
524	14400
525	14400
526	14400
527	14400
528	14400
529	14400
530	14400
531	14400
532	14400
533	14400
534	14400
535	14400
536	14400
537	14400
538	14400
539	14400
540	14400
541	14400
542	14400
543	14400
544	14400
545	14400
546	14400
547	14400
548	14400
549	14400
550	14400
551	14400
552	14400
553	14400
554	14400
555	14400
556	14400
557	14400
558	14400
559	14400
560	14400
561	16200
562	16200
563	16200
564	16200
565	16200
566	16200
567	16200
568	16200
569	16200
570	16200
571	16200
572	16200
573	16200
574	16200
575	16200
576	16200
577	16200
578	16200
579	16200
580	16200
581	16200
582	16200
583	16200
584	16200
585	16200
586	16200
587	16200
588	16200
589	16200
590	16200
591	16200
592	16200
593	16200
594	16200
595	16200
596	16200
597	16200
598	16200
599	16200
600	16200
601	16200
602	16200
603	16200
604	16200
605	16200
606	16200
607	16200
608	16200
609	16200
610	16200
611	16200
612	16200
613	16200
614	16200
615	16200
616	16200
617	16200
618	16200
619	16200
620	16200
621	16200
622	16200
623	16200
624	16200
625	16200
626	16200
627	16200
628	16200
629	16200
630	16200
631	16200
632	16200
633	16200
634	16200
635	16200
636	16200
637	16200
638	18000
639	18000
640	18000
641	18000
642	18000
643	18000
644	18000
645	18000
646	18000
647	18000
648	18000
649	18000
650	18000
651	18000
652	18000
653	18000
654	18000
655	18000
656	18000
657	18000
658	18000
659	18000
660	18000
661	18000
662	18000
663	18000
664	18000
665	18000
666	18000
667	18000
668	18000
669	18000
670	18000
671	18000
672	18000
673	18000
674	18000
675	18000
676	18000
677	18000
678	18000
679	18000
680	18000
681	18000
682	18000
683	18000
684	18000
685	18000
686	18000
687	18000
688	18000
689	18000
690	18000
691	18000
692	18000
693	18000
694	18000
695	18000
696	18000
697	18000
698	18000
699	18000
700	18000
701	18000
702	19800
703	19800
704	19800
705	19800
706	19800
707	19800
708	19800
709	19800
710	19800
711	19800
712	19800
713	19800
714	19800
715	19800
716	19800
717	19800
718	19800
719	19800
720	19800
721	19800
722	19800
723	19800
724	19800
725	19800
726	19800
727	19800
728	19800
729	19800
730	19800
731	19800
732	19800
733	19800
734	19800
735	19800
736	19800
737	19800
738	19800
739	19800
740	19800
741	19800
742	19800
743	19800
744	19800
745	19800
746	19800
747	21600
748	21600
749	21600
750	21600
751	21600
752	21600
753	21600
754	21600
755	21600
756	21600
757	21600
758	21600
759	21600
760	21600
761	21600
762	21600
763	21600
764	21600
765	21600
766	21600
767	21600
768	21600
769	21600
770	21600
771	21600
772	21600
773	21600
774	21600
775	21600
776	21600
777	21600
778	21600
779	21600
780	21600
781	21600
782	21600
783	21600
784	21600
785	21600
786	21600
787	21600
788	21600
789	21600
790	21600
791	21600
792	21600
793	21600
794	21600
795	21600
796	21600
797	21600
798	21600
799	21600
800	21600
801	23400
802	23400
803	23400
804	23400
805	23400
806	23400
807	23400
808	23400
809	23400
810	23400
811	23400
812	23400
813	23400
814	23400
815	23400
816	23400
817	23400
818	23400
819	23400
820	23400
821	23400
822	23400
823	23400
824	23400
825	23400
826	23400
827	23400
828	23400
829	23400
830	23400
831	23400
832	23400
833	23400
834	23400
835	23400
836	23400
837	23400
838	23400
839	23400
840	23400
841	23400
842	23400
843	23400
844	23400
845	23400
846	23400
847	23400
848	23400
849	23400
850	23400
851	23400
852	23400
853	25200
854	25200
855	25200
856	25200
857	25200
858	25200
859	25200
860	25200
861	25200
862	25200
863	25200
864	25200
865	25200
866	25200
867	25200
868	25200
869	25200
870	25200
871	25200
872	25200
873	25200
874	25200
875	25200
876	25200
877	25200
878	25200
879	25200
880	25200
881	25200
882	25200
883	25200
884	25200
885	25200
886	25200
887	25200
888	25200
889	25200
890	25200
891	25200
892	25200
893	27000
894	27000
895	27000
896	27000
897	27000
898	27000
899	27000
900	27000
901	27000
902	27000
903	27000
904	27000
905	27000
906	27000
907	27000
908	27000
909	27000
910	27000
911	27000
912	27000
913	27000
914	27000
915	27000
916	27000
917	27000
918	27000
919	27000
EOF
