NAME : ORTEC-VRPTW-ASYM-93ee144d-d1-n854
TYPE : VRPTW-RT
DIMENSION : 855
EDGE_WEIGHT_TYPE : EUC_2D
CAPACITY : 160
NODE_COORD_SECTION
1	3765	2340
2	7187	416
3	4845	1046
4	4106	1028
5	4510	816
6	2219	1548
7	1611	2633
8	931	2081
9	3833	460
10	5476	2424
11	4358	1045
12	2491	1592
13	2893	1508
14	4760	2398
15	3172	1716
16	3213	1980
17	6700	620
18	4401	1808
19	1882	2286
20	3731	2473
21	2331	2674
22	3524	2247
23	5117	1448
24	3718	1979
25	2765	1803
26	4976	2335
27	3229	2213
28	5180	2110
29	4648	2207
30	3405	1452
31	4751	1469
32	1184	2123
33	5476	2424
34	3867	2264
35	1770	1873
36	3607	1134
37	1882	2042
38	3502	2622
39	3148	1320
40	2239	1374
41	4981	2421
42	2221	1801
43	7329	1001
44	5315	602
45	3051	1570
46	4818	1802
47	3718	1979
48	3573	1953
49	7344	1219
50	2340	2175
51	5450	2195
52	1754	1746
53	4165	799
54	3231	1849
55	6829	753
56	3542	1842
57	5207	2468
58	1981	2509
59	5003	1988
60	2809	2017
61	2762	2337
62	1697	1710
63	4988	1184
64	4422	475
65	3736	2058
66	1496	2168
67	7825	885
68	5556	1149
69	3987	781
70	2194	1469
71	3573	1953
72	4932	1371
73	4594	1597
74	4981	2421
75	2369	1679
76	1538	2566
77	3344	2581
78	5865	1197
79	4465	795
80	2071	2433
81	2279	1308
82	4835	1156
83	2124	2032
84	1755	1772
85	1720	2698
86	6815	947
87	4803	2399
88	2189	1319
89	1723	1177
90	4799	966
91	4411	1391
92	5001	2244
93	1767	2364
94	3014	2225
95	2230	1913
96	2331	2269
97	6022	2243
98	1714	1464
99	919	2120
100	2394	1388
101	4179	1082
102	5043	2571
103	4517	1087
104	1797	2176
105	1388	2131
106	1371	2687
107	4835	1156
108	5556	1149
109	4553	1754
110	4659	2491
111	4631	1198
112	4853	2394
113	2877	1559
114	5734	1927
115	7943	558
116	3897	1052
117	5466	2355
118	5751	947
119	2300	2265
120	5180	2110
121	1449	2589
122	6833	789
123	3592	2052
124	2799	2240
125	1264	2571
126	3189	1962
127	7359	244
128	1555	2675
129	1130	2538
130	2666	1035
131	3897	1052
132	7150	1001
133	4976	2335
134	4013	1593
135	1259	2349
136	4069	2427
137	3646	340
138	7042	255
139	2893	1508
140	7825	885
141	3405	1452
142	2234	2460
143	2650	1713
144	3524	2247
145	2312	2729
146	4803	2399
147	5865	1197
148	1994	2362
149	5272	2153
150	5846	2017
151	1446	2665
152	4835	1156
153	2971	2311
154	1820	1656
155	5989	864
156	5346	2308
157	2393	2176
158	5040	2342
159	2627	1242
160	8219	841
161	7150	1001
162	2548	1934
163	3094	1659
164	5320	2567
165	4862	2398
166	6443	1946
167	3972	1672
168	3502	1913
169	2542	1498
170	2051	1935
171	3606	1954
172	4077	1287
173	5556	1149
174	3014	2225
175	3425	2659
176	5275	1192
177	1335	2577
178	5260	2312
179	6127	2051
180	5798	685
181	2607	1426
182	4760	2398
183	5469	2373
184	1755	1772
185	7943	558
186	6793	544
187	5698	2325
188	7344	1219
189	1863	2157
190	2652	1061
191	4358	1045
192	4873	953
193	2877	1559
194	1754	1746
195	4834	2303
196	2369	1679
197	2560	2524
198	2129	1932
199	2227	2034
200	3668	1594
201	5175	2367
202	1984	1785
203	5590	2178
204	2889	1386
205	3030	2632
206	1820	1656
207	5248	1523
208	3654	2540
209	5315	602
210	2331	2674
211	5666	2136
212	2071	2433
213	4761	1201
214	4566	853
215	6483	1854
216	4724	759
217	4392	263
218	3284	2109
219	2413	1419
220	4750	2536
221	4445	1869
222	5478	2000
223	3410	1250
224	4658	882
225	1836	2050
226	5346	2240
227	5207	2468
228	5447	2354
229	2114	1818
230	1397	2772
231	2410	2262
232	4620	1104
233	4677	162
234	4927	2129
235	2582	1468
236	1600	2194
237	3344	2581
238	3820	1864
239	2863	2315
240	8219	841
241	5248	1523
242	7446	503
243	2483	2705
244	5908	2075
245	4510	816
246	5478	2000
247	1388	2131
248	5226	2358
249	2333	2219
250	4631	1198
251	4760	2398
252	5798	2119
253	1936	2621
254	4835	1156
255	2510	1443
256	4799	966
257	2652	1061
258	3440	1913
259	4635	1235
260	4702	974
261	5476	2424
262	4735	2137
263	2564	1303
264	5870	2165
265	1449	2589
266	1105	2084
267	7150	1001
268	6585	209
269	5698	2325
270	5454	2047
271	1911	2213
272	1590	1953
273	5051	2073
274	3503	2740
275	1556	2515
276	3299	2475
277	4862	2398
278	4177	1528
279	4760	2398
280	2430	2586
281	5024	2348
282	2430	2586
283	2413	1419
284	4553	1754
285	4406	2409
286	4734	2382
287	7329	1001
288	3718	1979
289	4635	1235
290	2071	2433
291	2857	1982
292	1697	1710
293	1259	2349
294	2369	1679
295	2679	1579
296	4089	1494
297	4343	1772
298	2340	2175
299	7150	1001
300	5965	2174
301	4606	2366
302	4129	2336
303	3504	2129
304	3987	781
305	7943	558
306	3038	1977
307	3480	1962
308	1836	2050
309	3502	1913
310	1791	2324
311	4445	1869
312	3736	2058
313	3124	2236
314	2410	2262
315	1397	2772
316	4566	853
317	4129	2336
318	3755	2170
319	5469	2373
320	4490	2289
321	5897	2062
322	2010	2482
323	4465	795
324	7686	1254
325	1994	2362
326	2502	1424
327	1939	1499
328	4702	974
329	1446	2665
330	2394	1388
331	2809	2017
332	1555	2675
333	1691	2542
334	4069	2427
335	1878	2178
336	2539	1735
337	5514	515
338	3662	1614
339	5914	2166
340	5355	2437
341	2275	2193
342	3873	1213
343	7381	991
344	2575	1495
345	1981	2509
346	3662	1614
347	2569	1498
348	2393	2176
349	2696	2406
350	5837	2155
351	1755	1772
352	4085	1714
353	2893	1508
354	2650	1713
355	2450	1539
356	7113	1272
357	5233	2375
358	3820	1864
359	3030	2632
360	2340	2175
361	1164	2659
362	4698	570
363	1178	2042
364	4475	1845
365	4651	1063
366	2312	2729
367	1753	1979
368	4613	2234
369	4876	1419
370	4734	2382
371	972	1962
372	6027	771
373	5135	1465
374	3741	1989
375	5454	2047
376	2148	2057
377	6104	2154
378	5656	2102
379	776	2032
380	1260	2475
381	4059	1630
382	4620	1104
383	5656	2102
384	3295	2176
385	7716	187
386	4699	1254
387	2353	2504
388	2542	1498
389	4976	2335
390	3805	1593
391	2809	2017
392	2967	2238
393	5837	2155
394	2394	1388
395	2483	2705
396	5346	2240
397	7185	1153
398	4606	2366
399	5331	1193
400	1570	2406
401	4988	1184
402	5461	2173
403	2424	1815
404	931	2081
405	7185	1153
406	1981	2509
407	4177	1528
408	7224	703
409	4069	2427
410	4822	1462
411	4873	953
412	3655	1877
413	2051	2605
414	3504	2129
415	5293	2221
416	4358	1045
417	1291	1589
418	3841	2482
419	7995	971
420	4392	263
421	4199	1651
422	7287	866
423	4780	2301
424	4862	2391
425	5661	2217
426	5634	1180
427	2328	1469
428	3267	2309
429	2100	2689
430	4651	1063
431	2129	1932
432	4955	1269
433	2114	1818
434	6605	617
435	4858	1554
436	2060	2655
437	5316	2437
438	4724	2311
439	5864	2023
440	1767	2364
441	7063	106
442	5751	947
443	7412	1263
444	1994	2362
445	4002	2466
446	3480	1962
447	1829	2547
448	4785	1261
449	4002	2466
450	2221	1801
451	4442	1499
452	910	1603
453	1863	2157
454	4699	2369
455	4569	1753
456	5908	2075
457	4419	1725
458	5035	2314
459	2765	1803
460	2051	2605
461	4517	1087
462	6493	1896
463	7412	1263
464	4259	1856
465	2696	2406
466	4346	2169
467	3834	1430
468	4819	2426
469	4326	1645
470	2051	1935
471	3829	1170
472	1754	1746
473	3497	1742
474	4873	953
475	2495	1977
476	1777	1870
477	1794	2800
478	2971	2311
479	1570	2406
480	4077	1287
481	4881	1587
482	7113	1272
483	6088	932
484	3284	2109
485	1437	2058
486	1775	2318
487	4259	1856
488	2348	1458
489	5479	1010
490	8136	544
491	5627	2280
492	3558	1538
493	7412	1263
494	2877	1559
495	4346	2169
496	3259	2294
497	4751	1469
498	5463	2078
499	4881	1587
500	5370	2194
501	2132	1913
502	5370	2194
503	2396	2451
504	7344	1219
505	3719	358
506	1611	2633
507	5084	2465
508	4576	1998
509	931	2081
510	3568	2510
511	3085	2222
512	4913	1746
513	1829	2547
514	3213	1980
515	4849	1658
516	2893	1508
517	1130	2538
518	5320	2567
519	5272	2153
520	5710	2388
521	1747	1820
522	1697	1710
523	2353	2504
524	4560	1817
525	5280	2308
526	2194	1469
527	3231	1844
528	5942	2047
529	2548	1934
530	4517	1087
531	5798	685
532	7615	1284
533	2125	1540
534	2765	1803
535	2533	1342
536	1556	2515
537	7185	1153
538	3295	2176
539	4091	1792
540	4760	2398
541	5227	334
542	2010	2482
543	2240	2604
544	2507	1782
545	2219	1548
546	3731	2473
547	4640	858
548	1821	1884
549	3231	1844
550	1611	2633
551	5226	2358
552	1388	2131
553	2328	1469
554	2597	1865
555	4761	1850
556	3731	2473
557	1899	2224
558	5482	2315
559	2325	2417
560	2762	2337
561	4819	2426
562	2051	1935
563	3873	1213
564	6716	992
565	3440	1913
566	4724	2311
567	5293	2221
568	2219	1548
569	4406	2409
570	6094	422
571	2430	2586
572	4116	1506
573	2967	2238
574	3022	2058
575	7958	953
576	4881	1587
577	5606	2136
578	1397	2772
579	5024	2348
580	3497	1742
581	2893	1508
582	4077	1287
583	4702	974
584	2773	2294
585	4689	822
586	4656	1631
587	2382	1305
588	3295	2176
589	1829	2665
590	5615	734
591	2348	1458
592	3172	1716
593	1939	1499
594	5362	2407
595	4871	1201
596	2328	1469
597	2571	2551
598	5180	2110
599	7098	1083
600	1528	2244
601	2219	1548
602	5812	2056
603	3897	1052
604	3269	1209
605	2575	1495
606	1894	2162
607	1723	1177
608	3735	909
609	2430	2586
610	2607	1426
611	7042	255
612	3680	747
613	5666	2136
614	2597	1865
615	2382	1305
616	5466	2355
617	8019	695
618	8065	958
619	5267	1267
620	2940	2374
621	3712	2666
622	1531	2456
623	1804	2294
624	2239	1374
625	6483	1854
626	4510	816
627	3735	909
628	6793	544
629	7168	1249
630	3630	1801
631	1372	2193
632	4659	2491
633	5057	2419
634	2071	2433
635	2513	1638
636	1531	2456
637	4984	2179
638	4728	2282
639	5346	2308
640	2410	2262
641	3904	802
642	1259	2349
643	4927	2129
644	3630	1801
645	5661	2217
646	3972	1672
647	1759	2815
648	4318	1038
649	6483	1854
650	2905	1096
651	5319	2391
652	5461	2173
653	3654	2540
654	4780	2301
655	1611	2633
656	2189	1319
657	4154	583
658	1767	2364
659	3124	2236
660	2569	1498
661	3267	2309
662	5469	2373
663	7855	1153
664	5175	2367
665	2518	2794
666	5267	1267
667	2491	1592
668	4560	1817
669	4445	1869
670	2429	1427
671	1747	1820
672	3038	1977
673	3987	781
674	7098	1083
675	1984	1785
676	7686	1254
677	4761	1850
678	3189	1962
679	4216	1414
680	4343	1772
681	7662	1262
682	1894	2162
683	2999	476
684	2035	2180
685	5798	2119
686	1714	1464
687	5084	2465
688	6284	2000
689	4913	1746
690	2227	2034
691	1184	2123
692	5461	2173
693	4177	1528
694	2443	1950
695	2765	1803
696	4259	1856
697	5320	2567
698	5480	2260
699	2114	1818
700	3568	2510
701	4388	1902
702	5260	2312
703	1807	1947
704	4442	1499
705	1874	1705
706	4698	1641
707	1874	1705
708	3646	340
709	2527	1535
710	6443	1946
711	3873	1213
712	8065	958
713	4401	1808
714	4129	2336
715	2429	1427
716	5661	2217
717	2194	1469
718	1878	2178
719	1556	2515
720	5773	855
721	3820	1864
722	5106	288
723	4648	2207
724	3873	1213
725	7098	1083
726	2679	1579
727	4677	162
728	2480	1410
729	7716	187
730	1600	2194
731	4699	1254
732	4818	1802
733	5656	2102
734	4659	2491
735	5671	2061
736	3718	1979
737	4094	2312
738	4288	960
739	2863	2315
740	2125	1540
741	7958	953
742	3137	2437
743	2657	1603
744	1759	2815
745	1632	2669
746	2331	2269
747	3440	1913
748	7007	547
749	1135	2650
750	4406	2409
751	4177	1528
752	3721	2610
753	2692	2027
754	3502	2604
755	5587	2340
756	2416	1232
757	3829	1170
758	2650	1713
759	4981	2421
760	5135	1465
761	7651	920
762	4785	1261
763	7456	1370
764	3213	1980
765	4762	2262
766	4442	1499
767	3408	2454
768	2277	1748
769	7287	866
770	4560	1817
771	2387	1473
772	5043	2571
773	4436	1829
774	3607	1134
775	4445	1869
776	1753	1979
777	5666	2136
778	4992	2252
779	2214	2001
780	3607	1134
781	3683	1573
782	2692	2027
783	3231	1844
784	4834	2260
785	2124	2032
786	2736	1234
787	3299	2475
788	1600	2194
789	5214	1282
790	7187	416
791	2234	2460
792	5666	2136
793	4984	2179
794	5798	685
795	5364	2382
796	1794	2800
797	7359	244
798	2652	1524
799	3267	2309
800	2478	1641
801	4406	2409
802	4117	1685
803	4129	2336
804	1260	2475
805	1697	1710
806	1325	1976
807	5248	1523
808	2453	1301
809	5214	1282
810	2852	2342
811	5793	2119
812	4299	2260
813	2424	1815
814	3762	1445
815	2478	1809
816	1888	2670
817	4987	1808
818	4569	1753
819	2347	2343
820	4606	2366
821	4992	2252
822	5634	1180
823	5501	2069
824	4853	2394
825	1578	2703
826	4190	2427
827	4569	1753
828	3231	1844
829	2649	2279
830	2560	2524
831	5749	2445
832	1807	1947
833	2194	1469
834	2443	1950
835	919	2120
836	2129	1932
837	6443	1946
838	10018	2375
839	3032	2045
840	2353	2504
841	3393	1906
842	6605	617
843	4560	1817
844	3795	982
845	2627	1242
846	2473	1459
847	2569	1498
848	2571	2551
849	1135	2650
850	5454	2047
851	4318	1038
852	2502	1424
853	3592	2052
854	4326	1645
855	2129	1932
DEMAND_SECTION
1	0
2	7
3	7
4	6
5	7
6	7
7	3
8	5
9	6
10	2
11	3
12	7
13	4
14	4
15	8
16	10
17	7
18	5
19	5
20	5
21	7
22	3
23	7
24	8
25	5
26	8
27	4
28	7
29	4
30	10
31	7
32	10
33	7
34	3
35	4
36	5
37	8
38	14
39	8
40	8
41	8
42	4
43	10
44	5
45	4
46	5
47	12
48	4
49	7
50	9
51	4
52	8
53	9
54	9
55	6
56	11
57	5
58	6
59	3
60	8
61	4
62	3
63	6
64	12
65	3
66	5
67	14
68	5
69	3
70	7
71	4
72	4
73	13
74	6
75	4
76	2
77	4
78	14
79	4
80	9
81	6
82	7
83	5
84	7
85	8
86	6
87	4
88	6
89	5
90	7
91	4
92	9
93	5
94	8
95	5
96	8
97	5
98	11
99	8
100	6
101	4
102	5
103	5
104	9
105	4
106	6
107	5
108	5
109	3
110	5
111	10
112	13
113	7
114	12
115	7
116	6
117	5
118	6
119	6
120	10
121	6
122	8
123	5
124	8
125	8
126	4
127	10
128	15
129	8
130	6
131	9
132	9
133	3
134	5
135	4
136	11
137	5
138	6
139	5
140	5
141	3
142	6
143	8
144	5
145	3
146	10
147	3
148	7
149	4
150	5
151	7
152	5
153	5
154	5
155	7
156	9
157	8
158	7
159	4
160	13
161	4
162	6
163	6
164	6
165	5
166	5
167	7
168	8
169	4
170	5
171	6
172	9
173	8
174	6
175	11
176	24
177	10
178	9
179	6
180	3
181	10
182	7
183	6
184	6
185	7
186	4
187	6
188	4
189	7
190	7
191	3
192	5
193	6
194	3
195	13
196	5
197	9
198	10
199	6
200	9
201	6
202	5
203	5
204	6
205	11
206	8
207	8
208	7
209	6
210	6
211	6
212	8
213	3
214	9
215	6
216	7
217	2
218	5
219	5
220	10
221	7
222	5
223	20
224	5
225	3
226	8
227	7
228	4
229	6
230	8
231	11
232	7
233	5
234	3
235	8
236	5
237	4
238	5
239	7
240	3
241	6
242	4
243	7
244	9
245	7
246	7
247	10
248	3
249	20
250	5
251	5
252	8
253	6
254	7
255	9
256	9
257	4
258	6
259	5
260	3
261	4
262	3
263	5
264	4
265	7
266	4
267	6
268	4
269	3
270	5
271	6
272	5
273	6
274	6
275	9
276	7
277	7
278	6
279	7
280	4
281	9
282	9
283	14
284	6
285	5
286	3
287	6
288	8
289	3
290	5
291	9
292	10
293	8
294	10
295	7
296	7
297	4
298	5
299	4
300	11
301	7
302	6
303	6
304	6
305	4
306	4
307	3
308	6
309	6
310	5
311	11
312	7
313	4
314	10
315	5
316	7
317	7
318	3
319	11
320	12
321	4
322	6
323	6
324	4
325	8
326	7
327	8
328	11
329	7
330	6
331	12
332	6
333	8
334	10
335	5
336	3
337	4
338	7
339	4
340	11
341	6
342	5
343	5
344	4
345	5
346	4
347	5
348	8
349	3
350	8
351	3
352	4
353	7
354	3
355	6
356	6
357	11
358	5
359	7
360	7
361	7
362	4
363	7
364	7
365	6
366	3
367	12
368	7
369	5
370	7
371	8
372	5
373	6
374	9
375	7
376	5
377	8
378	7
379	5
380	7
381	5
382	5
383	6
384	24
385	6
386	5
387	15
388	4
389	6
390	3
391	4
392	4
393	7
394	10
395	6
396	8
397	2
398	12
399	3
400	5
401	5
402	5
403	11
404	5
405	5
406	4
407	14
408	4
409	12
410	12
411	11
412	6
413	5
414	6
415	6
416	4
417	10
418	5
419	4
420	6
421	8
422	6
423	5
424	10
425	9
426	6
427	9
428	8
429	8
430	6
431	5
432	6
433	7
434	4
435	11
436	6
437	8
438	6
439	7
440	6
441	7
442	10
443	6
444	5
445	10
446	8
447	9
448	4
449	12
450	5
451	14
452	15
453	8
454	5
455	4
456	9
457	5
458	8
459	6
460	7
461	8
462	10
463	7
464	8
465	4
466	3
467	5
468	15
469	4
470	7
471	11
472	11
473	7
474	7
475	10
476	10
477	5
478	6
479	6
480	3
481	5
482	5
483	5
484	4
485	4
486	4
487	11
488	3
489	7
490	4
491	5
492	4
493	10
494	3
495	6
496	5
497	5
498	4
499	4
500	7
501	5
502	6
503	9
504	13
505	4
506	9
507	7
508	10
509	11
510	6
511	2
512	6
513	5
514	4
515	7
516	3
517	4
518	7
519	4
520	4
521	6
522	5
523	5
524	9
525	3
526	12
527	6
528	2
529	9
530	7
531	7
532	10
533	4
534	3
535	4
536	5
537	6
538	9
539	4
540	6
541	4
542	3
543	8
544	8
545	20
546	9
547	3
548	5
549	6
550	24
551	4
552	4
553	9
554	10
555	6
556	12
557	5
558	3
559	10
560	5
561	8
562	10
563	4
564	9
565	11
566	4
567	7
568	9
569	14
570	6
571	6
572	9
573	5
574	7
575	8
576	10
577	7
578	4
579	4
580	7
581	5
582	4
583	5
584	3
585	4
586	6
587	7
588	8
589	3
590	7
591	7
592	7
593	5
594	5
595	5
596	8
597	6
598	5
599	8
600	9
601	4
602	11
603	10
604	4
605	6
606	7
607	6
608	3
609	6
610	5
611	5
612	13
613	6
614	6
615	4
616	9
617	11
618	5
619	7
620	4
621	8
622	4
623	10
624	7
625	6
626	9
627	5
628	9
629	18
630	4
631	4
632	8
633	6
634	6
635	10
636	5
637	8
638	5
639	3
640	9
641	13
642	6
643	7
644	5
645	6
646	9
647	4
648	12
649	18
650	11
651	8
652	3
653	4
654	13
655	7
656	3
657	7
658	6
659	5
660	3
661	4
662	6
663	7
664	4
665	4
666	6
667	6
668	8
669	5
670	6
671	6
672	6
673	10
674	7
675	4
676	4
677	5
678	2
679	9
680	10
681	9
682	5
683	9
684	7
685	4
686	13
687	6
688	4
689	5
690	10
691	3
692	8
693	6
694	11
695	6
696	4
697	14
698	4
699	7
700	6
701	4
702	8
703	4
704	7
705	5
706	6
707	9
708	8
709	7
710	7
711	7
712	8
713	11
714	10
715	5
716	6
717	14
718	6
719	13
720	5
721	5
722	7
723	6
724	10
725	4
726	6
727	8
728	5
729	11
730	8
731	8
732	6
733	4
734	7
735	8
736	4
737	4
738	6
739	5
740	6
741	3
742	4
743	3
744	6
745	4
746	10
747	5
748	7
749	4
750	7
751	5
752	12
753	10
754	10
755	7
756	5
757	8
758	4
759	6
760	7
761	4
762	18
763	4
764	6
765	10
766	3
767	9
768	10
769	5
770	6
771	9
772	4
773	5
774	4
775	10
776	10
777	10
778	7
779	4
780	5
781	5
782	5
783	6
784	5
785	6
786	4
787	3
788	4
789	9
790	5
791	7
792	6
793	6
794	3
795	4
796	4
797	4
798	5
799	9
800	5
801	4
802	5
803	4
804	5
805	5
806	14
807	6
808	7
809	9
810	6
811	5
812	10
813	7
814	12
815	9
816	7
817	6
818	6
819	4
820	6
821	14
822	7
823	5
824	8
825	5
826	5
827	10
828	7
829	6
830	6
831	8
832	14
833	9
834	7
835	6
836	9
837	8
838	9
839	3
840	3
841	14
842	7
843	6
844	5
845	4
846	3
847	10
848	6
849	7
850	6
851	9
852	10
853	4
854	8
855	10
DEPOT_SECTION
1
-1
SERVICE_TIME_SECTION
1	0
2	660
3	840
4	600
5	660
6	600
7	540
8	300
9	480
10	480
11	300
12	780
13	600
14	480
15	420
16	420
17	420
18	660
19	660
20	780
21	660
22	420
23	240
24	300
25	480
26	360
27	420
28	540
29	660
30	360
31	480
32	1380
33	480
34	480
35	360
36	960
37	360
38	540
39	420
40	360
41	420
42	780
43	840
44	600
45	600
46	600
47	600
48	420
49	420
50	660
51	480
52	600
53	420
54	300
55	360
56	480
57	420
58	420
59	360
60	300
61	660
62	480
63	540
64	420
65	360
66	420
67	360
68	900
69	480
70	480
71	420
72	780
73	660
74	300
75	660
76	480
77	420
78	960
79	600
80	1200
81	960
82	480
83	540
84	300
85	240
86	420
87	480
88	540
89	1080
90	240
91	360
92	360
93	360
94	780
95	780
96	240
97	540
98	420
99	540
100	240
101	540
102	540
103	480
104	480
105	360
106	360
107	540
108	540
109	540
110	360
111	480
112	300
113	780
114	600
115	420
116	420
117	900
118	480
119	540
120	720
121	660
122	660
123	360
124	300
125	360
126	540
127	420
128	360
129	420
130	300
131	360
132	900
133	360
134	840
135	300
136	1020
137	540
138	480
139	660
140	480
141	840
142	600
143	300
144	600
145	540
146	420
147	660
148	360
149	480
150	660
151	480
152	480
153	420
154	360
155	420
156	300
157	720
158	420
159	480
160	660
161	480
162	480
163	480
164	720
165	540
166	360
167	420
168	480
169	360
170	780
171	480
172	1380
173	360
174	240
175	660
176	360
177	1020
178	360
179	480
180	600
181	300
182	420
183	420
184	1200
185	540
186	360
187	360
188	540
189	360
190	780
191	480
192	600
193	540
194	600
195	660
196	480
197	300
198	480
199	420
200	780
201	660
202	360
203	780
204	420
205	300
206	480
207	540
208	720
209	660
210	840
211	600
212	540
213	300
214	600
215	360
216	480
217	600
218	540
219	600
220	1020
221	480
222	300
223	480
224	480
225	420
226	480
227	600
228	660
229	540
230	420
231	420
232	360
233	300
234	480
235	540
236	420
237	660
238	480
239	420
240	600
241	480
242	540
243	480
244	420
245	540
246	540
247	360
248	720
249	780
250	480
251	540
252	780
253	660
254	420
255	480
256	600
257	300
258	720
259	720
260	360
261	480
262	780
263	240
264	360
265	360
266	360
267	420
268	420
269	660
270	600
271	420
272	720
273	480
274	720
275	600
276	420
277	480
278	780
279	420
280	420
281	540
282	660
283	600
284	420
285	480
286	420
287	540
288	540
289	900
290	480
291	300
292	240
293	300
294	660
295	540
296	420
297	660
298	540
299	600
300	300
301	600
302	360
303	540
304	540
305	540
306	540
307	300
308	660
309	540
310	540
311	660
312	540
313	540
314	540
315	420
316	300
317	600
318	540
319	360
320	480
321	300
322	840
323	600
324	600
325	720
326	360
327	780
328	480
329	600
330	480
331	420
332	1080
333	300
334	420
335	840
336	300
337	420
338	480
339	360
340	360
341	1380
342	540
343	720
344	720
345	480
346	900
347	780
348	540
349	480
350	660
351	420
352	600
353	360
354	660
355	540
356	360
357	720
358	480
359	480
360	540
361	480
362	480
363	660
364	660
365	600
366	480
367	540
368	360
369	540
370	600
371	720
372	600
373	300
374	300
375	480
376	660
377	600
378	660
379	780
380	780
381	360
382	420
383	480
384	840
385	780
386	420
387	360
388	480
389	600
390	540
391	660
392	540
393	540
394	600
395	420
396	240
397	480
398	420
399	300
400	480
401	420
402	540
403	1380
404	480
405	480
406	660
407	360
408	360
409	540
410	480
411	540
412	660
413	420
414	420
415	480
416	420
417	480
418	540
419	720
420	540
421	420
422	480
423	540
424	660
425	600
426	660
427	480
428	900
429	300
430	420
431	600
432	300
433	480
434	420
435	540
436	360
437	780
438	540
439	960
440	540
441	480
442	480
443	660
444	480
445	840
446	540
447	360
448	420
449	840
450	480
451	480
452	420
453	840
454	360
455	600
456	360
457	540
458	840
459	1140
460	420
461	300
462	420
463	420
464	240
465	300
466	420
467	600
468	720
469	540
470	480
471	300
472	840
473	300
474	480
475	420
476	600
477	420
478	300
479	600
480	600
481	480
482	360
483	420
484	360
485	420
486	240
487	480
488	480
489	840
490	360
491	300
492	600
493	240
494	480
495	300
496	300
497	420
498	360
499	600
500	480
501	360
502	300
503	420
504	480
505	780
506	660
507	600
508	600
509	360
510	540
511	600
512	540
513	540
514	540
515	180
516	480
517	300
518	900
519	660
520	660
521	600
522	600
523	480
524	480
525	420
526	660
527	420
528	360
529	780
530	840
531	420
532	660
533	600
534	480
535	660
536	720
537	360
538	480
539	660
540	360
541	240
542	360
543	900
544	420
545	540
546	420
547	600
548	360
549	420
550	660
551	660
552	540
553	660
554	300
555	600
556	540
557	360
558	480
559	840
560	660
561	480
562	540
563	840
564	240
565	420
566	660
567	600
568	660
569	300
570	960
571	540
572	660
573	780
574	540
575	480
576	540
577	360
578	780
579	360
580	240
581	480
582	480
583	600
584	360
585	660
586	540
587	720
588	600
589	360
590	300
591	360
592	480
593	360
594	480
595	540
596	420
597	480
598	540
599	420
600	360
601	840
602	540
603	900
604	480
605	840
606	720
607	300
608	420
609	600
610	660
611	600
612	300
613	420
614	540
615	780
616	420
617	240
618	360
619	960
620	660
621	360
622	480
623	480
624	1020
625	300
626	540
627	600
628	360
629	600
630	600
631	900
632	360
633	480
634	660
635	420
636	720
637	480
638	660
639	540
640	900
641	660
642	480
643	480
644	780
645	420
646	840
647	540
648	780
649	1380
650	240
651	540
652	780
653	480
654	600
655	840
656	600
657	360
658	420
659	600
660	480
661	480
662	360
663	660
664	420
665	780
666	480
667	360
668	480
669	480
670	720
671	480
672	480
673	480
674	360
675	420
676	840
677	240
678	780
679	420
680	720
681	660
682	1260
683	1020
684	600
685	540
686	660
687	660
688	420
689	420
690	360
691	540
692	840
693	420
694	480
695	600
696	600
697	420
698	480
699	480
700	300
701	360
702	540
703	420
704	480
705	660
706	420
707	420
708	360
709	300
710	420
711	660
712	540
713	600
714	780
715	360
716	420
717	540
718	600
719	780
720	600
721	240
722	480
723	420
724	480
725	420
726	540
727	600
728	600
729	480
730	540
731	420
732	360
733	780
734	660
735	480
736	660
737	300
738	600
739	660
740	420
741	480
742	780
743	600
744	660
745	420
746	720
747	480
748	600
749	1020
750	480
751	420
752	960
753	420
754	300
755	720
756	1020
757	300
758	660
759	480
760	660
761	720
762	1020
763	540
764	480
765	420
766	720
767	780
768	300
769	420
770	480
771	360
772	480
773	720
774	780
775	540
776	480
777	540
778	360
779	600
780	360
781	420
782	300
783	480
784	420
785	360
786	600
787	300
788	600
789	480
790	780
791	720
792	840
793	600
794	360
795	1200
796	600
797	420
798	360
799	960
800	540
801	420
802	300
803	480
804	480
805	540
806	360
807	300
808	420
809	420
810	420
811	480
812	720
813	600
814	660
815	480
816	720
817	720
818	540
819	360
820	840
821	840
822	660
823	240
824	600
825	300
826	960
827	420
828	540
829	420
830	540
831	540
832	420
833	480
834	720
835	480
836	720
837	600
838	360
839	360
840	420
841	480
842	660
843	600
844	480
845	540
846	600
847	360
848	300
849	300
850	540
851	360
852	1080
853	540
854	600
855	480
TIME_WINDOW_SECTION
1	0	45000
2	9000	16200
3	23400	30600
4	12600	19800
5	12600	18900
6	9000	16200
7	9000	15300
8	9000	16200
9	5400	12600
10	5400	12600
11	5400	12600
12	12600	19800
13	5400	12600
14	12600	19800
15	12600	19800
16	12600	19800
17	16200	23400
18	12600	19800
19	7200	30600
20	16200	23400
21	23400	29640
22	9000	16200
23	9000	16200
24	5400	12600
25	23400	30600
26	12600	19800
27	9000	16200
28	23400	30600
29	19800	27000
30	19800	27000
31	12600	19800
32	16200	23400
33	7200	29700
34	19800	27000
35	7200	30600
36	16200	23400
37	7200	30600
38	12600	19800
39	12600	19800
40	12600	19800
41	5400	12600
42	5400	12600
43	19800	27000
44	19800	27000
45	5400	12600
46	9000	16200
47	12600	19800
48	16200	23400
49	23400	30600
50	9000	16200
51	12600	19800
52	7200	30600
53	23400	30600
54	5400	12600
55	9000	16200
56	9000	15300
57	9000	16200
58	19800	27000
59	5400	12600
60	16200	27000
61	9000	16200
62	16200	23400
63	16200	23400
64	5400	12600
65	12600	19800
66	7200	30600
67	19800	27000
68	7200	30600
69	7200	29700
70	16200	23400
71	12600	19800
72	5400	12600
73	12600	19800
74	5400	12600
75	19800	27000
76	23400	30600
77	16200	23400
78	19800	27000
79	19800	27000
80	12600	19800
81	16200	27000
82	19800	27000
83	9000	16200
84	19800	27000
85	9000	16200
86	9000	16200
87	19800	27000
88	16200	23400
89	23400	30600
90	7200	30600
91	16200	23400
92	12600	19800
93	12600	19800
94	9000	16200
95	16200	23400
96	9000	16200
97	7200	30600
98	16200	23400
99	19800	27000
100	12600	19800
101	19800	27000
102	7200	30600
103	23400	30600
104	19800	27000
105	12600	19800
106	7200	30600
107	16200	23400
108	16200	23400
109	9000	16200
110	9000	16200
111	23400	30600
112	23400	30600
113	16200	23400
114	19800	27000
115	9000	15300
116	5400	12600
117	19800	27000
118	5400	12600
119	12600	19800
120	23400	30600
121	19800	27000
122	5400	12600
123	12600	19800
124	19800	27000
125	19800	27000
126	7200	30600
127	19800	27000
128	5400	12600
129	16200	23400
130	16200	23400
131	23400	30600
132	12600	19800
133	19800	27000
134	9000	16200
135	9000	16200
136	7200	30600
137	16200	23400
138	23400	30600
139	12600	19800
140	9000	16200
141	16200	23400
142	16200	23400
143	16200	23400
144	7200	29700
145	9000	16200
146	7200	30600
147	12600	19800
148	12600	19800
149	19800	27000
150	23400	30600
151	9000	16200
152	9000	16200
153	16200	23400
154	5400	12600
155	19800	27000
156	7200	30600
157	16200	23400
158	23400	30600
159	5400	12600
160	23400	30600
161	19800	27000
162	12600	19800
163	7200	29700
164	16200	23400
165	12600	19800
166	5400	12600
167	16200	23400
168	9000	16200
169	12600	19800
170	23400	30600
171	23400	30600
172	9000	16200
173	12600	19800
174	7200	30600
175	23400	30600
176	9000	15300
177	16200	23400
178	7200	30600
179	9000	16200
180	19800	27000
181	12600	19800
182	12600	19800
183	12600	19800
184	12600	19800
185	19800	27000
186	16200	23400
187	12600	19800
188	19800	27000
189	5400	12600
190	12600	19800
191	16200	23400
192	23400	30600
193	5400	12600
194	5400	12600
195	19800	27000
196	5400	12600
197	12600	19800
198	7200	29700
199	16200	23400
200	19800	27000
201	7200	30600
202	23400	30600
203	19800	27000
204	9000	16200
205	19800	27000
206	9000	16200
207	5400	12600
208	23400	29700
209	5400	12600
210	5400	12600
211	12600	19800
212	19800	27000
213	9000	16200
214	9000	16200
215	7200	30600
216	9000	16200
217	16200	23400
218	16200	23400
219	23400	30600
220	12600	19800
221	9000	15300
222	9000	16200
223	12600	19800
224	7200	30600
225	12600	19800
226	23400	30600
227	23400	30600
228	16200	23400
229	12600	19800
230	19800	27000
231	19800	27000
232	5400	12600
233	7200	30600
234	7200	30600
235	9000	16200
236	9000	16200
237	9000	16200
238	16200	23400
239	12600	19800
240	12600	19800
241	23400	30600
242	16200	23400
243	19800	27000
244	19800	27000
245	9000	16200
246	12600	19800
247	12600	19800
248	9000	16200
249	23400	30600
250	19800	27000
251	5400	12600
252	7200	30600
253	7200	30600
254	19800	27000
255	19800	27000
256	9000	16200
257	12600	19800
258	23400	30600
259	16200	23400
260	5400	12600
261	12600	19800
262	23400	30600
263	5400	12600
264	12600	19800
265	12600	19800
266	12600	18900
267	19800	27000
268	5400	12600
269	23400	30600
270	9000	16200
271	12600	19800
272	9000	16200
273	16200	23400
274	5400	12600
275	7200	30600
276	16200	23400
277	16200	23400
278	5400	12600
279	12600	19800
280	9000	16200
281	12600	19800
282	9000	16200
283	16200	23400
284	9000	16200
285	12600	19800
286	9000	16200
287	19800	27000
288	23400	30600
289	23400	30600
290	23400	30600
291	23400	30600
292	23400	30600
293	16200	23400
294	12600	19800
295	5400	12600
296	19800	27000
297	5400	12600
298	5400	12600
299	7200	30600
300	7200	30600
301	7200	30600
302	7200	30600
303	19800	27000
304	5400	12600
305	9000	16200
306	19800	27000
307	23400	30600
308	19800	27000
309	12600	19800
310	16200	23400
311	16200	23400
312	9000	15300
313	19800	27000
314	7200	30600
315	19800	27000
316	16200	27000
317	19800	27000
318	7200	30600
319	9000	16200
320	19800	27000
321	19800	26100
322	19800	27000
323	7200	30600
324	9000	16200
325	23400	30600
326	12600	19800
327	9000	16200
328	9000	16200
329	12600	19800
330	12600	19800
331	23400	30600
332	23400	30600
333	16200	23400
334	9000	16200
335	19800	27000
336	23400	30600
337	19800	27000
338	9000	16200
339	23400	30600
340	7200	30600
341	7200	30600
342	23400	29700
343	16200	22500
344	12600	19800
345	16200	23400
346	16200	27000
347	23400	30600
348	12600	19800
349	16200	23400
350	16200	23400
351	19800	27000
352	23400	29700
353	5400	12600
354	12600	19800
355	5400	12600
356	16200	23400
357	23400	30600
358	23400	30600
359	23400	30600
360	5400	12600
361	19800	27000
362	9000	16200
363	12600	19800
364	9000	16200
365	16200	23400
366	16200	23400
367	16200	23400
368	19800	27000
369	9000	16200
370	12600	19800
371	12600	19800
372	16200	23400
373	19800	27000
374	9000	16200
375	9000	16200
376	16200	23400
377	19800	27000
378	16200	23400
379	23400	30600
380	23400	30600
381	12600	19800
382	9000	16200
383	16200	23400
384	9000	15300
385	12600	19800
386	19800	27000
387	5400	12600
388	16200	23400
389	16200	23400
390	16200	23400
391	7200	30600
392	12600	19800
393	9000	16200
394	5400	12600
395	23400	30600
396	7200	30600
397	19800	27000
398	16200	23400
399	16200	23400
400	19800	27000
401	23400	30600
402	23400	30600
403	16200	23400
404	16200	23400
405	23400	29700
406	19800	27000
407	23400	30600
408	23400	30600
409	16200	23400
410	19800	27000
411	23400	30600
412	23400	30600
413	16200	23400
414	12600	19800
415	16200	23400
416	23400	30600
417	16200	23400
418	9000	16200
419	12600	19800
420	19800	27000
421	16200	23400
422	23400	30600
423	9000	16200
424	9000	16200
425	16200	23400
426	7200	30600
427	12600	19800
428	9000	15300
429	7200	29700
430	19800	27000
431	19800	27000
432	12600	19800
433	7200	30600
434	9000	16200
435	19800	27000
436	7200	30600
437	9000	16200
438	7200	29700
439	7200	30600
440	23400	30600
441	16200	23400
442	9000	16200
443	23400	30600
444	12600	19800
445	9000	16200
446	12600	19800
447	23400	30600
448	9000	16200
449	19800	27000
450	16200	23400
451	12600	19800
452	12600	19800
453	23400	30600
454	7200	30600
455	16200	23400
456	7200	30600
457	16200	23400
458	7200	30600
459	23400	30600
460	19800	27000
461	23400	30600
462	19800	27000
463	16200	23400
464	7200	30600
465	16200	23400
466	9000	16200
467	7200	30600
468	7200	29700
469	19800	27000
470	19800	27000
471	7200	30600
472	16200	23400
473	12600	19800
474	19800	27000
475	12600	19800
476	9000	16200
477	12600	18900
478	12600	19800
479	9000	16200
480	12600	19800
481	19800	27000
482	16200	23400
483	12600	19800
484	23400	30600
485	19800	27000
486	12600	19800
487	19800	27000
488	19800	27000
489	12600	19800
490	16200	23400
491	12600	19800
492	7200	30600
493	12600	19800
494	12600	19800
495	16200	23400
496	12600	19800
497	19800	27000
498	16200	23400
499	12600	19800
500	7200	30600
501	23400	30600
502	23400	30600
503	12600	19800
504	12600	19800
505	12600	19800
506	16200	23400
507	19800	27000
508	9000	15300
509	16200	23400
510	9000	16200
511	23400	30600
512	23400	30600
513	23400	30600
514	23400	30600
515	16200	23400
516	9000	16200
517	7200	30600
518	19800	27000
519	12600	19800
520	16200	23400
521	16200	23400
522	12600	19800
523	23400	30600
524	16200	23400
525	23400	30600
526	19800	27000
527	16200	23400
528	16200	23400
529	19800	27000
530	23400	30600
531	12600	19800
532	16200	23400
533	16200	23400
534	23400	29700
535	23400	30600
536	12600	19800
537	16200	23400
538	12600	19800
539	23400	30600
540	12600	19800
541	19800	27000
542	12600	19800
543	23400	30600
544	23400	30600
545	9000	16200
546	7200	30600
547	9000	16200
548	23400	30600
549	19800	27000
550	16200	23400
551	16200	23400
552	16200	23400
553	12600	19800
554	19800	27000
555	16200	23400
556	19800	27000
557	16200	23400
558	19800	27000
559	9000	16200
560	16200	23400
561	23400	30600
562	19800	27000
563	9000	16200
564	16200	23400
565	19800	27000
566	19800	27000
567	19800	27000
568	12600	19800
569	16200	23400
570	23400	30600
571	16200	23400
572	16200	23400
573	12600	19800
574	16200	23400
575	19800	27000
576	12600	19800
577	19800	27000
578	16200	23400
579	12600	19800
580	16200	23400
581	19800	27000
582	7200	30600
583	12600	19800
584	16200	23400
585	19800	27000
586	16200	23400
587	7200	30600
588	12600	19800
589	19800	27000
590	12600	19800
591	23400	30600
592	23400	30600
593	19800	27000
594	23400	30600
595	12600	19800
596	12600	19800
597	23400	30600
598	16200	23400
599	16200	23400
600	23400	30600
601	19800	27000
602	23400	30600
603	7200	30600
604	23400	30600
605	16200	23400
606	7200	30600
607	16200	23400
608	23400	30600
609	19800	27000
610	7200	30600
611	23400	30600
612	12600	19800
613	16200	23400
614	12600	19800
615	7200	29700
616	12600	19800
617	16200	23400
618	23400	30600
619	23400	30600
620	19800	27000
621	19800	27000
622	19800	27000
623	16200	23400
624	19800	27000
625	23400	30600
626	23400	30600
627	19800	27000
628	12600	19800
629	12600	19800
630	12600	19800
631	12600	19800
632	23400	30600
633	16200	23400
634	19800	27000
635	23400	30600
636	19800	27000
637	19800	27000
638	19800	27000
639	12600	19800
640	7200	30600
641	23400	30600
642	16200	23400
643	16200	23400
644	12600	19800
645	23400	30600
646	12600	19800
647	7200	30600
648	12600	19800
649	16200	23400
650	23400	30600
651	19800	26100
652	7200	30600
653	19800	27000
654	16200	23400
655	23400	30600
656	19800	27000
657	23400	30600
658	19800	27000
659	19800	27000
660	16200	23400
661	16200	23400
662	23400	30600
663	16200	23400
664	19800	27000
665	7200	30600
666	19800	27000
667	16200	23400
668	19800	27000
669	16200	23400
670	23400	30600
671	7200	30600
672	23400	30600
673	12600	19800
674	23400	30600
675	16200	23400
676	7200	30600
677	7200	30600
678	23400	30600
679	23400	30600
680	7200	30600
681	7200	30600
682	16200	23400
683	19800	27000
684	12600	19800
685	19800	27000
686	16200	23400
687	12600	19800
688	16200	23400
689	16200	23400
690	19800	26100
691	19800	27000
692	12600	19800
693	12600	19800
694	16200	23400
695	23400	30600
696	23400	30600
697	19800	27000
698	19800	27000
699	7200	29700
700	19800	27000
701	12600	19800
702	19800	27000
703	16200	23400
704	7200	30600
705	16200	23400
706	23400	30600
707	19800	27000
708	23400	30600
709	7200	30600
710	16200	23400
711	7200	30600
712	19800	27000
713	23400	30600
714	16200	23400
715	23400	30600
716	16200	23400
717	16200	23400
718	19800	27000
719	23400	30600
720	23400	29640
721	16200	23400
722	23400	30600
723	19800	27000
724	23400	30600
725	19800	27000
726	19800	27000
727	19800	27000
728	7200	30600
729	16200	27000
730	19800	27000
731	19800	27000
732	23400	30600
733	19800	27000
734	16200	23400
735	16200	23400
736	7200	30600
737	7200	30600
738	19800	27000
739	7200	30600
740	23400	30600
741	19800	27000
742	23400	30600
743	23400	30600
744	23400	30600
745	23400	30600
746	19800	27000
747	7200	30600
748	7200	30600
749	16200	23400
750	19800	27000
751	16200	23400
752	19800	27000
753	16200	23400
754	19800	27000
755	7200	29700
756	23400	30600
757	23400	30600
758	19800	27000
759	19800	27000
760	7200	30600
761	23400	30600
762	16200	23400
763	19800	27000
764	23400	30600
765	16200	23400
766	7200	30600
767	16200	23400
768	7200	30600
769	19800	27000
770	7200	30600
771	23400	30600
772	19800	27000
773	19800	27000
774	19800	27000
775	23400	29700
776	7200	30600
777	23400	30600
778	16200	23400
779	19800	27000
780	19800	27000
781	23400	30600
782	23400	30600
783	23400	30600
784	23400	30600
785	19800	26100
786	7200	30600
787	23400	30600
788	19800	27000
789	16200	23400
790	19800	27000
791	7200	30600
792	19800	27000
793	19800	26100
794	19800	27000
795	19800	27000
796	19800	27000
797	19800	27000
798	23400	30600
799	23400	30600
800	19800	27000
801	16200	23400
802	16200	23400
803	16200	23400
804	23400	30600
805	19800	27000
806	23400	30600
807	19800	27000
808	7200	30600
809	7200	30600
810	23400	30600
811	7200	30600
812	7200	30600
813	19800	27000
814	16200	23400
815	23400	30600
816	19800	27000
817	23400	30600
818	19800	27000
819	23400	30600
820	23400	30600
821	19800	27000
822	23400	30600
823	23400	30600
824	19800	27000
825	19800	27000
826	19800	27000
827	19800	27000
828	7200	30600
829	7200	30600
830	19800	27000
831	19800	27000
832	16200	27000
833	19800	27000
834	23400	30600
835	23400	30600
836	23400	30600
837	23400	30600
838	23400	30600
839	19800	27000
840	7200	30600
841	19800	27000
842	19800	27000
843	19800	27000
844	16200	27000
845	19800	27000
846	19800	27000
847	19800	27000
848	19800	27000
849	19800	26100
850	7200	30600
851	7200	30600
852	19800	27000
853	23400	30600
854	23400	30600
855	19800	27000
RELEASE_TIME_SECTION
1	0
2	5400
3	5400
4	5400
5	5400
6	5400
7	5400
8	5400
9	5400
10	5400
11	5400
12	5400
13	5400
14	5400
15	5400
16	5400
17	5400
18	5400
19	5400
20	5400
21	5400
22	5400
23	5400
24	5400
25	5400
26	5400
27	5400
28	5400
29	5400
30	5400
31	5400
32	5400
33	5400
34	5400
35	5400
36	5400
37	5400
38	5400
39	5400
40	5400
41	5400
42	5400
43	5400
44	5400
45	5400
46	5400
47	5400
48	5400
49	5400
50	5400
51	5400
52	5400
53	5400
54	5400
55	5400
56	5400
57	5400
58	5400
59	5400
60	5400
61	5400
62	5400
63	5400
64	5400
65	5400
66	5400
67	5400
68	5400
69	5400
70	5400
71	5400
72	5400
73	5400
74	5400
75	5400
76	5400
77	5400
78	5400
79	5400
80	5400
81	5400
82	5400
83	5400
84	5400
85	5400
86	5400
87	5400
88	5400
89	5400
90	5400
91	5400
92	5400
93	5400
94	5400
95	5400
96	5400
97	5400
98	5400
99	5400
100	5400
101	5400
102	7200
103	7200
104	7200
105	7200
106	7200
107	7200
108	7200
109	7200
110	7200
111	7200
112	7200
113	7200
114	7200
115	7200
116	7200
117	7200
118	7200
119	7200
120	7200
121	7200
122	7200
123	7200
124	7200
125	7200
126	7200
127	7200
128	7200
129	7200
130	7200
131	7200
132	7200
133	7200
134	7200
135	7200
136	7200
137	7200
138	7200
139	7200
140	7200
141	7200
142	7200
143	7200
144	7200
145	7200
146	7200
147	7200
148	7200
149	7200
150	7200
151	7200
152	7200
153	7200
154	7200
155	7200
156	7200
157	7200
158	7200
159	7200
160	7200
161	7200
162	7200
163	7200
164	7200
165	7200
166	7200
167	7200
168	7200
169	7200
170	7200
171	7200
172	7200
173	7200
174	7200
175	7200
176	7200
177	7200
178	7200
179	7200
180	7200
181	7200
182	7200
183	7200
184	7200
185	7200
186	7200
187	7200
188	7200
189	7200
190	7200
191	7200
192	7200
193	7200
194	7200
195	7200
196	7200
197	7200
198	7200
199	7200
200	7200
201	7200
202	9000
203	9000
204	9000
205	9000
206	9000
207	9000
208	9000
209	9000
210	9000
211	9000
212	9000
213	9000
214	9000
215	9000
216	9000
217	9000
218	9000
219	9000
220	9000
221	9000
222	9000
223	9000
224	9000
225	9000
226	9000
227	9000
228	9000
229	9000
230	9000
231	9000
232	9000
233	9000
234	9000
235	9000
236	9000
237	9000
238	9000
239	9000
240	9000
241	9000
242	9000
243	9000
244	9000
245	9000
246	9000
247	9000
248	9000
249	9000
250	9000
251	9000
252	9000
253	9000
254	9000
255	9000
256	9000
257	9000
258	9000
259	9000
260	9000
261	9000
262	9000
263	9000
264	9000
265	9000
266	9000
267	9000
268	9000
269	9000
270	9000
271	9000
272	9000
273	9000
274	9000
275	9000
276	9000
277	9000
278	9000
279	9000
280	9000
281	9000
282	9000
283	9000
284	9000
285	9000
286	9000
287	9000
288	9000
289	9000
290	9000
291	9000
292	9000
293	9000
294	9000
295	9000
296	9000
297	9000
298	9000
299	9000
300	9000
301	10800
302	10800
303	10800
304	10800
305	10800
306	10800
307	10800
308	10800
309	10800
310	10800
311	10800
312	10800
313	10800
314	10800
315	10800
316	10800
317	10800
318	10800
319	10800
320	10800
321	10800
322	10800
323	10800
324	10800
325	10800
326	10800
327	10800
328	10800
329	10800
330	10800
331	10800
332	10800
333	10800
334	10800
335	10800
336	10800
337	10800
338	10800
339	10800
340	10800
341	10800
342	10800
343	10800
344	10800
345	10800
346	10800
347	10800
348	10800
349	10800
350	10800
351	10800
352	10800
353	10800
354	10800
355	10800
356	10800
357	10800
358	10800
359	10800
360	10800
361	10800
362	10800
363	10800
364	10800
365	10800
366	10800
367	10800
368	10800
369	10800
370	10800
371	10800
372	10800
373	10800
374	10800
375	10800
376	10800
377	10800
378	10800
379	10800
380	10800
381	10800
382	10800
383	10800
384	10800
385	10800
386	10800
387	10800
388	10800
389	10800
390	10800
391	10800
392	10800
393	10800
394	10800
395	12600
396	12600
397	12600
398	12600
399	12600
400	12600
401	12600
402	12600
403	12600
404	12600
405	12600
406	12600
407	12600
408	12600
409	12600
410	12600
411	12600
412	12600
413	12600
414	12600
415	12600
416	12600
417	12600
418	12600
419	12600
420	12600
421	12600
422	12600
423	12600
424	12600
425	12600
426	12600
427	12600
428	12600
429	12600
430	12600
431	12600
432	12600
433	12600
434	12600
435	12600
436	12600
437	12600
438	12600
439	12600
440	12600
441	12600
442	12600
443	12600
444	12600
445	12600
446	12600
447	12600
448	12600
449	12600
450	12600
451	12600
452	12600
453	12600
454	12600
455	12600
456	12600
457	12600
458	12600
459	12600
460	12600
461	12600
462	12600
463	12600
464	12600
465	12600
466	12600
467	12600
468	12600
469	12600
470	12600
471	12600
472	12600
473	12600
474	12600
475	12600
476	12600
477	12600
478	12600
479	12600
480	12600
481	12600
482	12600
483	12600
484	12600
485	12600
486	12600
487	14400
488	14400
489	14400
490	14400
491	14400
492	14400
493	14400
494	14400
495	14400
496	14400
497	14400
498	14400
499	14400
500	14400
501	14400
502	14400
503	14400
504	14400
505	14400
506	14400
507	14400
508	14400
509	14400
510	14400
511	14400
512	14400
513	14400
514	14400
515	14400
516	14400
517	14400
518	14400
519	14400
520	14400
521	14400
522	14400
523	14400
524	14400
525	14400
526	14400
527	14400
528	14400
529	14400
530	14400
531	14400
532	14400
533	14400
534	14400
535	14400
536	14400
537	14400
538	14400
539	14400
540	14400
541	14400
542	14400
543	14400
544	14400
545	14400
546	14400
547	14400
548	14400
549	14400
550	14400
551	14400
552	14400
553	14400
554	14400
555	14400
556	14400
557	14400
558	14400
559	14400
560	14400
561	14400
562	14400
563	14400
564	14400
565	14400
566	14400
567	16200
568	16200
569	16200
570	16200
571	16200
572	16200
573	16200
574	16200
575	16200
576	16200
577	16200
578	16200
579	16200
580	16200
581	16200
582	16200
583	16200
584	16200
585	16200
586	16200
587	16200
588	16200
589	16200
590	16200
591	16200
592	16200
593	16200
594	16200
595	16200
596	16200
597	16200
598	16200
599	16200
600	16200
601	16200
602	16200
603	16200
604	16200
605	16200
606	16200
607	16200
608	16200
609	16200
610	16200
611	16200
612	16200
613	16200
614	16200
615	16200
616	16200
617	16200
618	16200
619	16200
620	16200
621	16200
622	16200
623	16200
624	16200
625	16200
626	16200
627	16200
628	16200
629	16200
630	16200
631	16200
632	16200
633	16200
634	16200
635	16200
636	16200
637	16200
638	16200
639	16200
640	16200
641	16200
642	18000
643	18000
644	18000
645	18000
646	18000
647	18000
648	18000
649	18000
650	18000
651	18000
652	18000
653	18000
654	18000
655	18000
656	18000
657	18000
658	18000
659	18000
660	18000
661	18000
662	18000
663	18000
664	18000
665	18000
666	18000
667	18000
668	18000
669	18000
670	18000
671	18000
672	18000
673	18000
674	18000
675	18000
676	18000
677	18000
678	18000
679	18000
680	18000
681	18000
682	18000
683	18000
684	18000
685	18000
686	18000
687	18000
688	18000
689	18000
690	18000
691	18000
692	18000
693	18000
694	18000
695	18000
696	18000
697	18000
698	18000
699	18000
700	18000
701	18000
702	18000
703	18000
704	18000
705	18000
706	19800
707	19800
708	19800
709	19800
710	19800
711	19800
712	19800
713	19800
714	19800
715	19800
716	19800
717	19800
718	19800
719	19800
720	19800
721	19800
722	19800
723	19800
724	19800
725	19800
726	19800
727	19800
728	19800
729	19800
730	19800
731	19800
732	19800
733	19800
734	19800
735	19800
736	19800
737	19800
738	19800
739	19800
740	19800
741	19800
742	19800
743	19800
744	19800
745	19800
746	19800
747	19800
748	19800
749	19800
750	19800
751	19800
752	19800
753	19800
754	19800
755	19800
756	19800
757	19800
758	19800
759	19800
760	19800
761	19800
762	19800
763	19800
764	19800
765	21600
766	21600
767	21600
768	21600
769	21600
770	21600
771	21600
772	21600
773	21600
774	21600
775	21600
776	21600
777	21600
778	21600
779	21600
780	21600
781	21600
782	21600
783	21600
784	21600
785	21600
786	21600
787	21600
788	21600
789	21600
790	21600
791	21600
792	21600
793	21600
794	21600
795	21600
796	21600
797	21600
798	21600
799	21600
800	21600
801	21600
802	21600
803	21600
804	21600
805	21600
806	21600
807	21600
808	21600
809	21600
810	21600
811	21600
812	21600
813	21600
814	21600
815	21600
816	23400
817	23400
818	23400
819	23400
820	23400
821	23400
822	23400
823	23400
824	23400
825	23400
826	23400
827	23400
828	23400
829	23400
830	23400
831	23400
832	23400
833	23400
834	23400
835	23400
836	23400
837	23400
838	23400
839	23400
840	23400
841	23400
842	23400
843	23400
844	23400
845	23400
846	23400
847	23400
848	23400
849	23400
850	23400
851	23400
852	23400
853	23400
854	23400
855	23400
EOF
