NAME : ORTEC-VRPTW-ASYM-9d100d94-d1-n851
TYPE : VRPTW-RT
DIMENSION : 852
EDGE_WEIGHT_TYPE : EUC_2D
CAPACITY : 135
NODE_COORD_SECTION
1	2378	6957
2	3183	5668
3	3390	5072
4	3040	5417
5	1519	8170
6	3021	6571
7	3193	4645
8	2050	6170
9	2455	5310
10	2325	6133
11	1808	7798
12	2917	7134
13	3143	5116
14	3425	5147
15	2236	6575
16	2573	7920
17	3066	7438
18	3083	7847
19	3027	5126
20	2598	6185
21	1998	7405
22	3595	5210
23	2695	6009
24	2168	6591
25	2976	7872
26	2419	6241
27	1451	8512
28	1512	8130
29	3088	4945
30	2414	6820
31	3066	7438
32	1811	7159
33	2325	6133
34	2533	6147
35	3056	5101
36	3051	4889
37	6522	2910
38	2741	6454
39	2432	6097
40	6967	1590
41	7175	1467
42	3465	5411
43	2657	6627
44	3220	4783
45	1796	7064
46	3150	5269
47	2168	6591
48	2892	5357
49	3600	5101
50	3156	5188
51	1234	8772
52	2414	6820
53	2249	6426
54	2570	5577
55	3787	5228
56	2822	6035
57	1487	8359
58	3365	5407
59	2937	5849
60	3756	5031
61	2283	6340
62	2562	5598
63	3335	5174
64	3243	5364
65	2405	8115
66	2361	7056
67	2423	6363
68	1295	9011
69	3106	7266
70	2612	6175
71	2892	5357
72	3150	6648
73	3092	5396
74	7175	1467
75	2763	5802
76	2755	6021
77	1941	7426
78	2613	7981
79	1998	7405
80	2331	5904
81	3582	5428
82	3726	5389
83	2138	6531
84	2819	5481
85	4367	3783
86	3003	5178
87	2859	6214
88	2988	7338
89	2302	6601
90	3115	7023
91	2847	5496
92	1988	7630
93	3198	7776
94	7173	1013
95	2361	6803
96	3341	5485
97	1408	8098
98	2378	7567
99	2943	5351
100	3239	5978
101	3525	4761
102	2267	6111
103	2508	5474
104	3503	3809
105	2963	7294
106	3726	5389
107	2404	5878
108	2959	5385
109	2474	5460
110	1295	9011
111	3558	4957
112	3001	7135
113	2209	6310
114	3085	7234
115	3198	4700
116	2613	7981
117	3425	5147
118	2981	5869
119	1512	8130
120	2858	6859
121	1981	6283
122	2511	6175
123	2491	6564
124	2577	5541
125	3943	4905
126	2871	5412
127	2863	5546
128	1531	6935
129	1519	8170
130	3198	4700
131	2267	6111
132	2419	6241
133	3482	6108
134	2361	7056
135	2345	8113
136	3388	5828
137	1408	8808
138	3143	5116
139	2423	6363
140	1577	8933
141	2772	7932
142	1729	7126
143	3595	5210
144	3511	7291
145	2535	6420
146	2050	6170
147	3917	5109
148	1866	6865
149	2286	7215
150	1820	9034
151	3726	5389
152	2876	7186
153	2043	7116
154	2894	5961
155	3193	4645
156	2374	6492
157	2431	6453
158	3726	5389
159	3582	5428
160	2267	6111
161	1739	6715
162	2863	5546
163	3149	5890
164	2570	5577
165	2858	6859
166	3150	5626
167	2937	5849
168	2198	6947
169	2379	8018
170	2810	6313
171	2821	5858
172	1295	9011
173	3198	7776
174	3344	5347
175	2690	6026
176	2789	5304
177	2409	5766
178	4016	5307
179	1368	8415
180	3213	5528
181	2988	7338
182	2842	6583
183	2819	5481
184	3085	7234
185	1813	6150
186	2472	7425
187	3600	5101
188	6967	1590
189	3239	5978
190	1808	7798
191	3940	5437
192	3001	7135
193	2414	6820
194	3514	5276
195	2763	5802
196	3143	5116
197	2209	6310
198	2602	6505
199	7749	828
200	3200	5333
201	3558	4957
202	2286	7754
203	3274	6290
204	2409	7757
205	0	9947
206	2097	7010
207	2626	6070
208	3220	4783
209	1998	7405
210	2278	7089
211	2331	5904
212	2496	5010
213	2562	5598
214	3508	5666
215	3312	4527
216	2348	7495
217	3130	5531
218	3711	4060
219	1767	7619
220	2498	5596
221	1189	8886
222	2658	8195
223	2731	7239
224	2755	6021
225	3108	5311
226	1487	8359
227	2990	5572
228	3635	5490
229	2194	6644
230	0	9947
231	2264	6124
232	1377	8524
233	3595	5210
234	3322	7141
235	1739	6715
236	1941	7426
237	2531	5227
238	3083	7847
239	3253	4813
240	2659	5584
241	3178	7979
242	3279	7049
243	2043	7116
244	7173	1013
245	2770	7848
246	3322	7141
247	3362	4874
248	4221	4359
249	2434	6443
250	1295	9011
251	2988	7338
252	2990	5572
253	2657	6627
254	2168	6591
255	1981	6283
256	2302	6601
257	3239	5978
258	4055	5056
259	4406	3364
260	2434	7509
261	2325	6133
262	2329	7439
263	2547	5279
264	1234	8772
265	2858	6859
266	1774	6879
267	2841	5318
268	2498	5596
269	2472	7425
270	2556	7175
271	2198	6947
272	2137	6637
273	2404	5878
274	2828	8214
275	2731	7239
276	2493	7998
277	1066	8932
278	1362	8632
279	2988	7338
280	2452	6312
281	1453	8492
282	2452	6312
283	2325	6133
284	2959	5385
285	3312	4527
286	2573	7920
287	2657	6627
288	2168	6591
289	4406	3364
290	2331	5904
291	3198	4700
292	3346	5886
293	2800	7517
294	2763	5802
295	3322	7141
296	3276	5806
297	2885	7226
298	3156	5188
299	2267	6111
300	3205	6627
301	3341	5485
302	3220	4783
303	3003	5178
304	3085	7234
305	1569	6933
306	1612	6882
307	3923	4969
308	2361	6803
309	3335	5174
310	3253	4813
311	2498	5596
312	2405	8115
313	2863	6372
314	0	9947
315	2194	6644
316	2562	5598
317	3220	4783
318	3226	6803
319	2842	6583
320	2155	6568
321	7175	1467
322	3491	5587
323	2943	5351
324	3076	5165
325	1369	8071
326	3917	5109
327	2101	6231
328	3120	5499
329	2434	7509
330	2448	6446
331	2943	5351
332	3756	5031
333	3327	5792
334	3635	5490
335	2345	8113
336	3040	5438
337	1883	6649
338	2821	5858
339	2064	6943
340	2690	8199
341	2194	6644
342	2598	6185
343	2928	5323
344	2423	6363
345	3085	5456
346	3491	5587
347	3365	5407
348	2064	6943
349	2398	5502
350	3195	5761
351	2364	7040
352	3335	5174
353	2819	5481
354	2659	5584
355	3143	5116
356	1729	7126
357	1528	8390
358	1338	8529
359	1408	8098
360	3895	5154
361	3083	7847
362	2409	7757
363	3156	5188
364	3149	5890
365	2900	5422
366	1857	7689
367	2685	5612
368	2451	7096
369	1612	6882
370	2556	7175
371	3159	6256
372	1314	8184
373	2573	7920
374	2828	8214
375	2791	8663
376	2379	8018
377	3130	5531
378	1674	7079
379	2690	6026
380	2863	6372
381	3045	5421
382	3695	5935
383	7253	1371
384	2822	6035
385	2779	6746
386	2264	6124
387	3077	5417
388	2592	5252
389	3001	7135
390	2198	6947
391	2419	6241
392	3503	3809
393	3756	5031
394	2841	5318
395	3335	5174
396	2943	5351
397	2043	7116
398	3108	5311
399	1170	9031
400	2552	5697
401	2286	7754
402	3335	5174
403	2894	5961
404	2023	6829
405	3198	5294
406	2050	6170
407	3365	5407
408	1362	8632
409	2894	7020
410	2345	8113
411	3940	5437
412	2842	6583
413	7253	1371
414	2389	5713
415	1808	7798
416	2915	7719
417	2455	5310
418	2348	7495
419	2783	7790
420	2307	5874
421	2653	5301
422	2515	6743
423	3275	5494
424	6589	1280
425	1820	9034
426	1332	7234
427	3940	5437
428	2209	6310
429	3953	4024
430	2406	5468
431	1408	8098
432	4221	4359
433	3310	4995
434	2714	6831
435	2543	6405
436	1988	7630
437	3243	5490
438	2286	7215
439	3010	5687
440	3917	5109
441	1066	8932
442	1612	6882
443	2021	7826
444	2307	5874
445	1066	8932
446	3465	5411
447	2697	6737
448	6967	1590
449	2728	7967
450	7173	1013
451	2551	7374
452	3401	5198
453	3198	5294
454	3347	5246
455	2948	5957
456	2455	5310
457	3465	5411
458	3010	5687
459	2364	7040
460	2762	6976
461	6967	1590
462	2857	5731
463	2414	6820
464	3311	5288
465	6721	1503
466	2089	6811
467	2363	7296
468	2876	7186
469	2515	6743
470	2307	5874
471	1338	8529
472	2653	5301
473	3130	5531
474	1722	6824
475	2612	6175
476	3040	5438
477	2690	6577
478	3031	8339
479	3347	5246
480	3130	5531
481	2894	7020
482	3297	5631
483	3010	5687
484	3001	7135
485	2984	6044
486	3183	5668
487	3066	7438
488	2997	7969
489	1082	8645
490	2770	7848
491	2169	6403
492	2307	5474
493	2770	7848
494	3508	5666
495	6589	1280
496	3114	5371
497	2959	5385
498	1512	8130
499	3198	7776
500	1857	7689
501	3296	5277
502	2050	6170
503	3917	5109
504	1729	7126
505	3525	4761
506	2021	7826
507	1808	7798
508	2097	7010
509	2570	5577
510	2573	7920
511	2389	5713
512	2089	6811
513	1531	6935
514	3051	4889
515	3010	5687
516	1685	6971
517	1866	6865
518	3346	5886
519	2562	5598
520	3226	6803
521	2928	5323
522	2612	6175
523	2423	6363
524	2279	6574
525	3701	4515
526	1368	8415
527	3150	5269
528	2954	5335
529	2137	6637
530	2731	7239
531	1368	8415
532	2988	7338
533	1869	6787
534	2345	8113
535	3021	6571
536	3027	5126
537	2598	6185
538	3154	5752
539	2423	6363
540	3311	5288
541	2900	5422
542	4221	4359
543	3503	3809
544	1820	9034
545	2810	6313
546	2859	6214
547	2653	5301
548	2643	5694
549	7532	411
550	3045	5421
551	2917	7134
552	2762	6976
553	2379	8018
554	1566	8293
555	4055	5056
556	2714	6831
557	2791	8663
558	3021	6571
559	3695	5935
560	3150	6648
561	2452	6312
562	3243	5364
563	2841	5318
564	3491	5587
565	3279	7049
566	1082	8645
567	2283	6340
568	2194	6644
569	1453	8492
570	3001	7135
571	4406	3364
572	3143	5116
573	2434	7509
574	3270	5343
575	6522	2910
576	3077	5417
577	3514	5276
578	3923	4969
579	3031	8339
580	2236	6575
581	2730	7268
582	2283	6340
583	2894	5961
584	1820	9034
585	1512	8130
586	2853	5655
587	1374	8763
588	3021	6571
589	2374	6492
590	2533	6147
591	3085	5456
592	2841	5318
593	1402	8660
594	1519	8170
595	2818	6191
596	2452	6312
597	3213	5528
598	3940	5437
599	2278	7089
600	6721	1503
601	3341	5485
602	2859	6214
603	2925	5537
604	3503	3809
605	2613	7981
606	3637	5055
607	3010	5687
608	3195	5761
609	3520	4850
610	3347	5246
611	1639	7266
612	2841	5318
613	3344	5347
614	3508	5666
615	1519	8170
616	1813	6150
617	2783	7790
618	3227	5545
619	3001	7135
620	2474	5460
621	2198	6947
622	2331	5904
623	2445	5585
624	3226	6803
625	2547	5279
626	2791	8663
627	3193	4645
628	2842	6583
629	0	9947
630	2050	6170
631	2348	5720
632	1314	8184
633	2800	7517
634	2472	7425
635	2728	7967
636	2728	7967
637	3108	5311
638	2117	6883
639	967	8937
640	2762	6976
641	2539	6778
642	2023	6829
643	2023	6829
644	2626	6070
645	1813	6150
646	2988	7338
647	2658	8195
648	3511	7291
649	2863	6372
650	2398	5502
651	1332	7234
652	1269	8983
653	2980	6687
654	2842	8013
655	2398	5502
656	2948	5957
657	2928	5323
658	2647	7953
659	2302	6601
660	1569	6933
661	3106	7266
662	2670	6114
663	6859	1606
664	3228	4974
665	2653	5301
666	2278	7089
667	3170	5420
668	2267	6111
669	2885	7226
670	2730	7268
671	2963	7294
672	2990	5572
673	2959	5385
674	3923	4969
675	2117	6883
676	2670	6114
677	2602	6505
678	1811	7159
679	2023	6829
680	1362	8632
681	2592	5252
682	2980	6687
683	2445	5585
684	3051	4889
685	2959	5385
686	3675	4750
687	2841	7994
688	2562	5598
689	2406	5468
690	2101	6231
691	3917	5109
692	2762	6976
693	2976	7872
694	2409	5766
695	2689	6279
696	1767	7619
697	2331	5904
698	2169	6403
699	2863	5546
700	2731	7239
701	2331	5904
702	2899	7063
703	2853	5655
704	1402	8660
705	2670	5873
706	3085	7234
707	1758	6384
708	3040	5438
709	3637	5055
710	1189	8886
711	3701	4515
712	3154	5752
713	2853	5655
714	2389	5713
715	2592	5252
716	1739	6715
717	3525	4761
718	2168	6591
719	4406	3364
720	2404	5878
721	3567	5284
722	2963	7294
723	3253	4813
724	3241	4887
725	2378	7567
726	3108	5311
727	1796	7064
728	2021	7826
729	3310	5803
730	2925	8006
731	3711	4060
732	2689	6279
733	1883	6649
734	2885	5290
735	3150	6648
736	1362	8632
737	1705	6594
738	2236	6575
739	1369	8071
740	3270	5343
741	2857	5731
742	1729	7126
743	2730	7268
744	2379	8018
745	3010	5687
746	2307	5874
747	6589	1280
748	2658	5539
749	2849	5733
750	2650	5056
751	2741	6454
752	2307	5874
753	2928	5323
754	3525	4761
755	2378	7567
756	3301	4774
757	3051	4889
758	3953	4024
759	1767	7619
760	4055	5056
761	3198	7776
762	2928	5323
763	3756	5031
764	1988	7630
765	2087	6606
766	2370	7709
767	3284	5972
768	2741	6454
769	2925	5537
770	1811	7401
771	2138	6531
772	3243	5490
773	3796	4749
774	3301	4774
775	3520	4850
776	1739	6715
777	2697	6737
778	1811	7401
779	2697	6737
780	2730	7268
781	2406	5468
782	3438	5169
783	1451	8512
784	2485	6729
785	2961	5394
786	1368	8415
787	1857	7689
788	2818	6191
789	2363	7296
790	2847	5496
791	2370	7709
792	2325	6133
793	3943	4905
794	3312	4527
795	1819	7033
796	2562	5598
797	3040	5417
798	2097	7010
799	2643	5694
800	1808	7798
801	1811	7401
802	2485	6729
803	3056	5101
804	967	8937
805	3198	5294
806	2539	6778
807	2856	5417
808	3083	4560
809	2728	7967
810	2434	7509
811	2690	8199
812	2858	6859
813	3363	4609
814	3198	7776
815	3010	4995
816	2361	7056
817	2448	6446
818	2531	5227
819	2876	7186
820	3195	5761
821	2209	6310
822	3106	7266
823	3558	4957
824	2789	5304
825	3438	5169
826	2689	6279
827	2612	6175
828	3108	5311
829	3595	5210
830	2209	6310
831	2371	6265
832	2361	6803
833	3040	5417
834	1408	8098
835	3178	7979
836	3726	5389
837	2617	7795
838	1811	7159
839	1759	7645
840	2398	5502
841	2826	4915
842	3454	5349
843	2556	7175
844	2547	5279
845	3675	4750
846	3635	5490
847	3454	5349
848	3193	4645
849	1869	6787
850	2434	6443
851	2763	5802
852	2685	5612
DEMAND_SECTION
1	0
2	9
3	4
4	6
5	5
6	5
7	5
8	5
9	6
10	8
11	5
12	5
13	7
14	9
15	5
16	7
17	9
18	5
19	5
20	5
21	5
22	8
23	6
24	5
25	6
26	4
27	5
28	7
29	6
30	4
31	4
32	8
33	6
34	6
35	9
36	5
37	5
38	6
39	4
40	7
41	5
42	9
43	6
44	9
45	5
46	8
47	11
48	5
49	5
50	4
51	6
52	6
53	11
54	5
55	7
56	4
57	9
58	8
59	4
60	7
61	6
62	11
63	5
64	5
65	6
66	6
67	5
68	4
69	5
70	4
71	6
72	4
73	3
74	5
75	5
76	5
77	4
78	4
79	6
80	18
81	4
82	5
83	6
84	5
85	11
86	5
87	4
88	6
89	7
90	7
91	4
92	4
93	5
94	4
95	11
96	5
97	6
98	4
99	5
100	6
101	5
102	7
103	18
104	5
105	5
106	5
107	5
108	4
109	3
110	5
111	5
112	5
113	11
114	7
115	8
116	6
117	4
118	8
119	7
120	8
121	11
122	5
123	6
124	3
125	7
126	9
127	4
128	4
129	6
130	4
131	7
132	7
133	5
134	5
135	8
136	7
137	10
138	5
139	10
140	4
141	6
142	5
143	7
144	4
145	5
146	6
147	9
148	10
149	6
150	6
151	4
152	8
153	5
154	6
155	6
156	5
157	9
158	7
159	9
160	8
161	7
162	7
163	4
164	13
165	6
166	6
167	5
168	5
169	4
170	12
171	11
172	9
173	7
174	4
175	7
176	5
177	6
178	8
179	3
180	7
181	4
182	7
183	8
184	8
185	7
186	8
187	6
188	7
189	6
190	6
191	7
192	5
193	6
194	11
195	5
196	6
197	5
198	3
199	11
200	5
201	6
202	5
203	7
204	8
205	5
206	7
207	4
208	8
209	5
210	7
211	9
212	4
213	9
214	8
215	4
216	8
217	5
218	6
219	4
220	6
221	4
222	9
223	4
224	7
225	9
226	4
227	5
228	4
229	12
230	5
231	5
232	7
233	7
234	4
235	4
236	7
237	10
238	5
239	5
240	8
241	7
242	9
243	8
244	6
245	6
246	7
247	6
248	6
249	4
250	10
251	9
252	4
253	6
254	6
255	5
256	7
257	4
258	8
259	3
260	4
261	6
262	10
263	4
264	5
265	5
266	6
267	4
268	6
269	3
270	16
271	4
272	13
273	5
274	8
275	6
276	6
277	5
278	7
279	5
280	7
281	5
282	14
283	5
284	7
285	3
286	6
287	4
288	9
289	3
290	6
291	3
292	7
293	5
294	7
295	9
296	5
297	5
298	5
299	6
300	8
301	6
302	4
303	6
304	6
305	8
306	6
307	5
308	4
309	5
310	7
311	13
312	8
313	9
314	6
315	13
316	6
317	5
318	7
319	9
320	8
321	5
322	10
323	6
324	5
325	6
326	4
327	3
328	6
329	4
330	8
331	8
332	3
333	7
334	6
335	7
336	7
337	11
338	5
339	4
340	9
341	4
342	5
343	4
344	7
345	7
346	10
347	6
348	6
349	3
350	4
351	4
352	7
353	10
354	6
355	4
356	8
357	4
358	3
359	5
360	6
361	5
362	6
363	8
364	5
365	7
366	5
367	10
368	10
369	8
370	7
371	4
372	4
373	6
374	4
375	7
376	8
377	5
378	3
379	6
380	6
381	5
382	5
383	9
384	7
385	4
386	13
387	4
388	4
389	4
390	5
391	3
392	4
393	5
394	4
395	3
396	6
397	5
398	5
399	5
400	4
401	7
402	3
403	6
404	6
405	9
406	6
407	4
408	5
409	6
410	3
411	8
412	11
413	3
414	4
415	5
416	7
417	9
418	3
419	5
420	7
421	5
422	3
423	7
424	8
425	9
426	5
427	5
428	6
429	7
430	9
431	5
432	5
433	4
434	6
435	10
436	5
437	8
438	7
439	7
440	11
441	4
442	6
443	4
444	5
445	5
446	5
447	9
448	6
449	6
450	5
451	10
452	5
453	9
454	6
455	6
456	12
457	6
458	6
459	7
460	7
461	7
462	8
463	6
464	5
465	5
466	7
467	7
468	6
469	7
470	5
471	5
472	4
473	4
474	6
475	8
476	6
477	5
478	6
479	6
480	9
481	4
482	5
483	6
484	5
485	3
486	7
487	7
488	6
489	7
490	9
491	11
492	5
493	12
494	4
495	6
496	7
497	5
498	7
499	4
500	6
501	8
502	8
503	12
504	8
505	4
506	7
507	18
508	6
509	5
510	8
511	7
512	4
513	13
514	6
515	6
516	4
517	5
518	9
519	5
520	7
521	7
522	8
523	7
524	5
525	5
526	5
527	7
528	5
529	3
530	7
531	5
532	5
533	7
534	9
535	9
536	5
537	9
538	10
539	6
540	6
541	5
542	9
543	6
544	8
545	4
546	4
547	8
548	6
549	6
550	5
551	7
552	9
553	6
554	11
555	7
556	5
557	6
558	4
559	5
560	5
561	4
562	7
563	6
564	8
565	7
566	7
567	5
568	5
569	6
570	10
571	7
572	6
573	8
574	6
575	4
576	9
577	4
578	7
579	10
580	4
581	5
582	11
583	7
584	5
585	7
586	5
587	9
588	4
589	7
590	4
591	5
592	5
593	8
594	8
595	8
596	4
597	7
598	9
599	7
600	5
601	3
602	7
603	11
604	5
605	5
606	8
607	4
608	4
609	9
610	9
611	5
612	5
613	5
614	6
615	7
616	7
617	4
618	6
619	6
620	5
621	5
622	4
623	4
624	6
625	7
626	10
627	6
628	4
629	8
630	7
631	5
632	4
633	7
634	5
635	9
636	7
637	4
638	5
639	11
640	4
641	11
642	8
643	7
644	5
645	5
646	6
647	7
648	6
649	5
650	6
651	7
652	9
653	8
654	4
655	4
656	8
657	7
658	3
659	8
660	5
661	8
662	5
663	5
664	6
665	8
666	4
667	5
668	4
669	3
670	5
671	18
672	6
673	11
674	5
675	5
676	7
677	4
678	6
679	5
680	6
681	6
682	16
683	9
684	6
685	5
686	5
687	7
688	5
689	4
690	8
691	12
692	4
693	5
694	5
695	4
696	4
697	3
698	9
699	5
700	4
701	9
702	6
703	10
704	4
705	9
706	8
707	4
708	8
709	8
710	7
711	4
712	5
713	5
714	7
715	8
716	11
717	7
718	4
719	7
720	7
721	10
722	14
723	7
724	7
725	7
726	4
727	4
728	8
729	7
730	7
731	6
732	10
733	5
734	4
735	6
736	5
737	7
738	6
739	5
740	5
741	5
742	3
743	5
744	4
745	5
746	6
747	6
748	4
749	6
750	5
751	8
752	8
753	8
754	5
755	8
756	4
757	9
758	8
759	7
760	6
761	5
762	11
763	4
764	6
765	10
766	6
767	9
768	4
769	7
770	4
771	4
772	9
773	5
774	5
775	9
776	6
777	4
778	5
779	11
780	9
781	11
782	8
783	5
784	8
785	8
786	4
787	5
788	4
789	5
790	7
791	18
792	6
793	5
794	4
795	10
796	5
797	5
798	8
799	5
800	6
801	6
802	7
803	3
804	7
805	7
806	6
807	5
808	3
809	6
810	4
811	3
812	6
813	5
814	4
815	7
816	7
817	6
818	8
819	3
820	8
821	5
822	5
823	7
824	4
825	4
826	8
827	7
828	5
829	4
830	7
831	6
832	7
833	7
834	5
835	5
836	4
837	4
838	4
839	6
840	7
841	5
842	10
843	4
844	7
845	4
846	8
847	7
848	5
849	6
850	4
851	4
852	4
DEPOT_SECTION
1
-1
SERVICE_TIME_SECTION
1	0
2	360
3	540
4	900
5	360
6	780
7	300
8	480
9	240
10	360
11	240
12	300
13	420
14	300
15	480
16	360
17	480
18	300
19	420
20	600
21	720
22	480
23	240
24	660
25	480
26	420
27	360
28	300
29	360
30	480
31	300
32	240
33	540
34	420
35	660
36	240
37	420
38	720
39	540
40	240
41	240
42	300
43	360
44	360
45	720
46	480
47	660
48	540
49	660
50	360
51	300
52	660
53	540
54	360
55	300
56	240
57	240
58	300
59	420
60	540
61	600
62	720
63	240
64	660
65	420
66	480
67	600
68	540
69	840
70	420
71	420
72	960
73	900
74	420
75	240
76	300
77	960
78	300
79	360
80	360
81	300
82	540
83	480
84	360
85	240
86	540
87	360
88	540
89	360
90	660
91	240
92	420
93	360
94	420
95	300
96	600
97	720
98	600
99	480
100	660
101	300
102	480
103	540
104	1020
105	480
106	660
107	360
108	360
109	720
110	480
111	420
112	480
113	900
114	420
115	240
116	540
117	480
118	480
119	600
120	660
121	420
122	900
123	480
124	300
125	300
126	480
127	360
128	480
129	720
130	420
131	360
132	540
133	720
134	240
135	300
136	540
137	420
138	540
139	420
140	420
141	600
142	300
143	540
144	240
145	420
146	420
147	300
148	600
149	360
150	300
151	420
152	420
153	360
154	420
155	480
156	540
157	300
158	300
159	480
160	300
161	600
162	360
163	540
164	480
165	660
166	480
167	480
168	840
169	600
170	300
171	240
172	900
173	480
174	300
175	240
176	540
177	420
178	600
179	540
180	420
181	600
182	420
183	360
184	420
185	540
186	420
187	240
188	960
189	420
190	900
191	540
192	480
193	300
194	600
195	300
196	780
197	420
198	300
199	300
200	300
201	660
202	660
203	600
204	600
205	360
206	540
207	480
208	420
209	480
210	240
211	660
212	300
213	360
214	240
215	360
216	660
217	480
218	660
219	360
220	300
221	600
222	720
223	720
224	420
225	300
226	300
227	720
228	480
229	480
230	540
231	660
232	480
233	600
234	360
235	480
236	240
237	840
238	360
239	420
240	300
241	900
242	540
243	300
244	480
245	540
246	240
247	660
248	420
249	540
250	360
251	420
252	360
253	360
254	360
255	660
256	300
257	780
258	600
259	420
260	480
261	720
262	360
263	360
264	360
265	660
266	480
267	240
268	240
269	420
270	600
271	480
272	720
273	660
274	300
275	600
276	840
277	300
278	480
279	720
280	540
281	600
282	360
283	600
284	480
285	480
286	420
287	300
288	480
289	420
290	600
291	240
292	360
293	360
294	660
295	480
296	660
297	240
298	540
299	360
300	300
301	600
302	420
303	600
304	540
305	420
306	660
307	600
308	300
309	480
310	360
311	540
312	600
313	360
314	240
315	540
316	660
317	600
318	360
319	600
320	360
321	660
322	480
323	360
324	420
325	300
326	300
327	1140
328	540
329	540
330	540
331	780
332	240
333	600
334	660
335	960
336	300
337	600
338	780
339	780
340	420
341	480
342	600
343	540
344	420
345	420
346	480
347	780
348	660
349	360
350	420
351	600
352	480
353	420
354	420
355	480
356	420
357	420
358	480
359	660
360	540
361	540
362	540
363	360
364	600
365	300
366	660
367	1200
368	660
369	480
370	540
371	480
372	300
373	480
374	480
375	720
376	660
377	720
378	600
379	480
380	360
381	540
382	360
383	720
384	480
385	360
386	240
387	600
388	660
389	420
390	540
391	660
392	720
393	420
394	360
395	300
396	660
397	300
398	240
399	360
400	360
401	720
402	240
403	540
404	300
405	240
406	840
407	360
408	600
409	780
410	480
411	780
412	720
413	240
414	420
415	360
416	540
417	480
418	420
419	360
420	480
421	240
422	540
423	420
424	420
425	900
426	660
427	420
428	300
429	420
430	720
431	600
432	480
433	420
434	420
435	600
436	240
437	480
438	480
439	660
440	660
441	420
442	540
443	480
444	780
445	660
446	300
447	420
448	480
449	300
450	540
451	420
452	480
453	540
454	480
455	300
456	240
457	720
458	420
459	960
460	300
461	240
462	300
463	600
464	540
465	240
466	420
467	480
468	300
469	600
470	480
471	660
472	420
473	240
474	360
475	240
476	720
477	600
478	600
479	960
480	300
481	300
482	360
483	240
484	240
485	300
486	720
487	420
488	240
489	300
490	540
491	660
492	480
493	300
494	420
495	960
496	300
497	480
498	360
499	240
500	240
501	480
502	720
503	660
504	420
505	540
506	420
507	660
508	720
509	540
510	480
511	300
512	600
513	360
514	420
515	480
516	660
517	540
518	360
519	480
520	300
521	600
522	420
523	960
524	540
525	1020
526	360
527	240
528	420
529	600
530	300
531	300
532	300
533	300
534	480
535	660
536	660
537	420
538	360
539	300
540	540
541	780
542	360
543	300
544	300
545	480
546	360
547	420
548	360
549	540
550	600
551	480
552	420
553	600
554	240
555	360
556	360
557	840
558	480
559	540
560	360
561	420
562	660
563	660
564	780
565	360
566	420
567	480
568	360
569	480
570	660
571	360
572	720
573	480
574	660
575	300
576	480
577	600
578	840
579	540
580	600
581	420
582	660
583	480
584	240
585	360
586	840
587	240
588	360
589	720
590	480
591	600
592	420
593	240
594	540
595	240
596	360
597	960
598	540
599	720
600	780
601	300
602	300
603	360
604	240
605	360
606	360
607	420
608	360
609	540
610	540
611	420
612	600
613	600
614	360
615	660
616	480
617	600
618	660
619	540
620	720
621	420
622	300
623	300
624	600
625	660
626	540
627	300
628	600
629	660
630	360
631	420
632	300
633	360
634	540
635	240
636	480
637	420
638	360
639	960
640	660
641	600
642	480
643	660
644	420
645	420
646	600
647	420
648	480
649	540
650	360
651	300
652	720
653	480
654	360
655	600
656	300
657	420
658	480
659	420
660	240
661	300
662	300
663	300
664	540
665	360
666	840
667	240
668	420
669	540
670	540
671	240
672	780
673	360
674	360
675	600
676	540
677	240
678	540
679	480
680	300
681	480
682	420
683	660
684	420
685	660
686	420
687	960
688	540
689	420
690	300
691	780
692	480
693	360
694	720
695	420
696	420
697	780
698	1200
699	780
700	720
701	240
702	360
703	420
704	840
705	540
706	480
707	960
708	540
709	660
710	540
711	420
712	240
713	780
714	600
715	300
716	660
717	420
718	300
719	540
720	240
721	420
722	240
723	480
724	300
725	480
726	420
727	240
728	300
729	660
730	420
731	420
732	540
733	360
734	540
735	540
736	540
737	780
738	540
739	420
740	780
741	300
742	420
743	360
744	540
745	540
746	360
747	480
748	840
749	600
750	480
751	480
752	660
753	420
754	240
755	420
756	300
757	360
758	480
759	360
760	300
761	360
762	420
763	900
764	420
765	540
766	420
767	960
768	540
769	660
770	480
771	720
772	420
773	660
774	300
775	300
776	420
777	780
778	240
779	360
780	240
781	240
782	480
783	420
784	480
785	540
786	720
787	300
788	360
789	360
790	300
791	660
792	300
793	540
794	540
795	360
796	420
797	600
798	360
799	360
800	360
801	240
802	420
803	360
804	780
805	360
806	720
807	660
808	540
809	240
810	960
811	900
812	300
813	240
814	600
815	420
816	540
817	420
818	720
819	540
820	540
821	480
822	780
823	360
824	540
825	480
826	300
827	600
828	540
829	540
830	540
831	540
832	480
833	780
834	360
835	900
836	840
837	840
838	900
839	300
840	300
841	420
842	660
843	480
844	240
845	420
846	480
847	660
848	300
849	360
850	480
851	420
852	360
TIME_WINDOW_SECTION
1	0	45000
2	5400	12300
3	19800	26700
4	19800	26700
5	10800	30300
6	12600	19500
7	12600	19500
8	16200	26700
9	12600	19500
10	19800	26700
11	5400	12300
12	12600	19500
13	19800	26700
14	14400	33900
15	10800	30300
16	5400	12300
17	10800	29700
18	14400	33900
19	19800	26700
20	5400	12300
21	12600	19500
22	12600	19500
23	9000	15900
24	12600	19500
25	12600	19500
26	14400	33900
27	23400	29700
28	9000	15900
29	10800	30300
30	23400	30300
31	12600	19500
32	23400	30300
33	19800	26700
34	19800	26700
35	12600	19500
36	19800	26700
37	19800	26700
38	16200	26700
39	9000	15300
40	16200	22500
41	10800	30300
42	10800	30300
43	5400	12300
44	5400	12300
45	12600	19500
46	12600	19500
47	14400	33900
48	19800	26700
49	10800	29700
50	19800	26700
51	5400	12300
52	10800	30300
53	9000	15900
54	23400	29700
55	9000	15900
56	18000	36900
57	19800	26700
58	19800	26700
59	19800	26700
60	16200	26700
61	19800	26700
62	9000	15900
63	12600	19500
64	23400	30300
65	5400	11700
66	9000	15900
67	23400	30300
68	19800	26700
69	19800	26700
70	14400	33900
71	10800	30300
72	16200	23100
73	19800	26700
74	16200	26700
75	5400	12300
76	9000	19500
77	19800	26700
78	5400	12300
79	19800	26700
80	12600	19500
81	12600	19500
82	12600	19500
83	12600	19500
84	10800	29700
85	12600	19500
86	9000	19500
87	16200	26700
88	9000	19500
89	23400	30300
90	23400	30300
91	9000	19500
92	19800	26700
93	12600	19500
94	12600	19500
95	16200	26700
96	23400	30300
97	23400	30300
98	19800	26700
99	5400	12300
100	23400	30300
101	23400	30300
102	5400	12300
103	10800	30300
104	12600	19500
105	12600	19500
106	19800	26700
107	12600	19500
108	9000	15300
109	19800	26700
110	5400	12300
111	12600	19500
112	16200	22500
113	23400	30300
114	12600	19500
115	12600	19500
116	16200	23100
117	9000	15900
118	16200	23100
119	9000	19500
120	9000	19500
121	9000	19500
122	5400	12300
123	12600	19500
124	23400	30300
125	12600	19500
126	10800	29700
127	5400	12300
128	12600	19500
129	9000	15300
130	12600	19500
131	12600	19500
132	16200	26700
133	9000	15900
134	19800	26100
135	10800	30300
136	19800	26700
137	9000	19500
138	23400	30300
139	12600	19500
140	19800	26700
141	9000	15900
142	9000	19500
143	9000	19500
144	14400	33900
145	12600	19500
146	10800	30300
147	23400	30300
148	12600	19500
149	12600	19500
150	19800	26700
151	16200	26700
152	23400	30300
153	16200	26700
154	14400	33900
155	10800	30300
156	9000	15900
157	9000	15900
158	5400	12300
159	19800	26700
160	23400	30300
161	10800	30300
162	23400	30300
163	12600	18900
164	19800	26700
165	10800	30300
166	19800	26700
167	19800	26700
168	16200	23100
169	12600	19500
170	5400	12300
171	10800	30300
172	12600	19500
173	19800	26700
174	14400	33900
175	19800	26700
176	5400	12300
177	19800	26700
178	12600	19500
179	5400	12300
180	10800	29700
181	19800	26700
182	5400	12300
183	23400	30300
184	10800	30300
185	9000	15900
186	16200	23100
187	23400	30300
188	14400	33900
189	23400	30300
190	9000	15900
191	10800	30300
192	19800	26700
193	23400	30300
194	19800	26700
195	10800	30300
196	19800	26700
197	9000	19500
198	14400	33900
199	12600	19500
200	23400	30300
201	9000	15900
202	5400	12300
203	9000	15300
204	14400	33900
205	19800	26700
206	23400	30300
207	5400	12300
208	23400	30300
209	19800	26700
210	19800	26700
211	5400	12300
212	14400	33900
213	9000	15900
214	9000	19500
215	14400	33900
216	12600	19500
217	12600	19500
218	5400	12300
219	10800	30300
220	12600	19500
221	12600	19500
222	23400	30300
223	12600	19500
224	16200	26700
225	10800	30300
226	12600	19500
227	9000	15300
228	16200	22500
229	23400	30300
230	9000	19500
231	19800	26700
232	12600	19500
233	5400	12300
234	19800	26700
235	14400	33900
236	9000	19500
237	23400	30300
238	23400	30300
239	12600	19500
240	23400	30300
241	5400	12300
242	16200	23100
243	23400	30300
244	10800	30300
245	9000	15900
246	19800	26700
247	12600	19500
248	19800	26700
249	9000	15900
250	23400	30300
251	23400	30300
252	16200	23100
253	5400	12300
254	19800	26700
255	12600	19500
256	12600	19500
257	5400	12300
258	14400	33900
259	12600	19500
260	23400	30300
261	16200	26700
262	12600	19500
263	12600	19500
264	19800	26700
265	16200	26700
266	9000	19500
267	5400	12300
268	19800	26700
269	10800	30300
270	16200	22500
271	9000	19500
272	10800	30300
273	12600	19500
274	23400	30300
275	12600	19500
276	12600	19500
277	5400	12300
278	9000	19500
279	19800	26700
280	5400	12300
281	5400	11700
282	16200	23100
283	9000	15900
284	16200	23100
285	16200	23100
286	9000	15900
287	9000	15900
288	10800	30300
289	12600	19500
290	10800	30300
291	16200	23100
292	5400	12300
293	9000	15900
294	5400	12300
295	23400	30300
296	23400	30300
297	19800	26700
298	14400	33900
299	9000	15900
300	5400	12300
301	23400	30300
302	16200	23100
303	19800	26700
304	5400	12300
305	23400	30300
306	9000	15900
307	12600	19500
308	23400	30300
309	14400	33900
310	23400	30300
311	19800	26700
312	12600	19500
313	10800	30300
314	9000	15900
315	9000	15900
316	23400	30300
317	10800	30300
318	10800	30300
319	5400	12300
320	23400	30300
321	12600	19500
322	23400	30300
323	10800	30300
324	18000	36900
325	9000	15300
326	12600	19500
327	16200	23100
328	16200	26700
329	19800	26700
330	10800	30300
331	9000	15300
332	9000	15300
333	14400	33900
334	10800	30300
335	23400	30300
336	12600	19500
337	14400	33900
338	9000	15900
339	9000	15900
340	12600	19500
341	9000	19500
342	12600	19500
343	16200	26700
344	19800	26700
345	14400	33900
346	12600	19500
347	12600	18900
348	23400	30300
349	9000	19500
350	16200	26700
351	16200	23100
352	16200	26700
353	14400	33900
354	19800	26700
355	23400	30300
356	19800	26700
357	9000	15900
358	10800	29700
359	12600	19500
360	10800	30300
361	23400	30300
362	12600	19500
363	12600	19500
364	10800	30300
365	19800	26700
366	16200	23100
367	23400	30300
368	19800	26700
369	12600	19500
370	16200	23100
371	23400	30300
372	10800	30300
373	14400	33900
374	14400	33900
375	12600	19500
376	19800	26700
377	19800	26700
378	10800	30300
379	19800	26700
380	23400	30300
381	9000	15900
382	12600	19500
383	12600	19500
384	9000	15900
385	16200	26100
386	14400	33900
387	23400	30300
388	10800	30300
389	12600	18900
390	12600	19500
391	9000	15300
392	14400	33900
393	9000	19500
394	23400	30300
395	9000	15900
396	14400	33900
397	23400	30300
398	10800	30300
399	9000	15900
400	16200	26700
401	16200	23100
402	12600	19500
403	9000	19500
404	9000	19500
405	9000	15300
406	19800	26700
407	19800	26100
408	9000	15900
409	9000	19500
410	10800	29700
411	12600	19500
412	14400	33900
413	14400	33900
414	19800	26700
415	12600	19500
416	19800	26700
417	9000	15900
418	9000	15900
419	12600	19500
420	12600	19500
421	16200	23100
422	16200	26700
423	23400	30300
424	10800	30300
425	14400	33900
426	10800	29700
427	10800	30300
428	12600	19500
429	16200	23100
430	9000	15900
431	23400	30300
432	16200	23100
433	23400	30300
434	9000	19500
435	14400	33900
436	12600	19500
437	10800	30300
438	9000	15300
439	9000	19500
440	23400	30300
441	12600	19500
442	14400	33900
443	16200	23100
444	14400	33300
445	19800	26700
446	9000	18900
447	23400	29700
448	23400	30300
449	23400	30300
450	14400	33900
451	19800	26700
452	23400	30300
453	10800	30300
454	16200	26700
455	16200	23100
456	16200	26700
457	12600	19500
458	19800	26700
459	23400	30300
460	9000	15900
461	23400	30300
462	23400	30300
463	19800	26700
464	19800	26700
465	10800	30300
466	16200	23100
467	9000	19500
468	16200	26700
469	16200	26700
470	19800	26700
471	16200	23100
472	10800	30300
473	12600	19500
474	12600	19500
475	19800	26700
476	16200	26700
477	10800	30300
478	12600	19500
479	12600	19500
480	23400	30300
481	23400	29700
482	12600	19500
483	16200	26100
484	9000	15900
485	19800	26700
486	14400	33900
487	19800	26700
488	16200	23100
489	12600	19500
490	19800	26700
491	10800	30300
492	12600	19500
493	16200	26700
494	19800	26700
495	16200	26700
496	19800	26700
497	14400	33900
498	9000	19500
499	19800	26700
500	12600	19500
501	16200	23100
502	19800	26700
503	16200	26700
504	14400	33900
505	19800	26700
506	12600	19500
507	9000	15900
508	12600	19500
509	12600	19500
510	14400	33900
511	12600	19500
512	23400	30300
513	10800	30300
514	10800	30300
515	14400	33900
516	12600	19500
517	23400	30300
518	19800	26700
519	9000	15900
520	9000	19500
521	19800	26700
522	16200	26700
523	9000	19500
524	23400	30300
525	19800	26700
526	16200	23100
527	16200	23100
528	10800	30300
529	23400	30300
530	12600	19500
531	23400	30300
532	14400	33900
533	19800	26700
534	12600	19500
535	16200	23100
536	16200	23100
537	12600	19500
538	19800	26700
539	10800	30300
540	14400	33900
541	12600	19500
542	16200	22500
543	12600	19500
544	19800	26700
545	9000	19500
546	16200	23100
547	19800	26700
548	19800	26100
549	16200	23100
550	19800	26700
551	16200	23100
552	19800	26700
553	10800	30300
554	16200	22500
555	23400	30300
556	10800	30300
557	16200	23100
558	16200	23100
559	19800	26700
560	19800	26700
561	16200	26700
562	9000	19500
563	23400	30300
564	9000	19500
565	16200	23100
566	10800	30300
567	23400	30300
568	23400	29700
569	19800	26700
570	18000	36900
571	23400	30300
572	23400	30300
573	16200	26700
574	23400	30300
575	23400	30300
576	19800	26700
577	9000	19500
578	16200	26100
579	19800	26700
580	16200	26700
581	16200	26700
582	12600	19500
583	9000	19500
584	19800	26700
585	23400	30300
586	23400	30300
587	12600	19500
588	23400	30300
589	19800	26700
590	16200	26700
591	10800	30300
592	10800	30300
593	16200	26700
594	12600	19500
595	12600	19500
596	14400	33300
597	16200	26700
598	10800	30300
599	12600	19500
600	19800	26700
601	19800	26700
602	19800	26700
603	19800	26700
604	19800	26700
605	16200	23100
606	19800	26700
607	9000	19500
608	23400	30300
609	12600	19500
610	12600	19500
611	12600	19500
612	19800	26700
613	12600	19500
614	12600	19500
615	19800	26700
616	19800	26700
617	16200	26700
618	16200	26700
619	23400	30300
620	16200	23100
621	10800	29700
622	23400	30300
623	12600	19500
624	23400	30300
625	16200	23100
626	10800	29700
627	12600	19500
628	19800	26700
629	16200	23100
630	14400	33900
631	19800	26700
632	23400	30300
633	9000	19500
634	9000	19500
635	23400	30300
636	16200	26700
637	18000	36900
638	12600	19500
639	19800	26700
640	23400	30300
641	14400	33900
642	9000	19500
643	10800	30300
644	12600	19500
645	12600	19500
646	16200	26700
647	23400	30300
648	23400	30300
649	19800	26700
650	23400	29700
651	14400	33900
652	10800	29700
653	16200	22500
654	19800	26700
655	14400	33900
656	14400	33900
657	10800	30300
658	10800	30300
659	12600	19500
660	10800	30300
661	14400	33900
662	14400	33900
663	10800	30300
664	19800	26700
665	23400	30300
666	12600	19500
667	23400	30300
668	12600	19500
669	16200	22500
670	16200	26700
671	9000	19500
672	23400	30300
673	16200	23100
674	19800	26700
675	12600	19500
676	19800	26700
677	14400	33900
678	23400	30300
679	19800	26700
680	16200	26700
681	19800	26700
682	14400	33900
683	10800	30300
684	23400	30300
685	19800	26700
686	16200	26700
687	12600	19500
688	23400	30300
689	9000	19500
690	19800	26700
691	10800	30300
692	14400	33900
693	23400	30300
694	19800	26700
695	23400	30300
696	9000	19500
697	12600	19500
698	23400	30300
699	14400	33900
700	16200	23100
701	16200	23100
702	16200	26700
703	10800	29700
704	14400	33900
705	23400	30300
706	19800	26700
707	23400	30300
708	23400	30300
709	19800	26700
710	23400	30300
711	23400	30300
712	23400	30300
713	23400	30300
714	16200	26100
715	23400	30300
716	19800	26700
717	16200	26700
718	19800	26700
719	23400	30300
720	10800	30300
721	14400	33900
722	10800	30300
723	18000	36900
724	23400	30300
725	16200	22500
726	14400	33300
727	16200	23100
728	19800	26700
729	19800	26700
730	10800	30300
731	23400	30300
732	10800	30300
733	16200	26700
734	19800	26700
735	10800	30300
736	23400	30300
737	23400	30300
738	10800	30300
739	16200	26700
740	19800	26700
741	14400	33900
742	14400	33900
743	16200	26700
744	23400	30300
745	19800	26700
746	19800	26700
747	23400	30300
748	16200	23100
749	19800	26700
750	19800	26700
751	23400	30300
752	23400	30300
753	10800	30300
754	10800	30300
755	23400	30300
756	19800	26700
757	10800	30300
758	23400	30300
759	14400	33900
760	19800	26700
761	16200	26700
762	23400	30300
763	10800	30300
764	10800	30300
765	19800	26700
766	19800	26700
767	14400	33900
768	10800	30300
769	10800	30300
770	19800	26700
771	14400	33900
772	23400	30300
773	23400	30300
774	10800	30300
775	14400	33900
776	14400	33900
777	19800	26700
778	19800	26700
779	19800	26700
780	19800	26700
781	23400	30300
782	14400	33900
783	19800	26700
784	23400	30300
785	14400	33900
786	14400	33900
787	14400	33900
788	10800	30300
789	14400	33900
790	10800	30300
791	14400	33900
792	19800	26700
793	23400	30300
794	19800	26700
795	19800	26700
796	19800	26700
797	19800	26700
798	10800	30300
799	19800	26700
800	23400	30300
801	16200	23100
802	19800	26700
803	10800	30300
804	10800	30300
805	10800	30300
806	10800	30300
807	10800	30300
808	23400	30300
809	19800	26100
810	14400	33900
811	19800	26700
812	19800	26700
813	18000	36900
814	23400	30300
815	23400	30300
816	23400	30300
817	19800	26700
818	23400	30300
819	10800	30300
820	23400	30300
821	19800	26700
822	19800	26700
823	19800	26700
824	10800	30300
825	23400	30300
826	23400	30300
827	19800	26700
828	19800	26700
829	14400	33900
830	10800	30300
831	14400	33900
832	10800	29700
833	19800	26700
834	23400	30300
835	16200	26700
836	16200	26700
837	19800	26100
838	23400	30300
839	14400	33900
840	10800	30300
841	19800	26700
842	19800	26700
843	18000	36900
844	19800	26700
845	14400	33900
846	14400	33900
847	14400	33900
848	19800	26700
849	10800	30300
850	23400	30300
851	10800	30300
852	10800	30300
RELEASE_TIME_SECTION
1	0
2	5400
3	5400
4	5400
5	5400
6	5400
7	5400
8	5400
9	5400
10	5400
11	5400
12	5400
13	5400
14	5400
15	5400
16	5400
17	5400
18	5400
19	5400
20	5400
21	5400
22	5400
23	5400
24	5400
25	5400
26	5400
27	5400
28	5400
29	5400
30	5400
31	5400
32	5400
33	5400
34	5400
35	5400
36	5400
37	5400
38	5400
39	5400
40	5400
41	5400
42	5400
43	5400
44	5400
45	5400
46	5400
47	5400
48	5400
49	5400
50	5400
51	5400
52	5400
53	5400
54	5400
55	5400
56	5400
57	5400
58	5400
59	5400
60	5400
61	5400
62	5400
63	5400
64	5400
65	5400
66	5400
67	5400
68	5400
69	5400
70	5400
71	5400
72	5400
73	5400
74	5400
75	5400
76	5400
77	5400
78	5400
79	5400
80	5400
81	5400
82	5400
83	5400
84	5400
85	5400
86	5400
87	5400
88	5400
89	5400
90	5400
91	5400
92	5400
93	5400
94	5400
95	5400
96	5400
97	5400
98	5400
99	5400
100	5400
101	7200
102	7200
103	7200
104	7200
105	7200
106	7200
107	7200
108	7200
109	7200
110	7200
111	7200
112	7200
113	7200
114	7200
115	7200
116	7200
117	7200
118	7200
119	7200
120	7200
121	7200
122	7200
123	7200
124	7200
125	7200
126	7200
127	7200
128	7200
129	7200
130	7200
131	7200
132	7200
133	7200
134	7200
135	7200
136	7200
137	7200
138	7200
139	7200
140	7200
141	7200
142	7200
143	7200
144	7200
145	7200
146	7200
147	7200
148	7200
149	7200
150	7200
151	7200
152	7200
153	7200
154	7200
155	7200
156	7200
157	7200
158	7200
159	7200
160	7200
161	7200
162	7200
163	7200
164	7200
165	7200
166	7200
167	7200
168	7200
169	7200
170	7200
171	7200
172	7200
173	7200
174	7200
175	7200
176	7200
177	7200
178	7200
179	7200
180	7200
181	7200
182	7200
183	7200
184	7200
185	7200
186	7200
187	7200
188	7200
189	7200
190	7200
191	7200
192	7200
193	7200
194	7200
195	7200
196	7200
197	7200
198	7200
199	7200
200	7200
201	9000
202	9000
203	9000
204	9000
205	9000
206	9000
207	9000
208	9000
209	9000
210	9000
211	9000
212	9000
213	9000
214	9000
215	9000
216	9000
217	9000
218	9000
219	9000
220	9000
221	9000
222	9000
223	9000
224	9000
225	9000
226	9000
227	9000
228	9000
229	9000
230	9000
231	9000
232	9000
233	9000
234	9000
235	9000
236	9000
237	9000
238	9000
239	9000
240	9000
241	9000
242	9000
243	9000
244	9000
245	9000
246	9000
247	9000
248	9000
249	9000
250	9000
251	9000
252	9000
253	9000
254	9000
255	9000
256	9000
257	9000
258	9000
259	9000
260	9000
261	9000
262	9000
263	9000
264	9000
265	9000
266	9000
267	9000
268	9000
269	9000
270	9000
271	9000
272	9000
273	9000
274	9000
275	9000
276	9000
277	9000
278	9000
279	9000
280	9000
281	9000
282	9000
283	9000
284	9000
285	9000
286	9000
287	9000
288	9000
289	9000
290	9000
291	9000
292	9000
293	9000
294	9000
295	9000
296	9000
297	9000
298	9000
299	9000
300	9000
301	10800
302	10800
303	10800
304	10800
305	10800
306	10800
307	10800
308	10800
309	10800
310	10800
311	10800
312	10800
313	10800
314	10800
315	10800
316	10800
317	10800
318	10800
319	10800
320	10800
321	10800
322	10800
323	10800
324	10800
325	10800
326	10800
327	10800
328	10800
329	10800
330	10800
331	10800
332	10800
333	10800
334	10800
335	10800
336	10800
337	10800
338	10800
339	10800
340	10800
341	10800
342	10800
343	10800
344	10800
345	10800
346	10800
347	10800
348	10800
349	10800
350	10800
351	10800
352	10800
353	10800
354	10800
355	10800
356	10800
357	10800
358	10800
359	10800
360	10800
361	10800
362	10800
363	10800
364	10800
365	10800
366	10800
367	10800
368	10800
369	10800
370	10800
371	10800
372	10800
373	10800
374	10800
375	10800
376	10800
377	10800
378	10800
379	10800
380	10800
381	10800
382	10800
383	10800
384	10800
385	10800
386	10800
387	10800
388	10800
389	10800
390	10800
391	10800
392	10800
393	10800
394	10800
395	10800
396	10800
397	12600
398	12600
399	12600
400	12600
401	12600
402	12600
403	12600
404	12600
405	12600
406	12600
407	12600
408	12600
409	12600
410	12600
411	12600
412	12600
413	12600
414	12600
415	12600
416	12600
417	12600
418	12600
419	12600
420	12600
421	12600
422	12600
423	12600
424	12600
425	12600
426	12600
427	12600
428	12600
429	12600
430	12600
431	12600
432	12600
433	12600
434	12600
435	12600
436	12600
437	12600
438	12600
439	12600
440	12600
441	12600
442	12600
443	12600
444	12600
445	12600
446	12600
447	12600
448	12600
449	12600
450	12600
451	12600
452	12600
453	12600
454	12600
455	12600
456	12600
457	12600
458	12600
459	12600
460	12600
461	12600
462	12600
463	12600
464	12600
465	12600
466	12600
467	12600
468	12600
469	12600
470	12600
471	12600
472	12600
473	12600
474	12600
475	12600
476	14400
477	14400
478	14400
479	14400
480	14400
481	14400
482	14400
483	14400
484	14400
485	14400
486	14400
487	14400
488	14400
489	14400
490	14400
491	14400
492	14400
493	14400
494	14400
495	14400
496	14400
497	14400
498	14400
499	14400
500	14400
501	14400
502	14400
503	14400
504	14400
505	14400
506	14400
507	14400
508	14400
509	14400
510	14400
511	14400
512	14400
513	14400
514	14400
515	14400
516	14400
517	14400
518	14400
519	14400
520	14400
521	14400
522	14400
523	14400
524	14400
525	14400
526	14400
527	14400
528	14400
529	14400
530	14400
531	14400
532	14400
533	14400
534	14400
535	14400
536	14400
537	14400
538	14400
539	14400
540	14400
541	14400
542	14400
543	14400
544	14400
545	14400
546	14400
547	14400
548	14400
549	14400
550	14400
551	14400
552	14400
553	14400
554	14400
555	14400
556	14400
557	14400
558	16200
559	16200
560	16200
561	16200
562	16200
563	16200
564	16200
565	16200
566	16200
567	16200
568	16200
569	16200
570	16200
571	16200
572	16200
573	16200
574	16200
575	16200
576	16200
577	16200
578	16200
579	16200
580	16200
581	16200
582	16200
583	16200
584	16200
585	16200
586	16200
587	16200
588	16200
589	16200
590	16200
591	16200
592	16200
593	16200
594	16200
595	16200
596	16200
597	16200
598	16200
599	16200
600	16200
601	16200
602	16200
603	16200
604	16200
605	16200
606	16200
607	16200
608	16200
609	16200
610	16200
611	16200
612	16200
613	16200
614	16200
615	16200
616	16200
617	16200
618	16200
619	16200
620	16200
621	16200
622	16200
623	16200
624	16200
625	16200
626	16200
627	16200
628	16200
629	16200
630	16200
631	16200
632	18000
633	18000
634	18000
635	18000
636	18000
637	18000
638	18000
639	18000
640	18000
641	18000
642	18000
643	18000
644	18000
645	18000
646	18000
647	18000
648	18000
649	18000
650	18000
651	18000
652	18000
653	18000
654	18000
655	18000
656	18000
657	18000
658	18000
659	18000
660	18000
661	18000
662	18000
663	18000
664	18000
665	18000
666	18000
667	18000
668	18000
669	18000
670	18000
671	18000
672	18000
673	18000
674	18000
675	18000
676	18000
677	18000
678	18000
679	18000
680	18000
681	18000
682	18000
683	18000
684	18000
685	18000
686	18000
687	18000
688	18000
689	18000
690	18000
691	18000
692	18000
693	18000
694	18000
695	18000
696	18000
697	18000
698	19800
699	19800
700	19800
701	19800
702	19800
703	19800
704	19800
705	19800
706	19800
707	19800
708	19800
709	19800
710	19800
711	19800
712	19800
713	19800
714	19800
715	19800
716	19800
717	19800
718	19800
719	19800
720	19800
721	19800
722	19800
723	19800
724	19800
725	19800
726	19800
727	19800
728	19800
729	19800
730	19800
731	19800
732	19800
733	19800
734	19800
735	19800
736	19800
737	19800
738	19800
739	19800
740	19800
741	19800
742	19800
743	19800
744	19800
745	19800
746	19800
747	19800
748	19800
749	19800
750	21600
751	21600
752	21600
753	21600
754	21600
755	21600
756	21600
757	21600
758	21600
759	21600
760	21600
761	21600
762	21600
763	21600
764	21600
765	21600
766	21600
767	21600
768	21600
769	21600
770	21600
771	21600
772	21600
773	21600
774	21600
775	21600
776	21600
777	21600
778	21600
779	21600
780	21600
781	21600
782	21600
783	21600
784	21600
785	21600
786	21600
787	21600
788	21600
789	21600
790	21600
791	21600
792	21600
793	21600
794	21600
795	21600
796	21600
797	21600
798	21600
799	21600
800	21600
801	21600
802	21600
803	21600
804	21600
805	21600
806	21600
807	21600
808	23400
809	23400
810	23400
811	23400
812	23400
813	23400
814	23400
815	23400
816	23400
817	23400
818	23400
819	23400
820	23400
821	23400
822	23400
823	23400
824	23400
825	23400
826	23400
827	23400
828	23400
829	23400
830	23400
831	23400
832	23400
833	23400
834	23400
835	23400
836	23400
837	23400
838	23400
839	23400
840	23400
841	23400
842	23400
843	23400
844	23400
845	23400
846	23400
847	23400
848	23400
849	23400
850	23400
851	23400
852	23400
EOF
