NAME : ORTEC-VRPTW-ASYM-11527044-d1-n873
TYPE : VRPTW-RT
DIMENSION : 874
EDGE_WEIGHT_TYPE : EUC_2D
CAPACITY : 160
NODE_COORD_SECTION
1	3560	3165
2	5712	2648
3	934	4405
4	5679	2639
5	2992	4451
6	1695	3912
7	2617	3174
8	5324	2813
9	5396	2635
10	2414	3874
11	4713	3192
12	4995	3418
13	3952	3446
14	1231	4566
15	2597	4370
16	2988	4556
17	3170	3281
18	2124	3830
19	6103	2673
20	3118	3326
21	4765	2328
22	3365	3692
23	3255	2955
24	4486	2703
25	6834	2361
26	5318	2099
27	2328	4331
28	5034	3225
29	3534	2751
30	3082	4498
31	3170	3281
32	4435	2479
33	2414	3874
34	4689	2461
35	1969	4147
36	3505	2855
37	3590	3380
38	4529	2339
39	2831	4080
40	2058	4351
41	1659	3863
42	3168	4353
43	2948	4651
44	4065	2680
45	6381	2487
46	2352	3157
47	4486	2703
48	4685	2056
49	5493	3118
50	5528	2290
51	4915	3053
52	3082	4498
53	3513	2867
54	1078	4247
55	6467	2105
56	1550	4129
57	2713	3520
58	2055	4615
59	3545	3551
60	2555	4347
61	4995	3418
62	2024	3575
63	860	4266
64	3377	4609
65	1812	4925
66	4882	2068
67	53	4819
68	6622	2530
69	3161	4335
70	4435	2479
71	6253	1240
72	3666	3511
73	3742	3543
74	1659	3863
75	2269	3705
76	6224	2188
77	4745	2899
78	5992	2557
79	4765	2328
80	5366	2943
81	2079	4305
82	4708	2831
83	2912	4360
84	3555	3593
85	2306	4409
86	6585	1532
87	4776	2485
88	2094	3600
89	4664	2383
90	1170	4612
91	496	4811
92	6454	1787
93	4745	2899
94	3798	3848
95	4643	3809
96	4178	2414
97	4932	2230
98	3745	3495
99	5250	3056
100	2857	4399
101	5227	3104
102	5889	2357
103	5554	2935
104	5639	2780
105	2865	4212
106	4864	2158
107	4708	2831
108	6622	2530
109	3177	3092
110	1721	3840
111	5862	2757
112	4025	2639
113	3288	2840
114	2731	3111
115	4413	3527
116	4689	2461
117	2303	4039
118	1231	4566
119	3897	3582
120	5034	3225
121	5266	2965
122	2453	3417
123	5517	2855
124	7228	858
125	1812	4925
126	6593	2588
127	4247	2556
128	4534	3069
129	6784	2401
130	4429	2442
131	4689	2461
132	2955	4302
133	5318	2099
134	2713	3520
135	4424	3967
136	5259	2351
137	5263	2156
138	2493	4659
139	3952	3446
140	53	4819
141	3082	4498
142	4440	2534
143	6437	2377
144	3365	3692
145	3514	2962
146	4776	2485
147	5992	2557
148	5331	2454
149	2303	4039
150	5626	2942
151	5334	2169
152	4708	2831
153	6234	2405
154	6124	2430
155	5687	2920
156	574	4409
157	3215	3548
158	6268	2722
159	4708	2831
160	1935	3627
161	2955	4302
162	3704	3373
163	1892	3814
164	4105	3357
165	1078	4247
166	5266	2965
167	3108	4441
168	3545	3551
169	6743	2548
170	3846	2863
171	2739	3457
172	5515	3264
173	6622	2530
174	3798	3848
175	3337	3193
176	2516	4728
177	4583	2479
178	5052	3011
179	599	4396
180	6843	2198
181	6833	2200
182	1231	4566
183	4322	2635
184	5528	2290
185	4413	3527
186	5641	2633
187	5240	2951
188	5493	3118
189	2058	4351
190	5227	3104
191	4713	3192
192	5004	3219
193	3288	2840
194	2205	4362
195	4713	2050
196	2269	3705
197	3253	3490
198	4664	3258
199	1497	4567
200	5598	3054
201	896	4410
202	4025	2639
203	2726	3960
204	2641	3360
205	2953	4071
206	4579	2655
207	5406	2113
208	4583	2460
209	4065	2680
210	4765	2328
211	2306	4409
212	5366	2943
213	5915	2730
214	2024	3575
215	3798	3848
216	4015	3521
217	2784	4123
218	5466	3126
219	2424	3904
220	1674	4617
221	2758	4289
222	2124	3477
223	4730	3242
224	5774	2723
225	4317	2185
226	2108	3734
227	2713	3520
228	1671	4551
229	3044	3514
230	2009	4135
231	4579	2655
232	5776	2800
233	4961	3180
234	3365	3692
235	6308	2714
236	3704	3373
237	4632	3202
238	3674	2789
239	2578	3239
240	6448	1402
241	1935	3627
242	4588	2391
243	3401	2877
244	6124	2430
245	4643	3809
246	2992	4451
247	6308	2714
248	2865	4212
249	4869	4016
250	4875	3419
251	5862	2757
252	1231	4566
253	6232	2306
254	3724	3553
255	4486	2703
256	3141	4383
257	1170	4612
258	5227	3104
259	550	4668
260	2218	3481
261	4060	2646
262	2414	3874
263	1992	3780
264	4241	2597
265	3754	3662
266	5266	2965
267	4157	4108
268	2955	4302
269	2758	4289
270	5240	2951
271	1885	4424
272	5149	2245
273	3428	2714
274	1813	4218
275	4599	2157
276	5774	2723
277	3119	3522
278	1078	4247
279	1003	4118
280	2094	3600
281	4157	4108
282	3662	3169
283	4157	4108
284	2424	3904
285	3177	3092
286	4015	3521
287	2988	4556
288	2948	4651
289	4486	2703
290	2218	3481
291	5366	2943
292	4846	2284
293	2158	3658
294	4424	3967
295	2269	3705
296	2066	4485
297	4930	2370
298	6784	2401
299	2382	4562
300	2955	4302
301	1725	4619
302	4932	2230
303	4065	2680
304	5778	2981
305	6585	1532
306	4413	3527
307	4175	2586
308	3514	2962
309	2783	3566
310	4317	2185
311	860	4266
312	4441	3510
313	2758	4289
314	1812	4925
315	6527	1506
316	4579	2655
317	2009	4135
318	2024	3575
319	2352	3157
320	5070	2234
321	4322	2635
322	471	4621
323	2922	3446
324	4481	3074
325	2857	4399
326	2008	4299
327	5042	3178
328	4522	2572
329	2025	3915
330	4060	2646
331	4309	3152
332	2857	4399
333	2555	4347
334	5114	3101
335	0	4775
336	5259	2351
337	2781	3959
338	2000	3569
339	6620	852
340	3307	3462
341	5383	3231
342	2009	4135
343	2417	3483
344	2197	4293
345	6440	2224
346	3910	2840
347	4481	3074
348	2055	4615
349	1953	3671
350	2763	4251
351	6043	2478
352	4589	2536
353	860	4266
354	3555	3593
355	1935	3627
356	3952	3446
357	6437	2377
358	4440	2534
359	1885	3740
360	3745	3495
361	3685	2731
362	2578	3239
363	2953	4071
364	5528	2290
365	4105	3357
366	2277	4069
367	4991	2131
368	4664	3258
369	3236	4068
370	3514	2962
371	1885	4424
372	1834	3659
373	4685	2056
374	2988	4556
375	6848	511
376	3330	2797
377	2790	4102
378	5466	3126
379	4713	2612
380	1885	4424
381	5042	3178
382	1904	4360
383	2930	3536
384	1550	4129
385	5074	2167
386	1638	4579
387	2930	3536
388	3686	3516
389	4752	3703
390	3942	3399
391	3559	4017
392	6743	2548
393	5318	2099
394	2865	4212
395	2555	4347
396	2453	3417
397	860	4266
398	2857	4399
399	6124	2430
400	2108	3734
401	5078	2738
402	5210	2271
403	2366	3341
404	3177	3092
405	4901	2323
406	3897	3582
407	2410	3449
408	5324	2813
409	5078	2738
410	2055	4615
411	1003	4118
412	5259	2351
413	2912	4360
414	5004	3219
415	3597	2848
416	3505	2855
417	4322	2635
418	5778	2981
419	5090	3187
420	4713	3192
421	5516	2804
422	3291	4256
423	5396	2635
424	2784	4123
425	5500	2839
426	471	4621
427	1215	4404
428	4901	2323
429	3463	2825
430	5328	2302
431	5334	2169
432	4869	4016
433	5004	3219
434	3236	4068
435	2731	3111
436	6411	2369
437	3044	3514
438	3745	3495
439	2750	4410
440	1837	3762
441	4441	3510
442	4745	2899
443	851	4421
444	1231	4566
445	5626	2942
446	6819	2865
447	5331	2454
448	6381	2487
449	3257	2825
450	3317	4644
451	584	4663
452	3168	4353
453	2901	4714
454	130	4656
455	2058	4351
456	5417	2786
457	594	4693
458	4643	3809
459	3531	2787
460	3534	2751
461	6834	2361
462	2955	4302
463	3072	3328
464	5778	2981
465	5396	2635
466	3059	3541
467	6819	2865
468	1000	4200
469	4589	2536
470	6549	1931
471	3088	4275
472	4481	3074
473	3750	2968
474	3846	2863
475	4470	2436
476	2205	4362
477	6515	2375
478	5004	3219
479	685	4532
480	6234	2405
481	4901	2323
482	5515	3264
483	471	4621
484	6014	2950
485	1885	3740
486	4978	2199
487	5229	2072
488	1579	4519
489	2781	3959
490	4598	2342
491	3035	4356
492	3674	3792
493	2124	3477
494	5687	2920
495	3665	3712
496	2901	4714
497	6819	2865
498	3942	3399
499	6549	1931
500	5712	2648
501	3901	3870
502	2893	4307
503	6014	2950
504	5584	2397
505	6848	511
506	4667	2828
507	2992	4451
508	5584	2397
509	5328	2302
510	6914	2465
511	2617	3174
512	3343	4425
513	657	4552
514	4991	2131
515	3831	3043
516	5992	2557
517	5331	2454
518	6437	2377
519	4653	2771
520	3257	2825
521	4713	3192
522	1078	4247
523	2988	4556
524	5090	3187
525	3952	3446
526	4105	3357
527	6452	2238
528	4474	2626
529	2303	4039
530	2382	3946
531	2158	3658
532	2158	3658
533	3559	4017
534	496	4811
535	4435	2479
536	4982	3290
537	3972	3037
538	2955	4302
539	6843	2198
540	2017	4225
541	1391	4181
542	6834	2361
543	2303	4175
544	4991	2131
545	5078	2738
546	3686	3516
547	6843	2198
548	1231	4566
549	5500	2839
550	2055	4615
551	5051	3450
552	5528	2290
553	5259	2351
554	6103	2673
555	3118	3326
556	2849	3654
557	53	4819
558	4867	2203
559	6686	2221
560	6056	2583
561	2865	4212
562	5334	2169
563	4983	3306
564	4776	2485
565	4978	2199
566	3118	3326
567	1698	4516
568	2007	4120
569	4761	2272
570	4995	3418
571	4481	3074
572	2197	4293
573	1674	4617
574	550	4668
575	4441	3510
576	3330	2797
577	5263	2156
578	1695	3912
579	2930	3536
580	4015	3521
581	4983	3306
582	4157	4108
583	3377	4609
584	2453	3417
585	1361	4810
586	3401	2877
587	6014	2950
588	2009	4135
589	3662	3169
590	3942	3399
591	6515	2375
592	3952	3446
593	5515	3264
594	4060	2646
595	2803	3476
596	5376	2773
597	5076	2303
598	3590	3380
599	3686	3516
600	3035	4356
601	2025	3915
602	4995	3418
603	3897	3582
604	3196	3637
605	1809	3506
606	5034	3225
607	1269	4466
608	3288	2840
609	4730	3242
610	1695	3912
611	3215	3548
612	2849	3654
613	4689	2461
614	5090	3187
615	3910	2840
616	2955	4302
617	4949	3211
618	3674	2789
619	4366	2811
620	2197	4293
621	6833	2200
622	896	4410
623	2018	4164
624	1632	3613
625	4776	2485
626	3677	3301
627	2865	4212
628	2303	4039
629	3108	4360
630	1269	4466
631	3061	3461
632	6452	2238
633	6043	2478
634	3072	3328
635	1786	4032
636	4178	2414
637	2058	4351
638	3337	3193
639	3798	3848
640	2992	4451
641	4366	2811
642	1813	4218
643	5500	2839
644	2750	4410
645	5366	2943
646	1000	4200
647	5070	2234
648	1786	4032
649	5563	2974
650	2617	3174
651	4322	2635
652	2007	4120
653	5324	2813
654	5889	2357
655	4105	3357
656	3401	2877
657	4424	3967
658	594	4693
659	1813	4218
660	3463	2825
661	594	4693
662	3108	4441
663	2138	3994
664	4653	2771
665	5878	2768
666	3798	3848
667	3715	4368
668	5137	3111
669	1662	4649
670	4583	2460
671	1215	4404
672	3196	3637
673	2617	3174
674	1482	4679
675	6169	2300
676	4745	2899
677	6527	1506
678	4322	2635
679	6914	2465
680	896	4410
681	1969	4147
682	3061	3461
683	6585	1532
684	4995	3418
685	2079	4305
686	2205	3837
687	2417	3483
688	2758	4289
689	2205	4362
690	5376	2773
691	2158	3658
692	6467	2105
693	4175	2586
694	3161	4335
695	3674	2789
696	1892	3814
697	2354	4139
698	4978	2199
699	3536	3577
700	4178	2414
701	4949	3211
702	2277	4069
703	3674	2801
704	3378	3036
705	1671	4551
706	3745	3495
707	3343	4425
708	4653	2771
709	1497	4567
710	2902	4438
711	4752	3703
712	2138	3994
713	4105	3357
714	3177	3092
715	4997	3208
716	2158	3658
717	3044	3514
718	4522	2572
719	5331	2454
720	4065	2680
721	5052	3011
722	3428	2714
723	2901	4714
724	3565	3500
725	6848	511
726	4534	3069
727	6596	948
728	3534	2751
729	3831	3043
730	2713	3520
731	2197	4293
732	1632	3613
733	2370	3308
734	3567	4142
735	2781	3959
736	4540	3614
737	2124	3830
738	2516	4728
739	2831	4080
740	3534	2751
741	2197	4293
742	1269	4466
743	2066	4485
744	4961	3180
745	6454	1787
746	5090	3187
747	4752	3703
748	3704	3373
749	3534	2751
750	2352	3157
751	3401	2877
752	4357	2527
753	2930	3536
754	3839	3297
755	4486	2703
756	6622	2530
757	4864	2158
758	6448	1402
759	657	4552
760	3463	2825
761	5366	2943
762	4846	2284
763	2138	3994
764	1408	4609
765	4178	2414
766	4416	3510
767	5376	2773
768	6448	1402
769	5298	2692
770	3666	3511
771	1003	4118
772	2525	5017
773	5270	3477
774	4474	2626
775	6459	2440
776	5001	2399
777	5598	3054
778	3253	3490
779	1659	3863
780	6707	1690
781	2790	4102
782	6819	2865
783	4221	4066
784	3017	4553
785	3474	3318
786	1215	4404
787	2849	3654
788	2100	3847
789	4168	3639
790	3017	4103
791	2417	3483
792	5070	2234
793	3121	4420
794	2758	4289
795	4993	2053
796	3378	3036
797	657	4552
798	2417	3483
799	2555	4347
800	5270	3477
801	3017	4103
802	6265	2451
803	4540	3614
804	1786	4032
805	1873	4133
806	2912	4360
807	4168	3639
808	3704	3373
809	1873	4133
810	2901	4714
811	3860	3813
812	2328	4331
813	4175	2586
814	2306	4409
815	5563	2974
816	4991	2131
817	5114	3101
818	3681	3442
819	2879	3921
820	2414	3874
821	3681	3442
822	1039	4712
823	2366	3341
824	3401	3342
825	2352	3157
826	2158	3658
827	5679	2639
828	5406	2113
829	4588	2391
830	4224	3605
831	503	4564
832	5052	3011
833	3531	2787
834	2060	3493
835	5149	2245
836	3674	2801
837	594	4693
838	4060	2646
839	5383	3231
840	2420	3882
841	4309	3152
842	6234	2405
843	2731	3111
844	3161	4335
845	4025	2639
846	2205	4286
847	594	4693
848	4867	2203
849	3253	3490
850	3860	3813
851	4435	2479
852	3831	3043
853	4016	3828
854	4178	2414
855	3794	2929
856	4713	2612
857	3307	3462
858	1910	3931
859	4950	2216
860	4708	2831
861	594	4693
862	4522	2572
863	1809	3506
864	1725	4619
865	1695	3912
866	1885	4424
867	4522	2572
868	5563	2974
869	5516	2804
870	6043	2478
871	1725	4619
872	4875	3419
873	3374	2835
874	4664	3258
DEMAND_SECTION
1	0
2	8
3	9
4	4
5	7
6	12
7	3
8	5
9	10
10	9
11	12
12	8
13	4
14	6
15	6
16	11
17	5
18	8
19	6
20	10
21	21
22	8
23	8
24	2
25	8
26	6
27	9
28	3
29	10
30	5
31	5
32	4
33	11
34	5
35	14
36	12
37	8
38	6
39	39
40	6
41	8
42	5
43	11
44	16
45	11
46	10
47	7
48	10
49	8
50	7
51	8
52	13
53	4
54	6
55	6
56	6
57	16
58	2
59	2
60	3
61	5
62	3
63	7
64	11
65	3
66	7
67	15
68	7
69	8
70	4
71	5
72	4
73	8
74	10
75	4
76	7
77	7
78	7
79	6
80	40
81	3
82	4
83	6
84	6
85	5
86	5
87	7
88	4
89	5
90	13
91	6
92	6
93	9
94	13
95	4
96	5
97	3
98	3
99	3
100	9
101	5
102	7
103	7
104	40
105	12
106	6
107	4
108	9
109	5
110	16
111	8
112	5
113	6
114	5
115	10
116	5
117	10
118	5
119	4
120	5
121	4
122	8
123	5
124	4
125	14
126	5
127	6
128	3
129	8
130	4
131	3
132	6
133	1
134	4
135	5
136	16
137	5
138	5
139	7
140	4
141	7
142	4
143	6
144	3
145	2
146	15
147	5
148	5
149	2
150	3
151	6
152	6
153	8
154	7
155	5
156	10
157	4
158	16
159	4
160	5
161	12
162	3
163	4
164	8
165	2
166	6
167	11
168	7
169	12
170	9
171	4
172	3
173	9
174	5
175	3
176	6
177	7
178	5
179	6
180	4
181	5
182	3
183	4
184	10
185	4
186	6
187	6
188	2
189	16
190	5
191	9
192	7
193	5
194	8
195	4
196	9
197	4
198	15
199	11
200	7
201	7
202	3
203	4
204	9
205	12
206	6
207	13
208	4
209	5
210	6
211	4
212	6
213	2
214	3
215	3
216	6
217	9
218	2
219	7
220	5
221	2
222	4
223	8
224	6
225	8
226	9
227	6
228	4
229	6
230	8
231	8
232	8
233	6
234	4
235	8
236	6
237	2
238	2
239	2
240	4
241	8
242	3
243	4
244	5
245	4
246	5
247	11
248	4
249	7
250	6
251	7
252	3
253	3
254	4
255	8
256	6
257	3
258	7
259	8
260	16
261	2
262	6
263	4
264	3
265	3
266	5
267	5
268	9
269	8
270	4
271	16
272	4
273	2
274	5
275	7
276	5
277	11
278	9
279	2
280	4
281	4
282	5
283	6
284	4
285	11
286	7
287	3
288	8
289	5
290	11
291	3
292	5
293	11
294	9
295	8
296	7
297	13
298	5
299	8
300	7
301	5
302	4
303	6
304	1
305	7
306	9
307	8
308	5
309	4
310	10
311	8
312	5
313	2
314	4
315	14
316	8
317	2
318	4
319	8
320	4
321	8
322	8
323	11
324	2
325	11
326	3
327	5
328	4
329	6
330	10
331	7
332	6
333	7
334	3
335	10
336	13
337	8
338	8
339	9
340	6
341	9
342	2
343	4
344	3
345	9
346	5
347	4
348	3
349	4
350	4
351	3
352	11
353	4
354	4
355	11
356	5
357	8
358	6
359	11
360	8
361	3
362	5
363	5
364	5
365	13
366	9
367	3
368	4
369	5
370	8
371	7
372	9
373	3
374	5
375	3
376	8
377	3
378	4
379	4
380	15
381	9
382	6
383	6
384	16
385	5
386	2
387	10
388	8
389	6
390	9
391	5
392	4
393	11
394	2
395	4
396	7
397	7
398	8
399	7
400	13
401	7
402	11
403	3
404	5
405	9
406	6
407	8
408	3
409	11
410	6
411	20
412	7
413	4
414	12
415	4
416	8
417	7
418	4
419	9
420	9
421	9
422	9
423	4
424	10
425	9
426	5
427	3
428	3
429	8
430	5
431	6
432	13
433	7
434	6
435	8
436	4
437	4
438	9
439	11
440	4
441	11
442	3
443	4
444	7
445	4
446	8
447	8
448	6
449	5
450	5
451	7
452	10
453	8
454	5
455	13
456	7
457	10
458	3
459	3
460	8
461	3
462	4
463	7
464	10
465	4
466	11
467	5
468	39
469	3
470	8
471	7
472	5
473	3
474	3
475	10
476	5
477	4
478	6
479	5
480	8
481	3
482	9
483	8
484	6
485	5
486	5
487	8
488	10
489	4
490	6
491	4
492	3
493	10
494	5
495	3
496	10
497	11
498	3
499	8
500	4
501	7
502	7
503	7
504	6
505	7
506	5
507	9
508	5
509	5
510	5
511	7
512	6
513	4
514	10
515	9
516	16
517	4
518	10
519	5
520	5
521	40
522	17
523	6
524	9
525	7
526	4
527	3
528	7
529	5
530	10
531	5
532	5
533	11
534	8
535	4
536	7
537	4
538	3
539	14
540	5
541	4
542	5
543	10
544	5
545	7
546	3
547	4
548	6
549	6
550	11
551	6
552	7
553	4
554	6
555	5
556	10
557	4
558	2
559	7
560	4
561	11
562	4
563	6
564	9
565	8
566	7
567	7
568	7
569	7
570	7
571	5
572	4
573	4
574	3
575	21
576	5
577	4
578	7
579	7
580	20
581	7
582	6
583	3
584	10
585	4
586	5
587	3
588	12
589	5
590	2
591	3
592	4
593	6
594	9
595	8
596	9
597	6
598	7
599	9
600	4
601	9
602	4
603	5
604	6
605	11
606	3
607	6
608	7
609	3
610	4
611	4
612	3
613	5
614	9
615	6
616	8
617	10
618	6
619	2
620	4
621	2
622	9
623	4
624	3
625	10
626	4
627	7
628	6
629	16
630	7
631	2
632	6
633	8
634	6
635	21
636	5
637	7
638	7
639	8
640	6
641	7
642	4
643	3
644	4
645	20
646	5
647	7
648	7
649	5
650	4
651	6
652	4
653	5
654	4
655	9
656	6
657	9
658	6
659	5
660	4
661	5
662	5
663	4
664	4
665	7
666	4
667	16
668	3
669	5
670	4
671	5
672	1
673	6
674	16
675	8
676	3
677	6
678	8
679	8
680	4
681	5
682	6
683	2
684	11
685	7
686	13
687	3
688	10
689	7
690	3
691	6
692	4
693	11
694	5
695	11
696	6
697	8
698	10
699	6
700	13
701	7
702	7
703	11
704	4
705	3
706	4
707	3
708	9
709	3
710	7
711	11
712	5
713	8
714	11
715	9
716	8
717	6
718	4
719	4
720	5
721	3
722	5
723	14
724	11
725	5
726	6
727	8
728	10
729	6
730	5
731	7
732	9
733	10
734	6
735	11
736	7
737	7
738	5
739	6
740	5
741	4
742	10
743	6
744	3
745	3
746	3
747	5
748	3
749	7
750	6
751	6
752	3
753	11
754	4
755	8
756	10
757	9
758	4
759	6
760	8
761	3
762	19
763	6
764	7
765	5
766	17
767	2
768	7
769	7
770	6
771	5
772	11
773	5
774	7
775	9
776	11
777	5
778	10
779	7
780	8
781	7
782	12
783	7
784	5
785	8
786	5
787	7
788	5
789	5
790	3
791	5
792	6
793	8
794	10
795	9
796	10
797	8
798	5
799	39
800	7
801	7
802	4
803	5
804	7
805	3
806	4
807	5
808	2
809	3
810	3
811	4
812	7
813	9
814	6
815	1
816	9
817	7
818	11
819	40
820	10
821	4
822	7
823	10
824	2
825	4
826	6
827	7
828	8
829	9
830	3
831	10
832	8
833	4
834	6
835	6
836	9
837	10
838	4
839	14
840	10
841	2
842	14
843	6
844	13
845	13
846	10
847	5
848	6
849	4
850	4
851	13
852	6
853	4
854	8
855	9
856	5
857	2
858	8
859	4
860	6
861	4
862	7
863	6
864	4
865	6
866	6
867	9
868	5
869	4
870	8
871	3
872	8
873	5
874	5
DEPOT_SECTION
1
-1
SERVICE_TIME_SECTION
1	0
2	600
3	420
4	780
5	600
6	420
7	840
8	660
9	480
10	240
11	900
12	540
13	480
14	360
15	360
16	480
17	420
18	660
19	240
20	600
21	600
22	540
23	300
24	780
25	840
26	300
27	420
28	600
29	840
30	600
31	840
32	660
33	480
34	600
35	540
36	420
37	540
38	1200
39	960
40	420
41	720
42	360
43	660
44	420
45	600
46	540
47	720
48	540
49	600
50	540
51	600
52	540
53	420
54	900
55	600
56	420
57	480
58	360
59	660
60	720
61	660
62	540
63	780
64	240
65	600
66	720
67	660
68	300
69	900
70	780
71	480
72	1080
73	660
74	360
75	780
76	1200
77	900
78	960
79	600
80	720
81	960
82	1140
83	660
84	1080
85	420
86	360
87	240
88	600
89	420
90	240
91	420
92	720
93	900
94	480
95	660
96	540
97	480
98	360
99	600
100	1020
101	360
102	420
103	840
104	660
105	1020
106	480
107	360
108	660
109	540
110	660
111	720
112	480
113	480
114	660
115	540
116	1020
117	420
118	420
119	600
120	480
121	720
122	2820
123	300
124	540
125	900
126	480
127	540
128	360
129	480
130	1080
131	360
132	480
133	420
134	600
135	540
136	600
137	420
138	720
139	840
140	600
141	360
142	420
143	660
144	300
145	780
146	660
147	420
148	900
149	660
150	660
151	600
152	1980
153	480
154	600
155	540
156	540
157	540
158	600
159	420
160	480
161	660
162	300
163	720
164	600
165	660
166	720
167	660
168	840
169	360
170	600
171	360
172	660
173	300
174	300
175	420
176	300
177	840
178	420
179	660
180	660
181	360
182	360
183	660
184	720
185	420
186	300
187	600
188	780
189	360
190	660
191	300
192	780
193	300
194	360
195	660
196	540
197	360
198	780
199	660
200	540
201	540
202	420
203	480
204	360
205	600
206	600
207	600
208	720
209	540
210	480
211	420
212	360
213	600
214	600
215	540
216	720
217	540
218	360
219	240
220	420
221	600
222	480
223	540
224	540
225	540
226	420
227	420
228	480
229	300
230	660
231	420
232	420
233	600
234	300
235	540
236	720
237	420
238	300
239	420
240	300
241	660
242	480
243	360
244	660
245	300
246	540
247	720
248	540
249	300
250	420
251	480
252	360
253	600
254	840
255	660
256	240
257	360
258	420
259	240
260	300
261	720
262	1200
263	600
264	300
265	600
266	540
267	660
268	1020
269	540
270	540
271	540
272	720
273	360
274	420
275	360
276	660
277	300
278	600
279	660
280	360
281	300
282	480
283	660
284	660
285	300
286	660
287	540
288	300
289	180
290	360
291	420
292	360
293	720
294	480
295	720
296	300
297	720
298	660
299	420
300	660
301	600
302	720
303	600
304	540
305	480
306	600
307	420
308	1020
309	480
310	360
311	720
312	780
313	660
314	840
315	840
316	720
317	360
318	780
319	540
320	420
321	480
322	600
323	300
324	480
325	300
326	780
327	540
328	420
329	480
330	240
331	420
332	720
333	360
334	420
335	720
336	480
337	480
338	840
339	540
340	960
341	600
342	540
343	480
344	300
345	300
346	480
347	540
348	960
349	480
350	600
351	960
352	720
353	1560
354	660
355	480
356	420
357	540
358	660
359	600
360	480
361	480
362	1620
363	300
364	540
365	720
366	360
367	720
368	540
369	540
370	600
371	360
372	840
373	780
374	300
375	540
376	480
377	780
378	900
379	480
380	780
381	840
382	540
383	600
384	660
385	600
386	360
387	540
388	540
389	600
390	480
391	420
392	660
393	240
394	300
395	240
396	540
397	840
398	600
399	960
400	600
401	780
402	420
403	660
404	780
405	960
406	720
407	660
408	660
409	720
410	480
411	480
412	600
413	240
414	660
415	480
416	660
417	360
418	300
419	720
420	660
421	1080
422	900
423	360
424	780
425	420
426	420
427	600
428	420
429	240
430	540
431	660
432	480
433	780
434	300
435	600
436	360
437	540
438	660
439	780
440	660
441	420
442	900
443	780
444	360
445	600
446	720
447	420
448	660
449	660
450	360
451	720
452	480
453	660
454	480
455	480
456	360
457	360
458	300
459	420
460	360
461	420
462	360
463	300
464	420
465	900
466	360
467	360
468	660
469	360
470	360
471	660
472	360
473	600
474	600
475	780
476	360
477	600
478	1620
479	240
480	480
481	660
482	540
483	840
484	900
485	900
486	360
487	420
488	300
489	1080
490	900
491	720
492	360
493	360
494	360
495	420
496	300
497	600
498	480
499	300
500	900
501	660
502	420
503	600
504	480
505	540
506	1560
507	780
508	540
509	2520
510	600
511	2820
512	360
513	360
514	480
515	600
516	300
517	360
518	480
519	660
520	960
521	780
522	480
523	600
524	600
525	600
526	300
527	300
528	360
529	420
530	720
531	360
532	300
533	360
534	300
535	540
536	420
537	300
538	600
539	420
540	360
541	1260
542	840
543	660
544	420
545	420
546	540
547	420
548	300
549	300
550	1020
551	840
552	660
553	540
554	480
555	660
556	360
557	960
558	660
559	780
560	840
561	360
562	300
563	480
564	420
565	480
566	360
567	480
568	900
569	420
570	1560
571	780
572	600
573	600
574	840
575	420
576	300
577	480
578	780
579	420
580	540
581	1140
582	960
583	600
584	480
585	660
586	240
587	360
588	600
589	420
590	600
591	300
592	1200
593	540
594	840
595	300
596	720
597	600
598	360
599	660
600	540
601	900
602	480
603	780
604	1020
605	780
606	600
607	900
608	600
609	720
610	300
611	720
612	780
613	300
614	720
615	240
616	360
617	420
618	600
619	420
620	540
621	2520
622	420
623	300
624	720
625	660
626	600
627	660
628	840
629	720
630	540
631	300
632	660
633	1140
634	300
635	600
636	840
637	600
638	720
639	540
640	360
641	600
642	360
643	660
644	480
645	420
646	960
647	420
648	540
649	1020
650	600
651	240
652	360
653	360
654	660
655	540
656	600
657	660
658	480
659	660
660	420
661	480
662	600
663	780
664	660
665	360
666	660
667	540
668	420
669	600
670	540
671	660
672	1140
673	600
674	540
675	600
676	660
677	720
678	960
679	300
680	1200
681	420
682	540
683	780
684	300
685	360
686	840
687	600
688	840
689	900
690	360
691	420
692	480
693	420
694	720
695	600
696	420
697	840
698	720
699	420
700	600
701	540
702	420
703	540
704	660
705	660
706	420
707	480
708	660
709	420
710	840
711	360
712	780
713	720
714	600
715	600
716	480
717	780
718	480
719	420
720	420
721	780
722	780
723	540
724	960
725	1140
726	420
727	720
728	600
729	420
730	540
731	420
732	1140
733	540
734	900
735	300
736	600
737	540
738	420
739	660
740	780
741	360
742	540
743	480
744	420
745	1260
746	480
747	600
748	600
749	900
750	540
751	300
752	420
753	600
754	720
755	360
756	420
757	720
758	300
759	540
760	540
761	720
762	420
763	540
764	660
765	420
766	660
767	1080
768	720
769	540
770	1620
771	360
772	840
773	420
774	360
775	420
776	300
777	480
778	2820
779	900
780	300
781	660
782	420
783	720
784	540
785	300
786	480
787	420
788	300
789	660
790	300
791	540
792	900
793	660
794	300
795	540
796	960
797	600
798	780
799	600
800	300
801	360
802	420
803	300
804	840
805	420
806	660
807	600
808	780
809	540
810	600
811	420
812	240
813	360
814	360
815	840
816	600
817	720
818	300
819	360
820	360
821	660
822	600
823	420
824	420
825	420
826	540
827	480
828	1080
829	660
830	780
831	480
832	540
833	300
834	1020
835	420
836	300
837	480
838	1080
839	540
840	720
841	480
842	540
843	480
844	300
845	600
846	420
847	420
848	600
849	180
850	300
851	240
852	360
853	420
854	660
855	480
856	720
857	600
858	1980
859	780
860	540
861	360
862	660
863	240
864	1020
865	840
866	360
867	420
868	780
869	960
870	1200
871	480
872	480
873	480
874	420
TIME_WINDOW_SECTION
1	0	45000
2	5400	12600
3	23400	30600
4	16200	25200
5	5400	12600
6	7200	30600
7	19800	27000
8	23400	30600
9	16200	23400
10	7200	30600
11	23400	30600
12	12600	19800
13	7200	29700
14	23400	30600
15	9000	16200
16	9000	16200
17	9000	16200
18	19800	27000
19	23400	30600
20	12600	19800
21	23400	29700
22	19800	27000
23	12600	19800
24	19800	27000
25	5400	12600
26	12600	19800
27	9000	16200
28	19800	27000
29	12600	18840
30	7200	30600
31	5400	12600
32	16200	23400
33	7200	30600
34	16200	27000
35	5400	12600
36	5400	12600
37	16200	25200
38	5400	12600
39	19800	27000
40	16200	23400
41	5400	12600
42	5400	12600
43	9000	16200
44	12600	19800
45	23400	30600
46	16200	23400
47	16200	23400
48	16200	25200
49	23400	30600
50	19800	27000
51	9000	16200
52	19800	27000
53	7200	30600
54	12600	19800
55	19800	27000
56	7200	30600
57	16200	25200
58	16200	23400
59	16200	23400
60	5400	12600
61	16200	23400
62	12600	19800
63	5400	12600
64	16200	23400
65	16200	23400
66	12600	19800
67	5400	12600
68	23400	30600
69	23400	30600
70	9000	16200
71	23400	30600
72	16200	23400
73	23400	30600
74	16200	23400
75	7200	30600
76	16200	25200
77	23400	30600
78	12600	19800
79	23400	30600
80	16200	23400
81	5400	12600
82	12600	19800
83	23400	30600
84	5400	12600
85	7200	30600
86	5400	12600
87	9000	16200
88	5400	12600
89	16200	23400
90	12600	19800
91	23400	30600
92	19800	27000
93	5400	12600
94	5400	12600
95	5400	12600
96	9000	16200
97	16200	23400
98	12600	19800
99	16200	27000
100	23400	30600
101	19800	27000
102	12600	19800
103	23400	30600
104	5400	12600
105	5400	12600
106	5400	12600
107	16200	25200
108	19800	27000
109	9000	16200
110	12600	19800
111	9000	16200
112	19800	27000
113	7200	29700
114	9000	16200
115	16200	22500
116	7200	30600
117	19800	27000
118	23400	30600
119	12600	19800
120	5400	12600
121	23400	30600
122	16200	23400
123	12600	19800
124	23400	30600
125	7200	30600
126	7200	30600
127	9000	16200
128	16200	23400
129	9000	16200
130	9000	16200
131	12600	19800
132	5400	12600
133	7200	30600
134	12600	19800
135	12600	18900
136	12600	18840
137	12600	19800
138	16200	25200
139	16200	23400
140	12600	19800
141	16200	23400
142	5400	12600
143	9000	16200
144	12600	19800
145	16200	23400
146	5400	12600
147	16200	23400
148	23400	30600
149	19800	27000
150	5400	12600
151	12600	19800
152	16200	23400
153	23400	30600
154	5400	12600
155	23400	30600
156	7200	30600
157	7200	30600
158	12600	19800
159	12600	19800
160	12600	19800
161	16200	23400
162	23400	30600
163	19800	27000
164	19800	27000
165	9000	16200
166	5400	12600
167	5400	12600
168	19800	27000
169	7200	29700
170	7200	30600
171	16200	23400
172	12600	18900
173	23400	30600
174	23400	30600
175	23400	30600
176	23400	30600
177	12600	19800
178	16200	22500
179	7200	30600
180	23400	30600
181	19800	27000
182	5400	12600
183	23400	30600
184	12600	19800
185	12600	19800
186	12600	19800
187	7200	29700
188	9000	16200
189	19800	27000
190	12600	19800
191	7200	30600
192	19800	27000
193	23400	30600
194	23400	30600
195	19800	27000
196	12600	19800
197	23400	30600
198	12600	19800
199	16200	23400
200	12600	19800
201	7200	30600
202	16200	23400
203	7200	30600
204	9000	16200
205	23400	30600
206	19800	27000
207	12600	19800
208	7200	30600
209	5400	12600
210	5400	12600
211	7200	29700
212	23400	30600
213	12600	19800
214	23400	30600
215	12600	19800
216	16200	23400
217	23400	30600
218	7200	30600
219	19800	27000
220	9000	16200
221	16200	22500
222	7200	30600
223	9000	16200
224	16200	23400
225	5400	12600
226	5400	12600
227	5400	12600
228	16200	23400
229	16200	23400
230	23400	30600
231	23400	30600
232	7200	30600
233	7200	30600
234	16200	23400
235	19800	27000
236	5400	12600
237	12600	19800
238	23400	30600
239	12600	19800
240	5400	12600
241	23400	30600
242	19800	27000
243	16200	23400
244	16200	22500
245	19800	27000
246	16200	23400
247	19800	27000
248	23400	29700
249	19800	27000
250	16200	23400
251	7200	30600
252	12600	19800
253	5400	12600
254	19800	27000
255	12600	19800
256	19800	27000
257	16200	23400
258	9000	16200
259	23400	30600
260	23400	30600
261	5400	12600
262	23400	30600
263	5400	12600
264	19800	27000
265	5400	12600
266	16200	23400
267	5400	12600
268	9000	16200
269	7200	29700
270	16200	23400
271	16200	23400
272	5400	12600
273	5400	12600
274	16200	23400
275	12600	19800
276	16200	23400
277	23400	30600
278	5400	12600
279	16200	23400
280	16200	25200
281	23400	29700
282	9000	16200
283	16200	22500
284	19800	27000
285	12600	19800
286	7200	30600
287	9000	16200
288	23400	30600
289	16200	23400
290	12600	19800
291	16200	23400
292	16200	23400
293	23400	30600
294	7200	30600
295	5400	12600
296	12600	19800
297	7200	30600
298	7200	30600
299	19800	27000
300	9000	16200
301	23400	30600
302	16200	23400
303	19800	27000
304	19800	27000
305	16200	25200
306	23400	30600
307	19800	27000
308	12600	19800
309	12600	19800
310	16200	22500
311	16200	23400
312	18000	41400
313	9000	16200
314	23400	30600
315	19800	27000
316	12600	19800
317	16200	23400
318	7200	30600
319	16200	23400
320	12600	18840
321	5400	12600
322	16200	23400
323	12600	19800
324	12600	19800
325	19800	27000
326	23400	30600
327	9000	16200
328	7200	29700
329	9000	16200
330	23400	30600
331	9000	16200
332	12600	19800
333	23400	30600
334	23400	30600
335	7200	30600
336	12600	19800
337	23400	30600
338	23400	30600
339	7200	30600
340	12600	19800
341	12600	19800
342	16200	23400
343	23400	30600
344	7200	29700
345	16200	23400
346	7200	30600
347	23400	30600
348	12600	19800
349	7200	30600
350	16200	23400
351	16200	23400
352	7200	30600
353	16200	23400
354	23400	30600
355	7200	30600
356	16200	23400
357	7200	29700
358	9000	16200
359	16200	23400
360	19800	27000
361	19800	27000
362	12600	19800
363	7200	30600
364	19800	27000
365	7200	30600
366	16200	23400
367	7200	29700
368	12600	19800
369	7200	29700
370	19800	27000
371	23400	30600
372	7200	30600
373	5400	12600
374	19800	26100
375	23400	30600
376	19800	27000
377	16200	27000
378	19800	27000
379	5400	12600
380	16200	23400
381	23400	30600
382	12600	19800
383	12600	18900
384	16200	23400
385	9000	16200
386	16200	23400
387	12600	19800
388	9000	16200
389	9000	16200
390	5400	12600
391	7200	30600
392	16200	23400
393	12600	19800
394	5400	12600
395	12600	19800
396	23400	30600
397	12600	19800
398	19800	27000
399	16200	23400
400	7200	30600
401	12600	19800
402	16200	23400
403	16200	23400
404	12600	19800
405	19800	27000
406	7200	30600
407	12600	19800
408	16200	23400
409	7200	30600
410	19800	27000
411	16200	23400
412	19800	27000
413	9000	16200
414	23400	30600
415	19800	27000
416	23400	30600
417	19800	27000
418	19800	26100
419	23400	30600
420	23400	30600
421	16200	23400
422	16200	23400
423	16200	23400
424	19800	27000
425	9000	16200
426	19800	27000
427	16200	23400
428	9000	16200
429	19800	27000
430	12600	19800
431	19800	27000
432	19800	27000
433	12600	19800
434	19800	27000
435	19800	27000
436	9000	16200
437	9000	16200
438	12600	19800
439	12600	19800
440	12600	19800
441	16200	23400
442	12600	19800
443	16200	23400
444	12600	19800
445	9000	16200
446	16200	23400
447	9000	16200
448	23400	30600
449	16200	23400
450	23400	30600
451	16200	23400
452	19800	27000
453	16200	23400
454	16200	23400
455	12600	19800
456	19800	27000
457	12600	19800
458	9000	16200
459	16200	23400
460	12600	19800
461	12600	19800
462	23400	30600
463	9000	16200
464	9000	16200
465	9000	16200
466	7200	30600
467	9000	16200
468	23400	30600
469	12600	19800
470	7200	30600
471	12600	19800
472	12600	19800
473	12600	19800
474	9000	16200
475	19800	27000
476	16200	23400
477	9000	16200
478	19800	27000
479	16200	22500
480	16200	23400
481	9000	16200
482	9000	16200
483	7200	30600
484	23400	30600
485	7200	29700
486	19800	27000
487	23400	30600
488	16200	23400
489	9000	16200
490	19800	27000
491	19800	27000
492	16200	23400
493	23400	30600
494	12600	19800
495	16200	23400
496	7200	30600
497	23400	30600
498	12600	19800
499	12600	19800
500	19800	27000
501	16200	23400
502	12600	19800
503	16200	23400
504	16200	25200
505	16200	25200
506	12600	19800
507	9000	16200
508	16200	23400
509	16200	23400
510	23400	30600
511	23400	30600
512	16200	23400
513	7200	29700
514	7200	30600
515	16200	22500
516	23400	30600
517	12600	19800
518	7200	30600
519	19800	27000
520	19800	27000
521	16200	23400
522	19800	27000
523	16200	23400
524	7200	30600
525	16200	23400
526	23400	30600
527	16200	23400
528	23400	30600
529	23400	30600
530	19800	27000
531	16200	23400
532	12600	19800
533	9000	16200
534	7200	30600
535	7200	30600
536	12600	19800
537	7200	30600
538	19800	27000
539	7200	30600
540	16200	23400
541	23400	30600
542	7200	30600
543	19800	27000
544	23400	30600
545	12600	19800
546	19800	27000
547	19800	27000
548	16200	23400
549	12600	19800
550	16200	23400
551	16200	23400
552	12600	19800
553	19800	27000
554	12600	18900
555	7200	30600
556	16200	23400
557	16200	23400
558	9000	16200
559	7200	30600
560	23400	30600
561	16200	23400
562	23400	30600
563	12600	19800
564	19800	27000
565	12600	19800
566	19800	26100
567	16200	23400
568	16200	23400
569	23400	30600
570	7200	29700
571	19800	27000
572	7200	30600
573	7200	29700
574	7200	30600
575	23400	30600
576	12600	19800
577	19800	27000
578	7200	30600
579	19800	27000
580	12600	18900
581	19800	27000
582	16200	23400
583	16200	23400
584	19800	27000
585	16200	23400
586	16200	22500
587	19800	27000
588	19800	27000
589	7200	30600
590	7200	30600
591	16200	23400
592	7200	30600
593	23400	30600
594	16200	23400
595	16200	23400
596	19800	27000
597	19800	27000
598	23400	30600
599	16200	23400
600	12600	19800
601	16200	23400
602	19800	27000
603	19800	27000
604	23400	30600
605	12600	19800
606	19800	27000
607	16200	23400
608	12600	19800
609	12600	19800
610	18000	41400
611	19800	27000
612	23400	30600
613	19800	27000
614	12600	19800
615	7200	30600
616	19800	27000
617	16200	23400
618	23400	30600
619	23400	30600
620	12600	19800
621	16200	23400
622	23400	29700
623	12600	19800
624	16200	23400
625	23400	30600
626	19800	27000
627	7200	30600
628	19800	27000
629	16200	23400
630	23400	30600
631	12600	19800
632	23400	30600
633	12600	19800
634	23400	30600
635	16200	23400
636	23400	30600
637	23400	30600
638	19800	27000
639	7200	30600
640	12600	19800
641	19800	27000
642	7200	30600
643	23400	30600
644	19800	27000
645	18000	41400
646	12600	19800
647	12600	19800
648	19800	27000
649	16200	23400
650	12600	19800
651	7200	29700
652	23400	30600
653	16200	23400
654	19800	27000
655	23400	30600
656	12600	19800
657	16200	23400
658	23400	30600
659	16200	23400
660	19800	27000
661	23400	30600
662	23400	29700
663	23400	30600
664	19800	27000
665	23400	30600
666	7200	30600
667	19800	27000
668	12600	19800
669	7200	29700
670	16200	23400
671	19800	27000
672	19800	27000
673	23400	30600
674	23400	30600
675	7200	30600
676	7200	30600
677	23400	30600
678	19800	27000
679	16200	23400
680	19800	27000
681	16200	23400
682	16200	23400
683	7200	30600
684	19800	27000
685	7200	30600
686	19800	27000
687	19800	27000
688	12600	19800
689	7200	30600
690	16200	23400
691	23400	30600
692	16200	23400
693	23400	30600
694	19800	26100
695	16200	23400
696	12600	19800
697	16200	23400
698	12600	19800
699	23400	30600
700	23400	30600
701	16200	23400
702	19800	27000
703	16200	23400
704	23400	30600
705	18000	41400
706	16200	23400
707	16200	23400
708	16200	23400
709	7200	29700
710	16200	23400
711	7200	29700
712	19800	27000
713	23400	30600
714	16200	23400
715	7200	30600
716	19800	27000
717	12600	19800
718	7200	30600
719	7200	30600
720	23400	30600
721	16200	27000
722	23400	29700
723	12600	19800
724	23400	30600
725	23400	30600
726	7200	30600
727	23400	30600
728	19800	26100
729	7200	30600
730	7200	30600
731	19800	27000
732	23400	30600
733	16200	23400
734	16200	23400
735	7200	30600
736	23400	29700
737	19800	27000
738	19800	27000
739	23400	30600
740	19800	27000
741	7200	30600
742	7200	30600
743	16200	23400
744	23400	30600
745	16200	23400
746	23400	30600
747	7200	30600
748	16200	23400
749	19800	27000
750	7200	30600
751	7200	29700
752	16200	23400
753	16200	23400
754	23400	30600
755	23400	30600
756	19800	27000
757	23400	30600
758	23400	30600
759	23400	30600
760	16200	23400
761	19800	27000
762	16200	23400
763	19800	27000
764	23400	30600
765	16200	23400
766	7200	30600
767	16200	23400
768	7200	30600
769	7200	30600
770	19800	27000
771	16200	23400
772	23400	30600
773	16200	23400
774	23400	30600
775	19800	27000
776	7200	30600
777	7200	30600
778	23400	30600
779	23400	30600
780	23400	30600
781	19800	27000
782	23400	30600
783	16200	23400
784	7200	29700
785	16200	27000
786	16200	23400
787	16200	23400
788	7200	29700
789	23400	30600
790	7200	29700
791	19800	27000
792	7200	30600
793	23400	30600
794	7200	29700
795	19800	27000
796	23400	30600
797	23400	30600
798	23400	30600
799	16200	23400
800	19800	27000
801	19800	26100
802	16200	25200
803	7200	30600
804	7200	30600
805	19800	27000
806	7200	29700
807	7200	30600
808	16200	23400
809	19800	27000
810	23400	30600
811	19800	27000
812	16200	23400
813	19800	27000
814	7200	30600
815	7200	29700
816	16200	23400
817	16200	23400
818	23400	30600
819	16200	23400
820	23400	30600
821	23400	30600
822	23400	30600
823	16200	23400
824	16200	23400
825	16200	23400
826	16200	23400
827	23400	30600
828	19800	27000
829	19800	27000
830	23400	30600
831	19800	27000
832	7200	30600
833	19800	27000
834	16200	27000
835	23400	30600
836	23400	30600
837	23400	30600
838	19800	27000
839	23400	30600
840	7200	30600
841	23400	30600
842	19800	27000
843	23400	30600
844	16200	25200
845	7200	29700
846	19800	27000
847	7200	30600
848	7200	30600
849	7200	30600
850	7200	30600
851	23400	30600
852	23400	30600
853	23400	30600
854	19800	27000
855	23400	30600
856	23400	30600
857	16200	26100
858	19800	27000
859	19800	27000
860	7200	30600
861	7200	30600
862	19800	27000
863	16200	27000
864	7200	30600
865	23400	30600
866	23400	30600
867	19800	27000
868	23400	30600
869	19800	26100
870	23400	29700
871	7200	30600
872	19800	27000
873	7200	30600
874	19800	27000
RELEASE_TIME_SECTION
1	0
2	5400
3	5400
4	5400
5	5400
6	5400
7	5400
8	5400
9	5400
10	5400
11	5400
12	5400
13	5400
14	5400
15	5400
16	5400
17	5400
18	5400
19	5400
20	5400
21	5400
22	5400
23	5400
24	5400
25	5400
26	5400
27	5400
28	5400
29	5400
30	5400
31	5400
32	5400
33	5400
34	5400
35	5400
36	5400
37	5400
38	5400
39	5400
40	5400
41	5400
42	5400
43	5400
44	5400
45	5400
46	5400
47	5400
48	5400
49	5400
50	5400
51	5400
52	5400
53	5400
54	5400
55	5400
56	5400
57	5400
58	5400
59	5400
60	5400
61	5400
62	5400
63	5400
64	5400
65	5400
66	5400
67	5400
68	5400
69	5400
70	5400
71	5400
72	5400
73	5400
74	5400
75	5400
76	5400
77	5400
78	5400
79	5400
80	5400
81	5400
82	5400
83	5400
84	5400
85	5400
86	5400
87	5400
88	5400
89	5400
90	5400
91	5400
92	5400
93	5400
94	5400
95	5400
96	5400
97	5400
98	5400
99	5400
100	5400
101	5400
102	7200
103	7200
104	7200
105	7200
106	7200
107	7200
108	7200
109	7200
110	7200
111	7200
112	7200
113	7200
114	7200
115	7200
116	7200
117	7200
118	7200
119	7200
120	7200
121	7200
122	7200
123	7200
124	7200
125	7200
126	7200
127	7200
128	7200
129	7200
130	7200
131	7200
132	7200
133	7200
134	7200
135	7200
136	7200
137	7200
138	7200
139	7200
140	7200
141	7200
142	7200
143	7200
144	7200
145	7200
146	7200
147	7200
148	7200
149	7200
150	7200
151	7200
152	7200
153	7200
154	7200
155	7200
156	7200
157	7200
158	7200
159	7200
160	7200
161	7200
162	7200
163	7200
164	7200
165	7200
166	7200
167	7200
168	7200
169	7200
170	7200
171	7200
172	7200
173	7200
174	7200
175	7200
176	7200
177	7200
178	7200
179	7200
180	7200
181	7200
182	7200
183	7200
184	7200
185	7200
186	7200
187	7200
188	7200
189	7200
190	7200
191	7200
192	7200
193	7200
194	7200
195	7200
196	7200
197	7200
198	7200
199	7200
200	7200
201	7200
202	9000
203	9000
204	9000
205	9000
206	9000
207	9000
208	9000
209	9000
210	9000
211	9000
212	9000
213	9000
214	9000
215	9000
216	9000
217	9000
218	9000
219	9000
220	9000
221	9000
222	9000
223	9000
224	9000
225	9000
226	9000
227	9000
228	9000
229	9000
230	9000
231	9000
232	9000
233	9000
234	9000
235	9000
236	9000
237	9000
238	9000
239	9000
240	9000
241	9000
242	9000
243	9000
244	9000
245	9000
246	9000
247	9000
248	9000
249	9000
250	9000
251	9000
252	9000
253	9000
254	9000
255	9000
256	9000
257	9000
258	9000
259	9000
260	9000
261	9000
262	9000
263	9000
264	9000
265	9000
266	9000
267	9000
268	9000
269	9000
270	9000
271	9000
272	9000
273	9000
274	9000
275	9000
276	9000
277	9000
278	9000
279	9000
280	9000
281	9000
282	9000
283	9000
284	9000
285	9000
286	9000
287	9000
288	9000
289	9000
290	9000
291	9000
292	9000
293	9000
294	9000
295	9000
296	9000
297	9000
298	9000
299	9000
300	9000
301	9000
302	10800
303	10800
304	10800
305	10800
306	10800
307	10800
308	10800
309	10800
310	10800
311	10800
312	10800
313	10800
314	10800
315	10800
316	10800
317	10800
318	10800
319	10800
320	10800
321	10800
322	10800
323	10800
324	10800
325	10800
326	10800
327	10800
328	10800
329	10800
330	10800
331	10800
332	10800
333	10800
334	10800
335	10800
336	10800
337	10800
338	10800
339	10800
340	10800
341	10800
342	10800
343	10800
344	10800
345	10800
346	10800
347	10800
348	10800
349	10800
350	10800
351	10800
352	10800
353	10800
354	10800
355	10800
356	10800
357	10800
358	10800
359	10800
360	10800
361	10800
362	10800
363	10800
364	10800
365	10800
366	10800
367	10800
368	10800
369	10800
370	10800
371	10800
372	10800
373	10800
374	10800
375	10800
376	10800
377	10800
378	10800
379	10800
380	10800
381	10800
382	10800
383	10800
384	10800
385	10800
386	10800
387	10800
388	10800
389	10800
390	10800
391	10800
392	10800
393	10800
394	10800
395	10800
396	10800
397	10800
398	10800
399	12600
400	12600
401	12600
402	12600
403	12600
404	12600
405	12600
406	12600
407	12600
408	12600
409	12600
410	12600
411	12600
412	12600
413	12600
414	12600
415	12600
416	12600
417	12600
418	12600
419	12600
420	12600
421	12600
422	12600
423	12600
424	12600
425	12600
426	12600
427	12600
428	12600
429	12600
430	12600
431	12600
432	12600
433	12600
434	12600
435	12600
436	12600
437	12600
438	12600
439	12600
440	12600
441	12600
442	12600
443	12600
444	12600
445	12600
446	12600
447	12600
448	12600
449	12600
450	12600
451	12600
452	12600
453	12600
454	12600
455	12600
456	12600
457	12600
458	12600
459	12600
460	12600
461	12600
462	12600
463	12600
464	12600
465	12600
466	12600
467	12600
468	12600
469	12600
470	12600
471	12600
472	12600
473	12600
474	12600
475	12600
476	12600
477	12600
478	12600
479	12600
480	12600
481	12600
482	12600
483	12600
484	12600
485	12600
486	12600
487	12600
488	12600
489	14400
490	14400
491	14400
492	14400
493	14400
494	14400
495	14400
496	14400
497	14400
498	14400
499	14400
500	14400
501	14400
502	14400
503	14400
504	14400
505	14400
506	14400
507	14400
508	14400
509	14400
510	14400
511	14400
512	14400
513	14400
514	14400
515	14400
516	14400
517	14400
518	14400
519	14400
520	14400
521	14400
522	14400
523	14400
524	14400
525	14400
526	14400
527	14400
528	14400
529	14400
530	14400
531	14400
532	14400
533	14400
534	14400
535	14400
536	14400
537	14400
538	14400
539	14400
540	14400
541	14400
542	14400
543	14400
544	14400
545	14400
546	14400
547	14400
548	14400
549	14400
550	14400
551	14400
552	14400
553	14400
554	14400
555	14400
556	14400
557	14400
558	14400
559	14400
560	14400
561	14400
562	14400
563	14400
564	14400
565	14400
566	14400
567	14400
568	14400
569	14400
570	14400
571	14400
572	14400
573	14400
574	14400
575	14400
576	14400
577	16200
578	16200
579	16200
580	16200
581	16200
582	16200
583	16200
584	16200
585	16200
586	16200
587	16200
588	16200
589	16200
590	16200
591	16200
592	16200
593	16200
594	16200
595	16200
596	16200
597	16200
598	16200
599	16200
600	16200
601	16200
602	16200
603	16200
604	16200
605	16200
606	16200
607	16200
608	16200
609	16200
610	16200
611	16200
612	16200
613	16200
614	16200
615	16200
616	16200
617	16200
618	16200
619	16200
620	16200
621	16200
622	16200
623	16200
624	16200
625	16200
626	16200
627	16200
628	16200
629	16200
630	16200
631	16200
632	16200
633	16200
634	16200
635	16200
636	16200
637	16200
638	16200
639	16200
640	16200
641	16200
642	16200
643	16200
644	16200
645	16200
646	16200
647	16200
648	16200
649	16200
650	16200
651	16200
652	16200
653	16200
654	16200
655	16200
656	18000
657	18000
658	18000
659	18000
660	18000
661	18000
662	18000
663	18000
664	18000
665	18000
666	18000
667	18000
668	18000
669	18000
670	18000
671	18000
672	18000
673	18000
674	18000
675	18000
676	18000
677	18000
678	18000
679	18000
680	18000
681	18000
682	18000
683	18000
684	18000
685	18000
686	18000
687	18000
688	18000
689	18000
690	18000
691	18000
692	18000
693	18000
694	18000
695	18000
696	18000
697	18000
698	18000
699	18000
700	18000
701	18000
702	18000
703	18000
704	18000
705	18000
706	18000
707	18000
708	18000
709	18000
710	18000
711	18000
712	18000
713	18000
714	18000
715	18000
716	18000
717	18000
718	18000
719	18000
720	18000
721	18000
722	18000
723	18000
724	18000
725	19800
726	19800
727	19800
728	19800
729	19800
730	19800
731	19800
732	19800
733	19800
734	19800
735	19800
736	19800
737	19800
738	19800
739	19800
740	19800
741	19800
742	19800
743	19800
744	19800
745	19800
746	19800
747	19800
748	19800
749	19800
750	19800
751	19800
752	19800
753	19800
754	19800
755	19800
756	19800
757	19800
758	19800
759	19800
760	19800
761	19800
762	19800
763	19800
764	19800
765	19800
766	19800
767	19800
768	19800
769	19800
770	19800
771	19800
772	19800
773	19800
774	19800
775	19800
776	19800
777	19800
778	19800
779	19800
780	19800
781	19800
782	19800
783	19800
784	19800
785	19800
786	19800
787	21600
788	21600
789	21600
790	21600
791	21600
792	21600
793	21600
794	21600
795	21600
796	21600
797	21600
798	21600
799	21600
800	21600
801	21600
802	21600
803	21600
804	21600
805	21600
806	21600
807	21600
808	21600
809	21600
810	21600
811	21600
812	21600
813	21600
814	21600
815	21600
816	21600
817	21600
818	21600
819	21600
820	21600
821	21600
822	21600
823	21600
824	21600
825	21600
826	21600
827	21600
828	21600
829	21600
830	21600
831	21600
832	21600
833	21600
834	23400
835	23400
836	23400
837	23400
838	23400
839	23400
840	23400
841	23400
842	23400
843	23400
844	23400
845	23400
846	23400
847	23400
848	23400
849	23400
850	23400
851	23400
852	23400
853	23400
854	23400
855	23400
856	23400
857	23400
858	23400
859	23400
860	23400
861	23400
862	23400
863	23400
864	23400
865	23400
866	23400
867	23400
868	23400
869	23400
870	23400
871	23400
872	23400
873	23400
874	23400
EOF
