NAME : ORTEC-VRPTW-ASYM-bbed1122-d1-n917
TYPE : VRPTW-RT
DIMENSION : 918
EDGE_WEIGHT_TYPE : EUC_2D
CAPACITY : 200
NODE_COORD_SECTION
1	6294	1239
2	5573	4053
3	3744	3175
4	4431	3533
5	6434	2587
6	2508	2332
7	6489	1097
8	2096	3494
9	6235	3616
10	3579	3412
11	3308	3865
12	5813	1305
13	6717	1838
14	8016	476
15	6152	3314
16	7086	1863
17	6763	2867
18	4229	2787
19	5757	4071
20	4921	4576
21	7164	447
22	6275	1331
23	6198	1331
24	3515	1645
25	5546	4397
26	2573	2121
27	2077	3021
28	7028	1694
29	2055	3480
30	518	3999
31	6763	2867
32	4588	1385
33	3579	3412
34	2675	2212
35	2166	2726
36	4636	3656
37	3232	3680
38	7979	537
39	4747	1991
40	4884	4667
41	7065	2557
42	5693	4014
43	6933	1937
44	5182	3604
45	2492	3277
46	6581	2654
47	3515	1645
48	3597	1492
49	5607	4027
50	4105	2626
51	3687	3695
52	518	3999
53	2862	2730
54	6906	765
55	4468	4505
56	6838	2661
57	3114	4006
58	6974	2211
59	4256	2038
60	8193	0
61	5813	1305
62	6194	1159
63	4012	3606
64	6731	764
65	1560	3970
66	5524	3755
67	3855	1453
68	623	4087
69	3088	3863
70	4588	1385
71	3597	1492
72	6877	667
73	3183	1351
74	7065	2557
75	3064	3804
76	4996	4022
77	6332	3755
78	7982	539
79	7164	447
80	7340	707
81	5354	1851
82	6888	1138
83	3532	1753
84	5316	3571
85	6340	3238
86	4996	4022
87	2597	3520
88	5940	2516
89	5504	3513
90	6801	1954
91	4754	4519
92	4087	4678
93	6332	3755
94	6691	2244
95	3135	2671
96	7226	529
97	4785	4200
98	5833	3112
99	4017	3499
100	6877	667
101	2008	2522
102	3469	3367
103	1765	3735
104	1888	3797
105	729	4423
106	3451	2040
107	6888	1138
108	4611	4259
109	6126	3443
110	3949	1373
111	623	4087
112	7339	387
113	6575	3826
114	3588	3279
115	5946	4052
116	2675	2212
117	7982	539
118	8016	476
119	3715	3543
120	7028	1694
121	2264	2258
122	3614	1719
123	8211	720
124	3748	3211
125	1560	3970
126	5652	1570
127	5023	3989
128	2467	3034
129	7337	673
130	2095	2688
131	2675	2212
132	1765	3735
133	6312	1187
134	6544	3689
135	5524	3755
136	1659	3505
137	3516	3895
138	6575	3826
139	6717	1838
140	3855	1453
141	518	3999
142	6132	2381
143	2047	2365
144	6275	1331
145	4876	4061
146	2597	3520
147	7982	539
148	3231	3443
149	892	3962
150	23	4295
151	6556	932
152	6888	1138
153	3374	3854
154	7268	383
155	3353	3829
156	2666	2799
157	4810	2392
158	1751	3196
159	6888	1138
160	2286	2654
161	1765	3735
162	3405	3633
163	2467	3034
164	4156	3513
165	6906	765
166	2264	2258
167	4465	4662
168	4012	3606
169	4233	4412
170	3135	2671
171	3383	1684
172	4752	2894
173	623	4087
174	6691	2244
175	6945	1512
176	3713	1505
177	5859	3863
178	0	4288
179	4470	4637
180	6859	2759
181	2459	2284
182	8016	476
183	4003	1596
184	5316	3571
185	3695	3730
186	6489	1097
187	1888	3797
188	5607	4027
189	4884	4667
190	6474	3874
191	3308	3865
192	3500	1380
193	7289	611
194	518	3999
195	2475	3759
196	3064	3804
197	2047	2365
198	3588	3279
199	4819	4487
200	5166	3704
201	6474	3874
202	7339	387
203	4876	1325
204	3584	1334
205	3037	2876
206	7268	383
207	3383	1684
208	3223	2496
209	5182	3604
210	7164	447
211	7093	537
212	7340	707
213	2459	2284
214	6194	1159
215	6691	2244
216	5992	3100
217	2008	2522
218	2280	2162
219	3579	3412
220	2701	3900
221	4618	1679
222	7226	332
223	3812	2909
224	5484	1867
225	5202	3980
226	2077	3021
227	3114	4006
228	320	4083
229	3120	3686
230	3515	1645
231	7268	383
232	3783	2798
233	6275	1331
234	7072	655
235	3405	3633
236	6332	3755
237	3584	1334
238	4229	2787
239	2642	3252
240	2286	2654
241	3530	1605
242	7157	737
243	2812	3315
244	3135	2671
245	6434	2587
246	7226	332
247	729	4423
248	5136	4520
249	1583	3702
250	623	4087
251	8016	476
252	2408	3868
253	6933	1937
254	6888	1138
255	6332	1084
256	6801	1954
257	6474	3874
258	3405	3633
259	5399	3825
260	4785	4200
261	3579	3412
262	4801	4304
263	4579	3987
264	3687	3695
265	2264	2258
266	6029	1091
267	1765	3735
268	4618	1679
269	5613	3439
270	5806	1287
271	2991	2863
272	6991	2436
273	4611	4259
274	4695	4531
275	5484	1867
276	3024	2768
277	6906	765
278	6568	1799
279	8016	476
280	4136	2194
281	5503	3798
282	4136	2194
283	3579	3412
284	6126	3443
285	5992	3100
286	2255	2333
287	6933	1937
288	3515	1645
289	5399	3825
290	7340	707
291	2675	2212
292	6194	1159
293	6202	1388
294	3064	3804
295	7072	655
296	6026	1092
297	1079	3704
298	4105	2626
299	1765	3735
300	2721	3686
301	3989	2586
302	6581	2654
303	3695	3730
304	2592	3930
305	2475	3759
306	5202	3980
307	4012	3606
308	6024	3890
309	4618	1679
310	4754	4519
311	6766	1567
312	7268	383
313	3515	1645
314	6194	1159
315	6581	2654
316	6582	743
317	4003	1596
318	5192	3361
319	7065	2557
320	3705	1337
321	6974	2211
322	7032	1445
323	2809	1868
324	3231	3443
325	6491	2062
326	5638	3464
327	4785	4200
328	6556	932
329	6877	667
330	8193	0
331	4058	1401
332	3120	3686
333	2612	2137
334	2642	3252
335	4752	2894
336	1387	3580
337	4459	3274
338	3515	1645
339	4921	4576
340	6491	2062
341	2185	3684
342	7202	533
343	2589	3241
344	3705	1337
345	6974	2211
346	3078	3933
347	2930	1957
348	4810	2392
349	3297	3651
350	3885	1342
351	5316	3571
352	2286	2654
353	6717	1838
354	2047	2365
355	3273	3884
356	3078	3933
357	5833	3112
358	2095	2688
359	4229	2787
360	4105	2626
361	4156	3513
362	2989	1634
363	5420	3319
364	3588	3279
365	5658	2803
366	2492	3277
367	5806	1287
368	2493	2349
369	3597	1492
370	2255	2333
371	6882	1134
372	5399	3825
373	3795	3141
374	2280	2162
375	7480	882
376	5806	1287
377	6766	1567
378	5906	4048
379	2579	3161
380	6891	1897
381	6838	2661
382	2344	2944
383	3783	2798
384	5179	4320
385	1622	3225
386	5355	1147
387	6575	3826
388	7231	550
389	2991	2863
390	2573	2121
391	729	4423
392	8193	0
393	3614	1719
394	3885	1342
395	6877	667
396	2812	3315
397	4465	4662
398	3989	2586
399	5859	3863
400	4012	3606
401	3353	3829
402	6801	1954
403	5462	1516
404	2096	3494
405	4465	4662
406	6974	2211
407	6568	1799
408	4087	4678
409	6568	1799
410	6233	1825
411	3500	1380
412	4240	3391
413	5462	1516
414	6891	1897
415	3033	3827
416	3308	3865
417	7133	561
418	6304	1192
419	6235	3616
420	2008	2522
421	3071	2246
422	6937	2026
423	7386	697
424	5859	3863
425	7324	491
426	7694	406
427	6556	932
428	5995	1296
429	3500	1380
430	3588	3279
431	5354	1851
432	3120	3686
433	5833	3112
434	7509	350
435	5995	1296
436	6024	3890
437	2286	2307
438	6332	3755
439	6660	2536
440	8016	476
441	23	4295
442	6807	1429
443	3231	3443
444	6906	765
445	2492	3277
446	2328	3180
447	6937	2026
448	6906	765
449	5693	4014
450	6745	2054
451	2061	3808
452	4284	1969
453	1290	3953
454	3135	2671
455	2957	3915
456	2055	3480
457	5546	4397
458	5462	1516
459	1765	3735
460	3701	1563
461	6891	1897
462	6235	3616
463	5693	4014
464	6807	1429
465	5611	2942
466	3297	3651
467	1922	3360
468	4884	4667
469	3795	3141
470	7638	401
471	3682	2413
472	3500	1380
473	7843	1458
474	2649	3077
475	3374	3854
476	5859	3863
477	4752	2894
478	5192	3361
479	6152	3314
480	6956	679
481	2280	2162
482	2984	3860
483	3898	4757
484	2612	2137
485	5611	2942
486	5869	1696
487	6354	1179
488	3701	1563
489	6774	2042
490	6807	1429
491	5108	4629
492	3682	2413
493	6152	3314
494	6970	607
495	6882	1134
496	6304	2420
497	6434	2587
498	5607	4027
499	4819	4487
500	6489	1097
501	6126	3443
502	4874	4493
503	1751	3196
504	4003	1596
505	7982	539
506	4855	2177
507	3469	3367
508	2328	3180
509	3308	3865
510	3383	1684
511	6906	765
512	7086	1863
513	3516	3895
514	3580	3714
515	6717	1838
516	4156	3513
517	6807	1429
518	2809	1868
519	2688	2378
520	7231	550
521	6491	2062
522	4588	1385
523	3855	1453
524	5706	4161
525	5603	2114
526	1765	3735
527	6859	2759
528	4056	1636
529	6233	1825
530	5546	4397
531	5869	1696
532	4003	1596
533	5484	1867
534	4465	4662
535	1622	3225
536	6991	2436
537	8016	476
538	3071	2246
539	6974	2211
540	5593	3754
541	4105	2626
542	1659	3505
543	2508	2332
544	5757	4071
545	4921	4576
546	7511	1604
547	7202	533
548	6609	3599
549	2989	1634
550	6489	1097
551	5136	4520
552	729	4423
553	6556	932
554	7673	900
555	4256	2038
556	6115	3912
557	3099	3772
558	5813	1305
559	2185	3684
560	2701	3900
561	3405	3633
562	6024	3890
563	5399	3825
564	2579	3161
565	7673	900
566	5753	2532
567	3614	1719
568	3705	1337
569	7157	737
570	6152	3314
571	4240	3391
572	6575	3826
573	3682	2413
574	6717	1838
575	4785	4200
576	6061	3449
577	1696	3843
578	5166	3704
579	3232	3680
580	1622	3225
581	4240	3391
582	3949	1373
583	5869	1696
584	2055	3480
585	5813	1305
586	3353	3829
587	7225	718
588	7028	1694
589	4566	1559
590	7289	611
591	3812	2909
592	2508	2332
593	4810	2392
594	7511	1604
595	2675	2212
596	3033	3827
597	1765	3735
598	6660	2536
599	3438	3551
600	6434	2587
601	2185	3684
602	4136	2194
603	2459	2284
604	3500	1380
605	2862	2730
606	7093	537
607	7843	1458
608	4566	1559
609	6304	1192
610	6807	1429
611	3965	1818
612	6859	2058
613	7235	523
614	4884	4667
615	1765	3735
616	6945	1512
617	6970	607
618	6434	2587
619	6731	764
620	6489	1097
621	4468	4505
622	3071	2246
623	7509	350
624	7289	611
625	3949	1373
626	7340	707
627	6582	743
628	7235	523
629	6948	686
630	6489	1097
631	5462	1516
632	7268	383
633	6115	3912
634	2096	3494
635	4156	3513
636	6202	1388
637	1888	3797
638	6275	1331
639	5638	3464
640	6275	1331
641	4465	4662
642	5465	3488
643	7086	1863
644	6970	607
645	5179	4320
646	3713	1505
647	6801	1954
648	6801	1954
649	3223	2496
650	7386	697
651	6202	1388
652	6489	1097
653	5940	2516
654	2688	2378
655	0	4288
656	4876	4061
657	2930	1957
658	5995	1296
659	4003	1596
660	2604	2363
661	6474	3874
662	2079	3660
663	2166	2726
664	6304	1192
665	2930	1957
666	5813	1305
667	6891	1897
668	6491	2062
669	4618	1679
670	7638	401
671	7078	1387
672	2592	3930
673	3088	3863
674	2688	2378
675	5504	3513
676	4855	2177
677	2809	1868
678	5613	3439
679	6948	686
680	5652	1570
681	6126	3443
682	7093	537
683	7226	529
684	4911	4139
685	3438	3551
686	5753	2532
687	6856	2933
688	5833	3112
689	6126	3443
690	2475	3759
691	5940	2516
692	7086	1863
693	4819	4487
694	4588	1385
695	6801	1954
696	3135	2671
697	5355	1147
698	5465	3488
699	5546	4397
700	5611	2942
701	4156	3513
702	7078	1387
703	6859	2058
704	6194	1159
705	7509	350
706	3231	3443
707	477	4136
708	5182	3604
709	1109	3815
710	7340	707
711	6882	1134
712	6348	2199
713	6038	1250
714	5484	1867
715	7340	707
716	3033	3827
717	2185	3684
718	4566	1559
719	4229	2787
720	7	4157
721	4024	3663
722	1109	3815
723	2612	2137
724	6198	1331
725	5484	1867
726	6573	2262
727	6194	1159
728	7226	332
729	5603	2114
730	2055	3480
731	2185	3684
732	4566	1559
733	7225	718
734	3516	3895
735	5355	1147
736	6581	2654
737	7157	737
738	3469	3367
739	3744	3175
740	6609	3599
741	3438	3551
742	6691	2244
743	7218	536
744	6233	1825
745	6906	765
746	7340	707
747	4017	3499
748	5853	990
749	5524	3755
750	2328	3180
751	3405	3633
752	2721	3686
753	2642	3252
754	6568	1799
755	3527	3456
756	5091	3101
757	2809	1868
758	4974	4380
759	7065	2557
760	4911	4139
761	3795	3141
762	7694	406
763	7235	523
764	7386	697
765	7086	1863
766	7511	1604
767	6745	2054
768	3831	3759
769	7979	537
770	6974	2768
771	6937	2026
772	4017	3499
773	4636	3656
774	4618	1679
775	5354	1851
776	5182	3604
777	6856	2933
778	6691	2244
779	1922	3360
780	6038	1250
781	4636	3656
782	3064	3804
783	6974	2768
784	6018	2487
785	6332	1084
786	6573	2262
787	3232	3680
788	5045	4518
789	3532	1753
790	2096	3494
791	3024	2768
792	3405	3633
793	6745	2054
794	5045	4518
795	4911	4139
796	5573	4053
797	5045	4518
798	3273	3884
799	2077	3021
800	7093	537
801	6948	686
802	6859	2759
803	4003	1596
804	4058	1401
805	5077	4034
806	5023	3989
807	8211	720
808	5652	1570
809	6717	1838
810	6194	1159
811	4431	3533
812	3530	1605
813	5045	4518
814	2957	3915
815	6544	3689
816	2667	3013
817	2991	2863
818	4855	2177
819	6275	1331
820	4785	4200
821	4459	3274
822	4284	1969
823	6891	1897
824	3989	2586
825	4566	1559
826	6691	2244
827	4070	4708
828	6332	1084
829	4884	4667
830	5524	3755
831	5940	2516
832	3965	1818
833	3588	3279
834	7339	387
835	6038	1250
836	4588	1385
837	4024	3663
838	3588	3279
839	6038	1250
840	7480	882
841	7231	550
842	3898	4757
843	3584	1334
844	7218	536
845	6491	2062
846	7509	350
847	8284	814
848	2096	3494
849	2508	2332
850	6491	2062
851	7133	561
852	4876	1325
853	2493	2349
854	8211	720
855	6275	1331
856	1765	3735
857	5077	4034
858	2408	3868
859	4431	3533
860	1696	3843
861	2701	3900
862	6906	765
863	5465	3488
864	4754	4519
865	6348	2199
866	4810	2392
867	6581	2654
868	6888	1138
869	6434	2587
870	6856	2933
871	4136	2194
872	6152	3314
873	6877	667
874	4156	3513
875	7694	406
876	5813	1305
877	2957	3915
878	7157	737
879	4751	4495
880	4810	2392
881	3135	2671
882	7235	523
883	2612	2137
884	2493	2349
885	5853	990
886	6474	3874
887	6882	1134
888	3500	1380
889	5869	1696
890	6660	2536
891	7480	882
892	2930	1957
893	6859	2759
894	3682	2413
895	5869	1696
896	2055	3480
897	5833	3112
898	5166	3704
899	7638	401
900	3064	3804
901	4256	2038
902	7511	1604
903	5611	2942
904	7340	707
905	6152	3314
906	4136	2194
907	2957	3915
908	3183	1351
909	5906	4048
910	6763	2867
911	7339	387
912	1622	3225
913	2604	2363
914	6275	1331
915	5573	4053
916	2701	3900
917	6354	1179
918	2579	3161
DEMAND_SECTION
1	0
2	9
3	9
4	3
5	4
6	4
7	4
8	14
9	4
10	5
11	6
12	4
13	6
14	4
15	15
16	10
17	15
18	4
19	3
20	4
21	3
22	3
23	7
24	6
25	7
26	6
27	14
28	5
29	9
30	5
31	4
32	10
33	16
34	7
35	5
36	6
37	4
38	4
39	9
40	10
41	7
42	2
43	7
44	8
45	3
46	4
47	5
48	14
49	4
50	3
51	5
52	4
53	6
54	5
55	16
56	3
57	8
58	17
59	17
60	7
61	8
62	4
63	11
64	7
65	9
66	3
67	13
68	4
69	5
70	5
71	8
72	4
73	6
74	10
75	6
76	7
77	13
78	6
79	5
80	12
81	14
82	4
83	4
84	4
85	6
86	6
87	4
88	5
89	6
90	7
91	3
92	3
93	4
94	4
95	3
96	6
97	10
98	6
99	3
100	5
101	14
102	11
103	7
104	12
105	5
106	3
107	3
108	2
109	6
110	12
111	78
112	9
113	7
114	5
115	3
116	5
117	4
118	8
119	6
120	4
121	9
122	4
123	8
124	9
125	5
126	4
127	17
128	6
129	10
130	7
131	4
132	6
133	5
134	3
135	4
136	10
137	4
138	6
139	6
140	9
141	4
142	3
143	4
144	2
145	7
146	6
147	7
148	15
149	12
150	14
151	12
152	7
153	3
154	11
155	9
156	6
157	7
158	8
159	7
160	4
161	4
162	6
163	5
164	4
165	3
166	9
167	16
168	9
169	6
170	6
171	14
172	7
173	5
174	14
175	6
176	10
177	4
178	6
179	2
180	4
181	4
182	9
183	4
184	5
185	3
186	3
187	7
188	10
189	4
190	4
191	15
192	3
193	4
194	15
195	7
196	2
197	3
198	6
199	9
200	7
201	6
202	9
203	4
204	8
205	4
206	15
207	4
208	5
209	7
210	10
211	4
212	5
213	4
214	6
215	3
216	6
217	5
218	3
219	7
220	7
221	10
222	7
223	2
224	3
225	6
226	5
227	3
228	3
229	4
230	7
231	9
232	4
233	6
234	10
235	7
236	5
237	4
238	3
239	4
240	3
241	10
242	4
243	3
244	3
245	9
246	5
247	10
248	4
249	2
250	8
251	6
252	3
253	3
254	7
255	5
256	2
257	13
258	7
259	4
260	7
261	10
262	9
263	7
264	11
265	6
266	3
267	5
268	7
269	4
270	5
271	6
272	3
273	4
274	3
275	5
276	16
277	4
278	14
279	4
280	7
281	3
282	6
283	7
284	2
285	4
286	4
287	4
288	6
289	7
290	6
291	3
292	10
293	2
294	4
295	10
296	3
297	4
298	78
299	6
300	5
301	3
302	4
303	4
304	14
305	9
306	3
307	3
308	8
309	5
310	3
311	5
312	4
313	3
314	3
315	5
316	6
317	10
318	7
319	7
320	7
321	6
322	10
323	14
324	9
325	8
326	10
327	6
328	6
329	7
330	7
331	7
332	4
333	4
334	4
335	14
336	4
337	3
338	17
339	6
340	7
341	12
342	4
343	3
344	4
345	6
346	9
347	4
348	3
349	4
350	4
351	9
352	5
353	3
354	5
355	4
356	5
357	7
358	6
359	6
360	3
361	3
362	9
363	9
364	7
365	6
366	5
367	9
368	5
369	8
370	4
371	3
372	4
373	3
374	9
375	4
376	13
377	4
378	4
379	9
380	7
381	4
382	8
383	3
384	10
385	10
386	4
387	8
388	6
389	6
390	9
391	4
392	2
393	4
394	5
395	5
396	4
397	7
398	4
399	4
400	4
401	4
402	3
403	10
404	3
405	4
406	4
407	7
408	9
409	7
410	2
411	4
412	8
413	5
414	3
415	6
416	14
417	4
418	5
419	4
420	78
421	4
422	3
423	9
424	7
425	10
426	6
427	6
428	4
429	10
430	7
431	3
432	9
433	7
434	3
435	11
436	6
437	11
438	10
439	4
440	3
441	4
442	8
443	4
444	8
445	9
446	4
447	2
448	3
449	4
450	3
451	4
452	5
453	6
454	10
455	3
456	10
457	5
458	6
459	7
460	4
461	5
462	14
463	7
464	6
465	9
466	6
467	9
468	6
469	6
470	5
471	3
472	4
473	12
474	4
475	3
476	10
477	15
478	78
479	8
480	8
481	13
482	5
483	5
484	13
485	13
486	13
487	9
488	10
489	5
490	7
491	4
492	4
493	3
494	5
495	5
496	6
497	14
498	13
499	3
500	5
501	4
502	4
503	4
504	6
505	3
506	12
507	5
508	8
509	5
510	4
511	6
512	10
513	5
514	3
515	4
516	3
517	9
518	5
519	9
520	11
521	10
522	7
523	6
524	7
525	9
526	6
527	2
528	6
529	6
530	5
531	7
532	4
533	4
534	4
535	8
536	3
537	9
538	5
539	8
540	10
541	4
542	7
543	2
544	13
545	6
546	3
547	3
548	10
549	4
550	10
551	6
552	5
553	9
554	3
555	6
556	9
557	3
558	11
559	6
560	6
561	5
562	3
563	4
564	7
565	6
566	2
567	4
568	10
569	14
570	6
571	4
572	4
573	5
574	9
575	5
576	5
577	6
578	4
579	12
580	5
581	4
582	6
583	7
584	78
585	7
586	7
587	5
588	6
589	3
590	13
591	6
592	7
593	7
594	6
595	6
596	9
597	4
598	4
599	6
600	5
601	6
602	4
603	5
604	6
605	7
606	10
607	6
608	13
609	11
610	4
611	5
612	2
613	3
614	6
615	5
616	5
617	3
618	4
619	9
620	6
621	5
622	3
623	9
624	6
625	2
626	7
627	9
628	11
629	14
630	13
631	4
632	6
633	7
634	5
635	13
636	9
637	10
638	6
639	4
640	7
641	6
642	7
643	6
644	9
645	3
646	6
647	8
648	11
649	3
650	9
651	7
652	4
653	5
654	7
655	4
656	8
657	6
658	5
659	2
660	7
661	11
662	8
663	3
664	4
665	4
666	5
667	5
668	11
669	9
670	9
671	4
672	5
673	6
674	3
675	3
676	10
677	4
678	3
679	9
680	5
681	6
682	3
683	3
684	5
685	4
686	5
687	3
688	7
689	6
690	5
691	6
692	7
693	10
694	4
695	7
696	3
697	3
698	6
699	4
700	4
701	3
702	7
703	9
704	4
705	3
706	14
707	5
708	7
709	5
710	4
711	12
712	3
713	9
714	5
715	6
716	15
717	4
718	4
719	5
720	4
721	5
722	4
723	3
724	3
725	6
726	11
727	2
728	4
729	3
730	3
731	9
732	5
733	10
734	11
735	5
736	7
737	5
738	6
739	5
740	12
741	5
742	4
743	4
744	4
745	3
746	4
747	3
748	4
749	5
750	4
751	5
752	5
753	9
754	2
755	4
756	3
757	6
758	6
759	9
760	4
761	10
762	6
763	2
764	7
765	6
766	8
767	4
768	6
769	6
770	14
771	4
772	7
773	5
774	4
775	4
776	4
777	11
778	4
779	7
780	4
781	15
782	4
783	5
784	3
785	7
786	4
787	8
788	6
789	5
790	3
791	17
792	3
793	6
794	10
795	8
796	8
797	3
798	9
799	10
800	7
801	17
802	4
803	5
804	5
805	12
806	2
807	13
808	6
809	7
810	4
811	7
812	5
813	5
814	3
815	5
816	7
817	3
818	4
819	5
820	4
821	9
822	5
823	7
824	14
825	9
826	6
827	6
828	5
829	4
830	4
831	6
832	5
833	13
834	4
835	9
836	7
837	7
838	5
839	15
840	4
841	8
842	10
843	3
844	10
845	3
846	8
847	4
848	5
849	2
850	8
851	4
852	3
853	8
854	5
855	10
856	10
857	3
858	14
859	9
860	4
861	5
862	4
863	7
864	11
865	4
866	4
867	6
868	6
869	4
870	15
871	14
872	9
873	9
874	4
875	3
876	6
877	5
878	2
879	9
880	3
881	9
882	14
883	6
884	14
885	4
886	3
887	6
888	5
889	7
890	14
891	4
892	9
893	4
894	5
895	3
896	9
897	5
898	3
899	6
900	4
901	6
902	4
903	6
904	4
905	9
906	8
907	9
908	9
909	4
910	9
911	6
912	5
913	6
914	4
915	3
916	5
917	4
918	2
DEPOT_SECTION
1
-1
SERVICE_TIME_SECTION
1	0
2	420
3	300
4	420
5	360
6	300
7	480
8	480
9	420
10	660
11	360
12	480
13	600
14	420
15	420
16	900
17	360
18	480
19	240
20	360
21	300
22	300
23	480
24	600
25	600
26	420
27	300
28	660
29	360
30	300
31	720
32	420
33	420
34	300
35	300
36	360
37	420
38	900
39	720
40	660
41	960
42	420
43	660
44	360
45	420
46	420
47	420
48	360
49	360
50	240
51	720
52	240
53	420
54	360
55	420
56	480
57	420
58	540
59	420
60	780
61	300
62	540
63	540
64	420
65	600
66	300
67	360
68	780
69	780
70	780
71	300
72	480
73	660
74	360
75	300
76	420
77	480
78	420
79	300
80	540
81	420
82	540
83	1020
84	480
85	480
86	540
87	660
88	360
89	540
90	480
91	480
92	480
93	660
94	420
95	420
96	420
97	420
98	480
99	420
100	360
101	360
102	420
103	240
104	600
105	480
106	600
107	360
108	780
109	780
110	540
111	300
112	540
113	600
114	960
115	600
116	600
117	480
118	540
119	780
120	660
121	660
122	600
123	720
124	420
125	360
126	420
127	300
128	900
129	360
130	660
131	300
132	540
133	480
134	420
135	540
136	780
137	540
138	960
139	360
140	300
141	720
142	1320
143	240
144	480
145	720
146	480
147	420
148	360
149	300
150	480
151	360
152	240
153	300
154	660
155	420
156	420
157	300
158	360
159	480
160	540
161	300
162	420
163	300
164	300
165	1020
166	480
167	420
168	420
169	840
170	360
171	480
172	420
173	720
174	480
175	300
176	300
177	480
178	600
179	720
180	360
181	360
182	720
183	480
184	540
185	360
186	840
187	720
188	720
189	480
190	360
191	720
192	420
193	840
194	660
195	300
196	480
197	540
198	540
199	360
200	480
201	300
202	480
203	420
204	720
205	360
206	480
207	360
208	540
209	420
210	600
211	360
212	600
213	540
214	660
215	420
216	300
217	300
218	360
219	720
220	360
221	4080
222	420
223	540
224	540
225	420
226	420
227	960
228	300
229	840
230	420
231	420
232	480
233	420
234	480
235	300
236	660
237	420
238	780
239	420
240	360
241	420
242	300
243	240
244	780
245	360
246	360
247	300
248	960
249	660
250	300
251	240
252	480
253	780
254	420
255	540
256	540
257	300
258	360
259	960
260	1020
261	900
262	300
263	480
264	360
265	300
266	840
267	600
268	540
269	780
270	420
271	420
272	480
273	480
274	360
275	600
276	420
277	540
278	840
279	480
280	300
281	420
282	420
283	600
284	480
285	600
286	420
287	420
288	240
289	420
290	360
291	720
292	420
293	420
294	420
295	360
296	420
297	660
298	1140
299	420
300	480
301	540
302	600
303	360
304	360
305	540
306	480
307	300
308	480
309	300
310	540
311	480
312	360
313	480
314	600
315	300
316	360
317	540
318	420
319	600
320	480
321	360
322	540
323	480
324	720
325	660
326	540
327	720
328	660
329	360
330	360
331	360
332	1020
333	660
334	420
335	480
336	300
337	600
338	420
339	300
340	540
341	840
342	960
343	660
344	420
345	300
346	540
347	420
348	420
349	360
350	540
351	420
352	480
353	1200
354	300
355	900
356	660
357	420
358	300
359	420
360	780
361	360
362	480
363	360
364	300
365	300
366	600
367	240
368	420
369	480
370	600
371	300
372	540
373	600
374	540
375	660
376	600
377	360
378	600
379	360
380	360
381	420
382	420
383	300
384	840
385	600
386	840
387	300
388	300
389	540
390	720
391	600
392	420
393	780
394	480
395	420
396	360
397	540
398	420
399	300
400	420
401	780
402	660
403	420
404	720
405	420
406	840
407	540
408	600
409	540
410	420
411	900
412	660
413	480
414	660
415	780
416	420
417	480
418	360
419	300
420	780
421	420
422	540
423	300
424	420
425	540
426	300
427	720
428	540
429	360
430	480
431	840
432	540
433	540
434	660
435	300
436	480
437	420
438	360
439	300
440	480
441	780
442	360
443	480
444	600
445	360
446	840
447	480
448	420
449	300
450	360
451	600
452	840
453	540
454	840
455	360
456	720
457	480
458	720
459	840
460	600
461	480
462	360
463	480
464	300
465	360
466	480
467	1320
468	300
469	600
470	960
471	300
472	420
473	360
474	300
475	360
476	600
477	300
478	480
479	480
480	300
481	660
482	600
483	660
484	660
485	360
486	900
487	720
488	780
489	840
490	420
491	540
492	660
493	480
494	480
495	300
496	540
497	660
498	360
499	420
500	600
501	600
502	540
503	300
504	480
505	540
506	600
507	360
508	420
509	480
510	300
511	540
512	780
513	360
514	720
515	420
516	780
517	600
518	600
519	420
520	480
521	540
522	420
523	480
524	480
525	360
526	420
527	600
528	420
529	360
530	240
531	300
532	360
533	420
534	480
535	300
536	480
537	840
538	480
539	540
540	420
541	600
542	420
543	1140
544	540
545	840
546	480
547	360
548	360
549	360
550	300
551	360
552	660
553	600
554	300
555	720
556	660
557	600
558	540
559	420
560	420
561	780
562	540
563	420
564	840
565	660
566	420
567	420
568	1020
569	660
570	240
571	1200
572	840
573	480
574	900
575	300
576	840
577	660
578	900
579	360
580	420
581	840
582	540
583	1140
584	480
585	540
586	420
587	420
588	300
589	300
590	480
591	480
592	360
593	480
594	540
595	600
596	240
597	420
598	480
599	1020
600	360
601	660
602	420
603	900
604	480
605	420
606	480
607	360
608	900
609	420
610	420
611	300
612	420
613	480
614	900
615	720
616	720
617	420
618	360
619	240
620	300
621	360
622	360
623	540
624	420
625	540
626	540
627	420
628	840
629	540
630	480
631	420
632	420
633	780
634	900
635	420
636	360
637	360
638	420
639	360
640	600
641	600
642	780
643	480
644	420
645	420
646	420
647	840
648	420
649	420
650	360
651	300
652	600
653	1320
654	900
655	600
656	300
657	300
658	300
659	300
660	600
661	300
662	360
663	240
664	360
665	540
666	540
667	720
668	300
669	240
670	480
671	240
672	600
673	240
674	720
675	900
676	300
677	300
678	660
679	540
680	360
681	840
682	540
683	540
684	540
685	240
686	660
687	840
688	600
689	300
690	300
691	900
692	480
693	660
694	360
695	600
696	300
697	900
698	540
699	540
700	240
701	960
702	480
703	900
704	480
705	300
706	300
707	420
708	420
709	300
710	300
711	420
712	660
713	360
714	300
715	660
716	720
717	360
718	240
719	660
720	780
721	360
722	480
723	480
724	600
725	420
726	360
727	540
728	600
729	360
730	420
731	540
732	300
733	360
734	540
735	360
736	300
737	420
738	600
739	360
740	780
741	540
742	600
743	300
744	360
745	780
746	360
747	240
748	840
749	600
750	300
751	300
752	480
753	300
754	1320
755	840
756	360
757	360
758	600
759	540
760	480
761	240
762	540
763	660
764	300
765	660
766	240
767	840
768	300
769	480
770	780
771	780
772	960
773	300
774	300
775	720
776	840
777	360
778	360
779	420
780	600
781	540
782	480
783	780
784	420
785	780
786	420
787	360
788	480
789	540
790	420
791	360
792	540
793	840
794	660
795	420
796	720
797	600
798	660
799	840
800	720
801	480
802	360
803	4080
804	540
805	360
806	540
807	540
808	540
809	600
810	480
811	540
812	840
813	840
814	600
815	360
816	480
817	420
818	780
819	420
820	480
821	660
822	840
823	300
824	660
825	480
826	960
827	300
828	780
829	780
830	420
831	420
832	420
833	480
834	300
835	420
836	420
837	660
838	540
839	720
840	480
841	600
842	840
843	600
844	480
845	900
846	360
847	660
848	900
849	780
850	300
851	300
852	420
853	420
854	480
855	360
856	780
857	540
858	660
859	360
860	480
861	960
862	480
863	480
864	300
865	420
866	540
867	540
868	420
869	360
870	900
871	360
872	840
873	540
874	300
875	240
876	420
877	660
878	780
879	660
880	480
881	300
882	540
883	420
884	360
885	600
886	780
887	540
888	360
889	540
890	600
891	300
892	780
893	840
894	360
895	300
896	720
897	300
898	360
899	540
900	540
901	660
902	540
903	240
904	360
905	780
906	480
907	480
908	480
909	600
910	300
911	420
912	300
913	300
914	540
915	600
916	420
917	840
918	840
TIME_WINDOW_SECTION
1	0	45000
2	6600	30600
3	26400	33300
4	19200	27000
5	22800	30600
6	19200	27000
7	4800	12600
8	19200	27000
9	6600	30600
10	8400	18900
11	15600	23400
12	22800	30600
13	26400	34200
14	6600	30600
15	19200	27000
16	26400	34200
17	8400	16200
18	26400	34200
19	8400	16200
20	4800	12600
21	15600	23400
22	4800	12600
23	19200	27000
24	12000	19800
25	8400	16200
26	22800	30600
27	15600	23400
28	8400	16200
29	22800	30600
30	8400	16200
31	6600	30600
32	15600	23400
33	4800	12600
34	8400	16200
35	8400	16200
36	4800	12600
37	15600	22500
38	26400	34200
39	6600	30600
40	15600	23400
41	12000	19800
42	22800	30600
43	12000	19800
44	8400	16200
45	12000	19800
46	12000	19800
47	15600	23400
48	4800	12600
49	12000	19800
50	15600	23400
51	26400	34200
52	19200	27000
53	26400	34200
54	22800	30600
55	15600	23400
56	12000	18900
57	12000	19800
58	4800	11700
59	22800	30600
60	12000	19800
61	19200	27000
62	8400	19800
63	19200	27000
64	26400	34200
65	8400	16200
66	12000	19800
67	15600	23400
68	8400	16200
69	8400	16200
70	6600	29700
71	6600	30600
72	8400	16200
73	4800	12600
74	19200	27000
75	8400	16200
76	15600	23400
77	8400	16200
78	15600	23400
79	4800	12600
80	15600	23400
81	26400	34200
82	12000	19800
83	12000	19800
84	8400	16200
85	4800	12600
86	8400	16200
87	12000	19800
88	4800	12600
89	22800	30600
90	15600	23400
91	12000	19800
92	19200	26100
93	8400	16200
94	12000	19800
95	12000	19800
96	6600	30600
97	6600	30600
98	15600	23400
99	8400	16200
100	15600	23400
101	19200	27000
102	4800	12600
103	4800	12600
104	22800	30600
105	19200	27000
106	26400	34200
107	26400	34200
108	6600	30600
109	4800	12600
110	15600	23400
111	12000	19800
112	4800	12600
113	15600	23400
114	15600	23400
115	4800	12600
116	12000	19800
117	4800	12600
118	4800	12600
119	4800	12600
120	6600	30600
121	26400	33300
122	12000	19800
123	12000	19800
124	6600	30600
125	22800	30600
126	4800	12600
127	8400	16200
128	4800	11700
129	8400	16200
130	12000	19800
131	12000	19800
132	26400	34200
133	15600	23400
134	12000	19800
135	8400	11700
136	22800	30600
137	4800	12600
138	15600	23400
139	26400	34200
140	19200	27000
141	8400	16200
142	4800	12600
143	12000	19800
144	8400	16200
145	15600	23400
146	8400	16200
147	12000	19800
148	15600	23400
149	26400	34200
150	6600	30600
151	4800	12600
152	8400	16200
153	12000	19800
154	26400	34200
155	8400	16200
156	4800	12600
157	26400	34200
158	12000	19800
159	22800	29700
160	15600	23400
161	6600	30600
162	6600	30600
163	8400	16200
164	8400	16200
165	19200	29700
166	22800	30600
167	15600	23400
168	26400	34200
169	6600	29700
170	4800	12600
171	22800	30600
172	8400	16200
173	8400	16200
174	6600	30600
175	22800	30600
176	26400	34200
177	4800	12600
178	8400	16200
179	12000	19800
180	19200	27000
181	12000	19800
182	19200	27000
183	15600	23400
184	12000	19800
185	4800	11700
186	6600	29700
187	6600	29700
188	12000	19800
189	19200	27000
190	15600	23400
191	26400	34200
192	12000	19800
193	15600	23400
194	12000	19800
195	6600	30600
196	15600	23400
197	26400	34200
198	8400	16200
199	4800	12600
200	12000	18900
201	19200	27000
202	6600	29700
203	8400	16200
204	4800	12600
205	8400	16200
206	26400	34200
207	12000	19800
208	15600	23400
209	15600	23400
210	4800	12600
211	22800	30600
212	12000	19800
213	15600	23400
214	12000	19800
215	26400	34200
216	15600	23400
217	19200	27000
218	12000	19800
219	19200	27000
220	15600	23400
221	4800	12600
222	19200	27000
223	26400	34200
224	12000	19800
225	26400	34200
226	6600	30600
227	8400	16200
228	12000	19800
229	15600	23400
230	6600	30600
231	26400	33300
232	12000	19800
233	12000	19800
234	26400	34200
235	6600	30600
236	15600	23400
237	12000	19800
238	12000	19800
239	12000	19800
240	8400	12600
241	8400	16200
242	12000	19800
243	22800	30600
244	6600	29700
245	12000	19800
246	22800	30600
247	15600	23400
248	26400	34200
249	6600	29700
250	12000	19800
251	6600	30600
252	26400	34200
253	8400	16200
254	4800	12600
255	12000	19800
256	12000	19800
257	8400	16200
258	8400	16200
259	12000	19800
260	26400	34200
261	26400	34200
262	12000	19800
263	12000	19800
264	12000	19800
265	4800	12600
266	15600	23400
267	8400	16200
268	19200	27000
269	19200	27000
270	8400	16200
271	12000	19800
272	12000	19800
273	26400	34200
274	12000	19800
275	12000	19800
276	19200	27000
277	15600	23400
278	8400	16200
279	19200	27000
280	8400	16200
281	8400	16200
282	19200	27000
283	12000	19800
284	4800	12600
285	12000	19800
286	15600	23400
287	8400	16200
288	19200	27000
289	8400	12600
290	15600	23400
291	19200	27000
292	4800	12600
293	26400	34200
294	8400	16200
295	12000	19800
296	15600	23400
297	12000	19800
298	19200	27000
299	15600	23400
300	8400	16200
301	6600	30600
302	6600	29700
303	19200	27000
304	19200	27000
305	19200	27000
306	22800	30600
307	15600	23400
308	12000	19800
309	8400	16200
310	12000	19800
311	6600	29700
312	12000	19800
313	8400	16200
314	12000	19800
315	22800	30600
316	12000	19800
317	6600	30600
318	26400	34200
319	12000	19800
320	19200	27000
321	12000	19800
322	12000	19800
323	4800	12600
324	12000	19800
325	4800	12600
326	6600	30600
327	15600	23400
328	19200	27000
329	15600	23400
330	6600	30600
331	4800	12600
332	8400	16200
333	6600	30600
334	8400	16200
335	8400	16200
336	12000	19800
337	12000	19800
338	12000	19800
339	8400	16200
340	19200	27000
341	15600	23400
342	22800	30600
343	19200	27000
344	8400	16200
345	8400	16200
346	12000	19800
347	26400	34200
348	12000	19800
349	15600	23400
350	8400	16200
351	8400	16200
352	8400	16200
353	26400	34200
354	12000	19800
355	8400	16200
356	8400	16200
357	12000	19800
358	19200	27000
359	8400	15300
360	8400	16200
361	15600	23400
362	19200	27000
363	6600	29700
364	26400	34200
365	12000	19800
366	26400	34200
367	4800	12600
368	12000	19800
369	6600	30600
370	19200	27000
371	6600	30600
372	15600	23400
373	8400	16200
374	15600	23400
375	8400	16200
376	8400	16200
377	15600	23400
378	15600	23400
379	8400	16200
380	6600	30600
381	6600	29700
382	22800	30600
383	15600	23400
384	12000	19800
385	15600	23400
386	19200	27000
387	4800	12600
388	15600	23400
389	19200	27000
390	15600	23400
391	19200	27000
392	6600	30600
393	19200	27000
394	19200	27000
395	19200	27000
396	12000	19800
397	6600	30600
398	8400	16200
399	6600	30600
400	8400	19800
401	15600	23400
402	12000	19800
403	15600	23400
404	8400	16200
405	15600	23400
406	19200	27000
407	8400	16200
408	6600	30600
409	15600	23400
410	12000	19800
411	15600	23400
412	8400	16200
413	15600	23400
414	4800	12600
415	22800	30600
416	19200	27000
417	8400	16200
418	19200	27000
419	15600	23400
420	22800	30600
421	8400	16200
422	8400	15300
423	19200	27000
424	6600	30600
425	8400	15300
426	8400	16200
427	4800	12600
428	15600	23400
429	19200	27000
430	12000	19800
431	19200	27000
432	8400	19800
433	22800	29700
434	8400	16200
435	26400	34200
436	12000	19800
437	15600	23400
438	19200	29700
439	12000	19800
440	6600	30600
441	12000	19800
442	12000	19800
443	26400	34200
444	8400	16200
445	6600	30600
446	12000	19800
447	8400	16200
448	15600	23400
449	8400	16200
450	4800	12600
451	19200	27000
452	8400	16200
453	22800	30600
454	22800	30600
455	19200	27000
456	8400	16200
457	19200	27000
458	12000	19800
459	8400	16200
460	6600	30600
461	12000	19800
462	6600	30600
463	12000	19800
464	8400	16200
465	8400	16200
466	15600	23400
467	12000	19800
468	12000	19800
469	12000	19800
470	8400	16200
471	8400	16200
472	12000	19800
473	22800	30600
474	15600	23400
475	6600	30600
476	19200	27000
477	8400	16200
478	12000	19800
479	12000	19800
480	19200	27000
481	8400	16200
482	6600	30600
483	8400	16200
484	6600	30600
485	8400	16200
486	26400	34200
487	8400	16200
488	8400	16200
489	15600	23400
490	19200	27000
491	15600	23400
492	26400	34200
493	15600	23400
494	15600	22500
495	15600	23400
496	6600	30600
497	15600	23400
498	26400	34200
499	8400	16200
500	19200	30600
501	19200	27000
502	8400	16200
503	19200	27000
504	12000	18900
505	8400	16200
506	19200	27000
507	15600	23400
508	12000	19800
509	12000	19800
510	19200	27000
511	8400	16200
512	12000	19800
513	12000	19800
514	26400	34200
515	12000	19800
516	12000	19800
517	15600	23400
518	12000	19800
519	15600	23400
520	12000	19800
521	6600	30600
522	15600	23400
523	12000	19800
524	12000	19800
525	15600	23400
526	22800	30600
527	8400	16200
528	12000	19800
529	12000	18900
530	15600	23400
531	12000	19800
532	8400	16200
533	12000	19800
534	6600	30600
535	6600	30600
536	22800	30600
537	6600	30600
538	6600	30600
539	26400	34200
540	12000	19800
541	15600	23400
542	6600	30600
543	19200	27000
544	15600	23400
545	15600	23400
546	6600	29700
547	22800	30600
548	22800	30600
549	19200	27000
550	15600	23400
551	12000	18900
552	19200	27000
553	8400	15300
554	15600	23400
555	6600	30600
556	12000	19800
557	15600	23400
558	12000	19800
559	12000	19800
560	15600	23400
561	22800	30600
562	19200	30600
563	15600	23400
564	12000	19800
565	12000	19800
566	12000	19800
567	26400	34200
568	15600	23400
569	22800	30600
570	19200	27000
571	15600	23400
572	12000	18900
573	22800	30600
574	12000	19800
575	22800	30600
576	12000	19800
577	19200	27000
578	26400	34200
579	15600	23400
580	15600	23400
581	12000	19800
582	22800	30600
583	26400	34200
584	26400	34200
585	12000	19800
586	19200	26100
587	6600	30600
588	15600	23400
589	12000	19800
590	15600	23400
591	6600	30600
592	12000	19800
593	26400	34200
594	12000	19800
595	26400	34200
596	15600	23400
597	15600	23400
598	8400	16200
599	15600	23400
600	8400	16200
601	15600	23400
602	12000	19800
603	15600	23400
604	12000	19800
605	12000	19800
606	19200	27000
607	19200	27000
608	12000	19800
609	22800	29700
610	12000	19800
611	6600	30600
612	8400	19800
613	8400	16200
614	19200	26100
615	19200	29700
616	12000	19800
617	19200	27000
618	15600	23400
619	22800	30600
620	6600	30600
621	15600	22500
622	19200	27000
623	12000	19800
624	26400	34200
625	22800	30600
626	12000	19800
627	15600	23400
628	8400	16200
629	12000	19800
630	12000	19800
631	19200	27000
632	26400	34200
633	12000	19800
634	15600	23400
635	6600	30600
636	22800	30600
637	19200	26100
638	15600	23400
639	19200	27000
640	19200	27000
641	15600	23400
642	12000	19800
643	12000	19800
644	26400	34200
645	12000	19800
646	6600	30600
647	15600	23400
648	12000	19800
649	12000	19800
650	6600	30600
651	15600	23400
652	12000	19800
653	12000	19800
654	19200	27000
655	15600	23400
656	22800	30600
657	15600	23400
658	19200	27000
659	19200	27000
660	22800	30600
661	12000	19800
662	15600	23400
663	15600	23400
664	26400	34200
665	22800	30600
666	6600	30600
667	19200	27000
668	12000	19800
669	15600	23400
670	19200	27000
671	12000	19800
672	6600	30600
673	19200	27000
674	22800	30600
675	12000	19800
676	6600	30600
677	15600	23400
678	12000	19800
679	12000	19800
680	22800	30600
681	26400	34200
682	19200	27000
683	19200	27000
684	12000	19800
685	15600	23400
686	12000	19800
687	12000	19800
688	22800	30600
689	12000	19800
690	6600	30600
691	12000	19800
692	26400	34200
693	6600	30600
694	12000	19800
695	22800	30600
696	6600	30600
697	22800	30600
698	6600	29700
699	22800	29700
700	22800	30600
701	15600	23400
702	15600	23400
703	12000	19800
704	26400	34200
705	12000	19800
706	15600	23400
707	26400	33300
708	15600	23400
709	15600	23400
710	19200	27000
711	15600	23400
712	8400	19800
713	12000	19800
714	12000	19800
715	15600	23400
716	19200	27000
717	26400	34200
718	12000	19800
719	6600	29700
720	26400	33300
721	26400	34200
722	22800	30600
723	15600	23400
724	6600	30600
725	12000	19800
726	19200	27000
727	26400	34200
728	12000	19800
729	15600	23400
730	6600	30600
731	22800	30600
732	22800	30600
733	22800	30600
734	19200	27000
735	12000	19800
736	15600	23400
737	19200	27000
738	26400	34200
739	15600	22500
740	15600	23400
741	19200	30600
742	12000	19800
743	15600	23400
744	12000	19800
745	15600	22500
746	26400	34200
747	15600	23400
748	12000	19800
749	15600	23400
750	22800	30600
751	15600	23400
752	19200	27000
753	6600	30600
754	22800	30600
755	6600	30600
756	15600	23400
757	15600	23400
758	19200	27000
759	15600	23400
760	19200	27000
761	22800	30600
762	26400	34200
763	6600	29700
764	6600	30600
765	26400	34200
766	22800	30600
767	6600	30600
768	22800	30600
769	15600	23400
770	19200	27000
771	15600	23400
772	15600	23400
773	15600	23400
774	15600	23400
775	15600	23400
776	6600	30600
777	19200	27000
778	26400	34200
779	22800	30600
780	19200	27000
781	15600	23400
782	26400	34200
783	19200	27000
784	15600	23400
785	15600	22500
786	26400	34200
787	22800	30600
788	26400	34200
789	6600	30600
790	19200	27000
791	19200	27000
792	19200	27000
793	19200	27000
794	22800	30600
795	19200	27000
796	19200	27000
797	15600	23400
798	6600	30600
799	26400	34200
800	22800	30600
801	6600	30600
802	15600	23400
803	15600	23400
804	15600	23400
805	15600	23400
806	22800	30600
807	19200	27000
808	15600	23400
809	6600	30600
810	26400	34200
811	6600	30600
812	22800	30600
813	22800	30600
814	19200	27000
815	6600	30600
816	22800	30600
817	6600	30600
818	6600	30600
819	15600	22500
820	6600	30600
821	26400	34200
822	6600	30600
823	22800	30600
824	6600	30600
825	15600	23400
826	22800	30600
827	26400	34200
828	19200	27000
829	26400	34200
830	19200	27000
831	19200	27000
832	26400	34200
833	19200	27000
834	22800	30600
835	19200	27000
836	6600	30600
837	22800	30600
838	26400	34200
839	26400	33300
840	19200	27000
841	15600	23400
842	19200	26100
843	26400	34200
844	15600	23400
845	6600	30600
846	15600	23400
847	6600	29700
848	26400	34200
849	22800	29700
850	26400	34200
851	19200	27000
852	15600	23400
853	26400	34200
854	19200	27000
855	6600	30600
856	6600	30600
857	6600	30600
858	6600	29700
859	26400	34200
860	19200	29700
861	26400	34200
862	19200	27000
863	6600	30600
864	6600	30600
865	26400	34200
866	6600	30600
867	22800	30600
868	19200	27000
869	19200	27000
870	26400	34200
871	22800	30600
872	26400	34200
873	19200	27000
874	6600	30600
875	26400	34200
876	6600	30600
877	22800	30600
878	19200	27000
879	26400	34200
880	19200	27000
881	22800	30600
882	22800	30600
883	6600	30600
884	26400	33300
885	19200	27000
886	19200	27000
887	6600	29700
888	19200	27000
889	22800	30600
890	26400	34200
891	22800	30600
892	6600	30600
893	22800	30600
894	26400	34200
895	19200	27000
896	6600	30600
897	26400	33300
898	26400	34200
899	22800	30600
900	26400	34200
901	22800	30600
902	26400	34200
903	26400	34200
904	26400	34200
905	6600	30600
906	22800	30600
907	22800	30600
908	6600	29700
909	6600	30600
910	6600	30600
911	19200	30600
912	26400	34200
913	22800	30600
914	26400	34200
915	6600	30600
916	6600	30600
917	19200	27000
918	26400	34200
RELEASE_TIME_SECTION
1	0
2	3600
3	3600
4	3600
5	3600
6	3600
7	3600
8	3600
9	3600
10	3600
11	3600
12	3600
13	3600
14	3600
15	3600
16	3600
17	3600
18	3600
19	3600
20	3600
21	3600
22	3600
23	3600
24	3600
25	3600
26	3600
27	3600
28	3600
29	3600
30	3600
31	3600
32	3600
33	3600
34	3600
35	3600
36	3600
37	3600
38	3600
39	3600
40	3600
41	3600
42	3600
43	3600
44	3600
45	3600
46	3600
47	3600
48	3600
49	3600
50	3600
51	3600
52	3600
53	3600
54	3600
55	3600
56	3600
57	3600
58	3600
59	3600
60	3600
61	3600
62	3600
63	3600
64	3600
65	3600
66	3600
67	3600
68	3600
69	3600
70	3600
71	3600
72	3600
73	3600
74	3600
75	3600
76	3600
77	3600
78	3600
79	3600
80	3600
81	3600
82	3600
83	3600
84	3600
85	3600
86	3600
87	3600
88	3600
89	3600
90	3600
91	3600
92	3600
93	3600
94	3600
95	3600
96	3600
97	3600
98	3600
99	3600
100	3600
101	3600
102	5400
103	5400
104	5400
105	5400
106	5400
107	5400
108	5400
109	5400
110	5400
111	5400
112	5400
113	5400
114	5400
115	5400
116	5400
117	5400
118	5400
119	5400
120	5400
121	5400
122	5400
123	5400
124	5400
125	5400
126	5400
127	5400
128	5400
129	5400
130	5400
131	5400
132	5400
133	5400
134	5400
135	5400
136	5400
137	5400
138	5400
139	5400
140	5400
141	5400
142	5400
143	5400
144	5400
145	5400
146	5400
147	5400
148	5400
149	5400
150	5400
151	5400
152	5400
153	5400
154	5400
155	5400
156	5400
157	5400
158	5400
159	5400
160	5400
161	5400
162	5400
163	5400
164	5400
165	5400
166	5400
167	5400
168	5400
169	5400
170	5400
171	5400
172	5400
173	5400
174	5400
175	5400
176	5400
177	5400
178	5400
179	5400
180	5400
181	5400
182	5400
183	5400
184	5400
185	5400
186	5400
187	5400
188	5400
189	5400
190	5400
191	5400
192	5400
193	5400
194	5400
195	5400
196	5400
197	5400
198	5400
199	5400
200	5400
201	5400
202	7200
203	7200
204	7200
205	7200
206	7200
207	7200
208	7200
209	7200
210	7200
211	7200
212	7200
213	7200
214	7200
215	7200
216	7200
217	7200
218	7200
219	7200
220	7200
221	7200
222	7200
223	7200
224	7200
225	7200
226	7200
227	7200
228	7200
229	7200
230	7200
231	7200
232	7200
233	7200
234	7200
235	7200
236	7200
237	7200
238	7200
239	7200
240	7200
241	7200
242	7200
243	7200
244	7200
245	7200
246	7200
247	7200
248	7200
249	7200
250	7200
251	7200
252	7200
253	7200
254	7200
255	7200
256	7200
257	7200
258	7200
259	7200
260	7200
261	7200
262	7200
263	7200
264	7200
265	7200
266	7200
267	7200
268	7200
269	7200
270	7200
271	7200
272	7200
273	7200
274	7200
275	7200
276	7200
277	7200
278	7200
279	7200
280	7200
281	7200
282	7200
283	7200
284	7200
285	7200
286	7200
287	7200
288	7200
289	7200
290	7200
291	7200
292	7200
293	7200
294	7200
295	7200
296	7200
297	7200
298	7200
299	7200
300	7200
301	9000
302	9000
303	9000
304	9000
305	9000
306	9000
307	9000
308	9000
309	9000
310	9000
311	9000
312	9000
313	9000
314	9000
315	9000
316	9000
317	9000
318	9000
319	9000
320	9000
321	9000
322	9000
323	9000
324	9000
325	9000
326	9000
327	9000
328	9000
329	9000
330	9000
331	9000
332	9000
333	9000
334	9000
335	9000
336	9000
337	9000
338	9000
339	9000
340	9000
341	9000
342	9000
343	9000
344	9000
345	9000
346	9000
347	9000
348	9000
349	9000
350	9000
351	9000
352	9000
353	9000
354	9000
355	9000
356	9000
357	9000
358	9000
359	9000
360	9000
361	9000
362	9000
363	9000
364	9000
365	9000
366	9000
367	9000
368	9000
369	9000
370	9000
371	9000
372	9000
373	9000
374	9000
375	9000
376	9000
377	9000
378	9000
379	9000
380	9000
381	9000
382	9000
383	9000
384	9000
385	9000
386	9000
387	9000
388	9000
389	9000
390	9000
391	9000
392	9000
393	9000
394	9000
395	9000
396	10800
397	10800
398	10800
399	10800
400	10800
401	10800
402	10800
403	10800
404	10800
405	10800
406	10800
407	10800
408	10800
409	10800
410	10800
411	10800
412	10800
413	10800
414	10800
415	10800
416	10800
417	10800
418	10800
419	10800
420	10800
421	10800
422	10800
423	10800
424	10800
425	10800
426	10800
427	10800
428	10800
429	10800
430	10800
431	10800
432	10800
433	10800
434	10800
435	10800
436	10800
437	10800
438	10800
439	10800
440	10800
441	10800
442	10800
443	10800
444	10800
445	10800
446	10800
447	10800
448	10800
449	10800
450	10800
451	10800
452	10800
453	10800
454	10800
455	10800
456	10800
457	10800
458	10800
459	10800
460	10800
461	10800
462	10800
463	10800
464	10800
465	10800
466	10800
467	10800
468	10800
469	10800
470	10800
471	10800
472	10800
473	10800
474	10800
475	10800
476	10800
477	10800
478	10800
479	10800
480	10800
481	10800
482	10800
483	10800
484	12600
485	12600
486	12600
487	12600
488	12600
489	12600
490	12600
491	12600
492	12600
493	12600
494	12600
495	12600
496	12600
497	12600
498	12600
499	12600
500	12600
501	12600
502	12600
503	12600
504	12600
505	12600
506	12600
507	12600
508	12600
509	12600
510	12600
511	12600
512	12600
513	12600
514	12600
515	12600
516	12600
517	12600
518	12600
519	12600
520	12600
521	12600
522	12600
523	12600
524	12600
525	12600
526	12600
527	12600
528	12600
529	12600
530	12600
531	12600
532	12600
533	12600
534	12600
535	12600
536	12600
537	12600
538	12600
539	12600
540	12600
541	12600
542	12600
543	12600
544	12600
545	12600
546	12600
547	12600
548	12600
549	12600
550	12600
551	12600
552	12600
553	12600
554	12600
555	12600
556	12600
557	12600
558	12600
559	12600
560	12600
561	12600
562	12600
563	12600
564	14400
565	14400
566	14400
567	14400
568	14400
569	14400
570	14400
571	14400
572	14400
573	14400
574	14400
575	14400
576	14400
577	14400
578	14400
579	14400
580	14400
581	14400
582	14400
583	14400
584	14400
585	14400
586	14400
587	14400
588	14400
589	14400
590	14400
591	14400
592	14400
593	14400
594	14400
595	14400
596	14400
597	14400
598	14400
599	14400
600	14400
601	14400
602	14400
603	14400
604	14400
605	14400
606	14400
607	14400
608	14400
609	14400
610	14400
611	14400
612	14400
613	14400
614	14400
615	14400
616	14400
617	14400
618	14400
619	14400
620	14400
621	14400
622	14400
623	14400
624	14400
625	14400
626	14400
627	14400
628	14400
629	14400
630	14400
631	14400
632	14400
633	14400
634	14400
635	14400
636	16200
637	16200
638	16200
639	16200
640	16200
641	16200
642	16200
643	16200
644	16200
645	16200
646	16200
647	16200
648	16200
649	16200
650	16200
651	16200
652	16200
653	16200
654	16200
655	16200
656	16200
657	16200
658	16200
659	16200
660	16200
661	16200
662	16200
663	16200
664	16200
665	16200
666	16200
667	16200
668	16200
669	16200
670	16200
671	16200
672	16200
673	16200
674	16200
675	16200
676	16200
677	16200
678	16200
679	16200
680	16200
681	16200
682	16200
683	16200
684	16200
685	16200
686	16200
687	16200
688	16200
689	16200
690	16200
691	16200
692	16200
693	16200
694	16200
695	16200
696	16200
697	16200
698	16200
699	16200
700	16200
701	16200
702	16200
703	16200
704	16200
705	16200
706	16200
707	16200
708	16200
709	16200
710	16200
711	18000
712	18000
713	18000
714	18000
715	18000
716	18000
717	18000
718	18000
719	18000
720	18000
721	18000
722	18000
723	18000
724	18000
725	18000
726	18000
727	18000
728	18000
729	18000
730	18000
731	18000
732	18000
733	18000
734	18000
735	18000
736	18000
737	18000
738	18000
739	18000
740	18000
741	18000
742	18000
743	18000
744	18000
745	18000
746	18000
747	18000
748	18000
749	18000
750	18000
751	18000
752	18000
753	18000
754	18000
755	18000
756	18000
757	18000
758	18000
759	18000
760	18000
761	18000
762	18000
763	18000
764	18000
765	18000
766	19800
767	19800
768	19800
769	19800
770	19800
771	19800
772	19800
773	19800
774	19800
775	19800
776	19800
777	19800
778	19800
779	19800
780	19800
781	19800
782	19800
783	19800
784	19800
785	19800
786	19800
787	19800
788	19800
789	19800
790	19800
791	19800
792	19800
793	19800
794	19800
795	19800
796	19800
797	19800
798	19800
799	19800
800	19800
801	19800
802	19800
803	19800
804	19800
805	19800
806	19800
807	19800
808	19800
809	19800
810	19800
811	19800
812	19800
813	19800
814	19800
815	21600
816	21600
817	21600
818	21600
819	21600
820	21600
821	21600
822	21600
823	21600
824	21600
825	21600
826	21600
827	21600
828	21600
829	21600
830	21600
831	21600
832	21600
833	21600
834	21600
835	21600
836	21600
837	21600
838	21600
839	21600
840	21600
841	21600
842	21600
843	21600
844	21600
845	21600
846	21600
847	21600
848	21600
849	21600
850	21600
851	21600
852	21600
853	21600
854	21600
855	21600
856	23400
857	23400
858	23400
859	23400
860	23400
861	23400
862	23400
863	23400
864	23400
865	23400
866	23400
867	23400
868	23400
869	23400
870	23400
871	23400
872	23400
873	23400
874	23400
875	23400
876	23400
877	23400
878	23400
879	23400
880	23400
881	23400
882	23400
883	23400
884	23400
885	23400
886	23400
887	23400
888	23400
889	25200
890	25200
891	25200
892	25200
893	25200
894	25200
895	25200
896	25200
897	25200
898	25200
899	25200
900	25200
901	25200
902	25200
903	25200
904	25200
905	25200
906	25200
907	25200
908	25200
909	25200
910	25200
911	25200
912	25200
913	25200
914	25200
915	25200
916	25200
917	25200
918	25200
EOF
