NAME : ORTEC-VRPTW-ASYM-afb4cbe2-d1-n891
TYPE : VRPTW-RT
DIMENSION : 892
EDGE_WEIGHT_TYPE : EUC_2D
CAPACITY : 160
NODE_COORD_SECTION
1	1502	4143
2	1580	5121
3	1578	1897
4	800	5867
5	1653	2027
6	1907	2327
7	502	5131
8	1599	750
9	950	2020
10	1498	2820
11	292	6971
12	1054	4950
13	1509	6413
14	1406	2814
15	1357	2269
16	991	5027
17	1290	3523
18	1393	271
19	1422	1711
20	1454	6304
21	1363	737
22	1260	797
23	1543	5209
24	943	4814
25	812	4135
26	1590	2165
27	1137	4284
28	1085	1909
29	787	6109
30	1553	5701
31	1290	3523
32	1389	2639
33	1498	2820
34	370	7086
35	1529	4395
36	1449	2911
37	664	6503
38	869	5584
39	1786	2580
40	1242	653
41	1181	5039
42	985	2005
43	1347	351
44	1000	4187
45	706	7510
46	1354	539
47	943	4814
48	1565	5945
49	1003	2408
50	1330	2575
51	555	4435
52	1553	5701
53	760	7590
54	879	4249
55	1418	1998
56	1609	4460
57	1087	2446
58	1567	3700
59	1407	1164
60	1729	1799
61	1478	6243
62	1487	6026
63	1501	2586
64	1683	3956
65	1151	1750
66	593	5168
67	1050	5038
68	889	4601
69	1667	4136
70	1389	2639
71	1565	5945
72	1715	5207
73	1489	598
74	1181	5039
75	1275	2551
76	1476	5641
77	1359	1146
78	917	1659
79	1416	2186
80	767	6657
81	1011	4043
82	1609	6153
83	1545	1742
84	1174	6461
85	1094	5128
86	1476	5641
87	926	6071
88	1406	2814
89	1085	1743
90	1398	2696
91	1506	0
92	1014	4741
93	1359	1146
94	0	4684
95	352	6454
96	1396	558
97	792	3529
98	1773	5281
99	411	7473
100	1623	6045
101	550	5474
102	1343	1317
103	1637	3491
104	1586	5589
105	1472	6113
106	825	3920
107	1609	6153
108	889	4601
109	862	7010
110	1415	5790
111	889	4601
112	1600	2243
113	793	4364
114	1178	5502
115	1781	4967
116	370	7086
117	917	1659
118	834	6904
119	1609	5497
120	1085	1909
121	546	6846
122	877	6303
123	1498	2820
124	1608	1254
125	1151	1750
126	1158	2002
127	1488	5559
128	501	6273
129	935	6969
130	1653	2027
131	370	7086
132	1384	2668
133	1590	2165
134	1720	4912
135	593	5168
136	1547	5676
137	640	6281
138	638	5335
139	1509	6413
140	1050	5038
141	1272	5361
142	974	6211
143	815	6238
144	1260	797
145	736	7229
146	926	6071
147	917	1659
148	1065	6302
149	777	7483
150	1402	3179
151	1897	5129
152	1609	6153
153	1216	3394
154	1269	5147
155	1616	5017
156	502	5131
157	1599	6128
158	870	5662
159	1609	6153
160	1011	4043
161	1384	2668
162	493	5744
163	501	6273
164	1204	1731
165	879	4249
166	546	6846
167	768	6789
168	1407	1164
169	835	6739
170	1785	4123
171	599	5282
172	749	7057
173	889	4601
174	0	4684
175	1452	3067
176	930	4984
177	732	5891
178	1120	4779
179	1644	2611
180	455	5207
181	1666	5191
182	1406	2814
183	699	4933
184	1174	6461
185	1490	2361
186	1604	4107
187	1569	5750
188	1003	2408
189	1242	653
190	550	5474
191	292	6971
192	1720	5446
193	793	4364
194	1553	5701
195	863	5804
196	1574	5272
197	1509	6413
198	1490	6032
199	1181	1966
200	1601	1291
201	614	7225
202	1600	2243
203	1230	3604
204	1208	2430
205	1484	6054
206	1269	5147
207	1640	2056
208	740	5415
209	1000	4187
210	1363	737
211	1094	5128
212	767	6657
213	1002	4167
214	1299	3666
215	0	4684
216	785	5896
217	1105	3657
218	1353	6757
219	1550	5818
220	1602	5136
221	1565	3871
222	1386	1645
223	1875	4938
224	744	6307
225	1328	5086
226	1511	209
227	1087	2446
228	724	6533
229	1662	5775
230	1053	4664
231	1114	1937
232	642	5973
233	1296	2322
234	1260	797
235	1610	2812
236	493	5744
237	1359	1146
238	1244	4243
239	1393	271
240	1764	5394
241	824	3923
242	1640	2056
243	1174	2716
244	1269	5147
245	352	6454
246	1285	2671
247	1610	2812
248	1575	5885
249	1482	5471
250	1804	3802
251	909	7174
252	1406	2814
253	1356	1996
254	1347	351
255	1609	6153
256	830	6681
257	1398	2696
258	550	5474
259	1611	5260
260	1702	5616
261	1065	6877
262	1550	5818
263	1594	6405
264	1373	2066
265	634	6277
266	688	6649
267	1429	6483
268	1384	2668
269	1565	3871
270	1569	5750
271	420	6850
272	835	6739
273	1555	5983
274	1355	525
275	520	5844
276	744	6307
277	691	7482
278	879	4249
279	1541	5315
280	1406	2814
281	1429	6483
282	1249	3422
283	1429	6483
284	1550	5818
285	862	7010
286	785	5896
287	1480	5730
288	1347	351
289	943	4814
290	1702	5616
291	767	6657
292	1089	3431
293	1487	6026
294	1810	5137
295	1275	2551
296	1384	2810
297	1481	2286
298	634	4456
299	870	5662
300	1384	2668
301	1768	366
302	792	3529
303	1000	4187
304	1688	3955
305	1667	4136
306	1490	2361
307	963	3730
308	1519	4903
309	1195	3763
310	1396	558
311	1501	2586
312	1691	1989
313	1565	3871
314	1151	1750
315	861	6747
316	1114	1937
317	1053	4664
318	1299	3666
319	1354	539
320	1119	2122
321	699	4933
322	1406	4799
323	729	5156
324	1762	5560
325	1623	6045
326	1416	2186
327	503	5772
328	1065	6302
329	1203	2094
330	1666	2208
331	792	3529
332	743	3667
333	1623	6045
334	1428	611
335	1373	543
336	1662	5775
337	1547	5676
338	688	6649
339	1413	3758
340	1639	6168
341	1402	3691
342	541	7570
343	1053	4664
344	243	7001
345	1328	213
346	1584	5463
347	1425	6147
348	462	6985
349	1542	5772
350	1567	3700
351	1402	3691
352	1550	1344
353	1599	6128
354	1528	870
355	675	6505
356	1174	6461
357	824	3923
358	1596	2672
359	815	6238
360	974	6211
361	1451	571
362	1773	5281
363	1584	5297
364	1393	271
365	1484	6054
366	1330	2575
367	1204	1731
368	193	4221
369	835	6024
370	1490	6032
371	581	3703
372	1519	4903
373	420	6850
374	1309	6237
375	1565	5945
376	1480	5730
377	1240	852
378	620	6550
379	1697	5867
380	1353	6757
381	1677	4077
382	930	4984
383	711	6716
384	1554	5960
385	941	5921
386	1688	3955
387	1718	2091
388	1530	1516
389	642	5973
390	941	5921
391	1704	3004
392	678	6040
393	638	5335
394	1542	3091
395	835	6739
396	1590	2165
397	1472	6113
398	1729	1799
399	877	6303
400	1501	2586
401	1623	6045
402	1269	5147
403	1511	209
404	1427	6019
405	1457	979
406	1230	3604
407	1551	5221
408	732	5891
409	1501	2586
410	908	5828
411	579	5624
412	697	7588
413	1599	750
414	1427	6019
415	1567	3700
416	1541	5315
417	1014	4741
418	1547	5676
419	274	7253
420	1564	4706
421	1107	6540
422	1688	3955
423	1134	4315
424	466	7208
425	180	4506
426	950	2020
427	1105	3657
428	762	6008
429	1406	4799
430	1635	1320
431	1155	4570
432	1407	183
433	1897	5129
434	1428	5409
435	1564	4706
436	581	3703
437	1490	6032
438	909	7174
439	1563	2504
440	1684	4144
441	1482	5471
442	1337	3153
443	1691	1989
444	935	6018
445	1359	1146
446	892	6347
447	834	6904
448	1402	3179
449	619	5989
450	1065	6302
451	545	5141
452	1519	4903
453	1789	4105
454	1545	5595
455	545	5141
456	985	2005
457	1713	5886
458	1089	1038
459	1242	653
460	1606	6097
461	1601	4188
462	1447	5796
463	812	4135
464	1447	6221
465	1384	2668
466	873	6382
467	1661	5490
468	1438	1549
469	619	5989
470	1240	720
471	1528	870
472	1393	4418
473	1272	5361
474	1762	5560
475	1242	653
476	1785	4123
477	1601	1291
478	1496	136
479	1702	5616
480	1720	5446
481	1062	3317
482	840	5274
483	1569	2003
484	139	4588
485	732	5891
486	749	7057
487	1406	4799
488	1551	2283
489	1451	571
490	1635	1320
491	1616	5017
492	1481	5772
493	1280	6669
494	688	6649
495	1240	720
496	1346	3521
497	617	6953
498	873	6382
499	1653	6098
500	619	5989
501	793	4364
502	1290	3523
503	1551	2283
504	1285	2671
505	1773	5281
506	1285	2671
507	1413	3040
508	1003	2408
509	472	7039
510	832	7021
511	502	5131
512	1551	5221
513	1670	1884
514	596	5224
515	835	6024
516	1530	1680
517	917	1659
518	1363	3374
519	815	6238
520	1018	4139
521	1789	4105
522	292	6971
523	879	4249
524	991	5027
525	1134	4315
526	840	5274
527	1596	2672
528	935	6969
529	1204	1731
530	619	5989
531	799	6727
532	1089	1038
533	1542	3091
534	1203	2094
535	1573	6237
536	1389	2639
537	1050	5038
538	1497	903
539	493	5744
540	1384	2668
541	1562	1978
542	1418	2690
543	812	4135
544	835	6024
545	634	6277
546	1427	6019
547	469	7446
548	1406	2814
549	762	6008
550	1567	3700
551	749	4254
552	1330	2575
553	1422	1711
554	642	5973
555	1347	868
556	1425	6147
557	1720	5446
558	193	4221
559	502	5131
560	1482	5471
561	1472	6113
562	1897	5129
563	926	6071
564	243	7001
565	1586	5589
566	1009	5008
567	1478	6243
568	1762	5560
569	1785	4123
570	1584	5463
571	1602	5136
572	1611	5260
573	1691	1989
574	620	6550
575	785	5896
576	1332	2899
577	1429	6483
578	1683	3956
579	1542	5772
580	1551	2283
581	1478	6243
582	1053	4664
583	793	4364
584	1702	5616
585	1509	6413
586	749	7057
587	792	3529
588	1641	5761
589	720	6382
590	1630	5336
591	469	7446
592	1616	6266
593	1357	2269
594	1666	2208
595	882	6265
596	908	5828
597	1783	5144
598	1452	3050
599	793	4364
600	1599	6128
601	1347	868
602	370	7086
603	1134	4315
604	462	6985
605	1384	2668
606	1093	3629
607	1653	2027
608	1085	1743
609	1584	5463
610	1429	6483
611	1666	5191
612	638	5335
613	898	4248
614	1094	5128
615	1062	3317
616	792	3529
617	1054	1842
618	989	4212
619	1575	5885
620	777	7483
621	1664	4235
622	1452	3050
623	180	4506
624	619	5989
625	593	5113
626	1044	2127
627	873	6382
628	1249	3422
629	792	3884
630	1384	2668
631	1413	3040
632	1653	2027
633	1604	4107
634	1355	525
635	762	6008
636	1181	5039
637	793	4364
638	1195	3763
639	1654	982
640	1240	720
641	1249	3422
642	1567	5344
643	620	6550
644	502	5131
645	1447	6221
646	1114	1937
647	1586	5589
648	1599	750
649	1490	2361
650	1204	1731
651	1174	2716
652	1557	5400
653	1666	2208
654	1407	183
655	816	6089
656	1511	209
657	1413	3040
658	1363	367
659	1415	5790
660	1221	1124
661	1398	2696
662	1789	4105
663	1635	1320
664	1897	5129
665	1604	4107
666	1406	2814
667	861	6747
668	1550	1344
669	1428	5409
670	699	4933
671	832	7021
672	614	7225
673	1346	3521
674	180	4506
675	1667	4136
676	1054	4950
677	1661	5490
678	1203	2094
679	1487	6026
680	1418	1998
681	1507	6439
682	1452	3050
683	1362	1829
684	503	5772
685	792	3884
686	1569	5750
687	1635	1320
688	1551	5221
689	1637	3491
690	634	4456
691	629	6302
692	927	3780
693	1362	1829
694	842	7019
695	1773	5281
696	1551	5221
697	863	5804
698	768	6789
699	1018	4139
700	1185	3980
701	1541	5315
702	678	6040
703	812	4135
704	1449	2911
705	1551	5221
706	899	4250
707	1579	5462
708	1662	5775
709	1684	4144
710	1363	3374
711	1415	5790
712	1120	4779
713	1260	6713
714	892	6660
715	442	6174
716	1508	2590
717	640	6281
718	1012	4672
719	787	6109
720	546	6846
721	1720	4912
722	1452	3050
723	1216	3394
724	1062	3317
725	1354	539
726	1093	3629
727	1496	136
728	1584	5297
729	1781	4967
730	1389	2639
731	438	6587
732	1543	5805
733	1393	271
734	1221	1124
735	1299	3666
736	1644	2611
737	1610	2812
738	787	6109
739	1373	2066
740	1384	2810
741	1296	2322
742	1743	4218
743	678	6040
744	1611	5260
745	638	5335
746	1354	539
747	1174	2716
748	1018	4139
749	1415	5790
750	1578	1897
751	943	4814
752	1355	525
753	1657	5618
754	927	3780
755	1764	5394
756	0	4684
757	1407	183
758	1418	2690
759	767	6657
760	1260	797
761	799	6727
762	1704	3004
763	1158	2002
764	1363	3374
765	1550	5818
766	720	6382
767	541	7570
768	1715	5207
769	1541	5315
770	1544	2610
771	1511	6062
772	1509	6413
773	729	5156
774	619	5989
775	1137	4208
776	800	5867
777	1414	2990
778	991	5027
779	1713	5886
780	1454	6304
781	1545	5595
782	1488	6223
783	1594	6405
784	1343	1317
785	1089	3431
786	579	5624
787	1628	5734
788	1379	6168
789	406	7175
790	812	4135
791	420	6850
792	842	7019
793	0	4684
794	1729	1799
795	1449	2911
796	1544	2610
797	1527	6100
798	1573	4028
799	686	5993
800	1425	6147
801	989	4212
802	1646	5749
803	1664	4235
804	1545	1742
805	892	6347
806	1621	2911
807	1628	5734
808	1611	5260
809	1664	4235
810	1713	5886
811	1407	183
812	974	6211
813	1137	4284
814	1413	3040
815	963	3730
816	1094	5128
817	1567	5344
818	455	5207
819	1569	2003
820	648	5676
821	502	5131
822	1498	2820
823	648	5676
824	1478	6243
825	1230	3604
826	834	6814
827	785	5896
828	1799	5679
829	1487	6026
830	1677	4958
831	1640	2056
832	1276	4081
833	292	6971
834	963	3730
835	1547	5282
836	1758	5216
837	1447	6221
838	1481	5772
839	663	6823
840	730	7622
841	816	6089
842	1268	2636
843	1621	2911
844	1065	6877
845	1606	6097
846	1688	3955
847	1457	979
848	1452	3050
849	749	7057
850	1418	2690
851	1606	5447
852	472	7039
853	593	5168
854	1406	2814
855	1208	2430
856	139	4588
857	593	5113
858	1507	6439
859	1600	2243
860	1655	5786
861	1601	4188
862	1395	2534
863	1389	2639
864	411	7473
865	1114	1937
866	1490	6032
867	1396	128
868	1553	1175
869	1542	3091
870	541	7570
871	1280	6669
872	1530	1680
873	1244	4243
874	1677	4958
875	1609	6153
876	1601	4188
877	1391	6380
878	877	6303
879	1684	4144
880	1151	2061
881	1584	5297
882	1550	1344
883	1599	750
884	1743	4218
885	930	4984
886	1452	3067
887	1567	5344
888	466	7208
889	593	5113
890	1309	6237
891	1309	6237
892	1804	3802
DEMAND_SECTION
1	0
2	5
3	4
4	3
5	6
6	8
7	6
8	9
9	10
10	7
11	8
12	6
13	8
14	3
15	6
16	5
17	4
18	4
19	3
20	12
21	5
22	13
23	8
24	1
25	3
26	10
27	13
28	14
29	8
30	4
31	9
32	5
33	8
34	7
35	7
36	11
37	8
38	10
39	8
40	7
41	8
42	7
43	5
44	13
45	7
46	6
47	6
48	8
49	9
50	10
51	5
52	5
53	10
54	2
55	9
56	11
57	13
58	5
59	3
60	8
61	5
62	6
63	7
64	6
65	3
66	5
67	4
68	9
69	9
70	4
71	5
72	7
73	5
74	22
75	6
76	8
77	8
78	5
79	7
80	2
81	5
82	6
83	6
84	7
85	6
86	6
87	4
88	4
89	4
90	6
91	5
92	8
93	5
94	3
95	8
96	6
97	9
98	6
99	10
100	6
101	6
102	7
103	4
104	2
105	10
106	4
107	3
108	5
109	5
110	6
111	6
112	6
113	8
114	4
115	5
116	4
117	5
118	6
119	6
120	5
121	6
122	3
123	8
124	5
125	5
126	6
127	3
128	6
129	5
130	6
131	4
132	6
133	11
134	6
135	6
136	13
137	5
138	9
139	3
140	4
141	9
142	6
143	6
144	5
145	7
146	4
147	7
148	4
149	6
150	3
151	4
152	5
153	3
154	7
155	3
156	8
157	4
158	13
159	8
160	7
161	6
162	6
163	4
164	4
165	9
166	6
167	8
168	3
169	8
170	6
171	6
172	6
173	4
174	4
175	6
176	8
177	3
178	5
179	3
180	4
181	3
182	6
183	10
184	3
185	5
186	5
187	3
188	6
189	5
190	4
191	7
192	7
193	7
194	8
195	3
196	5
197	5
198	4
199	5
200	6
201	6
202	6
203	6
204	4
205	6
206	6
207	9
208	4
209	7
210	19
211	10
212	5
213	5
214	3
215	13
216	10
217	5
218	13
219	7
220	5
221	6
222	8
223	5
224	8
225	10
226	4
227	7
228	8
229	6
230	7
231	4
232	5
233	5
234	12
235	5
236	3
237	9
238	10
239	13
240	6
241	13
242	6
243	15
244	6
245	5
246	3
247	7
248	6
249	6
250	5
251	6
252	5
253	10
254	3
255	8
256	2
257	6
258	8
259	3
260	6
261	7
262	6
263	4
264	3
265	9
266	5
267	6
268	6
269	5
270	4
271	6
272	6
273	9
274	7
275	8
276	9
277	8
278	5
279	4
280	6
281	4
282	6
283	11
284	8
285	5
286	2
287	4
288	7
289	6
290	7
291	7
292	6
293	5
294	4
295	5
296	13
297	6
298	6
299	4
300	6
301	8
302	9
303	9
304	5
305	6
306	11
307	13
308	5
309	4
310	13
311	13
312	8
313	5
314	5
315	7
316	5
317	9
318	9
319	9
320	12
321	5
322	3
323	6
324	6
325	6
326	9
327	6
328	8
329	8
330	3
331	7
332	8
333	3
334	6
335	3
336	3
337	9
338	9
339	6
340	13
341	5
342	6
343	3
344	8
345	6
346	3
347	7
348	4
349	5
350	3
351	3
352	4
353	10
354	10
355	7
356	4
357	4
358	7
359	4
360	9
361	5
362	8
363	4
364	4
365	4
366	5
367	6
368	6
369	10
370	5
371	9
372	10
373	6
374	5
375	5
376	4
377	10
378	9
379	13
380	4
381	4
382	4
383	5
384	4
385	10
386	3
387	5
388	6
389	9
390	4
391	8
392	7
393	5
394	7
395	6
396	5
397	3
398	5
399	4
400	4
401	8
402	6
403	9
404	3
405	4
406	6
407	5
408	5
409	2
410	10
411	5
412	5
413	5
414	8
415	4
416	3
417	3
418	6
419	5
420	6
421	4
422	6
423	12
424	5
425	7
426	15
427	6
428	7
429	4
430	4
431	3
432	6
433	5
434	3
435	8
436	6
437	3
438	8
439	5
440	5
441	4
442	5
443	6
444	4
445	9
446	6
447	3
448	10
449	4
450	3
451	8
452	8
453	5
454	8
455	7
456	12
457	3
458	5
459	5
460	8
461	8
462	9
463	9
464	4
465	7
466	6
467	4
468	5
469	6
470	8
471	6
472	7
473	8
474	5
475	6
476	5
477	7
478	8
479	6
480	6
481	3
482	5
483	7
484	6
485	3
486	7
487	4
488	6
489	7
490	6
491	8
492	5
493	3
494	4
495	3
496	4
497	10
498	6
499	5
500	5
501	6
502	4
503	4
504	5
505	4
506	11
507	8
508	8
509	6
510	4
511	4
512	7
513	4
514	5
515	5
516	6
517	9
518	11
519	11
520	3
521	8
522	2
523	2
524	3
525	7
526	7
527	9
528	7
529	9
530	3
531	8
532	8
533	8
534	6
535	7
536	6
537	6
538	8
539	4
540	5
541	5
542	6
543	4
544	3
545	4
546	4
547	5
548	3
549	7
550	8
551	7
552	6
553	3
554	4
555	9
556	3
557	7
558	3
559	8
560	4
561	4
562	3
563	8
564	7
565	6
566	3
567	5
568	6
569	5
570	8
571	10
572	8
573	5
574	6
575	5
576	6
577	7
578	6
579	22
580	3
581	6
582	10
583	10
584	14
585	5
586	8
587	7
588	4
589	11
590	6
591	4
592	7
593	5
594	7
595	4
596	5
597	6
598	5
599	8
600	5
601	4
602	15
603	6
604	3
605	4
606	11
607	5
608	9
609	10
610	6
611	3
612	5
613	3
614	8
615	3
616	6
617	5
618	3
619	3
620	3
621	13
622	8
623	4
624	6
625	7
626	8
627	8
628	7
629	4
630	4
631	6
632	6
633	8
634	9
635	9
636	3
637	4
638	8
639	19
640	4
641	5
642	9
643	3
644	4
645	3
646	7
647	6
648	5
649	9
650	1
651	11
652	22
653	9
654	10
655	5
656	3
657	4
658	9
659	10
660	6
661	5
662	6
663	6
664	3
665	5
666	8
667	5
668	5
669	9
670	8
671	8
672	4
673	3
674	7
675	14
676	6
677	5
678	8
679	4
680	6
681	3
682	6
683	6
684	3
685	8
686	13
687	3
688	3
689	10
690	3
691	2
692	5
693	8
694	6
695	3
696	5
697	9
698	8
699	7
700	6
701	4
702	5
703	7
704	3
705	5
706	5
707	6
708	6
709	5
710	6
711	7
712	3
713	7
714	7
715	4
716	3
717	7
718	8
719	7
720	5
721	7
722	10
723	8
724	5
725	9
726	7
727	7
728	4
729	8
730	6
731	8
732	5
733	8
734	4
735	3
736	22
737	19
738	4
739	8
740	5
741	10
742	6
743	8
744	7
745	7
746	9
747	5
748	6
749	6
750	8
751	7
752	5
753	6
754	5
755	4
756	5
757	3
758	3
759	6
760	3
761	9
762	9
763	12
764	12
765	6
766	9
767	9
768	7
769	9
770	5
771	7
772	5
773	6
774	10
775	13
776	5
777	5
778	4
779	6
780	4
781	6
782	6
783	6
784	5
785	3
786	7
787	4
788	9
789	9
790	4
791	3
792	3
793	3
794	8
795	6
796	6
797	4
798	4
799	11
800	6
801	5
802	6
803	5
804	3
805	4
806	6
807	6
808	14
809	3
810	7
811	7
812	4
813	3
814	5
815	5
816	9
817	5
818	10
819	3
820	5
821	5
822	6
823	5
824	5
825	6
826	1
827	2
828	6
829	5
830	8
831	13
832	4
833	9
834	4
835	6
836	3
837	6
838	4
839	6
840	3
841	3
842	8
843	5
844	5
845	5
846	5
847	6
848	7
849	8
850	6
851	5
852	4
853	5
854	10
855	3
856	3
857	3
858	3
859	9
860	3
861	12
862	4
863	6
864	4
865	6
866	11
867	8
868	7
869	4
870	4
871	7
872	1
873	3
874	5
875	6
876	6
877	6
878	3
879	4
880	9
881	10
882	4
883	3
884	5
885	3
886	6
887	3
888	6
889	4
890	11
891	5
892	7
DEPOT_SECTION
1
-1
SERVICE_TIME_SECTION
1	0
2	360
3	660
4	360
5	720
6	600
7	300
8	480
9	420
10	540
11	780
12	600
13	660
14	420
15	300
16	600
17	540
18	480
19	600
20	600
21	600
22	420
23	420
24	600
25	480
26	420
27	480
28	1200
29	660
30	240
31	660
32	480
33	840
34	360
35	780
36	540
37	1020
38	840
39	360
40	420
41	540
42	660
43	480
44	420
45	780
46	600
47	540
48	960
49	720
50	360
51	360
52	780
53	480
54	780
55	360
56	300
57	780
58	780
59	600
60	1200
61	780
62	420
63	300
64	600
65	420
66	360
67	480
68	480
69	720
70	600
71	1020
72	540
73	600
74	420
75	300
76	420
77	600
78	300
79	600
80	360
81	360
82	540
83	360
84	420
85	300
86	540
87	540
88	300
89	540
90	300
91	780
92	480
93	420
94	660
95	480
96	540
97	840
98	540
99	780
100	300
101	780
102	720
103	600
104	600
105	720
106	480
107	780
108	240
109	480
110	480
111	660
112	660
113	420
114	600
115	780
116	360
117	600
118	300
119	540
120	480
121	360
122	480
123	540
124	1200
125	480
126	660
127	420
128	660
129	480
130	840
131	720
132	420
133	1380
134	300
135	480
136	240
137	420
138	660
139	480
140	360
141	540
142	420
143	660
144	300
145	300
146	600
147	600
148	480
149	540
150	780
151	780
152	300
153	420
154	420
155	480
156	540
157	720
158	780
159	420
160	540
161	480
162	720
163	540
164	540
165	360
166	420
167	300
168	540
169	660
170	600
171	240
172	480
173	540
174	480
175	540
176	960
177	840
178	540
179	240
180	540
181	480
182	360
183	600
184	360
185	720
186	540
187	300
188	300
189	480
190	300
191	240
192	360
193	300
194	1200
195	780
196	600
197	600
198	300
199	480
200	600
201	360
202	780
203	660
204	360
205	420
206	300
207	300
208	540
209	540
210	360
211	480
212	420
213	660
214	420
215	1020
216	540
217	780
218	300
219	420
220	420
221	660
222	840
223	420
224	420
225	420
226	720
227	480
228	480
229	300
230	300
231	360
232	780
233	840
234	720
235	540
236	360
237	420
238	480
239	540
240	540
241	900
242	240
243	360
244	660
245	660
246	960
247	1140
248	780
249	480
250	660
251	360
252	720
253	300
254	360
255	600
256	600
257	720
258	540
259	300
260	480
261	540
262	360
263	660
264	480
265	240
266	780
267	780
268	360
269	480
270	540
271	600
272	480
273	360
274	360
275	420
276	720
277	660
278	420
279	780
280	540
281	360
282	840
283	600
284	720
285	360
286	480
287	420
288	600
289	960
290	480
291	480
292	360
293	600
294	240
295	660
296	420
297	540
298	420
299	420
300	480
301	660
302	420
303	420
304	420
305	840
306	300
307	720
308	600
309	540
310	540
311	660
312	540
313	780
314	240
315	720
316	1140
317	540
318	600
319	600
320	420
321	540
322	660
323	360
324	600
325	660
326	600
327	480
328	420
329	360
330	660
331	360
332	480
333	840
334	420
335	540
336	540
337	480
338	300
339	660
340	420
341	300
342	540
343	1200
344	660
345	360
346	540
347	480
348	660
349	600
350	480
351	600
352	600
353	300
354	480
355	780
356	600
357	480
358	540
359	360
360	420
361	660
362	660
363	720
364	420
365	780
366	240
367	600
368	240
369	360
370	480
371	780
372	660
373	360
374	540
375	300
376	300
377	360
378	420
379	600
380	600
381	480
382	480
383	660
384	660
385	720
386	840
387	780
388	540
389	420
390	600
391	780
392	720
393	480
394	420
395	660
396	300
397	540
398	1020
399	360
400	660
401	780
402	600
403	360
404	360
405	600
406	480
407	480
408	480
409	360
410	1200
411	1200
412	480
413	720
414	540
415	420
416	540
417	600
418	600
419	540
420	600
421	480
422	480
423	360
424	660
425	480
426	780
427	480
428	600
429	300
430	600
431	360
432	660
433	240
434	600
435	480
436	360
437	300
438	420
439	960
440	840
441	240
442	300
443	300
444	600
445	780
446	480
447	360
448	540
449	360
450	360
451	420
452	660
453	780
454	600
455	600
456	480
457	300
458	240
459	360
460	480
461	720
462	720
463	540
464	360
465	600
466	300
467	420
468	540
469	720
470	840
471	600
472	420
473	240
474	420
475	600
476	660
477	480
478	540
479	300
480	420
481	420
482	660
483	360
484	300
485	720
486	600
487	300
488	540
489	480
490	720
491	420
492	480
493	480
494	840
495	480
496	480
497	660
498	480
499	420
500	540
501	360
502	600
503	300
504	480
505	780
506	480
507	480
508	480
509	660
510	300
511	480
512	900
513	600
514	420
515	360
516	420
517	480
518	420
519	660
520	660
521	300
522	600
523	360
524	540
525	780
526	240
527	360
528	660
529	660
530	660
531	420
532	360
533	360
534	540
535	360
536	540
537	480
538	600
539	660
540	300
541	1020
542	420
543	600
544	660
545	1020
546	600
547	660
548	420
549	480
550	540
551	540
552	540
553	600
554	360
555	480
556	600
557	660
558	840
559	360
560	660
561	420
562	660
563	600
564	420
565	1200
566	420
567	780
568	720
569	720
570	300
571	360
572	300
573	420
574	660
575	240
576	420
577	300
578	660
579	300
580	720
581	540
582	360
583	720
584	480
585	360
586	600
587	480
588	420
589	360
590	660
591	240
592	720
593	480
594	480
595	480
596	1020
597	540
598	420
599	660
600	540
601	300
602	300
603	660
604	660
605	480
606	480
607	480
608	360
609	420
610	420
611	840
612	480
613	240
614	480
615	840
616	840
617	480
618	600
619	420
620	300
621	600
622	780
623	540
624	600
625	360
626	540
627	300
628	780
629	660
630	360
631	480
632	780
633	240
634	660
635	480
636	600
637	420
638	480
639	480
640	600
641	420
642	600
643	720
644	300
645	540
646	660
647	540
648	660
649	360
650	420
651	420
652	480
653	300
654	360
655	420
656	480
657	480
658	480
659	780
660	780
661	600
662	540
663	660
664	420
665	420
666	420
667	540
668	360
669	480
670	660
671	660
672	540
673	840
674	540
675	540
676	480
677	420
678	360
679	300
680	360
681	600
682	960
683	540
684	660
685	420
686	480
687	600
688	420
689	720
690	480
691	300
692	360
693	540
694	360
695	480
696	480
697	360
698	360
699	960
700	420
701	660
702	600
703	300
704	540
705	420
706	780
707	480
708	300
709	480
710	540
711	480
712	600
713	780
714	480
715	480
716	480
717	1380
718	360
719	420
720	360
721	420
722	540
723	1200
724	240
725	240
726	720
727	420
728	660
729	540
730	720
731	300
732	300
733	840
734	420
735	540
736	780
737	540
738	360
739	420
740	600
741	480
742	420
743	600
744	420
745	420
746	420
747	240
748	540
749	360
750	840
751	540
752	420
753	480
754	360
755	840
756	660
757	600
758	660
759	480
760	660
761	360
762	540
763	780
764	420
765	420
766	420
767	960
768	660
769	540
770	420
771	540
772	480
773	480
774	480
775	540
776	540
777	420
778	540
779	420
780	660
781	600
782	360
783	420
784	540
785	480
786	540
787	540
788	420
789	780
790	660
791	420
792	900
793	240
794	360
795	480
796	780
797	780
798	480
799	480
800	600
801	720
802	840
803	540
804	480
805	660
806	660
807	300
808	600
809	600
810	660
811	660
812	600
813	420
814	360
815	900
816	540
817	840
818	840
819	600
820	660
821	660
822	720
823	240
824	420
825	420
826	420
827	360
828	540
829	720
830	540
831	420
832	840
833	600
834	480
835	660
836	300
837	600
838	360
839	600
840	420
841	660
842	360
843	660
844	660
845	540
846	300
847	540
848	780
849	480
850	420
851	600
852	540
853	480
854	660
855	720
856	480
857	480
858	420
859	600
860	1200
861	420
862	660
863	540
864	600
865	780
866	420
867	600
868	420
869	840
870	300
871	540
872	480
873	480
874	420
875	420
876	600
877	420
878	420
879	660
880	300
881	840
882	480
883	660
884	420
885	420
886	480
887	360
888	300
889	420
890	1020
891	660
892	420
TIME_WINDOW_SECTION
1	0	45000
2	12000	19500
3	19200	26700
4	4800	12300
5	6600	30300
6	4800	12300
7	4800	12300
8	12000	19500
9	12000	19500
10	15600	23100
11	15600	23100
12	22800	30300
13	15600	23100
14	12000	19500
15	4800	12300
16	6600	30300
17	12000	19500
18	12000	19500
19	6600	30300
20	4800	12300
21	22800	30300
22	8400	15900
23	22800	30300
24	8400	15900
25	15600	23100
26	8400	15900
27	22800	30300
28	22800	30300
29	4800	12300
30	8400	15900
31	15600	23100
32	15600	23100
33	19200	26700
34	22800	30300
35	8400	15900
36	19200	26040
37	12000	19500
38	15600	23100
39	19200	26700
40	4800	12300
41	4800	12300
42	6600	30300
43	22800	30300
44	4800	12300
45	22800	30300
46	4800	12300
47	12000	19500
48	4800	12300
49	12000	19500
50	6600	30300
51	22800	30300
52	15600	23100
53	4800	12300
54	8400	15900
55	15600	22500
56	22800	29700
57	6600	30300
58	19200	26700
59	8400	15900
60	8400	15900
61	12000	19500
62	12000	19500
63	19200	26040
64	12000	19500
65	15600	23100
66	8400	15900
67	15600	23100
68	6600	30300
69	19200	26700
70	19200	26700
71	8400	15900
72	19200	26700
73	4800	12300
74	12000	19500
75	8400	15900
76	22800	30300
77	4800	12300
78	6600	30300
79	19200	26700
80	8400	15900
81	22800	30300
82	22800	30300
83	22800	30300
84	12000	19500
85	15600	23100
86	6600	30300
87	12000	19500
88	12000	19500
89	8400	15300
90	8400	15900
91	12000	19500
92	6600	30300
93	15600	23100
94	6600	30300
95	8400	15900
96	4800	12300
97	12000	19500
98	19200	26700
99	22800	30300
100	4800	12300
101	15600	23100
102	22800	30300
103	8400	15900
104	4800	12300
105	4800	12300
106	15600	23100
107	6600	30300
108	19200	26700
109	22800	30300
110	15600	23100
111	19200	26700
112	6600	30300
113	22800	30300
114	12000	19500
115	19200	26700
116	22800	30300
117	22800	30300
118	4800	12300
119	15600	23100
120	6600	30300
121	22800	30300
122	19200	26700
123	19200	26700
124	15600	23100
125	22800	30300
126	22800	30300
127	15600	23100
128	22800	30300
129	12000	19500
130	15600	22500
131	8400	15900
132	15600	23100
133	19200	26700
134	12000	19500
135	6600	29700
136	15600	23100
137	6600	30300
138	22800	30300
139	22800	30300
140	19200	26700
141	19200	26700
142	8400	15900
143	6600	30300
144	15600	23100
145	12000	19500
146	8400	15900
147	19200	26700
148	8400	15900
149	12000	19500
150	15600	23100
151	15600	23100
152	6600	30300
153	12000	19500
154	15600	23100
155	15600	23100
156	12000	19500
157	22800	30300
158	12000	19500
159	22800	30300
160	8400	15900
161	4800	12300
162	8400	15900
163	12000	19500
164	4800	11700
165	12000	19500
166	4800	12300
167	15600	23100
168	22800	29700
169	8400	15900
170	15600	23100
171	8400	15300
172	19200	26700
173	6600	29700
174	22800	30300
175	15600	23100
176	12000	19500
177	4800	12300
178	4800	12300
179	8400	15900
180	19200	26700
181	8400	15900
182	4800	12300
183	8400	15900
184	15600	23100
185	22800	30300
186	15600	23100
187	8400	15900
188	12000	19500
189	22800	30300
190	19200	26700
191	22800	30300
192	22800	30300
193	6600	30300
194	12000	19500
195	12000	19500
196	4800	12300
197	6600	30300
198	15600	23100
199	12000	19500
200	4800	12300
201	4800	12300
202	22800	30300
203	6600	30300
204	22800	30300
205	15600	23100
206	22800	29700
207	8400	15900
208	12000	19500
209	15600	23100
210	4800	12300
211	19200	26700
212	12000	19500
213	4800	12300
214	4800	12300
215	4800	12300
216	12000	19500
217	8400	15900
218	19200	26700
219	22800	30300
220	4800	12300
221	4800	12300
222	12000	19500
223	19200	26700
224	6600	29700
225	15600	23100
226	15600	23100
227	15600	23100
228	22800	30300
229	4800	12300
230	4800	12300
231	22800	30300
232	6600	30300
233	22800	30300
234	15600	23100
235	22800	29700
236	12000	19500
237	15600	23100
238	12000	19500
239	6600	30300
240	8400	15900
241	6600	30300
242	15600	23100
243	22800	30300
244	12000	19500
245	4800	12300
246	22800	30300
247	22800	30300
248	4800	12300
249	22800	29700
250	22800	30300
251	22800	30300
252	19200	26700
253	15600	26700
254	8400	15900
255	15600	23100
256	15600	23100
257	8400	15900
258	4800	12300
259	15600	23100
260	8400	15900
261	6600	30300
262	4800	11700
263	6600	30300
264	8400	15900
265	19200	26700
266	8400	15900
267	15600	23100
268	15600	23100
269	6600	30300
270	4800	12300
271	15600	23100
272	15600	23100
273	12000	19500
274	6600	30300
275	12000	19500
276	6600	29700
277	19200	26700
278	12000	19500
279	6600	30300
280	4800	12300
281	4800	12300
282	15600	23100
283	4800	12300
284	6600	30300
285	8400	15900
286	4800	11700
287	22800	30300
288	19200	26700
289	4800	12300
290	4800	12300
291	4800	12300
292	12000	19500
293	8400	15900
294	22800	30300
295	22800	30300
296	12000	19500
297	6600	30300
298	12000	19500
299	22800	30300
300	8400	15900
301	15600	23100
302	12000	19500
303	22800	30300
304	8400	15900
305	19200	26700
306	12000	19500
307	15600	23100
308	4800	12300
309	12000	19500
310	12000	19500
311	12000	19500
312	4800	12300
313	22800	30300
314	15600	23100
315	4800	12300
316	8400	15900
317	15600	23100
318	22800	30300
319	12000	19500
320	15600	23100
321	12000	19500
322	12000	19500
323	22800	30300
324	19200	26700
325	22800	30300
326	22800	29700
327	22800	30300
328	8400	15900
329	8400	15900
330	4800	12300
331	15600	26700
332	4800	12300
333	19200	26700
334	15600	22500
335	8400	15900
336	12000	19500
337	4800	12300
338	15600	23100
339	15600	23100
340	8400	15900
341	12000	19500
342	8400	15900
343	19200	26700
344	8400	15900
345	15600	22500
346	19200	26700
347	12000	19500
348	4800	12300
349	4800	12300
350	4800	11700
351	22800	30300
352	4800	12300
353	22800	30300
354	12000	19500
355	8400	15900
356	15600	23100
357	12000	19500
358	12000	19500
359	19200	26700
360	22800	30300
361	12000	19500
362	8400	15900
363	4800	12300
364	22800	30300
365	15600	23100
366	6600	30300
367	22800	30300
368	12000	19500
369	8400	15900
370	8400	15900
371	15600	23100
372	12000	19500
373	22800	30300
374	22800	30300
375	15600	23100
376	6600	30300
377	12000	19500
378	8400	15900
379	22800	30300
380	6600	30300
381	6600	30300
382	15600	23100
383	4800	12300
384	4800	12300
385	12000	19500
386	15600	23100
387	22800	30300
388	22800	30300
389	12000	19500
390	4800	12300
391	15600	23100
392	4800	12300
393	12000	19500
394	12000	19500
395	19200	26700
396	19200	26700
397	8400	15900
398	15600	23100
399	4800	12300
400	22800	30300
401	22800	30300
402	6600	30300
403	12000	19500
404	19200	26700
405	8400	15900
406	19200	26700
407	4800	12300
408	19200	26700
409	15600	23100
410	12000	19500
411	6600	30300
412	19200	26700
413	19200	26700
414	12000	19500
415	15600	23100
416	22800	30300
417	6600	30300
418	15600	23100
419	22800	30300
420	15600	23100
421	8400	15900
422	6600	30300
423	12000	19500
424	15600	23100
425	12000	19500
426	6600	29700
427	4800	12300
428	19200	26700
429	15600	23100
430	12000	19500
431	4800	12300
432	22800	30300
433	12000	19500
434	15600	23100
435	15600	23100
436	8400	15900
437	15600	23100
438	12000	19500
439	12000	19500
440	4800	12300
441	15600	26700
442	4800	12300
443	6600	30300
444	19200	26700
445	22800	30300
446	15600	23100
447	8400	19500
448	4800	12300
449	6600	30300
450	19200	26700
451	6600	30300
452	8400	15900
453	22800	30300
454	15600	23100
455	8400	15900
456	22800	30300
457	15600	23100
458	6600	30300
459	19200	26700
460	8400	15900
461	19200	26700
462	19200	26700
463	19200	26700
464	19200	26700
465	15600	23100
466	22800	30300
467	22800	30300
468	22800	30300
469	22800	30300
470	15600	23100
471	19200	26700
472	15600	22500
473	4800	12300
474	19200	26700
475	12000	19500
476	22800	30300
477	22800	30300
478	19200	26700
479	4800	12300
480	19200	26700
481	12000	19500
482	19200	26700
483	15600	23100
484	6600	30300
485	12000	19500
486	15600	23100
487	12000	19500
488	12000	19500
489	8400	15900
490	15600	23100
491	15600	23100
492	15600	23100
493	19200	26700
494	22800	30300
495	6600	30300
496	12000	19500
497	15600	23100
498	15600	26700
499	15600	23100
500	6600	30300
501	8400	15900
502	19200	26700
503	8400	15900
504	12000	19500
505	6600	30300
506	19200	26700
507	19200	26700
508	22800	30300
509	6600	30300
510	12000	19500
511	6600	30300
512	15600	23100
513	15600	22500
514	6600	30300
515	22800	29700
516	19200	26700
517	6600	30300
518	6600	30300
519	12000	19500
520	12000	19500
521	19200	26700
522	6600	29700
523	6600	29700
524	8400	15900
525	15600	23100
526	6600	30300
527	22800	30300
528	22800	30300
529	22800	30300
530	12000	19500
531	15600	23100
532	8400	15900
533	19200	26700
534	15600	23100
535	8400	15300
536	19200	26700
537	19200	26700
538	12000	19500
539	15600	23100
540	8400	15900
541	19200	26700
542	22800	30300
543	12000	19500
544	15600	23100
545	8400	15900
546	22800	30300
547	19200	26700
548	8400	15900
549	6600	30300
550	8400	19500
551	22800	30300
552	15600	23100
553	6600	30300
554	12000	19500
555	22800	30300
556	12000	19500
557	8400	15900
558	12000	19500
559	12000	19500
560	22800	30300
561	19200	26700
562	15600	23100
563	22800	30300
564	6600	29700
565	12000	19500
566	15600	26700
567	19200	26700
568	12000	19500
569	8400	15900
570	15600	22500
571	8400	15900
572	22800	30300
573	19200	26700
574	19200	26700
575	19200	26700
576	15600	23100
577	12000	19500
578	19200	26700
579	6600	30300
580	15600	23100
581	12000	19500
582	15600	23100
583	22800	29700
584	15600	23100
585	22800	30300
586	15600	23100
587	6600	30300
588	19200	26700
589	15600	23100
590	12000	19500
591	12000	19500
592	19200	26700
593	22800	30300
594	15600	23100
595	19200	26700
596	6600	30300
597	19200	26700
598	15600	23100
599	15600	23100
600	22800	29700
601	19200	26700
602	12000	19500
603	8400	15900
604	12000	19500
605	12000	19500
606	19200	26700
607	15600	23100
608	15600	26700
609	15600	23100
610	12000	19500
611	22800	30300
612	8400	15900
613	8400	15300
614	19200	26040
615	12000	19500
616	8400	15900
617	6600	30300
618	19200	26700
619	15600	23100
620	15600	23100
621	19200	26700
622	8400	15900
623	22800	30300
624	22800	30300
625	6600	30300
626	15600	23100
627	8400	19500
628	15600	23100
629	22800	30300
630	12000	19500
631	19200	26700
632	22800	30300
633	15600	23100
634	22800	30300
635	12000	19500
636	22800	30300
637	12000	19500
638	6600	30300
639	12000	19500
640	8400	19500
641	15600	23100
642	12000	19500
643	15600	23100
644	19200	26700
645	6600	30300
646	15600	26700
647	12000	19500
648	12000	19500
649	15600	23100
650	12000	19500
651	6600	30300
652	6600	30300
653	6600	30300
654	15600	23100
655	12000	19500
656	22800	29700
657	22800	30300
658	19200	26700
659	6600	30300
660	19200	26700
661	15600	23100
662	12000	19500
663	19200	26700
664	12000	19500
665	22800	29700
666	12000	19500
667	19200	26700
668	22800	30300
669	19200	26700
670	22800	30300
671	6600	30300
672	15600	23100
673	12000	19500
674	15600	23100
675	15600	23100
676	19200	26700
677	22800	30300
678	15600	23100
679	15600	23100
680	6600	29700
681	6600	30300
682	22800	30300
683	15600	23100
684	6600	30300
685	12000	19500
686	22800	30300
687	22800	30300
688	15600	23100
689	19200	26700
690	6600	30300
691	19200	26700
692	6600	30300
693	6600	30300
694	6600	29700
695	15600	23100
696	19200	26700
697	15600	23100
698	6600	30300
699	6600	30300
700	15600	23100
701	6600	29700
702	19200	26700
703	22800	30300
704	12000	19500
705	19200	26700
706	15600	23100
707	22800	30300
708	15600	23100
709	12000	19500
710	22800	30300
711	19200	26700
712	12000	19500
713	12000	19500
714	12000	19500
715	15600	23100
716	19200	26700
717	19200	26700
718	15600	22500
719	6600	29700
720	15600	23100
721	19200	26700
722	12000	19500
723	6600	30300
724	8400	19500
725	19200	26700
726	19200	26700
727	6600	30300
728	6600	30300
729	19200	26700
730	19200	26700
731	6600	30300
732	22800	30300
733	6600	30300
734	19200	26700
735	22800	30300
736	19200	26700
737	19200	26700
738	19200	26700
739	15600	23100
740	19200	26700
741	19200	26700
742	12000	19500
743	22800	30300
744	19200	26700
745	22800	30300
746	22800	30300
747	15600	23100
748	15600	23100
749	6600	30300
750	22800	30300
751	6600	30300
752	19200	26700
753	19200	26700
754	19200	26700
755	22800	29700
756	22800	30300
757	15600	23100
758	12000	19500
759	15600	23100
760	19200	26700
761	19200	26100
762	19200	26700
763	19200	26040
764	12000	19500
765	22800	30300
766	19200	26700
767	15600	23100
768	6600	30300
769	15600	23100
770	6600	30300
771	19200	26700
772	15600	23100
773	15600	23100
774	19200	26700
775	22800	30300
776	6600	29700
777	22800	30300
778	12000	19500
779	19200	26700
780	15600	23100
781	15600	23100
782	6600	30300
783	22800	30300
784	15600	23100
785	15600	23100
786	22800	30300
787	15600	23100
788	22800	30300
789	15600	23100
790	19200	26700
791	15600	23100
792	15600	23100
793	15600	22500
794	15600	23100
795	6600	30300
796	6600	30300
797	15600	23100
798	6600	30300
799	15600	23100
800	6600	30300
801	6600	30300
802	15600	22500
803	22800	29700
804	19200	26700
805	15600	23100
806	15600	23100
807	19200	26700
808	15600	23100
809	22800	30300
810	6600	29700
811	19200	26700
812	15600	23100
813	22800	30300
814	19200	26700
815	22800	30300
816	19200	26700
817	19200	26700
818	19200	26700
819	6600	30300
820	6600	29700
821	15600	23100
822	15600	23100
823	15600	23100
824	15600	23100
825	15600	23100
826	6600	30300
827	22800	30300
828	6600	30300
829	15600	23100
830	15600	23100
831	15600	23100
832	19200	26700
833	15600	23100
834	19200	26700
835	22800	30300
836	22800	30300
837	15600	23100
838	22800	30300
839	22800	30300
840	19200	26700
841	6600	30300
842	22800	30300
843	19200	26700
844	22800	30300
845	22800	30300
846	6600	30300
847	6600	30300
848	15600	23100
849	22800	29700
850	6600	30300
851	6600	30300
852	19200	26700
853	19200	26700
854	22800	30300
855	22800	30300
856	22800	30300
857	6600	30300
858	6600	30300
859	22800	30300
860	22800	30300
861	22800	30300
862	22800	30300
863	22800	30300
864	6600	30300
865	22800	30300
866	22800	30300
867	6600	30300
868	22800	30300
869	6600	30300
870	6600	29700
871	6600	30300
872	6600	30300
873	15600	23100
874	15600	23100
875	22800	30300
876	19200	26700
877	6600	29700
878	19200	26700
879	15600	23100
880	19200	26700
881	19200	26700
882	22800	30300
883	6600	30300
884	22800	30300
885	15600	23100
886	22800	30300
887	15600	26700
888	6600	30300
889	22800	30300
890	19200	26700
891	6600	30300
892	15600	23100
RELEASE_TIME_SECTION
1	0
2	3600
3	3600
4	3600
5	3600
6	3600
7	3600
8	3600
9	3600
10	3600
11	3600
12	3600
13	3600
14	3600
15	3600
16	3600
17	3600
18	3600
19	3600
20	3600
21	3600
22	3600
23	3600
24	3600
25	3600
26	3600
27	3600
28	3600
29	3600
30	3600
31	3600
32	3600
33	3600
34	3600
35	3600
36	3600
37	3600
38	3600
39	3600
40	3600
41	3600
42	3600
43	3600
44	3600
45	3600
46	3600
47	3600
48	3600
49	3600
50	3600
51	3600
52	3600
53	3600
54	3600
55	3600
56	3600
57	3600
58	3600
59	3600
60	3600
61	3600
62	3600
63	3600
64	3600
65	3600
66	3600
67	3600
68	3600
69	3600
70	3600
71	3600
72	3600
73	3600
74	3600
75	3600
76	3600
77	3600
78	3600
79	3600
80	3600
81	3600
82	3600
83	3600
84	3600
85	3600
86	3600
87	3600
88	3600
89	3600
90	3600
91	3600
92	3600
93	3600
94	3600
95	3600
96	3600
97	3600
98	3600
99	3600
100	3600
101	3600
102	5400
103	5400
104	5400
105	5400
106	5400
107	5400
108	5400
109	5400
110	5400
111	5400
112	5400
113	5400
114	5400
115	5400
116	5400
117	5400
118	5400
119	5400
120	5400
121	5400
122	5400
123	5400
124	5400
125	5400
126	5400
127	5400
128	5400
129	5400
130	5400
131	5400
132	5400
133	5400
134	5400
135	5400
136	5400
137	5400
138	5400
139	5400
140	5400
141	5400
142	5400
143	5400
144	5400
145	5400
146	5400
147	5400
148	5400
149	5400
150	5400
151	5400
152	5400
153	5400
154	5400
155	5400
156	5400
157	5400
158	5400
159	5400
160	5400
161	5400
162	5400
163	5400
164	5400
165	5400
166	5400
167	5400
168	5400
169	5400
170	5400
171	5400
172	5400
173	5400
174	5400
175	5400
176	5400
177	5400
178	5400
179	5400
180	5400
181	5400
182	5400
183	5400
184	5400
185	5400
186	5400
187	5400
188	5400
189	5400
190	5400
191	5400
192	5400
193	5400
194	5400
195	5400
196	5400
197	5400
198	5400
199	5400
200	5400
201	5400
202	7200
203	7200
204	7200
205	7200
206	7200
207	7200
208	7200
209	7200
210	7200
211	7200
212	7200
213	7200
214	7200
215	7200
216	7200
217	7200
218	7200
219	7200
220	7200
221	7200
222	7200
223	7200
224	7200
225	7200
226	7200
227	7200
228	7200
229	7200
230	7200
231	7200
232	7200
233	7200
234	7200
235	7200
236	7200
237	7200
238	7200
239	7200
240	7200
241	7200
242	7200
243	7200
244	7200
245	7200
246	7200
247	7200
248	7200
249	7200
250	7200
251	7200
252	7200
253	7200
254	7200
255	7200
256	7200
257	7200
258	7200
259	7200
260	7200
261	7200
262	7200
263	7200
264	7200
265	7200
266	7200
267	7200
268	7200
269	7200
270	7200
271	7200
272	7200
273	7200
274	7200
275	7200
276	7200
277	7200
278	7200
279	7200
280	7200
281	7200
282	7200
283	7200
284	7200
285	7200
286	7200
287	7200
288	7200
289	7200
290	7200
291	7200
292	7200
293	7200
294	7200
295	7200
296	7200
297	7200
298	7200
299	7200
300	7200
301	7200
302	9000
303	9000
304	9000
305	9000
306	9000
307	9000
308	9000
309	9000
310	9000
311	9000
312	9000
313	9000
314	9000
315	9000
316	9000
317	9000
318	9000
319	9000
320	9000
321	9000
322	9000
323	9000
324	9000
325	9000
326	9000
327	9000
328	9000
329	9000
330	9000
331	9000
332	9000
333	9000
334	9000
335	9000
336	9000
337	9000
338	9000
339	9000
340	9000
341	9000
342	9000
343	9000
344	9000
345	9000
346	9000
347	9000
348	9000
349	9000
350	9000
351	9000
352	9000
353	9000
354	9000
355	9000
356	9000
357	9000
358	9000
359	9000
360	9000
361	9000
362	9000
363	9000
364	9000
365	9000
366	9000
367	9000
368	9000
369	9000
370	9000
371	9000
372	9000
373	9000
374	9000
375	9000
376	9000
377	9000
378	9000
379	9000
380	9000
381	9000
382	9000
383	9000
384	9000
385	9000
386	9000
387	9000
388	9000
389	9000
390	9000
391	9000
392	9000
393	9000
394	9000
395	9000
396	9000
397	9000
398	9000
399	9000
400	9000
401	9000
402	10800
403	10800
404	10800
405	10800
406	10800
407	10800
408	10800
409	10800
410	10800
411	10800
412	10800
413	10800
414	10800
415	10800
416	10800
417	10800
418	10800
419	10800
420	10800
421	10800
422	10800
423	10800
424	10800
425	10800
426	10800
427	10800
428	10800
429	10800
430	10800
431	10800
432	10800
433	10800
434	10800
435	10800
436	10800
437	10800
438	10800
439	10800
440	10800
441	10800
442	10800
443	10800
444	10800
445	10800
446	10800
447	10800
448	10800
449	10800
450	10800
451	10800
452	10800
453	10800
454	10800
455	10800
456	10800
457	10800
458	10800
459	10800
460	10800
461	10800
462	10800
463	10800
464	10800
465	10800
466	10800
467	10800
468	10800
469	10800
470	10800
471	10800
472	10800
473	10800
474	10800
475	10800
476	10800
477	10800
478	10800
479	10800
480	10800
481	10800
482	10800
483	10800
484	10800
485	10800
486	10800
487	10800
488	10800
489	10800
490	10800
491	10800
492	10800
493	10800
494	12600
495	12600
496	12600
497	12600
498	12600
499	12600
500	12600
501	12600
502	12600
503	12600
504	12600
505	12600
506	12600
507	12600
508	12600
509	12600
510	12600
511	12600
512	12600
513	12600
514	12600
515	12600
516	12600
517	12600
518	12600
519	12600
520	12600
521	12600
522	12600
523	12600
524	12600
525	12600
526	12600
527	12600
528	12600
529	12600
530	12600
531	12600
532	12600
533	12600
534	12600
535	12600
536	12600
537	12600
538	12600
539	12600
540	12600
541	12600
542	12600
543	12600
544	12600
545	12600
546	12600
547	12600
548	12600
549	12600
550	12600
551	12600
552	12600
553	12600
554	12600
555	12600
556	12600
557	12600
558	12600
559	12600
560	12600
561	12600
562	12600
563	12600
564	12600
565	12600
566	12600
567	12600
568	12600
569	12600
570	12600
571	12600
572	12600
573	12600
574	12600
575	14400
576	14400
577	14400
578	14400
579	14400
580	14400
581	14400
582	14400
583	14400
584	14400
585	14400
586	14400
587	14400
588	14400
589	14400
590	14400
591	14400
592	14400
593	14400
594	14400
595	14400
596	14400
597	14400
598	14400
599	14400
600	14400
601	14400
602	14400
603	14400
604	14400
605	14400
606	14400
607	14400
608	14400
609	14400
610	14400
611	14400
612	14400
613	14400
614	14400
615	14400
616	14400
617	14400
618	14400
619	14400
620	14400
621	14400
622	14400
623	14400
624	14400
625	14400
626	14400
627	14400
628	14400
629	14400
630	14400
631	14400
632	14400
633	14400
634	14400
635	14400
636	14400
637	14400
638	14400
639	14400
640	14400
641	14400
642	14400
643	14400
644	14400
645	14400
646	14400
647	14400
648	14400
649	14400
650	14400
651	16200
652	16200
653	16200
654	16200
655	16200
656	16200
657	16200
658	16200
659	16200
660	16200
661	16200
662	16200
663	16200
664	16200
665	16200
666	16200
667	16200
668	16200
669	16200
670	16200
671	16200
672	16200
673	16200
674	16200
675	16200
676	16200
677	16200
678	16200
679	16200
680	16200
681	16200
682	16200
683	16200
684	16200
685	16200
686	16200
687	16200
688	16200
689	16200
690	16200
691	16200
692	16200
693	16200
694	16200
695	16200
696	16200
697	16200
698	16200
699	16200
700	16200
701	16200
702	16200
703	16200
704	16200
705	16200
706	16200
707	16200
708	16200
709	16200
710	16200
711	16200
712	16200
713	16200
714	16200
715	18000
716	18000
717	18000
718	18000
719	18000
720	18000
721	18000
722	18000
723	18000
724	18000
725	18000
726	18000
727	18000
728	18000
729	18000
730	18000
731	18000
732	18000
733	18000
734	18000
735	18000
736	18000
737	18000
738	18000
739	18000
740	18000
741	18000
742	18000
743	18000
744	18000
745	18000
746	18000
747	18000
748	18000
749	18000
750	18000
751	18000
752	18000
753	18000
754	18000
755	18000
756	18000
757	18000
758	18000
759	18000
760	18000
761	18000
762	18000
763	18000
764	18000
765	18000
766	18000
767	18000
768	18000
769	18000
770	18000
771	18000
772	18000
773	18000
774	18000
775	18000
776	18000
777	18000
778	18000
779	19800
780	19800
781	19800
782	19800
783	19800
784	19800
785	19800
786	19800
787	19800
788	19800
789	19800
790	19800
791	19800
792	19800
793	19800
794	19800
795	19800
796	19800
797	19800
798	19800
799	19800
800	19800
801	19800
802	19800
803	19800
804	19800
805	19800
806	19800
807	19800
808	19800
809	19800
810	19800
811	19800
812	19800
813	19800
814	19800
815	19800
816	19800
817	19800
818	19800
819	19800
820	19800
821	19800
822	19800
823	19800
824	19800
825	19800
826	19800
827	19800
828	19800
829	19800
830	19800
831	19800
832	19800
833	19800
834	19800
835	19800
836	19800
837	19800
838	19800
839	21600
840	21600
841	21600
842	21600
843	21600
844	21600
845	21600
846	21600
847	21600
848	21600
849	21600
850	21600
851	21600
852	21600
853	21600
854	21600
855	21600
856	21600
857	21600
858	21600
859	21600
860	21600
861	21600
862	21600
863	21600
864	21600
865	21600
866	21600
867	21600
868	21600
869	21600
870	21600
871	21600
872	21600
873	21600
874	21600
875	21600
876	21600
877	21600
878	21600
879	21600
880	21600
881	21600
882	21600
883	21600
884	21600
885	21600
886	21600
887	21600
888	21600
889	21600
890	21600
891	21600
892	21600
EOF
