NAME : ORTEC-VRPTW-ASYM-16b82253-d1-n782
TYPE : VRPTW-RT
DIMENSION : 783
EDGE_WEIGHT_TYPE : EUC_2D
CAPACITY : 145
NODE_COORD_SECTION
1	0	4264
2	483	5062
3	611	1581
4	717	1591
5	997	2700
6	771	5114
7	847	3504
8	531	1657
9	729	4051
10	748	1184
11	693	4926
12	561	4659
13	645	1651
14	820	2340
15	836	3037
16	819	3668
17	697	1586
18	1200	2657
19	733	5147
20	804	1617
21	897	3677
22	576	4685
23	613	3606
24	981	3025
25	401	5132
26	527	3288
27	889	5158
28	589	2121
29	737	5181
30	518	4497
31	697	1586
32	1116	4433
33	748	1184
34	564	1726
35	778	1005
36	649	1311
37	998	2766
38	771	2853
39	781	330
40	695	4996
41	528	2440
42	1243	2973
43	612	4217
44	656	1645
45	450	4985
46	961	136
47	981	3025
48	569	3422
49	308	4774
50	660	4880
51	428	2211
52	518	4497
53	1193	2943
54	1316	2749
55	859	3386
56	1243	2718
57	930	3645
58	1047	5115
59	717	5022
60	859	1094
61	1090	2770
62	812	3446
63	687	5181
64	664	1499
65	969	322
66	456	898
67	452	4452
68	914	3004
69	608	2009
70	1116	4433
71	569	3422
72	612	4986
73	842	1507
74	528	2440
75	787	2353
76	603	4641
77	572	4670
78	849	3541
79	951	3527
80	496	1463
81	747	1956
82	930	3051
83	451	4002
84	725	4779
85	1068	2905
86	603	4641
87	1027	2977
88	820	2340
89	1087	639
90	269	2066
91	893	599
92	696	4828
93	572	4670
94	823	1024
95	825	4114
96	1059	630
97	659	4082
98	1036	1077
99	487	4675
100	1346	2989
101	1007	3161
102	1328	2809
103	450	4171
104	664	3933
105	502	1689
106	496	5106
107	930	3051
108	914	3004
109	676	2314
110	930	657
111	914	3004
112	1179	4526
113	429	2208
114	710	5171
115	596	5145
116	564	1726
117	849	3541
118	567	1496
119	486	3481
120	589	2121
121	647	1725
122	390	5036
123	748	1184
124	1031	4825
125	969	322
126	624	4581
127	671	1698
128	680	1891
129	495	3530
130	997	2700
131	564	1726
132	569	1582
133	527	3288
134	458	4708
135	456	898
136	996	4099
137	773	1269
138	610	1129
139	645	1651
140	452	4452
141	740	551
142	560	2018
143	1159	2824
144	576	4685
145	518	4977
146	1027	2977
147	849	3541
148	942	3644
149	406	4275
150	951	2788
151	934	1156
152	930	3051
153	646	4672
154	917	3845
155	925	2534
156	847	3504
157	911	2742
158	647	4891
159	930	3051
160	747	1956
161	569	1582
162	565	1619
163	680	1891
164	962	164
165	1316	2749
166	647	1725
167	1034	636
168	717	5022
169	573	1627
170	793	2309
171	843	4320
172	805	3386
173	914	3004
174	823	1024
175	967	4025
176	544	4788
177	524	1454
178	1088	3484
179	514	5257
180	789	5020
181	799	3397
182	820	2340
183	540	4944
184	725	4779
185	1050	3063
186	879	3502
187	658	3846
188	308	4774
189	695	4996
190	1007	3161
191	693	4926
192	546	4428
193	429	2208
194	518	4497
195	906	2435
196	633	888
197	645	1651
198	581	4683
199	1156	3279
200	824	2314
201	314	1946
202	1179	4526
203	1096	4771
204	1081	2844
205	598	2186
206	917	3845
207	970	3616
208	831	2916
209	656	1645
210	897	3677
211	1068	2905
212	496	1463
213	305	5197
214	827	1290
215	823	1024
216	538	1346
217	510	5019
218	476	4431
219	512	943
220	888	4005
221	360	4292
222	672	3629
223	1284	4526
224	1066	2850
225	698	5199
226	556	4485
227	930	3645
228	672	2280
229	645	3443
230	969	763
231	729	3326
232	601	4683
233	677	1681
234	576	4685
235	473	4591
236	565	1619
237	572	4670
238	1018	2772
239	1200	2657
240	754	304
241	525	4586
242	970	3616
243	645	5019
244	917	3845
245	825	4114
246	498	1618
247	473	4591
248	969	3974
249	918	1237
250	671	4246
251	1132	253
252	820	2340
253	574	2167
254	612	4217
255	930	3051
256	737	1368
257	269	2066
258	1007	3161
259	553	1669
260	595	1292
261	623	1505
262	512	943
263	1348	2782
264	651	4085
265	994	2825
266	727	5152
267	575	3576
268	569	1582
269	360	4292
270	658	3846
271	792	1633
272	573	1627
273	422	2313
274	451	4627
275	1305	2660
276	1066	2850
277	1229	3360
278	1316	2749
279	688	1520
280	820	2340
281	575	3576
282	525	386
283	575	3576
284	512	943
285	676	2314
286	538	1346
287	784	578
288	612	4217
289	981	3025
290	595	1292
291	496	1463
292	520	4212
293	812	3446
294	599	1739
295	787	2353
296	626	3612
297	463	4412
298	453	4343
299	647	4891
300	569	1582
301	504	4418
302	659	4082
303	656	1645
304	840	4536
305	1050	3063
306	592	1792
307	931	3834
308	874	931
309	1059	630
310	687	5181
311	973	3117
312	360	4292
313	969	322
314	985	3713
315	729	3326
316	969	763
317	827	1290
318	961	136
319	734	5087
320	540	4944
321	565	4166
322	1346	2989
323	951	3527
324	507	4663
325	942	3644
326	592	2304
327	550	4497
328	659	4082
329	905	3561
330	1346	2989
331	671	4651
332	809	4887
333	645	3443
334	996	4099
335	727	5152
336	1368	3593
337	611	3907
338	440	4956
339	717	993
340	969	763
341	274	5046
342	488	4608
343	620	4279
344	471	1376
345	413	4582
346	1047	5115
347	440	4956
348	946	3520
349	911	2742
350	632	4839
351	571	4717
352	725	4779
353	525	4586
354	996	3283
355	1159	2824
356	560	2018
357	744	426
358	1036	1077
359	725	4867
360	598	2186
361	660	4880
362	962	164
363	514	3810
364	858	2838
365	581	4683
366	678	4743
367	931	3834
368	792	1633
369	880	4080
370	569	3422
371	784	578
372	508	4236
373	986	2645
374	649	4502
375	476	4431
376	636	1633
377	544	4788
378	1285	3460
379	840	4536
380	716	3806
381	1075	3026
382	601	4683
383	866	3551
384	564	1339
385	610	1129
386	543	4323
387	527	3288
388	859	1094
389	390	5036
390	687	5181
391	1346	2989
392	917	3845
393	556	4485
394	992	2793
395	994	2616
396	938	2946
397	436	2083
398	406	955
399	531	1657
400	502	1378
401	1047	5115
402	688	1520
403	696	4828
404	996	4099
405	386	2297
406	1211	2548
407	641	1256
408	766	986
409	851	2907
410	840	4536
411	679	5097
412	693	4926
413	505	4406
414	512	1983
415	729	4051
416	510	5019
417	695	2360
418	856	1548
419	603	4607
420	645	2343
421	1087	3621
422	873	2991
423	1211	2548
424	581	4683
425	632	3164
426	585	1296
427	1131	2580
428	918	1237
429	719	5057
430	973	3117
431	526	4386
432	572	4670
433	544	4704
434	567	1496
435	951	2788
436	1181	4274
437	942	3644
438	513	2370
439	931	3834
440	1111	4686
441	547	893
442	513	2370
443	1243	2973
444	822	4905
445	481	4726
446	851	2907
447	569	1582
448	615	3685
449	694	2373
450	729	4051
451	1181	4274
452	682	416
453	632	4839
454	805	3948
455	577	1601
456	695	4996
457	793	2309
458	824	2314
459	542	2144
460	595	1292
461	546	4428
462	399	2381
463	393	4221
464	524	1454
465	805	3386
466	480	2181
467	744	426
468	856	1548
469	925	2534
470	488	3871
471	598	1576
472	727	5152
473	682	416
474	608	755
475	823	3619
476	615	3685
477	925	2534
478	619	5208
479	554	3299
480	1181	4274
481	805	3948
482	483	5062
483	561	4557
484	480	2181
485	508	4236
486	910	1269
487	308	4774
488	1120	2976
489	847	3504
490	994	2616
491	579	3333
492	1101	2662
493	858	2838
494	849	3541
495	1159	2824
496	533	1422
497	1111	4686
498	693	4926
499	970	3616
500	819	3668
501	679	5097
502	608	4615
503	996	3283
504	495	3530
505	1181	4274
506	712	4983
507	812	3446
508	812	3446
509	543	4323
510	592	2304
511	904	5220
512	687	2254
513	565	1619
514	569	1582
515	675	1200
516	555	3455
517	401	5132
518	858	2838
519	994	2825
520	746	3761
521	820	2340
522	1047	5115
523	1085	589
524	660	4880
525	996	4099
526	733	5147
527	601	4683
528	461	2309
529	740	1333
530	546	4428
531	514	3810
532	847	3504
533	918	1237
534	934	1156
535	957	4452
536	1027	2977
537	274	5046
538	673	4986
539	909	2194
540	1090	2770
541	577	1601
542	793	2309
543	620	4279
544	888	4005
545	973	3117
546	986	2645
547	538	1346
548	957	4452
549	413	4582
550	1124	0
551	429	2208
552	595	1292
553	645	1651
554	805	3386
555	727	1631
556	722	3920
557	998	2766
558	746	3761
559	874	931
560	836	3037
561	550	4497
562	504	4672
563	1090	2770
564	938	2946
565	934	1156
566	1061	4765
567	696	3498
568	911	2742
569	461	2309
570	564	1726
571	679	5097
572	589	3620
573	583	4910
574	997	2700
575	416	4318
576	575	3576
577	1211	2548
578	610	1129
579	564	3301
580	399	2381
581	659	4082
582	686	3299
583	969	3974
584	406	4275
585	786	4899
586	1061	4765
587	1181	4274
588	695	4996
589	569	1582
590	676	2314
591	910	1269
592	416	4318
593	451	4627
594	528	2440
595	429	2208
596	874	931
597	682	416
598	525	386
599	847	3504
600	851	2907
601	729	3326
602	645	5019
603	760	3528
604	641	3861
605	550	4497
606	502	1378
607	556	4485
608	819	3668
609	967	4025
610	930	657
611	358	5116
612	269	2066
613	856	1548
614	879	3502
615	1284	4526
616	518	4977
617	572	4670
618	985	3713
619	946	3520
620	540	4944
621	314	1946
622	778	1005
623	512	1983
624	946	3520
625	608	2009
626	561	4659
627	694	2373
628	542	2144
629	727	1631
630	812	3446
631	859	3386
632	592	1792
633	607	3901
634	1061	4765
635	507	4663
636	892	1304
637	658	3846
638	624	4581
639	994	2616
640	619	5208
641	453	4343
642	730	1560
643	583	4910
644	411	4573
645	1259	2752
646	623	4496
647	1036	1077
648	533	1422
649	607	3901
650	269	2066
651	688	1520
652	452	1235
653	649	1311
654	994	2616
655	645	3443
656	1103	4663
657	930	657
658	656	1645
659	506	2269
660	822	4905
661	756	3646
662	619	3501
663	600	4571
664	620	4279
665	1061	4765
666	961	136
667	589	3620
668	725	4867
669	596	5145
670	1116	4433
671	443	1251
672	1066	2850
673	607	4848
674	1200	2657
675	358	5116
676	473	4591
677	651	4085
678	677	1681
679	679	5097
680	564	1339
681	737	5181
682	533	1422
683	930	657
684	981	3025
685	986	2645
686	451	4627
687	583	4910
688	823	1024
689	586	4060
690	487	4675
691	866	3551
692	1057	4351
693	754	304
694	717	993
695	688	1520
696	570	5045
697	507	4663
698	827	2932
699	824	2314
700	645	1651
701	1285	3460
702	649	4502
703	626	3612
704	646	5090
705	819	3668
706	692	2144
707	822	4905
708	804	1617
709	962	3614
710	626	2092
711	547	893
712	1328	2809
713	520	4212
714	436	2083
715	509	1993
716	649	1311
717	906	3462
718	623	4496
719	823	1024
720	488	4608
721	756	3646
722	772	1146
723	922	2773
724	544	4788
725	686	3299
726	867	5226
727	786	4899
728	451	4002
729	544	4704
730	786	4899
731	730	1560
732	645	2343
733	1151	2886
734	592	1792
735	1068	2905
736	521	3282
737	481	4486
738	750	4811
739	671	1698
740	748	1184
741	481	4486
742	873	2991
743	831	3583
744	961	136
745	930	3467
746	812	3446
747	880	1238
748	957	3949
749	851	2907
750	525	4586
751	488	3871
752	395	3493
753	734	4697
754	697	1605
755	451	4002
756	623	1505
757	647	1725
758	1101	2662
759	782	724
760	666	1102
761	961	724
762	581	4683
763	653	1696
764	1179	4526
765	716	3806
766	1151	2886
767	576	4685
768	729	3326
769	756	3646
770	717	993
771	613	4307
772	744	264
773	930	3051
774	848	3436
775	1131	2580
776	725	4867
777	574	2167
778	750	4811
779	521	3282
780	961	724
781	880	4080
782	1346	2989
783	847	3504
DEMAND_SECTION
1	0
2	4
3	12
4	4
5	7
6	6
7	6
8	5
9	10
10	9
11	7
12	10
13	4
14	10
15	9
16	3
17	6
18	5
19	3
20	6
21	4
22	12
23	6
24	6
25	5
26	7
27	6
28	2
29	10
30	8
31	3
32	4
33	3
34	5
35	5
36	6
37	10
38	5
39	6
40	4
41	10
42	3
43	3
44	9
45	6
46	4
47	6
48	3
49	5
50	5
51	4
52	7
53	6
54	11
55	4
56	2
57	9
58	3
59	4
60	4
61	7
62	6
63	5
64	5
65	8
66	5
67	5
68	4
69	5
70	7
71	7
72	3
73	4
74	3
75	7
76	4
77	12
78	23
79	7
80	6
81	10
82	10
83	8
84	29
85	4
86	14
87	11
88	8
89	7
90	5
91	2
92	4
93	9
94	7
95	4
96	4
97	3
98	7
99	7
100	5
101	5
102	5
103	4
104	6
105	4
106	5
107	3
108	4
109	8
110	5
111	7
112	5
113	4
114	9
115	7
116	8
117	7
118	8
119	5
120	8
121	9
122	8
123	7
124	5
125	6
126	6
127	7
128	7
129	7
130	4
131	4
132	10
133	6
134	7
135	6
136	10
137	9
138	4
139	11
140	11
141	4
142	7
143	10
144	5
145	7
146	6
147	5
148	6
149	7
150	10
151	5
152	5
153	4
154	5
155	15
156	4
157	5
158	9
159	5
160	6
161	3
162	6
163	8
164	8
165	23
166	5
167	3
168	8
169	4
170	6
171	6
172	5
173	5
174	2
175	7
176	4
177	7
178	4
179	7
180	8
181	7
182	3
183	8
184	9
185	8
186	2
187	3
188	6
189	7
190	11
191	5
192	9
193	6
194	6
195	7
196	4
197	8
198	6
199	5
200	5
201	8
202	8
203	10
204	5
205	4
206	9
207	5
208	8
209	3
210	6
211	8
212	6
213	6
214	6
215	12
216	7
217	4
218	6
219	5
220	7
221	6
222	4
223	9
224	4
225	2
226	5
227	3
228	4
229	13
230	5
231	5
232	4
233	9
234	12
235	7
236	10
237	8
238	4
239	6
240	13
241	12
242	9
243	5
244	8
245	8
246	5
247	7
248	4
249	4
250	7
251	7
252	6
253	5
254	4
255	6
256	11
257	7
258	12
259	3
260	5
261	7
262	12
263	11
264	5
265	5
266	9
267	5
268	6
269	4
270	8
271	6
272	6
273	23
274	6
275	13
276	10
277	3
278	7
279	2
280	10
281	4
282	11
283	7
284	4
285	10
286	8
287	5
288	6
289	4
290	3
291	6
292	5
293	3
294	10
295	8
296	10
297	7
298	6
299	6
300	8
301	8
302	7
303	11
304	3
305	7
306	6
307	3
308	4
309	5
310	6
311	7
312	7
313	8
314	5
315	8
316	23
317	7
318	5
319	12
320	6
321	3
322	6
323	3
324	5
325	6
326	5
327	8
328	5
329	9
330	3
331	5
332	5
333	4
334	5
335	6
336	6
337	6
338	4
339	6
340	4
341	2
342	4
343	5
344	6
345	6
346	6
347	5
348	8
349	5
350	6
351	6
352	11
353	11
354	3
355	7
356	11
357	5
358	10
359	5
360	6
361	8
362	7
363	7
364	6
365	5
366	4
367	2
368	3
369	5
370	5
371	11
372	7
373	6
374	12
375	4
376	8
377	5
378	7
379	4
380	7
381	8
382	23
383	4
384	3
385	5
386	7
387	5
388	6
389	11
390	6
391	6
392	7
393	5
394	4
395	3
396	5
397	5
398	6
399	5
400	11
401	4
402	4
403	5
404	5
405	6
406	4
407	5
408	8
409	6
410	7
411	5
412	6
413	9
414	9
415	5
416	7
417	6
418	6
419	10
420	5
421	3
422	7
423	4
424	5
425	8
426	7
427	7
428	4
429	6
430	6
431	3
432	3
433	6
434	7
435	6
436	10
437	8
438	6
439	6
440	5
441	3
442	9
443	6
444	10
445	5
446	4
447	5
448	4
449	5
450	6
451	7
452	6
453	5
454	5
455	16
456	5
457	7
458	7
459	8
460	7
461	13
462	4
463	6
464	6
465	5
466	4
467	7
468	8
469	12
470	4
471	5
472	5
473	4
474	5
475	6
476	4
477	8
478	5
479	3
480	3
481	7
482	14
483	4
484	6
485	2
486	12
487	6
488	6
489	7
490	29
491	7
492	6
493	7
494	23
495	4
496	7
497	7
498	6
499	5
500	6
501	6
502	3
503	4
504	4
505	8
506	5
507	7
508	7
509	8
510	5
511	13
512	4
513	4
514	7
515	3
516	7
517	7
518	7
519	5
520	5
521	6
522	5
523	4
524	4
525	7
526	4
527	11
528	7
529	4
530	7
531	7
532	4
533	4
534	4
535	3
536	6
537	9
538	2
539	7
540	6
541	4
542	4
543	4
544	6
545	4
546	6
547	10
548	8
549	3
550	3
551	4
552	2
553	5
554	10
555	7
556	7
557	6
558	5
559	5
560	5
561	7
562	6
563	7
564	5
565	6
566	10
567	6
568	5
569	5
570	3
571	7
572	4
573	5
574	4
575	3
576	7
577	6
578	4
579	7
580	6
581	5
582	7
583	7
584	3
585	10
586	12
587	8
588	9
589	6
590	7
591	5
592	7
593	6
594	5
595	5
596	3
597	8
598	6
599	5
600	5
601	8
602	2
603	3
604	4
605	6
606	3
607	5
608	4
609	6
610	8
611	4
612	6
613	5
614	5
615	7
616	10
617	3
618	7
619	3
620	8
621	5
622	8
623	7
624	7
625	11
626	6
627	4
628	9
629	2
630	6
631	6
632	5
633	5
634	6
635	10
636	10
637	6
638	7
639	5
640	2
641	10
642	11
643	9
644	7
645	3
646	7
647	7
648	4
649	5
650	17
651	11
652	5
653	10
654	10
655	5
656	6
657	5
658	5
659	5
660	10
661	5
662	6
663	6
664	5
665	4
666	10
667	7
668	3
669	4
670	6
671	13
672	7
673	6
674	5
675	8
676	6
677	3
678	5
679	4
680	8
681	7
682	6
683	6
684	6
685	4
686	7
687	7
688	3
689	3
690	4
691	5
692	8
693	5
694	8
695	2
696	4
697	6
698	4
699	6
700	3
701	8
702	6
703	2
704	4
705	5
706	7
707	6
708	11
709	11
710	6
711	4
712	6
713	7
714	5
715	6
716	6
717	7
718	4
719	7
720	3
721	8
722	7
723	5
724	3
725	2
726	8
727	7
728	7
729	11
730	5
731	5
732	6
733	8
734	4
735	7
736	3
737	10
738	4
739	3
740	10
741	5
742	10
743	6
744	7
745	6
746	4
747	7
748	7
749	5
750	5
751	5
752	5
753	6
754	7
755	10
756	6
757	7
758	23
759	8
760	7
761	5
762	6
763	7
764	5
765	5
766	12
767	7
768	5
769	5
770	6
771	6
772	5
773	8
774	6
775	11
776	4
777	7
778	12
779	7
780	6
781	2
782	9
783	4
DEPOT_SECTION
1
-1
SERVICE_TIME_SECTION
1	0
2	840
3	360
4	840
5	600
6	540
7	840
8	720
9	840
10	420
11	540
12	360
13	540
14	780
15	660
16	600
17	660
18	540
19	600
20	1020
21	300
22	300
23	720
24	1140
25	720
26	360
27	660
28	720
29	600
30	480
31	300
32	360
33	360
34	960
35	480
36	540
37	300
38	600
39	360
40	300
41	540
42	1080
43	360
44	660
45	840
46	660
47	960
48	360
49	840
50	720
51	360
52	480
53	780
54	540
55	240
56	480
57	600
58	540
59	600
60	720
61	720
62	420
63	420
64	840
65	540
66	900
67	300
68	480
69	780
70	600
71	420
72	660
73	480
74	480
75	540
76	660
77	600
78	540
79	660
80	1320
81	480
82	480
83	360
84	540
85	480
86	480
87	420
88	600
89	480
90	480
91	360
92	540
93	840
94	780
95	660
96	540
97	720
98	660
99	420
100	780
101	780
102	480
103	720
104	660
105	840
106	360
107	780
108	660
109	420
110	840
111	540
112	540
113	360
114	480
115	540
116	240
117	600
118	480
119	1020
120	480
121	420
122	660
123	660
124	840
125	720
126	720
127	300
128	600
129	780
130	540
131	540
132	1020
133	1080
134	780
135	360
136	780
137	600
138	420
139	600
140	960
141	480
142	780
143	660
144	600
145	540
146	720
147	480
148	720
149	600
150	480
151	600
152	600
153	540
154	240
155	840
156	420
157	900
158	600
159	720
160	540
161	540
162	420
163	540
164	600
165	360
166	720
167	660
168	960
169	480
170	1020
171	600
172	360
173	660
174	360
175	420
176	540
177	360
178	780
179	600
180	480
181	540
182	480
183	720
184	1320
185	480
186	540
187	720
188	540
189	600
190	660
191	600
192	840
193	780
194	900
195	720
196	360
197	960
198	420
199	600
200	360
201	480
202	360
203	780
204	480
205	540
206	480
207	600
208	600
209	1620
210	600
211	480
212	480
213	480
214	240
215	300
216	540
217	480
218	300
219	300
220	660
221	420
222	720
223	420
224	420
225	300
226	480
227	540
228	240
229	540
230	660
231	540
232	360
233	600
234	420
235	900
236	900
237	300
238	1200
239	660
240	780
241	360
242	960
243	540
244	660
245	2880
246	360
247	720
248	480
249	540
250	1320
251	1020
252	600
253	960
254	540
255	600
256	840
257	780
258	240
259	360
260	540
261	300
262	840
263	480
264	360
265	420
266	480
267	600
268	240
269	360
270	480
271	660
272	480
273	1080
274	240
275	240
276	720
277	900
278	600
279	600
280	660
281	420
282	720
283	600
284	720
285	360
286	360
287	300
288	660
289	960
290	1080
291	480
292	480
293	600
294	960
295	360
296	840
297	960
298	300
299	720
300	600
301	660
302	480
303	420
304	480
305	600
306	480
307	1140
308	540
309	660
310	540
311	540
312	720
313	660
314	600
315	720
316	600
317	1140
318	660
319	540
320	540
321	600
322	420
323	240
324	720
325	240
326	720
327	840
328	420
329	1020
330	480
331	420
332	480
333	300
334	600
335	420
336	300
337	1080
338	660
339	1140
340	840
341	180
342	600
343	900
344	540
345	660
346	660
347	960
348	660
349	540
350	600
351	360
352	600
353	240
354	660
355	840
356	420
357	360
358	780
359	900
360	780
361	780
362	300
363	600
364	420
365	660
366	480
367	660
368	540
369	960
370	720
371	480
372	780
373	420
374	1140
375	840
376	480
377	720
378	600
379	600
380	600
381	900
382	780
383	540
384	360
385	480
386	900
387	720
388	300
389	540
390	660
391	840
392	1020
393	960
394	480
395	540
396	720
397	720
398	360
399	780
400	480
401	1380
402	540
403	600
404	660
405	480
406	480
407	960
408	780
409	600
410	780
411	540
412	600
413	780
414	600
415	540
416	660
417	480
418	720
419	720
420	540
421	540
422	960
423	540
424	720
425	780
426	1140
427	1020
428	480
429	660
430	420
431	780
432	540
433	480
434	780
435	1020
436	420
437	240
438	420
439	1200
440	600
441	720
442	420
443	900
444	660
445	480
446	420
447	960
448	480
449	720
450	540
451	540
452	540
453	720
454	780
455	240
456	720
457	1140
458	360
459	420
460	300
461	480
462	420
463	900
464	720
465	660
466	780
467	780
468	540
469	300
470	360
471	780
472	540
473	780
474	600
475	420
476	600
477	480
478	900
479	1380
480	600
481	720
482	840
483	300
484	720
485	480
486	840
487	1080
488	720
489	660
490	540
491	420
492	780
493	960
494	840
495	540
496	1200
497	540
498	720
499	360
500	1020
501	600
502	600
503	840
504	660
505	720
506	480
507	600
508	480
509	780
510	420
511	420
512	600
513	420
514	780
515	780
516	480
517	720
518	360
519	780
520	420
521	660
522	720
523	1080
524	1200
525	420
526	240
527	540
528	780
529	1020
530	1200
531	480
532	420
533	600
534	660
535	1020
536	480
537	420
538	480
539	540
540	360
541	600
542	600
543	780
544	960
545	1020
546	900
547	720
548	660
549	660
550	300
551	360
552	360
553	840
554	720
555	420
556	840
557	240
558	300
559	480
560	300
561	720
562	240
563	960
564	540
565	240
566	1140
567	540
568	600
569	420
570	480
571	660
572	540
573	360
574	780
575	540
576	420
577	600
578	540
579	720
580	480
581	540
582	660
583	420
584	720
585	600
586	660
587	600
588	780
589	480
590	540
591	600
592	600
593	600
594	960
595	480
596	840
597	1020
598	720
599	840
600	480
601	360
602	600
603	600
604	840
605	660
606	420
607	660
608	840
609	1080
610	360
611	420
612	720
613	1200
614	420
615	420
616	480
617	420
618	480
619	1020
620	780
621	480
622	300
623	540
624	480
625	420
626	840
627	1140
628	600
629	480
630	480
631	840
632	660
633	1140
634	540
635	360
636	780
637	660
638	1020
639	1380
640	360
641	600
642	300
643	840
644	840
645	900
646	540
647	660
648	1140
649	780
650	600
651	720
652	420
653	540
654	720
655	420
656	240
657	480
658	900
659	480
660	720
661	300
662	780
663	480
664	780
665	660
666	300
667	780
668	1200
669	420
670	780
671	600
672	1080
673	720
674	540
675	480
676	1140
677	1080
678	540
679	1140
680	720
681	1140
682	480
683	540
684	660
685	720
686	300
687	960
688	180
689	540
690	780
691	660
692	480
693	540
694	360
695	480
696	420
697	540
698	240
699	660
700	660
701	420
702	540
703	300
704	360
705	900
706	300
707	720
708	480
709	720
710	420
711	1140
712	600
713	540
714	960
715	720
716	540
717	720
718	360
719	420
720	360
721	660
722	660
723	480
724	840
725	840
726	360
727	540
728	840
729	360
730	720
731	600
732	780
733	540
734	540
735	480
736	360
737	2880
738	540
739	540
740	780
741	300
742	900
743	600
744	600
745	1200
746	1020
747	540
748	360
749	660
750	420
751	420
752	480
753	660
754	240
755	480
756	780
757	780
758	420
759	780
760	600
761	600
762	360
763	1020
764	660
765	1020
766	540
767	600
768	480
769	480
770	540
771	1080
772	1020
773	300
774	1140
775	1200
776	720
777	840
778	360
779	480
780	660
781	780
782	480
783	1080
TIME_WINDOW_SECTION
1	0	41340
2	19800	27000
3	12600	19800
4	23400	30600
5	10800	34200
6	16200	23400
7	19800	27000
8	12600	19800
9	12600	19800
10	23400	30600
11	12600	19800
12	27000	34200
13	10800	34200
14	12600	19800
15	19800	27000
16	16200	23400
17	12600	19800
18	9000	16200
19	10800	34200
20	12600	19800
21	10800	33300
22	9000	16200
23	10800	34200
24	10800	34200
25	9000	16200
26	27000	34200
27	23400	30600
28	10800	34200
29	12600	19800
30	23400	30600
31	10800	33300
32	10800	34200
33	19800	27000
34	10800	34200
35	19800	27000
36	9000	16200
37	12600	19800
38	12600	19800
39	10800	34200
40	23400	29700
41	16200	23400
42	16200	23400
43	10800	34200
44	16200	23400
45	10800	34200
46	16200	23400
47	9000	15300
48	12600	18900
49	19800	26100
50	10800	34200
51	16200	23400
52	12600	19800
53	9000	16200
54	27000	34200
55	10800	34200
56	19800	27000
57	10800	33300
58	12600	19800
59	27000	34200
60	9000	16200
61	16200	23400
62	12600	19800
63	9000	16200
64	19800	27000
65	12600	19800
66	12600	19800
67	10800	33300
68	10800	34200
69	12600	19800
70	9000	16200
71	23400	30600
72	9000	16200
73	10800	34200
74	10800	33300
75	12600	18900
76	19800	27000
77	19800	27000
78	9000	16200
79	10800	33300
80	16200	23400
81	12600	19800
82	9000	16200
83	10800	34200
84	10800	34200
85	19800	27000
86	16200	23400
87	12600	19800
88	9000	16200
89	23400	29700
90	9000	16200
91	10800	33300
92	19800	27000
93	10800	34200
94	12600	19800
95	19800	27000
96	23400	30600
97	9000	16200
98	12600	18900
99	10800	34200
100	19800	27000
101	19800	27000
102	12600	19800
103	12600	19800
104	10800	33300
105	10800	34200
106	23400	30600
107	10800	33300
108	10800	34200
109	19800	27000
110	16200	23400
111	9000	16200
112	23400	30600
113	12600	19800
114	12600	19800
115	9000	16200
116	9000	16200
117	10800	34200
118	9000	16200
119	19800	27000
120	12600	19800
121	10800	34200
122	12600	18900
123	12600	19800
124	19800	27000
125	9000	16200
126	16200	23400
127	12600	19800
128	16200	23400
129	10800	34200
130	19800	27000
131	10800	33300
132	23400	30600
133	12600	18900
134	9000	16200
135	10800	34200
136	10800	34200
137	9000	16200
138	19800	27000
139	9000	16200
140	12600	19800
141	19800	27000
142	9000	16200
143	10800	33300
144	16200	23400
145	12600	19800
146	19800	27000
147	9000	16200
148	12600	19800
149	10800	34200
150	10800	33300
151	19800	27000
152	9000	16200
153	10800	33300
154	10800	34200
155	23400	30600
156	12600	19800
157	12600	19800
158	12600	19800
159	12600	19800
160	12600	19800
161	12600	19800
162	23400	30600
163	12600	19800
164	12600	19800
165	19800	27000
166	10800	33300
167	16200	23400
168	19800	27000
169	10800	34200
170	12600	19800
171	23400	29700
172	10800	34200
173	10800	34200
174	12600	18900
175	12600	19800
176	16200	23400
177	12600	19800
178	12600	19800
179	9000	16200
180	10800	33300
181	19800	27000
182	10800	34200
183	12600	19800
184	9000	16200
185	23400	30600
186	16200	23400
187	10800	34200
188	12600	19800
189	10800	34200
190	9000	16200
191	12600	19800
192	10800	34200
193	23400	29700
194	10800	33300
195	12600	19800
196	12600	19800
197	12600	19800
198	16200	23400
199	10800	34200
200	16200	23400
201	9000	16200
202	10800	33300
203	12600	19800
204	19800	27000
205	23400	30600
206	19800	27000
207	10800	34200
208	12600	19800
209	10800	34200
210	9000	16200
211	16200	23400
212	10800	34200
213	10800	33300
214	16200	23400
215	19800	27000
216	12600	19800
217	9000	16200
218	19800	27000
219	10800	34200
220	23400	29700
221	19800	27000
222	10800	34200
223	10800	34200
224	10800	33300
225	12600	19800
226	16200	22500
227	9000	16200
228	9000	16200
229	23400	29700
230	10800	34200
231	10800	34200
232	23400	30600
233	16200	23400
234	27000	34200
235	19800	27000
236	19800	27000
237	16200	23400
238	10800	33300
239	10800	34200
240	19800	27000
241	19800	27000
242	19800	27000
243	27000	34200
244	10800	34200
245	12600	19800
246	16200	23400
247	23400	30600
248	23400	30600
249	19800	27000
250	10800	33300
251	23400	30600
252	9000	16200
253	23400	30600
254	12600	18900
255	19800	27000
256	10800	34200
257	10800	33300
258	19800	27000
259	12600	19800
260	16200	23400
261	23400	30600
262	19800	27000
263	12600	19800
264	10800	34200
265	16200	23400
266	19800	27000
267	10800	33300
268	12600	19800
269	10800	34200
270	16200	23400
271	10800	34200
272	19800	27000
273	10800	34200
274	19800	27000
275	27000	34200
276	10800	33300
277	23400	30600
278	16200	23400
279	9000	16200
280	23400	30600
281	12600	19800
282	12600	19800
283	9000	16200
284	10800	34200
285	9000	16200
286	9000	16200
287	12600	19800
288	23400	30600
289	16200	23400
290	16200	23400
291	16200	23400
292	23400	29700
293	12600	19800
294	12600	19800
295	19800	27000
296	27000	34200
297	10800	34200
298	9000	16200
299	10800	34200
300	12600	19800
301	23400	30600
302	9000	16200
303	12600	19800
304	9000	16200
305	23400	29700
306	19800	27000
307	12600	19800
308	19800	27000
309	10800	34200
310	12600	19800
311	9000	16200
312	10800	34200
313	16200	23400
314	12600	19800
315	12600	19800
316	16200	23400
317	23400	30600
318	10800	33300
319	10800	34200
320	19800	27000
321	19800	27000
322	16200	23400
323	19800	27000
324	19800	27000
325	10800	33300
326	10800	34200
327	23400	30600
328	10800	34200
329	19800	27000
330	12600	18900
331	19800	27000
332	12600	19800
333	12600	19800
334	10800	34200
335	19800	27000
336	12600	19800
337	16200	23400
338	9000	16200
339	10800	33300
340	12600	18900
341	19800	27000
342	10800	34200
343	19800	26100
344	19800	27000
345	9000	16200
346	12600	19800
347	23400	30600
348	9000	16200
349	10800	33300
350	23400	30600
351	19800	27000
352	23400	30600
353	19800	27000
354	19800	27000
355	16200	23400
356	27000	34200
357	12600	19800
358	10800	34200
359	12600	19800
360	12600	19800
361	23400	30600
362	10800	34200
363	16200	23400
364	10800	34200
365	16200	23400
366	10800	34200
367	16200	23400
368	10800	34200
369	16200	22500
370	16200	22500
371	16200	23400
372	12600	19800
373	10800	34200
374	10800	34200
375	10800	34200
376	16200	23400
377	10800	34200
378	23400	30600
379	10800	33300
380	10800	33300
381	12600	19800
382	12600	19800
383	12600	18900
384	19800	27000
385	12600	19800
386	12600	19800
387	12600	18900
388	16200	23400
389	10800	34200
390	9000	16200
391	10800	34200
392	19800	27000
393	12600	19800
394	19800	27000
395	12600	19800
396	23400	30600
397	12600	19800
398	10800	34200
399	19800	27000
400	12600	19800
401	27000	34200
402	10800	34200
403	12600	19800
404	10800	34200
405	10800	34200
406	12600	19800
407	16200	23400
408	12600	19800
409	10800	34200
410	16200	23400
411	16200	23400
412	16200	23400
413	12600	19800
414	16200	23400
415	10800	34200
416	10800	33300
417	10800	33300
418	23400	29700
419	23400	30600
420	23400	30600
421	16200	23400
422	10800	34200
423	16200	23400
424	10800	34200
425	16200	23400
426	27000	34200
427	16200	23400
428	23400	30600
429	10800	34200
430	10800	34200
431	16200	23400
432	16200	22500
433	16200	23400
434	16200	23400
435	16200	23400
436	12600	19800
437	10800	34200
438	12600	19800
439	19800	27000
440	12600	19800
441	10800	34200
442	16200	23400
443	10800	33300
444	16200	23400
445	12600	18900
446	16200	23400
447	10800	34200
448	12600	19800
449	12600	19800
450	23400	30600
451	10800	34200
452	23400	30600
453	12600	18900
454	19800	27000
455	10800	34200
456	12600	19800
457	10800	34200
458	12600	19800
459	19800	27000
460	19800	27000
461	12600	19800
462	10800	33300
463	10800	33300
464	12600	19800
465	12600	19800
466	10800	34200
467	10800	34200
468	12600	19800
469	12600	19800
470	19800	27000
471	23400	30600
472	12600	19800
473	16200	23400
474	10800	34200
475	12600	19800
476	12600	19800
477	10800	34200
478	16200	23400
479	10800	34200
480	10800	34200
481	12600	19800
482	10800	34200
483	10800	34200
484	16200	23400
485	16200	23400
486	23400	30600
487	16200	23400
488	16200	23400
489	10800	34200
490	16200	23400
491	19800	27000
492	10800	34200
493	19800	27000
494	12600	19800
495	10800	34200
496	10800	34200
497	12600	19800
498	10800	34200
499	12600	19800
500	19800	27000
501	19800	27000
502	10800	34200
503	16200	23400
504	10800	33300
505	12600	19800
506	16200	23400
507	10800	34200
508	12600	19800
509	12600	19800
510	16200	23400
511	19800	27000
512	10800	33300
513	23400	30600
514	19800	26100
515	19800	26100
516	19800	27000
517	12600	19800
518	10800	34200
519	19800	27000
520	12600	18900
521	19800	27000
522	10800	34200
523	27000	34200
524	12600	19800
525	12600	19800
526	16200	23400
527	23400	30600
528	10800	33300
529	10800	33300
530	27000	34200
531	10800	34200
532	16200	23400
533	19800	27000
534	10800	34200
535	12600	19800
536	10800	34200
537	12600	18900
538	10800	34200
539	10800	34200
540	19800	26100
541	10800	34200
542	16200	23400
543	19800	27000
544	12600	19800
545	10800	34200
546	10800	34200
547	10800	34200
548	16200	23400
549	16200	22500
550	19800	27000
551	19800	27000
552	19800	27000
553	16200	22500
554	23400	30600
555	19800	27000
556	16200	23400
557	27000	34200
558	10800	33300
559	19800	26100
560	19800	27000
561	16200	23400
562	23400	30600
563	10800	34200
564	19800	27000
565	10800	34200
566	16200	23400
567	10800	33300
568	19800	27000
569	23400	30600
570	16200	23400
571	19800	26100
572	16200	23400
573	23400	30600
574	16200	23400
575	16200	23400
576	23400	30600
577	16200	23400
578	23400	30600
579	23400	30600
580	16200	23400
581	10800	34200
582	19800	27000
583	23400	30600
584	19800	27000
585	23400	30600
586	10800	34200
587	10800	34200
588	16200	23400
589	19800	27000
590	10800	34200
591	19800	27000
592	10800	33300
593	19800	27000
594	10800	33300
595	16200	23400
596	10800	34200
597	10800	34200
598	19800	27000
599	19800	27000
600	10800	34200
601	23400	30600
602	19800	27000
603	19800	27000
604	23400	30600
605	19800	27000
606	23400	30600
607	19800	27000
608	10800	34200
609	10800	34200
610	10800	34200
611	10800	34200
612	10800	34200
613	10800	34200
614	16200	23400
615	10800	34200
616	16200	23400
617	16200	23400
618	10800	33300
619	23400	30600
620	10800	34200
621	10800	34200
622	23400	29700
623	23400	30600
624	27000	34200
625	19800	27000
626	10800	34200
627	10800	34200
628	10800	34200
629	27000	34200
630	23400	30600
631	10800	34200
632	23400	30600
633	27000	34200
634	19800	27000
635	19800	27000
636	10800	34200
637	16200	23400
638	23400	29700
639	23400	30600
640	16200	23400
641	16200	23400
642	23400	30600
643	16200	22500
644	10800	34200
645	23400	30600
646	10800	33300
647	19800	27000
648	19800	27000
649	10800	34200
650	27000	34200
651	23400	30600
652	27000	34200
653	10800	34200
654	19800	27000
655	16200	23400
656	10800	34200
657	10800	34200
658	10800	34200
659	23400	30600
660	16200	23400
661	23400	30600
662	19800	27000
663	10800	34200
664	10800	34200
665	19800	26100
666	10800	33300
667	10800	34200
668	23400	30600
669	23400	30600
670	10800	33300
671	10800	34200
672	10800	33300
673	10800	33300
674	10800	34200
675	10800	34200
676	23400	30600
677	19800	27000
678	23400	30600
679	10800	34200
680	23400	30600
681	10800	33300
682	10800	34200
683	10800	33300
684	10800	34200
685	27000	34200
686	10800	34200
687	10800	34200
688	10800	34200
689	10800	33300
690	23400	29700
691	10800	34200
692	27000	34200
693	23400	30600
694	23400	30600
695	19800	27000
696	10800	34200
697	23400	30600
698	19800	27000
699	19800	27000
700	23400	30600
701	19800	27000
702	27000	34200
703	10800	34200
704	10800	34200
705	10800	34200
706	27000	34200
707	10800	34200
708	10800	34200
709	27000	34200
710	10800	34200
711	10800	33300
712	10800	34200
713	10800	33300
714	10800	34200
715	10800	34200
716	23400	30600
717	10800	34200
718	10800	34200
719	10800	34200
720	10800	34200
721	19800	27000
722	10800	34200
723	10800	34200
724	19800	27000
725	10800	34200
726	19800	27000
727	19800	27000
728	10800	34200
729	10800	34200
730	23400	30600
731	10800	34200
732	10800	34200
733	10800	34200
734	23400	30600
735	19800	27000
736	10800	34200
737	10800	34200
738	23400	29700
739	23400	30600
740	10800	34200
741	10800	34200
742	10800	34200
743	19800	27000
744	10800	34200
745	23400	30600
746	23400	30600
747	10800	34200
748	10800	33300
749	10800	34200
750	19800	27000
751	10800	34200
752	10800	34200
753	10800	34200
754	10800	34200
755	23400	30600
756	10800	34200
757	10800	33300
758	10800	34200
759	10800	34200
760	23400	30600
761	10800	34200
762	10800	34200
763	10800	33300
764	27000	34200
765	23400	29700
766	23400	30600
767	27000	34200
768	10800	34200
769	10800	34200
770	10800	34200
771	10800	33300
772	10800	34200
773	10800	34200
774	10800	34200
775	10800	33300
776	10800	34200
777	10800	33300
778	10800	34200
779	10800	34200
780	10800	33300
781	10800	34200
782	23400	30600
783	10800	34200
RELEASE_TIME_SECTION
1	0
2	9000
3	9000
4	9000
5	9000
6	9000
7	9000
8	9000
9	9000
10	9000
11	9000
12	9000
13	9000
14	9000
15	9000
16	9000
17	9000
18	9000
19	9000
20	9000
21	9000
22	9000
23	9000
24	9000
25	9000
26	9000
27	9000
28	9000
29	9000
30	9000
31	9000
32	9000
33	9000
34	9000
35	9000
36	9000
37	9000
38	9000
39	9000
40	9000
41	9000
42	9000
43	9000
44	9000
45	9000
46	9000
47	9000
48	9000
49	9000
50	9000
51	9000
52	9000
53	9000
54	9000
55	9000
56	9000
57	9000
58	9000
59	9000
60	9000
61	9000
62	9000
63	9000
64	9000
65	9000
66	9000
67	9000
68	9000
69	9000
70	9000
71	9000
72	9000
73	9000
74	9000
75	9000
76	9000
77	9000
78	9000
79	9000
80	9000
81	9000
82	9000
83	9000
84	9000
85	9000
86	9000
87	9000
88	9000
89	9000
90	9000
91	9000
92	9000
93	9000
94	9000
95	9000
96	9000
97	9000
98	9000
99	9000
100	9000
101	9000
102	10800
103	10800
104	10800
105	10800
106	10800
107	10800
108	10800
109	10800
110	10800
111	10800
112	10800
113	10800
114	10800
115	10800
116	10800
117	10800
118	10800
119	10800
120	10800
121	10800
122	10800
123	10800
124	10800
125	10800
126	10800
127	10800
128	10800
129	10800
130	10800
131	10800
132	10800
133	10800
134	10800
135	10800
136	10800
137	10800
138	10800
139	10800
140	10800
141	10800
142	10800
143	10800
144	10800
145	10800
146	10800
147	10800
148	10800
149	10800
150	10800
151	10800
152	10800
153	10800
154	10800
155	10800
156	10800
157	10800
158	10800
159	10800
160	10800
161	10800
162	10800
163	10800
164	10800
165	10800
166	10800
167	10800
168	10800
169	10800
170	10800
171	10800
172	10800
173	10800
174	10800
175	10800
176	10800
177	10800
178	10800
179	10800
180	10800
181	10800
182	10800
183	10800
184	10800
185	10800
186	10800
187	10800
188	10800
189	10800
190	10800
191	10800
192	10800
193	10800
194	10800
195	10800
196	10800
197	10800
198	10800
199	10800
200	10800
201	10800
202	12600
203	12600
204	12600
205	12600
206	12600
207	12600
208	12600
209	12600
210	12600
211	12600
212	12600
213	12600
214	12600
215	12600
216	12600
217	12600
218	12600
219	12600
220	12600
221	12600
222	12600
223	12600
224	12600
225	12600
226	12600
227	12600
228	12600
229	12600
230	12600
231	12600
232	12600
233	12600
234	12600
235	12600
236	12600
237	12600
238	12600
239	12600
240	12600
241	12600
242	12600
243	12600
244	12600
245	12600
246	12600
247	12600
248	12600
249	12600
250	12600
251	12600
252	12600
253	12600
254	12600
255	12600
256	12600
257	12600
258	12600
259	12600
260	12600
261	12600
262	12600
263	12600
264	12600
265	12600
266	12600
267	12600
268	12600
269	12600
270	12600
271	12600
272	12600
273	12600
274	12600
275	12600
276	12600
277	12600
278	12600
279	12600
280	12600
281	12600
282	12600
283	12600
284	12600
285	12600
286	12600
287	12600
288	12600
289	12600
290	12600
291	12600
292	12600
293	12600
294	12600
295	12600
296	12600
297	12600
298	12600
299	12600
300	12600
301	12600
302	14400
303	14400
304	14400
305	14400
306	14400
307	14400
308	14400
309	14400
310	14400
311	14400
312	14400
313	14400
314	14400
315	14400
316	14400
317	14400
318	14400
319	14400
320	14400
321	14400
322	14400
323	14400
324	14400
325	14400
326	14400
327	14400
328	14400
329	14400
330	14400
331	14400
332	14400
333	14400
334	14400
335	14400
336	14400
337	14400
338	14400
339	14400
340	14400
341	14400
342	14400
343	14400
344	14400
345	14400
346	14400
347	14400
348	14400
349	14400
350	14400
351	14400
352	14400
353	14400
354	14400
355	14400
356	14400
357	14400
358	14400
359	14400
360	14400
361	14400
362	14400
363	14400
364	14400
365	14400
366	14400
367	14400
368	14400
369	14400
370	14400
371	14400
372	14400
373	14400
374	14400
375	14400
376	14400
377	14400
378	14400
379	14400
380	14400
381	14400
382	14400
383	14400
384	14400
385	14400
386	14400
387	14400
388	14400
389	14400
390	14400
391	14400
392	16200
393	16200
394	16200
395	16200
396	16200
397	16200
398	16200
399	16200
400	16200
401	16200
402	16200
403	16200
404	16200
405	16200
406	16200
407	16200
408	16200
409	16200
410	16200
411	16200
412	16200
413	16200
414	16200
415	16200
416	16200
417	16200
418	16200
419	16200
420	16200
421	16200
422	16200
423	16200
424	16200
425	16200
426	16200
427	16200
428	16200
429	16200
430	16200
431	16200
432	16200
433	16200
434	16200
435	16200
436	16200
437	16200
438	16200
439	16200
440	16200
441	16200
442	16200
443	16200
444	16200
445	16200
446	16200
447	16200
448	16200
449	16200
450	16200
451	16200
452	16200
453	16200
454	16200
455	16200
456	16200
457	16200
458	16200
459	16200
460	16200
461	16200
462	16200
463	16200
464	16200
465	16200
466	16200
467	16200
468	16200
469	16200
470	16200
471	16200
472	18000
473	18000
474	18000
475	18000
476	18000
477	18000
478	18000
479	18000
480	18000
481	18000
482	18000
483	18000
484	18000
485	18000
486	18000
487	18000
488	18000
489	18000
490	18000
491	18000
492	18000
493	18000
494	18000
495	18000
496	18000
497	18000
498	18000
499	18000
500	18000
501	18000
502	18000
503	18000
504	18000
505	18000
506	18000
507	18000
508	18000
509	18000
510	18000
511	18000
512	18000
513	18000
514	18000
515	18000
516	18000
517	18000
518	18000
519	18000
520	18000
521	18000
522	18000
523	18000
524	18000
525	18000
526	18000
527	18000
528	18000
529	18000
530	18000
531	18000
532	18000
533	18000
534	18000
535	18000
536	18000
537	18000
538	18000
539	18000
540	18000
541	18000
542	18000
543	18000
544	18000
545	18000
546	18000
547	19800
548	19800
549	19800
550	19800
551	19800
552	19800
553	19800
554	19800
555	19800
556	19800
557	19800
558	19800
559	19800
560	19800
561	19800
562	19800
563	19800
564	19800
565	19800
566	19800
567	19800
568	19800
569	19800
570	19800
571	19800
572	19800
573	19800
574	19800
575	19800
576	19800
577	19800
578	19800
579	19800
580	19800
581	19800
582	19800
583	19800
584	19800
585	19800
586	19800
587	19800
588	19800
589	19800
590	19800
591	19800
592	19800
593	19800
594	19800
595	19800
596	19800
597	19800
598	19800
599	19800
600	19800
601	19800
602	21600
603	21600
604	21600
605	21600
606	21600
607	21600
608	21600
609	21600
610	21600
611	21600
612	21600
613	21600
614	21600
615	21600
616	21600
617	21600
618	21600
619	21600
620	21600
621	21600
622	21600
623	21600
624	21600
625	21600
626	21600
627	21600
628	21600
629	21600
630	21600
631	21600
632	21600
633	21600
634	21600
635	21600
636	21600
637	21600
638	21600
639	21600
640	21600
641	21600
642	21600
643	21600
644	21600
645	21600
646	21600
647	21600
648	21600
649	21600
650	21600
651	21600
652	21600
653	21600
654	21600
655	21600
656	21600
657	21600
658	21600
659	21600
660	21600
661	23400
662	23400
663	23400
664	23400
665	23400
666	23400
667	23400
668	23400
669	23400
670	23400
671	23400
672	23400
673	23400
674	23400
675	23400
676	23400
677	23400
678	23400
679	23400
680	23400
681	23400
682	23400
683	23400
684	23400
685	23400
686	23400
687	23400
688	23400
689	23400
690	23400
691	23400
692	23400
693	23400
694	23400
695	23400
696	23400
697	23400
698	23400
699	23400
700	23400
701	23400
702	23400
703	23400
704	23400
705	23400
706	25200
707	25200
708	25200
709	25200
710	25200
711	25200
712	25200
713	25200
714	25200
715	25200
716	25200
717	25200
718	25200
719	25200
720	25200
721	25200
722	25200
723	25200
724	25200
725	25200
726	25200
727	25200
728	25200
729	25200
730	25200
731	25200
732	25200
733	25200
734	25200
735	25200
736	25200
737	25200
738	25200
739	25200
740	25200
741	25200
742	25200
743	25200
744	25200
745	25200
746	25200
747	25200
748	25200
749	25200
750	25200
751	25200
752	27000
753	27000
754	27000
755	27000
756	27000
757	27000
758	27000
759	27000
760	27000
761	27000
762	27000
763	27000
764	27000
765	27000
766	27000
767	27000
768	27000
769	27000
770	27000
771	27000
772	27000
773	27000
774	27000
775	27000
776	27000
777	27000
778	27000
779	27000
780	27000
781	27000
782	27000
783	27000
EOF
