NAME : ORTEC-VRPTW-ASYM-4f179ccb-d1-n897
TYPE : VRPTW-RT
DIMENSION : 898
EDGE_WEIGHT_TYPE : EUC_2D
CAPACITY : 145
NODE_COORD_SECTION
1	2217	3540
2	906	2157
3	2003	3353
4	808	1844
5	842	1664
6	1799	3516
7	2011	3451
8	570	1626
9	1260	2268
10	1059	2231
11	2018	3295
12	969	1972
13	1556	3034
14	1759	3509
15	954	2018
16	563	1599
17	387	1985
18	1442	3606
19	1376	3135
20	620	1690
21	1556	3096
22	1266	2711
23	2051	4127
24	980	1897
25	1464	2761
26	1120	2813
27	1159	2142
28	808	1936
29	1823	3313
30	2469	3450
31	387	1985
32	1002	1962
33	923	2270
34	1400	2535
35	1734	3518
36	1755	3962
37	652	2079
38	587	1710
39	1402	3469
40	881	1869
41	1404	3029
42	1329	2406
43	771	1548
44	1470	3301
45	721	1689
46	874	1811
47	1089	1974
48	1540	2728
49	906	2299
50	3067	4006
51	1079	2186
52	1436	3184
53	795	1974
54	2244	3303
55	792	1872
56	1395	3406
57	598	2112
58	754	1764
59	1452	2730
60	535	1708
61	969	1972
62	1515	3136
63	1695	2993
64	1636	3496
65	1237	2338
66	991	2375
67	2005	3238
68	950	1909
69	1607	3102
70	896	2209
71	1540	2728
72	1915	2994
73	1565	3800
74	1404	3029
75	1091	2402
76	1004	2181
77	1503	2889
78	599	1750
79	1556	3096
80	1680	3405
81	1473	3350
82	980	1897
83	908	1846
84	2350	3380
85	799	1709
86	1004	2181
87	1145	2324
88	1759	3509
89	1901	2894
90	2369	3322
91	1806	3449
92	2105	3848
93	1503	2889
94	1504	2898
95	748	1874
96	1517	2392
97	1266	2680
98	1619	3048
99	672	2032
100	1915	2994
101	715	1834
102	561	1607
103	1684	3438
104	1176	2083
105	1349	2075
106	1497	2841
107	980	1897
108	954	1943
109	1976	3597
110	1083	1907
111	950	1909
112	1203	2546
113	1425	3316
114	1470	3087
115	660	2006
116	928	1980
117	599	1750
118	1759	3509
119	562	1903
120	808	1936
121	1604	3000
122	1738	3450
123	923	2270
124	2101	3263
125	1237	2338
126	714	1719
127	1444	2509
128	570	2356
129	1615	2645
130	842	1664
131	928	1980
132	1684	3438
133	1591	3642
134	1493	3189
135	1529	3165
136	1425	2978
137	1800	3523
138	1250	2679
139	1556	3034
140	2005	3238
141	2469	3450
142	1397	2358
143	1856	3639
144	1266	2711
145	610	1745
146	1145	2324
147	599	1750
148	557	1942
149	2073	3661
150	731	1592
151	1194	2667
152	980	1897
153	1442	3606
154	2143	3392
155	1845	3502
156	2039	3470
157	1603	2966
158	624	1589
159	1135	1908
160	1473	3350
161	1684	3438
162	631	1617
163	570	2356
164	1771	3447
165	2244	3303
166	1604	3000
167	403	1927
168	1452	2730
169	1692	2894
170	789	1967
171	985	2414
172	1087	2867
173	950	1909
174	1504	2898
175	1075	2919
176	592	2217
177	1120	2206
178	473	1544
179	1062	2761
180	1218	3140
181	2015	3557
182	1759	3509
183	1556	3309
184	1222	2331
185	660	2006
186	2011	3451
187	1076	2054
188	906	2299
189	881	1869
190	715	1834
191	2018	3295
192	741	1668
193	1425	3316
194	1436	3184
195	1987	3499
196	2040	3863
197	1856	3639
198	1470	3087
199	3139	4027
200	1365	3226
201	1620	3338
202	1203	2546
203	1384	2891
204	2050	3611
205	527	1453
206	2143	3392
207	1328	2788
208	1343	3073
209	1470	3301
210	1556	3096
211	1638	3000
212	1388	2646
213	1317	3194
214	1580	2963
215	764	1977
216	519	1842
217	3165	4055
218	2928	3977
219	1059	2231
220	540	1479
221	861	2011
222	1538	3125
223	1156	2235
224	1860	3526
225	3634	4297
226	1467	2905
227	1493	3189
228	1918	3583
229	1263	3115
230	1089	1974
231	2143	3392
232	949	1776
233	1580	2963
234	1266	2711
235	1538	3125
236	631	1617
237	926	1763
238	1627	3793
239	1545	3459
240	2015	3668
241	1473	3350
242	1328	2788
243	3106	3923
244	2334	3337
245	748	1874
246	1689	3093
247	1538	3125
248	1349	2075
249	806	2366
250	1884	3421
251	950	1909
252	1759	3509
253	1968	3651
254	771	1548
255	980	1897
256	1318	2993
257	2369	3322
258	715	1834
259	1073	2864
260	958	2011
261	1266	2680
262	1059	2231
263	750	2190
264	678	1744
265	1022	2013
266	1604	3000
267	1784	3504
268	1684	3438
269	861	2011
270	1076	2054
271	1051	1939
272	886	1796
273	1410	2910
274	954	1943
275	1156	2258
276	1860	3526
277	1811	3492
278	2244	3303
279	666	2005
280	1759	3509
281	1408	3341
282	1008	2798
283	1408	3341
284	1059	2231
285	1976	3597
286	519	1842
287	742	1835
288	771	1548
289	980	1897
290	958	2011
291	1388	2646
292	928	1980
293	1515	3136
294	1529	3165
295	1091	2402
296	1231	2496
297	2087	4060
298	1262	2718
299	3067	4006
300	1684	3438
301	847	2059
302	1084	2738
303	1470	3301
304	1173	2293
305	1607	3102
306	660	2006
307	1363	2659
308	610	1745
309	1802	3629
310	1517	2392
311	1452	2730
312	2015	3668
313	861	2011
314	1237	2338
315	2143	3392
316	1089	1974
317	1515	3136
318	1470	3301
319	2010	3069
320	1556	3309
321	472	1507
322	1404	3029
323	1010	1912
324	754	1764
325	1556	3096
326	557	1942
327	981	2037
328	1037	2004
329	1266	2680
330	1874	3289
331	754	1764
332	528	1654
333	2761	3800
334	1009	1860
335	1425	2978
336	1098	2807
337	518	1779
338	1087	2867
339	390	1453
340	588	2021
341	1089	1974
342	427	2057
343	1875	3679
344	1660	3105
345	2005	3238
346	2301	3471
347	1191	2182
348	772	1816
349	390	1453
350	3131	4004
351	1603	2966
352	721	1731
353	1695	2993
354	2350	3380
355	597	1859
356	1556	3034
357	1856	3639
358	1397	2358
359	2030	3548
360	1619	3048
361	1965	4087
362	1545	3459
363	527	1453
364	3067	4006
365	1771	3447
366	984	2364
367	1556	3309
368	1017	1907
369	1208	2481
370	1051	1939
371	944	1742
372	1540	2728
373	1047	2717
374	1167	2326
375	689	1744
376	2928	3977
377	1482	2835
378	592	2217
379	1322	2747
380	1800	3510
381	1513	3263
382	1173	2293
383	1172	2060
384	1594	3632
385	949	1776
386	1548	3132
387	991	2375
388	569	1798
389	1425	3316
390	2010	3069
391	1692	2894
392	1120	2813
393	1235	2587
394	535	1708
395	1738	3450
396	1695	2993
397	1915	2994
398	2334	3337
399	1467	2905
400	403	1927
401	1084	2738
402	1958	3519
403	631	2309
404	1120	2206
405	1695	2993
406	1491	3180
407	570	1626
408	403	1927
409	754	1764
410	666	2005
411	2001	3137
412	666	2005
413	908	1846
414	890	2167
415	1033	1970
416	1755	3962
417	681	1846
418	920	1910
419	2018	3295
420	1317	3194
421	1854	3374
422	1260	2268
423	3165	4055
424	857	2083
425	776	1960
426	1120	2206
427	1230	2207
428	3139	4027
429	1194	2667
430	930	2195
431	890	2167
432	1208	2481
433	2191	3336
434	1263	3115
435	1824	3167
436	2006	3729
437	806	2366
438	1035	2035
439	1630	3620
440	1503	2889
441	2317	3608
442	1759	3509
443	650	1939
444	557	1942
445	1011	1748
446	610	1745
447	1564	3303
448	1589	3508
449	1011	1748
450	1329	2406
451	882	2135
452	3495	4364
453	881	1869
454	1879	3543
455	1216	2765
456	748	1874
457	666	1642
458	1823	3313
459	1322	2237
460	681	1846
461	1684	3438
462	2135	3476
463	1761	3498
464	1260	2268
465	1329	2406
466	692	2155
467	1414	2181
468	721	1731
469	590	1451
470	2469	3450
471	1010	1912
472	1218	2560
473	789	1967
474	1608	3342
475	1436	3184
476	958	2011
477	741	1668
478	1660	3105
479	1521	3364
480	2003	3353
481	1120	2206
482	1087	2867
483	472	1507
484	954	2018
485	1493	2932
486	1462	2526
487	1845	3502
488	987	2756
489	896	2209
490	1098	2807
491	935	1885
492	1103	2739
493	1089	2106
494	2001	3137
495	1005	2384
496	1425	3316
497	590	1451
498	906	2157
499	387	1985
500	1459	2849
501	1011	1959
502	1047	2717
503	1619	3048
504	1689	3093
505	764	1977
506	906	2299
507	3139	4027
508	754	2329
509	2011	3451
510	631	2309
511	1708	3174
512	1504	2898
513	1556	3309
514	1554	3153
515	599	1750
516	557	1942
517	557	1528
518	1564	3303
519	2018	3295
520	1328	2788
521	2244	3303
522	563	1599
523	920	1910
524	1521	3364
525	1556	3034
526	1615	2645
527	1771	3447
528	692	2155
529	1649	3583
530	2073	3661
531	1410	3161
532	752	1953
533	1515	3136
534	1875	3679
535	1120	2813
536	896	2209
537	2005	3238
538	2115	3735
539	951	2185
540	1218	3140
541	874	1811
542	982	1935
543	1464	2761
544	824	1891
545	1022	2013
546	403	1927
547	1403	3478
548	1410	2910
549	1759	3509
550	857	2083
551	754	1764
552	1294	2556
553	1222	2331
554	1425	2978
555	640	1790
556	427	2057
557	1932	3169
558	1234	2929
559	2005	3238
560	741	1668
561	972	1893
562	2039	3470
563	806	2366
564	1349	2075
565	1194	2667
566	1145	2324
567	1462	2526
568	427	2057
569	1365	3123
570	1093	2075
571	1260	2617
572	969	1972
573	1660	3105
574	1544	3585
575	1073	2864
576	1035	2035
577	1167	2326
578	920	1910
579	640	1790
580	1513	3263
581	519	1842
582	1400	2535
583	1636	3496
584	1738	3450
585	1191	2182
586	1388	2646
587	954	2018
588	969	1972
589	1089	1974
590	1008	2798
591	1425	3316
592	958	2011
593	1556	3034
594	1087	2867
595	1266	2680
596	3025	4026
597	1070	2813
598	1403	3478
599	1033	1970
600	1802	3629
601	1037	2004
602	1823	3313
603	969	1972
604	562	1903
605	1004	1858
606	691	2183
607	808	1936
608	785	1894
609	1886	3492
610	640	1790
611	1603	2966
612	1234	2929
613	928	1980
614	2301	3471
615	1684	3438
616	2317	3608
617	1523	3388
618	842	1664
619	1901	2894
620	1408	3341
621	2015	3557
622	890	2167
623	1250	2679
624	1620	3338
625	2379	3638
626	1638	3000
627	1660	3105
628	1266	2680
629	1145	2324
630	1349	2075
631	867	1908
632	785	1894
633	1342	3165
634	692	2155
635	1603	3626
636	2135	3476
637	1342	2869
638	881	1869
639	1684	3438
640	1976	3597
641	842	1664
642	2251	3416
643	2011	3451
644	954	1943
645	857	2083
646	2006	3729
647	1425	3316
648	1802	3629
649	886	1796
650	1680	3405
651	1209	2566
652	2010	3069
653	728	1960
654	1167	2326
655	681	1846
656	598	2112
657	570	1626
658	1771	3447
659	3106	3923
660	1076	2054
661	1266	2711
662	1037	2004
663	1565	3171
664	1216	2765
665	403	1927
666	563	1599
667	1075	2919
668	764	1977
669	1083	1907
670	1016	2012
671	2369	3322
672	1564	3303
673	776	1960
674	2011	3451
675	3169	4168
676	614	1784
677	1503	2889
678	528	1654
679	930	2195
680	1556	3309
681	754	1770
682	935	1885
683	2151	3769
684	1342	3165
685	528	1654
686	1004	2181
687	969	1972
688	1473	3350
689	1761	3498
690	1875	3679
691	1636	2831
692	1436	3184
693	752	1953
694	1363	2659
695	1607	3102
696	3495	4364
697	1627	3793
698	1203	2546
699	1741	3011
700	1076	2054
701	1462	2526
702	728	1960
703	714	1719
704	1638	3000
705	1741	3011
706	799	1709
707	1262	2718
708	1523	3388
709	984	2364
710	1918	3583
711	1619	3048
712	1987	3499
713	3495	4364
714	1002	1962
715	2369	3322
716	748	1874
717	569	1798
718	2151	3769
719	1464	2761
720	1414	2181
721	1755	3962
722	1266	2145
723	3458	4056
724	1515	3136
725	1263	3115
726	981	2037
727	557	1942
728	1083	1907
729	1410	2910
730	1680	3405
731	1047	2717
732	2761	3800
733	1860	3526
734	1554	3153
735	1493	3189
736	1932	3169
737	785	1894
738	1442	3606
739	1660	3105
740	1470	3301
741	2317	3608
742	1965	4087
743	1886	3492
744	1565	3171
745	896	2209
746	1860	3526
747	1545	3459
748	592	2217
749	1580	2963
750	1062	2761
751	951	2185
752	1932	3169
753	1580	2963
754	569	1798
755	1250	2679
756	1823	3313
757	874	1811
758	566	1693
759	909	1917
760	1167	2326
761	962	1809
762	2015	3668
763	1230	2207
764	1319	2476
765	982	1935
766	1388	2646
767	1507	2795
768	1108	2331
769	1467	2905
770	1649	3583
771	1741	3011
772	1564	3303
773	482	1452
774	1414	2937
775	1059	2231
776	892	2140
777	1294	2556
778	2464	3538
779	638	2117
780	1608	3342
781	1856	3639
782	1322	2747
783	807	2284
784	689	1744
785	692	2155
786	472	1507
787	1234	2929
788	882	2135
789	620	1690
790	1266	2884
791	1875	3679
792	750	2190
793	672	2032
794	1755	3962
795	1636	2831
796	2191	3336
797	1638	3000
798	1504	2898
799	1875	3679
800	535	1708
801	1503	2889
802	1755	3962
803	1451	2540
804	768	1891
805	1266	2884
806	592	2217
807	2005	3238
808	2087	4060
809	1515	2406
810	867	1908
811	908	1846
812	1489	2729
813	1173	2475
814	587	1710
815	1603	3626
816	1811	3492
817	882	2135
818	1263	3115
819	1337	2677
820	867	1908
821	1397	2358
822	728	1960
823	1218	3140
824	1556	3309
825	882	2135
826	2105	3848
827	768	1891
828	2039	3470
829	928	1802
830	969	1972
831	930	2195
832	1958	3519
833	1470	3301
834	1172	2060
835	1515	3136
836	858	1960
837	1328	2788
838	1365	3123
839	2018	3295
840	867	1908
841	1363	2659
842	3495	4364
843	1734	3518
844	1473	3350
845	590	1451
846	987	2756
847	666	1642
848	1173	2755
849	1216	2765
850	1322	2237
851	1173	2475
852	908	1846
853	1266	2680
854	1879	3543
855	1604	3000
856	1173	2293
857	785	1894
858	1864	3515
859	1565	3800
860	1218	2560
861	2411	3497
862	1529	3165
863	3169	4168
864	2050	3611
865	930	2195
866	1607	3102
867	1922	3473
868	754	2329
869	1172	2060
870	962	1809
871	1856	3639
872	1856	3639
873	1266	2711
874	1755	3962
875	1922	3473
876	1482	2835
877	752	1953
878	1627	3793
879	1319	2476
880	541	1513
881	1216	2765
882	1002	1962
883	2115	3735
884	1968	3651
885	570	1626
886	1409	2970
887	1799	3516
888	1075	2919
889	728	1960
890	1266	2145
891	944	1742
892	1915	2994
893	1409	2970
894	2039	3470
895	1294	2556
896	923	2270
897	1218	2560
898	2040	3863
DEMAND_SECTION
1	0
2	5
3	7
4	6
5	5
6	6
7	5
8	5
9	6
10	11
11	4
12	2
13	11
14	5
15	5
16	5
17	7
18	7
19	11
20	8
21	5
22	7
23	6
24	8
25	3
26	6
27	9
28	4
29	6
30	3
31	9
32	7
33	3
34	6
35	9
36	7
37	7
38	6
39	4
40	2
41	7
42	10
43	4
44	4
45	7
46	5
47	7
48	5
49	9
50	3
51	6
52	3
53	5
54	4
55	3
56	12
57	7
58	8
59	10
60	3
61	7
62	5
63	3
64	7
65	5
66	8
67	3
68	10
69	9
70	6
71	7
72	8
73	10
74	4
75	11
76	6
77	4
78	5
79	3
80	6
81	8
82	11
83	7
84	5
85	5
86	5
87	5
88	6
89	6
90	11
91	5
92	5
93	10
94	5
95	5
96	1
97	4
98	5
99	4
100	7
101	5
102	3
103	6
104	6
105	5
106	5
107	11
108	8
109	5
110	5
111	4
112	6
113	6
114	5
115	5
116	6
117	8
118	8
119	6
120	7
121	7
122	5
123	7
124	5
125	8
126	5
127	5
128	5
129	6
130	6
131	8
132	9
133	8
134	6
135	5
136	15
137	7
138	8
139	4
140	3
141	6
142	5
143	7
144	7
145	5
146	7
147	6
148	7
149	5
150	7
151	7
152	2
153	2
154	3
155	9
156	3
157	7
158	4
159	10
160	6
161	6
162	4
163	6
164	3
165	5
166	5
167	3
168	13
169	8
170	4
171	8
172	10
173	7
174	4
175	5
176	8
177	13
178	5
179	7
180	4
181	3
182	4
183	11
184	9
185	5
186	5
187	9
188	5
189	9
190	16
191	4
192	14
193	10
194	6
195	7
196	8
197	4
198	7
199	6
200	7
201	15
202	5
203	3
204	6
205	11
206	5
207	5
208	8
209	3
210	11
211	11
212	8
213	5
214	4
215	7
216	6
217	5
218	8
219	6
220	9
221	5
222	5
223	7
224	5
225	3
226	7
227	4
228	8
229	5
230	6
231	4
232	2
233	4
234	4
235	6
236	2
237	9
238	6
239	8
240	4
241	7
242	6
243	5
244	7
245	4
246	9
247	11
248	7
249	11
250	7
251	9
252	8
253	8
254	6
255	6
256	4
257	7
258	4
259	9
260	5
261	5
262	3
263	3
264	5
265	4
266	11
267	5
268	6
269	6
270	6
271	5
272	6
273	5
274	10
275	7
276	5
277	3
278	7
279	4
280	11
281	6
282	10
283	1
284	8
285	8
286	8
287	8
288	7
289	5
290	7
291	9
292	5
293	5
294	8
295	7
296	5
297	8
298	5
299	4
300	3
301	5
302	5
303	4
304	8
305	6
306	8
307	9
308	3
309	5
310	4
311	7
312	7
313	5
314	5
315	6
316	15
317	5
318	9
319	4
320	7
321	9
322	7
323	5
324	6
325	5
326	4
327	8
328	3
329	4
330	8
331	9
332	5
333	5
334	7
335	6
336	5
337	5
338	9
339	8
340	15
341	10
342	4
343	6
344	11
345	3
346	4
347	7
348	9
349	9
350	4
351	8
352	4
353	5
354	3
355	7
356	4
357	5
358	4
359	4
360	7
361	5
362	6
363	6
364	5
365	5
366	6
367	8
368	5
369	6
370	6
371	6
372	6
373	4
374	5
375	4
376	16
377	4
378	3
379	3
380	6
381	8
382	7
383	9
384	8
385	15
386	4
387	8
388	5
389	6
390	1
391	11
392	4
393	10
394	7
395	5
396	7
397	6
398	5
399	5
400	4
401	7
402	4
403	3
404	3
405	8
406	7
407	8
408	7
409	7
410	4
411	9
412	5
413	7
414	11
415	8
416	11
417	8
418	9
419	9
420	10
421	11
422	5
423	3
424	7
425	4
426	10
427	3
428	3
429	6
430	5
431	6
432	8
433	5
434	9
435	7
436	6
437	8
438	6
439	7
440	5
441	8
442	7
443	5
444	5
445	6
446	4
447	6
448	4
449	7
450	8
451	7
452	2
453	3
454	3
455	3
456	4
457	5
458	5
459	7
460	5
461	6
462	11
463	6
464	8
465	4
466	5
467	4
468	3
469	6
470	3
471	2
472	3
473	3
474	5
475	5
476	3
477	5
478	4
479	3
480	11
481	5
482	4
483	4
484	8
485	5
486	8
487	4
488	6
489	8
490	3
491	3
492	8
493	6
494	6
495	5
496	5
497	3
498	6
499	5
500	10
501	4
502	8
503	6
504	8
505	6
506	10
507	5
508	4
509	5
510	5
511	8
512	5
513	10
514	7
515	15
516	8
517	5
518	7
519	6
520	6
521	5
522	5
523	3
524	4
525	6
526	9
527	5
528	5
529	3
530	4
531	4
532	7
533	9
534	3
535	6
536	7
537	8
538	6
539	5
540	8
541	3
542	11
543	5
544	4
545	7
546	3
547	5
548	6
549	4
550	3
551	3
552	2
553	11
554	2
555	7
556	5
557	3
558	5
559	6
560	5
561	13
562	8
563	4
564	7
565	7
566	6
567	6
568	7
569	5
570	6
571	7
572	7
573	11
574	5
575	5
576	5
577	9
578	8
579	3
580	7
581	4
582	15
583	7
584	8
585	5
586	8
587	3
588	3
589	5
590	9
591	6
592	4
593	7
594	4
595	11
596	5
597	8
598	7
599	5
600	10
601	5
602	4
603	7
604	14
605	8
606	6
607	4
608	3
609	4
610	10
611	5
612	5
613	6
614	7
615	7
616	11
617	4
618	7
619	5
620	13
621	3
622	8
623	5
624	4
625	7
626	4
627	4
628	5
629	4
630	7
631	15
632	4
633	7
634	7
635	4
636	4
637	4
638	8
639	7
640	4
641	6
642	8
643	3
644	7
645	4
646	9
647	6
648	4
649	11
650	6
651	3
652	6
653	8
654	11
655	4
656	6
657	3
658	5
659	12
660	4
661	5
662	5
663	5
664	14
665	6
666	8
667	7
668	4
669	5
670	1
671	7
672	6
673	6
674	7
675	5
676	3
677	6
678	3
679	4
680	6
681	6
682	8
683	5
684	4
685	3
686	9
687	6
688	6
689	5
690	3
691	3
692	7
693	4
694	7
695	4
696	6
697	4
698	12
699	4
700	7
701	8
702	9
703	11
704	12
705	5
706	4
707	10
708	4
709	5
710	5
711	7
712	4
713	5
714	11
715	6
716	9
717	6
718	5
719	10
720	5
721	7
722	9
723	6
724	7
725	4
726	5
727	6
728	3
729	6
730	6
731	15
732	4
733	8
734	6
735	6
736	7
737	6
738	7
739	3
740	4
741	4
742	4
743	6
744	10
745	6
746	4
747	3
748	8
749	7
750	4
751	3
752	5
753	8
754	5
755	6
756	3
757	5
758	4
759	9
760	5
761	5
762	11
763	7
764	4
765	10
766	5
767	10
768	4
769	13
770	10
771	6
772	6
773	4
774	5
775	5
776	6
777	2
778	7
779	3
780	5
781	4
782	3
783	7
784	6
785	5
786	4
787	4
788	5
789	5
790	4
791	6
792	4
793	4
794	8
795	10
796	9
797	4
798	5
799	6
800	4
801	13
802	5
803	9
804	4
805	9
806	5
807	11
808	4
809	6
810	11
811	8
812	5
813	15
814	6
815	5
816	8
817	9
818	7
819	5
820	6
821	7
822	8
823	4
824	7
825	4
826	4
827	6
828	7
829	5
830	7
831	5
832	12
833	7
834	5
835	8
836	8
837	9
838	4
839	4
840	5
841	3
842	7
843	3
844	3
845	7
846	4
847	15
848	3
849	7
850	3
851	7
852	8
853	5
854	4
855	10
856	6
857	5
858	5
859	5
860	9
861	8
862	7
863	6
864	9
865	6
866	5
867	6
868	8
869	7
870	5
871	7
872	4
873	5
874	9
875	4
876	5
877	2
878	7
879	4
880	5
881	11
882	5
883	16
884	9
885	5
886	7
887	5
888	5
889	13
890	8
891	5
892	6
893	3
894	8
895	8
896	5
897	6
898	4
DEPOT_SECTION
1
-1
SERVICE_TIME_SECTION
1	0
2	780
3	420
4	480
5	420
6	720
7	540
8	600
9	600
10	480
11	480
12	480
13	360
14	480
15	540
16	720
17	540
18	600
19	240
20	480
21	600
22	480
23	900
24	420
25	960
26	240
27	300
28	420
29	420
30	540
31	720
32	780
33	600
34	300
35	780
36	840
37	240
38	840
39	540
40	360
41	840
42	420
43	420
44	660
45	240
46	960
47	540
48	360
49	420
50	480
51	540
52	780
53	540
54	480
55	600
56	300
57	300
58	780
59	840
60	1020
61	420
62	600
63	780
64	660
65	600
66	420
67	600
68	840
69	600
70	420
71	600
72	480
73	780
74	780
75	240
76	540
77	780
78	900
79	540
80	840
81	900
82	300
83	420
84	480
85	480
86	420
87	660
88	840
89	840
90	480
91	480
92	600
93	240
94	660
95	420
96	360
97	720
98	1200
99	420
100	480
101	480
102	720
103	780
104	480
105	540
106	300
107	480
108	420
109	420
110	600
111	540
112	600
113	240
114	780
115	600
116	840
117	300
118	540
119	600
120	900
121	1020
122	360
123	480
124	360
125	420
126	420
127	480
128	420
129	540
130	960
131	1260
132	600
133	420
134	420
135	840
136	600
137	780
138	360
139	240
140	300
141	420
142	420
143	480
144	660
145	240
146	240
147	360
148	420
149	420
150	420
151	480
152	1020
153	480
154	540
155	960
156	540
157	840
158	660
159	600
160	780
161	360
162	300
163	1020
164	360
165	420
166	660
167	600
168	540
169	540
170	480
171	660
172	780
173	420
174	780
175	540
176	480
177	900
178	900
179	420
180	480
181	780
182	720
183	240
184	840
185	720
186	780
187	600
188	240
189	360
190	780
191	420
192	480
193	420
194	600
195	420
196	480
197	840
198	780
199	360
200	480
201	480
202	480
203	420
204	720
205	480
206	540
207	840
208	600
209	360
210	600
211	720
212	660
213	780
214	540
215	780
216	1020
217	780
218	900
219	420
220	660
221	240
222	720
223	600
224	600
225	420
226	720
227	420
228	1140
229	600
230	600
231	480
232	480
233	1020
234	300
235	420
236	420
237	360
238	300
239	600
240	540
241	540
242	660
243	840
244	360
245	360
246	780
247	1200
248	780
249	600
250	660
251	960
252	360
253	540
254	540
255	840
256	660
257	240
258	780
259	420
260	720
261	360
262	480
263	540
264	780
265	480
266	780
267	540
268	840
269	720
270	960
271	960
272	480
273	600
274	420
275	480
276	540
277	300
278	360
279	960
280	1200
281	420
282	720
283	840
284	540
285	360
286	240
287	420
288	780
289	660
290	1080
291	540
292	420
293	360
294	480
295	780
296	420
297	540
298	780
299	720
300	600
301	780
302	420
303	600
304	600
305	720
306	840
307	720
308	300
309	600
310	600
311	540
312	480
313	300
314	480
315	360
316	360
317	420
318	420
319	480
320	600
321	420
322	420
323	300
324	480
325	360
326	480
327	600
328	360
329	1020
330	420
331	600
332	840
333	420
334	360
335	360
336	420
337	720
338	840
339	780
340	600
341	360
342	540
343	540
344	900
345	720
346	360
347	960
348	360
349	120
350	780
351	840
352	780
353	540
354	840
355	960
356	540
357	1620
358	600
359	540
360	420
361	720
362	780
363	420
364	540
365	780
366	660
367	1020
368	360
369	780
370	600
371	540
372	360
373	840
374	600
375	420
376	540
377	900
378	960
379	420
380	360
381	420
382	840
383	960
384	360
385	480
386	360
387	600
388	300
389	480
390	660
391	600
392	420
393	600
394	240
395	540
396	780
397	660
398	360
399	480
400	840
401	1080
402	600
403	780
404	780
405	480
406	780
407	660
408	1020
409	480
410	600
411	420
412	480
413	960
414	780
415	660
416	600
417	1200
418	480
419	840
420	900
421	240
422	420
423	240
424	1080
425	480
426	780
427	600
428	1620
429	420
430	120
431	780
432	420
433	480
434	600
435	360
436	960
437	540
438	540
439	720
440	540
441	360
442	420
443	600
444	420
445	360
446	660
447	540
448	360
449	420
450	240
451	780
452	780
453	600
454	600
455	240
456	780
457	720
458	420
459	840
460	1020
461	540
462	480
463	600
464	540
465	1200
466	1260
467	600
468	360
469	420
470	600
471	480
472	480
473	780
474	420
475	1140
476	900
477	780
478	600
479	600
480	900
481	540
482	420
483	540
484	660
485	660
486	1260
487	360
488	900
489	900
490	900
491	480
492	420
493	360
494	660
495	540
496	1080
497	660
498	540
499	360
500	360
501	360
502	780
503	540
504	420
505	960
506	660
507	420
508	360
509	360
510	780
511	480
512	480
513	600
514	300
515	720
516	660
517	360
518	720
519	360
520	1140
521	720
522	600
523	480
524	420
525	360
526	480
527	840
528	480
529	660
530	780
531	600
532	420
533	540
534	1020
535	420
536	360
537	360
538	420
539	540
540	900
541	420
542	660
543	780
544	420
545	720
546	300
547	600
548	600
549	540
550	780
551	840
552	660
553	840
554	540
555	720
556	900
557	720
558	480
559	360
560	660
561	300
562	840
563	420
564	360
565	480
566	1080
567	360
568	840
569	900
570	360
571	600
572	540
573	900
574	480
575	480
576	480
577	300
578	960
579	540
580	300
581	660
582	660
583	780
584	420
585	780
586	660
587	360
588	540
589	780
590	900
591	300
592	780
593	480
594	540
595	960
596	540
597	1020
598	600
599	540
600	300
601	420
602	840
603	120
604	480
605	840
606	480
607	540
608	480
609	600
610	480
611	600
612	780
613	480
614	960
615	1080
616	600
617	420
618	600
619	420
620	600
621	840
622	300
623	780
624	600
625	360
626	240
627	600
628	600
629	720
630	600
631	360
632	1140
633	900
634	840
635	840
636	660
637	840
638	600
639	720
640	480
641	480
642	360
643	600
644	420
645	600
646	120
647	780
648	720
649	1140
650	420
651	360
652	480
653	300
654	720
655	960
656	780
657	420
658	420
659	360
660	660
661	600
662	780
663	900
664	240
665	360
666	600
667	420
668	780
669	480
670	600
671	540
672	360
673	660
674	360
675	420
676	600
677	600
678	960
679	360
680	840
681	480
682	840
683	900
684	1020
685	420
686	480
687	720
688	240
689	480
690	300
691	780
692	480
693	300
694	540
695	360
696	480
697	600
698	420
699	480
700	300
701	360
702	360
703	480
704	300
705	420
706	1260
707	780
708	960
709	660
710	600
711	360
712	600
713	300
714	240
715	600
716	660
717	720
718	780
719	420
720	360
721	840
722	960
723	660
724	960
725	780
726	240
727	780
728	480
729	480
730	360
731	1260
732	540
733	960
734	420
735	660
736	300
737	1140
738	600
739	540
740	600
741	660
742	660
743	540
744	780
745	240
746	420
747	1020
748	540
749	660
750	480
751	600
752	360
753	420
754	480
755	480
756	480
757	540
758	780
759	600
760	840
761	420
762	300
763	360
764	360
765	600
766	480
767	240
768	540
769	1620
770	900
771	780
772	480
773	480
774	780
775	360
776	360
777	480
778	420
779	780
780	660
781	720
782	1020
783	780
784	480
785	780
786	780
787	900
788	420
789	660
790	840
791	600
792	660
793	840
794	480
795	480
796	960
797	540
798	480
799	780
800	480
801	360
802	300
803	360
804	300
805	360
806	480
807	360
808	540
809	480
810	240
811	600
812	540
813	780
814	780
815	300
816	900
817	540
818	540
819	240
820	300
821	1080
822	900
823	840
824	240
825	360
826	420
827	480
828	600
829	540
830	300
831	900
832	660
833	420
834	360
835	300
836	600
837	480
838	960
839	660
840	900
841	1080
842	240
843	720
844	360
845	420
846	1020
847	780
848	720
849	480
850	600
851	540
852	780
853	480
854	780
855	420
856	420
857	600
858	600
859	660
860	420
861	360
862	780
863	780
864	540
865	780
866	300
867	360
868	840
869	960
870	420
871	660
872	600
873	720
874	600
875	900
876	660
877	300
878	1020
879	480
880	660
881	420
882	780
883	420
884	600
885	420
886	300
887	540
888	420
889	480
890	840
891	1260
892	420
893	420
894	660
895	1140
896	360
897	600
898	780
TIME_WINDOW_SECTION
1	0	45000
2	5400	12600
3	23400	30600
4	19800	27000
5	19800	27000
6	12600	19800
7	19800	27000
8	23400	30600
9	12600	19800
10	5400	12600
11	9000	16200
12	9000	16200
13	14400	30600
14	12600	19800
15	19800	27000
16	19800	27000
17	19800	27000
18	12600	19800
19	5400	12600
20	23400	30600
21	12600	19800
22	19800	27000
23	14400	30600
24	23400	30600
25	5400	12600
26	19800	27000
27	12600	19800
28	7200	30600
29	12600	19800
30	12600	19800
31	9000	16200
32	12600	19800
33	5400	12600
34	12600	18900
35	5400	12600
36	23400	30600
37	5400	12600
38	23400	30600
39	23400	30600
40	23400	30600
41	16200	23400
42	5400	12600
43	12600	19800
44	12600	19800
45	12600	19800
46	7200	30600
47	7200	30600
48	12600	19800
49	7200	30600
50	14400	30600
51	7200	30600
52	23400	30600
53	14400	30600
54	19800	27000
55	12600	19800
56	23400	30600
57	23400	30600
58	9000	16200
59	7200	30600
60	14400	30600
61	12600	19800
62	5400	11700
63	23400	30600
64	9000	16200
65	23400	30600
66	14400	30600
67	12600	19800
68	5400	12600
69	16200	22500
70	23400	30600
71	16200	23400
72	23400	30600
73	19800	27000
74	7200	30600
75	16200	23400
76	12600	19800
77	7200	30600
78	19800	27000
79	12600	18900
80	19800	27000
81	23400	30600
82	7200	30600
83	12600	19800
84	19800	27000
85	7200	30600
86	12600	19800
87	14400	30600
88	12600	19800
89	14400	30600
90	23400	30600
91	23400	30600
92	23400	30600
93	14400	30600
94	9000	16200
95	23400	30600
96	12600	19800
97	7200	29700
98	14400	30600
99	12600	18900
100	16200	23400
101	16200	23400
102	14400	30600
103	5400	12600
104	7200	30600
105	19800	27000
106	9000	16200
107	23400	30600
108	23400	30600
109	12600	19800
110	12600	19800
111	14400	30600
112	12600	18900
113	12600	19800
114	14400	30600
115	19800	27000
116	7200	30600
117	9000	16200
118	9000	16200
119	9000	16200
120	9000	16200
121	14400	30600
122	19800	27000
123	9000	16200
124	12600	19800
125	12600	19800
126	7200	30600
127	19800	27000
128	14400	30600
129	9000	16200
130	7200	30600
131	16200	23400
132	9000	16200
133	23400	30600
134	14400	30600
135	5400	12600
136	12600	19800
137	23400	30600
138	12600	19800
139	9000	16200
140	16200	23400
141	23400	30600
142	12600	19800
143	12600	19800
144	16200	23400
145	7200	30600
146	12600	19800
147	7200	29700
148	19800	27000
149	12600	18900
150	9000	16200
151	12600	19800
152	23400	30600
153	23400	30600
154	16200	23400
155	7200	30600
156	23400	30600
157	14400	30600
158	23400	30600
159	16200	23400
160	16200	23400
161	16200	23400
162	16200	23400
163	12600	19800
164	16200	23400
165	19800	27000
166	7200	30600
167	19800	27000
168	7200	30600
169	19800	27000
170	19800	27000
171	14400	30600
172	7200	29700
173	7200	29700
174	23400	30600
175	23400	30600
176	12600	19800
177	23400	30600
178	19800	27000
179	19800	27000
180	19800	27000
181	12600	19800
182	12600	19800
183	19800	27000
184	19800	27000
185	12600	19800
186	16200	23400
187	19800	27000
188	14400	30600
189	12600	19800
190	9000	16200
191	14400	30600
192	16200	23400
193	5400	12600
194	23400	30600
195	7200	29700
196	16200	23400
197	16200	23400
198	16200	23400
199	19800	27000
200	5400	12600
201	16200	23400
202	16200	23400
203	14400	30600
204	5400	12600
205	7200	30600
206	7200	30600
207	16200	23400
208	7200	30600
209	12600	19800
210	16200	23400
211	16200	23400
212	12600	19800
213	23400	30600
214	16200	23400
215	12600	19800
216	7200	30600
217	14400	30600
218	19800	27000
219	12600	19800
220	23400	30600
221	19800	27000
222	7200	30600
223	19800	27000
224	14400	30600
225	23400	30600
226	19800	27000
227	5400	12600
228	12600	19800
229	23400	30600
230	12600	19800
231	14400	30600
232	19800	27000
233	7200	30600
234	19800	27000
235	7200	30600
236	5400	12600
237	12600	19800
238	23400	30600
239	16200	23400
240	23400	30600
241	16200	23400
242	5400	12600
243	16200	23400
244	16200	23400
245	5400	11700
246	19800	27000
247	16200	23400
248	14400	30600
249	7200	30600
250	12600	19800
251	16200	23400
252	7200	30600
253	19800	27000
254	16200	23400
255	12600	19800
256	5400	12600
257	16200	23400
258	16200	23400
259	23400	30600
260	23400	30600
261	7200	30600
262	9000	16200
263	16200	23400
264	23400	30600
265	16200	23400
266	14400	30600
267	5400	12600
268	19800	27000
269	16200	22500
270	12600	19800
271	5400	12600
272	5400	12600
273	16200	23400
274	19800	27000
275	7200	29700
276	14400	30600
277	14400	30600
278	16200	23400
279	7200	30600
280	19800	27000
281	12600	19800
282	7200	30600
283	16200	23400
284	16200	23400
285	12600	19800
286	16200	23400
287	19800	27000
288	19800	27000
289	12600	19800
290	9000	16200
291	12600	19800
292	12600	19800
293	16200	23400
294	14400	30600
295	19800	27000
296	7200	29700
297	12600	19800
298	19800	27000
299	12600	19800
300	12600	19800
301	7200	30600
302	7200	29700
303	9000	16200
304	23400	30600
305	23400	30600
306	19800	27000
307	16200	23400
308	14400	30600
309	16200	23400
310	16200	23400
311	7200	30600
312	16200	23400
313	16200	23400
314	14400	29700
315	14400	30600
316	7200	30600
317	16200	23400
318	23400	30600
319	12600	19800
320	5400	12600
321	9000	16200
322	7200	30600
323	19800	27000
324	16200	23400
325	9000	16200
326	16200	23400
327	12600	19800
328	12600	19800
329	19800	27000
330	19800	27000
331	14400	30600
332	7200	30600
333	5400	12600
334	23400	30600
335	5400	12600
336	12600	19800
337	23400	30600
338	19800	27000
339	14400	30600
340	16200	23400
341	19800	27000
342	12600	19800
343	19800	27000
344	12600	19800
345	16200	23400
346	7200	30600
347	7200	30600
348	16200	23400
349	16200	23400
350	7200	30600
351	16200	23400
352	23400	30600
353	19800	27000
354	7200	30600
355	23400	30600
356	9000	16200
357	16200	23400
358	16200	23400
359	9000	16200
360	23400	30600
361	19800	27000
362	12600	19800
363	19800	27000
364	12600	18900
365	19800	26100
366	12600	19800
367	12600	19800
368	7200	30600
369	14400	30600
370	9000	16200
371	16200	23400
372	19800	27000
373	12600	19800
374	16200	23400
375	12600	18900
376	14400	30600
377	5400	12600
378	14400	30600
379	7200	30600
380	5400	11700
381	9000	16200
382	9000	16200
383	16200	23400
384	19800	27000
385	7200	30600
386	5400	12600
387	19800	27000
388	19800	27000
389	5400	12600
390	7200	30600
391	12600	19800
392	14400	30600
393	16200	22500
394	16200	23400
395	23400	30600
396	14400	30600
397	12600	19800
398	12600	19800
399	23400	30600
400	23400	30600
401	19800	27000
402	12600	19800
403	23400	30600
404	12600	19800
405	19800	27000
406	9000	16200
407	23400	30600
408	7200	30600
409	19800	27000
410	7200	30600
411	9000	16200
412	12600	19800
413	12600	19800
414	9000	16200
415	7200	30600
416	16200	23400
417	12600	19800
418	23400	30600
419	14400	30600
420	23400	30600
421	12600	19800
422	16200	23400
423	7200	30600
424	16200	23400
425	19800	27000
426	16200	23400
427	12600	19800
428	14400	30600
429	12600	19800
430	12600	19800
431	19800	27000
432	23400	30600
433	19800	27000
434	7200	29700
435	12600	19800
436	12600	19800
437	12600	19800
438	19800	27000
439	23400	30600
440	19800	27000
441	16200	23400
442	7200	30600
443	7200	30600
444	19800	27000
445	9000	16200
446	12600	19800
447	12600	19800
448	16200	23400
449	19800	27000
450	7200	29700
451	14400	30600
452	14400	30600
453	19800	27000
454	16200	23400
455	9000	16200
456	9000	16200
457	12600	19800
458	7200	30600
459	19800	27000
460	12600	19800
461	7200	29700
462	16200	23400
463	12600	19800
464	12600	19800
465	7200	30600
466	16200	23400
467	7200	30600
468	14400	30600
469	12600	19800
470	7200	30600
471	12600	19800
472	16200	23400
473	12600	19800
474	14400	30600
475	23400	30600
476	16200	23400
477	12600	18900
478	23400	30600
479	19800	27000
480	23400	30600
481	7200	30600
482	7200	30600
483	19800	27000
484	12600	19800
485	12600	19800
486	23400	30600
487	7200	30600
488	12600	19800
489	16200	23400
490	16200	23400
491	12600	18900
492	23400	30600
493	23400	30600
494	14400	30600
495	16200	23400
496	12600	19800
497	23400	30600
498	7200	30600
499	12600	18900
500	7200	30600
501	19800	27000
502	12600	19800
503	23400	30600
504	23400	30600
505	23400	30600
506	7200	30600
507	23400	30600
508	12600	19800
509	12600	19800
510	16200	22500
511	12600	19800
512	16200	22500
513	23400	30600
514	19800	27000
515	7200	30600
516	23400	30600
517	7200	30600
518	9000	16200
519	12600	19800
520	9000	16200
521	7200	30600
522	12600	19800
523	7200	30600
524	19800	27000
525	19800	27000
526	12600	19800
527	14400	30600
528	7200	30600
529	14400	29700
530	16200	23400
531	12600	19800
532	19800	27000
533	14400	30600
534	23400	30600
535	12600	19800
536	23400	30600
537	12600	19800
538	12600	19800
539	23400	30600
540	23400	30600
541	12600	19800
542	23400	30600
543	7200	30600
544	12600	19800
545	23400	30600
546	7200	30600
547	14400	30600
548	16200	22500
549	12600	19800
550	14400	30600
551	7200	30600
552	16200	23400
553	16200	23400
554	16200	23400
555	16200	23400
556	16200	23400
557	16200	23400
558	16200	23400
559	23400	30600
560	7200	30600
561	7200	30600
562	16200	23400
563	23400	30600
564	12600	19800
565	19800	27000
566	14400	30600
567	23400	30600
568	12600	19800
569	23400	30600
570	12600	19800
571	19800	27000
572	12600	19800
573	12600	19800
574	12600	19800
575	12600	19800
576	19800	27000
577	14400	30600
578	23400	30600
579	23400	30600
580	12600	18900
581	19800	27000
582	23400	30600
583	19800	27000
584	7200	30600
585	19800	27000
586	16200	23400
587	23400	30600
588	14400	30600
589	14400	30600
590	7200	30600
591	23400	30600
592	12600	19800
593	16200	23400
594	7200	30600
595	23400	30600
596	19800	27000
597	16200	23400
598	7200	29700
599	12600	19800
600	19800	27000
601	16200	23400
602	23400	30600
603	23400	30600
604	23400	30600
605	19800	27000
606	23400	30600
607	7200	30600
608	16200	23400
609	23400	30600
610	16200	23400
611	7200	30600
612	7200	30600
613	23400	30600
614	23400	30600
615	12600	19800
616	16200	22500
617	14400	30600
618	7200	30600
619	23400	30600
620	14400	30600
621	12600	19800
622	16200	23400
623	12600	19800
624	12600	19800
625	19800	27000
626	23400	30600
627	12600	19800
628	16200	23400
629	16200	23400
630	16200	23400
631	23400	30600
632	7200	30600
633	16200	23400
634	12600	19800
635	12600	19800
636	7200	30600
637	7200	30600
638	19800	27000
639	19800	27000
640	23400	30600
641	16200	23400
642	7200	30600
643	23400	30600
644	19800	27000
645	23400	30600
646	16200	23400
647	7200	30600
648	19800	27000
649	19800	27000
650	16200	23400
651	23400	30600
652	23400	30600
653	12600	19800
654	19800	27000
655	16200	22500
656	19800	27000
657	7200	30600
658	12600	19800
659	19800	27000
660	23400	30600
661	23400	30600
662	19800	27000
663	16200	23400
664	23400	30600
665	14400	30600
666	23400	30600
667	19800	27000
668	14400	30600
669	19800	27000
670	23400	30600
671	12600	19800
672	16200	23400
673	23400	30600
674	16200	23400
675	14400	30600
676	14400	30600
677	19800	27000
678	16200	23400
679	23400	30600
680	12600	19800
681	23400	30600
682	7200	30600
683	23400	30600
684	23400	30600
685	7200	30600
686	7200	30600
687	23400	30600
688	19800	27000
689	12600	19800
690	16200	23400
691	16200	23400
692	7200	30600
693	7200	30600
694	16200	23400
695	7200	29700
696	7200	30600
697	23400	30600
698	23400	30600
699	19800	27000
700	19800	27000
701	14400	30600
702	7200	30600
703	14400	30600
704	12600	19800
705	14400	30600
706	23400	30600
707	16200	23400
708	19800	27000
709	7200	30600
710	16200	23400
711	12600	19800
712	23400	30600
713	14400	30600
714	16200	23400
715	16200	23400
716	16200	23400
717	16200	23400
718	23400	30600
719	16200	23400
720	12600	19800
721	14400	30600
722	19800	27000
723	7200	30600
724	7200	30600
725	16200	23400
726	19800	27000
727	19800	26100
728	7200	29700
729	12600	19800
730	14400	30600
731	14400	30600
732	7200	30600
733	16200	23400
734	19800	27000
735	7200	30600
736	7200	30600
737	7200	30600
738	19800	27000
739	7200	30600
740	16200	23400
741	7200	29700
742	7200	30600
743	23400	30600
744	23400	30600
745	16200	23400
746	16200	23400
747	16200	23400
748	19800	27000
749	7200	30600
750	16200	23400
751	14400	30600
752	14400	30600
753	7200	30600
754	16200	23400
755	7200	30600
756	19800	27000
757	16200	23400
758	16200	23400
759	23400	30600
760	7200	29700
761	23400	30600
762	23400	30600
763	7200	30600
764	23400	30600
765	23400	30600
766	7200	30600
767	16200	23400
768	23400	30600
769	23400	29700
770	7200	30600
771	7200	30600
772	7200	30600
773	23400	30600
774	23400	30600
775	23400	30600
776	7200	30600
777	19800	27000
778	7200	30600
779	23400	30600
780	7200	30600
781	7200	30600
782	16200	23400
783	23400	30600
784	7200	29700
785	23400	30600
786	23400	30600
787	7200	30600
788	23400	30600
789	23400	30600
790	19800	27000
791	23400	30600
792	7200	30600
793	14400	30600
794	7200	30600
795	23400	30600
796	19800	27000
797	23400	30600
798	19800	27000
799	16200	23400
800	23400	30600
801	19800	27000
802	16200	23400
803	14400	30600
804	14400	30600
805	7200	29700
806	19800	27000
807	19800	27000
808	14400	30600
809	19800	27000
810	7200	30600
811	23400	30600
812	23400	30600
813	23400	30600
814	7200	29700
815	7200	29700
816	23400	30600
817	19800	27000
818	7200	30600
819	23400	29700
820	19800	27000
821	16200	23400
822	23400	30600
823	23400	30600
824	7200	30600
825	7200	29700
826	23400	30600
827	7200	30600
828	7200	30600
829	7200	29700
830	7200	30600
831	7200	30600
832	23400	30600
833	23400	30600
834	7200	29700
835	23400	30600
836	19800	27000
837	23400	30600
838	23400	30600
839	19800	27000
840	14400	30600
841	16200	23400
842	7200	30600
843	16200	23400
844	19800	27000
845	7200	30600
846	16200	23400
847	19800	27000
848	19800	27000
849	7200	30600
850	7200	30600
851	14400	30600
852	19800	27000
853	14400	30600
854	7200	30600
855	7200	29700
856	23400	30600
857	19800	27000
858	23400	30600
859	23400	29700
860	7200	30600
861	23400	30600
862	19800	27000
863	23400	29700
864	7200	29700
865	19800	27000
866	23400	30600
867	23400	29700
868	23400	30600
869	23400	30600
870	19800	27000
871	14400	30600
872	23400	30600
873	19800	27000
874	14400	30600
875	14400	30600
876	19800	27000
877	23400	30600
878	7200	30600
879	23400	30600
880	14400	30600
881	7200	30600
882	14400	30600
883	23400	30600
884	7200	29700
885	19800	27000
886	19800	27000
887	19800	27000
888	19800	27000
889	19800	27000
890	7200	29700
891	19800	27000
892	19800	27000
893	7200	30600
894	19800	27000
895	23400	30600
896	23400	30600
897	23400	30600
898	14400	30600
RELEASE_TIME_SECTION
1	0
2	5400
3	5400
4	5400
5	5400
6	5400
7	5400
8	5400
9	5400
10	5400
11	5400
12	5400
13	5400
14	5400
15	5400
16	5400
17	5400
18	5400
19	5400
20	5400
21	5400
22	5400
23	5400
24	5400
25	5400
26	5400
27	5400
28	5400
29	5400
30	5400
31	5400
32	5400
33	5400
34	5400
35	5400
36	5400
37	5400
38	5400
39	5400
40	5400
41	5400
42	5400
43	5400
44	5400
45	5400
46	5400
47	5400
48	5400
49	5400
50	5400
51	5400
52	5400
53	5400
54	5400
55	5400
56	5400
57	5400
58	5400
59	5400
60	5400
61	5400
62	5400
63	5400
64	5400
65	5400
66	5400
67	5400
68	5400
69	5400
70	5400
71	5400
72	5400
73	5400
74	5400
75	5400
76	5400
77	5400
78	5400
79	5400
80	5400
81	5400
82	5400
83	5400
84	5400
85	5400
86	5400
87	5400
88	5400
89	5400
90	5400
91	5400
92	5400
93	5400
94	5400
95	5400
96	5400
97	5400
98	5400
99	5400
100	5400
101	5400
102	7200
103	7200
104	7200
105	7200
106	7200
107	7200
108	7200
109	7200
110	7200
111	7200
112	7200
113	7200
114	7200
115	7200
116	7200
117	7200
118	7200
119	7200
120	7200
121	7200
122	7200
123	7200
124	7200
125	7200
126	7200
127	7200
128	7200
129	7200
130	7200
131	7200
132	7200
133	7200
134	7200
135	7200
136	7200
137	7200
138	7200
139	7200
140	7200
141	7200
142	7200
143	7200
144	7200
145	7200
146	7200
147	7200
148	7200
149	7200
150	7200
151	7200
152	7200
153	7200
154	7200
155	7200
156	7200
157	7200
158	7200
159	7200
160	7200
161	7200
162	7200
163	7200
164	7200
165	7200
166	7200
167	7200
168	7200
169	7200
170	7200
171	7200
172	7200
173	7200
174	7200
175	7200
176	7200
177	7200
178	7200
179	7200
180	7200
181	7200
182	7200
183	7200
184	7200
185	7200
186	7200
187	7200
188	7200
189	7200
190	7200
191	7200
192	7200
193	7200
194	7200
195	7200
196	7200
197	7200
198	7200
199	7200
200	7200
201	7200
202	9000
203	9000
204	9000
205	9000
206	9000
207	9000
208	9000
209	9000
210	9000
211	9000
212	9000
213	9000
214	9000
215	9000
216	9000
217	9000
218	9000
219	9000
220	9000
221	9000
222	9000
223	9000
224	9000
225	9000
226	9000
227	9000
228	9000
229	9000
230	9000
231	9000
232	9000
233	9000
234	9000
235	9000
236	9000
237	9000
238	9000
239	9000
240	9000
241	9000
242	9000
243	9000
244	9000
245	9000
246	9000
247	9000
248	9000
249	9000
250	9000
251	9000
252	9000
253	9000
254	9000
255	9000
256	9000
257	9000
258	9000
259	9000
260	9000
261	9000
262	9000
263	9000
264	9000
265	9000
266	9000
267	9000
268	9000
269	9000
270	9000
271	9000
272	9000
273	9000
274	9000
275	9000
276	9000
277	9000
278	9000
279	9000
280	9000
281	9000
282	9000
283	9000
284	9000
285	9000
286	9000
287	9000
288	9000
289	9000
290	9000
291	9000
292	9000
293	9000
294	9000
295	9000
296	9000
297	9000
298	9000
299	9000
300	9000
301	9000
302	10800
303	10800
304	10800
305	10800
306	10800
307	10800
308	10800
309	10800
310	10800
311	10800
312	10800
313	10800
314	10800
315	10800
316	10800
317	10800
318	10800
319	10800
320	10800
321	10800
322	10800
323	10800
324	10800
325	10800
326	10800
327	10800
328	10800
329	10800
330	10800
331	10800
332	10800
333	10800
334	10800
335	10800
336	10800
337	10800
338	10800
339	10800
340	10800
341	10800
342	10800
343	10800
344	10800
345	10800
346	10800
347	10800
348	10800
349	10800
350	10800
351	10800
352	10800
353	10800
354	10800
355	10800
356	10800
357	10800
358	10800
359	10800
360	10800
361	10800
362	10800
363	10800
364	10800
365	10800
366	10800
367	10800
368	10800
369	10800
370	10800
371	10800
372	10800
373	10800
374	10800
375	10800
376	10800
377	10800
378	10800
379	10800
380	10800
381	10800
382	10800
383	10800
384	10800
385	10800
386	10800
387	10800
388	10800
389	10800
390	10800
391	10800
392	10800
393	10800
394	10800
395	10800
396	10800
397	10800
398	12600
399	12600
400	12600
401	12600
402	12600
403	12600
404	12600
405	12600
406	12600
407	12600
408	12600
409	12600
410	12600
411	12600
412	12600
413	12600
414	12600
415	12600
416	12600
417	12600
418	12600
419	12600
420	12600
421	12600
422	12600
423	12600
424	12600
425	12600
426	12600
427	12600
428	12600
429	12600
430	12600
431	12600
432	12600
433	12600
434	12600
435	12600
436	12600
437	12600
438	12600
439	12600
440	12600
441	12600
442	12600
443	12600
444	12600
445	12600
446	12600
447	12600
448	12600
449	12600
450	12600
451	12600
452	12600
453	12600
454	12600
455	12600
456	12600
457	12600
458	12600
459	12600
460	12600
461	12600
462	12600
463	12600
464	12600
465	12600
466	12600
467	12600
468	12600
469	12600
470	12600
471	12600
472	12600
473	12600
474	12600
475	12600
476	12600
477	12600
478	12600
479	12600
480	12600
481	12600
482	12600
483	12600
484	12600
485	12600
486	12600
487	12600
488	12600
489	12600
490	14400
491	14400
492	14400
493	14400
494	14400
495	14400
496	14400
497	14400
498	14400
499	14400
500	14400
501	14400
502	14400
503	14400
504	14400
505	14400
506	14400
507	14400
508	14400
509	14400
510	14400
511	14400
512	14400
513	14400
514	14400
515	14400
516	14400
517	14400
518	14400
519	14400
520	14400
521	14400
522	14400
523	14400
524	14400
525	14400
526	14400
527	14400
528	14400
529	14400
530	14400
531	14400
532	14400
533	14400
534	14400
535	14400
536	14400
537	14400
538	14400
539	14400
540	14400
541	14400
542	14400
543	14400
544	14400
545	14400
546	14400
547	14400
548	14400
549	14400
550	14400
551	14400
552	14400
553	14400
554	14400
555	14400
556	14400
557	14400
558	14400
559	14400
560	14400
561	14400
562	14400
563	14400
564	14400
565	14400
566	14400
567	14400
568	14400
569	14400
570	14400
571	14400
572	14400
573	14400
574	14400
575	14400
576	14400
577	14400
578	16200
579	16200
580	16200
581	16200
582	16200
583	16200
584	16200
585	16200
586	16200
587	16200
588	16200
589	16200
590	16200
591	16200
592	16200
593	16200
594	16200
595	16200
596	16200
597	16200
598	16200
599	16200
600	16200
601	16200
602	16200
603	16200
604	16200
605	16200
606	16200
607	16200
608	16200
609	16200
610	16200
611	16200
612	16200
613	16200
614	16200
615	16200
616	16200
617	16200
618	16200
619	16200
620	16200
621	16200
622	16200
623	16200
624	16200
625	16200
626	16200
627	16200
628	16200
629	16200
630	16200
631	16200
632	16200
633	16200
634	16200
635	16200
636	16200
637	16200
638	16200
639	16200
640	16200
641	16200
642	16200
643	16200
644	16200
645	16200
646	16200
647	16200
648	16200
649	16200
650	16200
651	16200
652	16200
653	16200
654	16200
655	16200
656	16200
657	16200
658	16200
659	18000
660	18000
661	18000
662	18000
663	18000
664	18000
665	18000
666	18000
667	18000
668	18000
669	18000
670	18000
671	18000
672	18000
673	18000
674	18000
675	18000
676	18000
677	18000
678	18000
679	18000
680	18000
681	18000
682	18000
683	18000
684	18000
685	18000
686	18000
687	18000
688	18000
689	18000
690	18000
691	18000
692	18000
693	18000
694	18000
695	18000
696	18000
697	18000
698	18000
699	18000
700	18000
701	18000
702	18000
703	18000
704	18000
705	18000
706	18000
707	18000
708	18000
709	18000
710	18000
711	18000
712	18000
713	18000
714	18000
715	18000
716	18000
717	18000
718	18000
719	18000
720	18000
721	18000
722	18000
723	18000
724	18000
725	18000
726	18000
727	18000
728	18000
729	18000
730	18000
731	19800
732	19800
733	19800
734	19800
735	19800
736	19800
737	19800
738	19800
739	19800
740	19800
741	19800
742	19800
743	19800
744	19800
745	19800
746	19800
747	19800
748	19800
749	19800
750	19800
751	19800
752	19800
753	19800
754	19800
755	19800
756	19800
757	19800
758	19800
759	19800
760	19800
761	19800
762	19800
763	19800
764	19800
765	19800
766	19800
767	19800
768	19800
769	19800
770	19800
771	19800
772	19800
773	19800
774	19800
775	19800
776	19800
777	19800
778	19800
779	19800
780	19800
781	19800
782	19800
783	19800
784	19800
785	19800
786	19800
787	21600
788	21600
789	21600
790	21600
791	21600
792	21600
793	21600
794	21600
795	21600
796	21600
797	21600
798	21600
799	21600
800	21600
801	21600
802	21600
803	21600
804	21600
805	21600
806	21600
807	21600
808	21600
809	21600
810	21600
811	21600
812	21600
813	21600
814	21600
815	21600
816	21600
817	21600
818	21600
819	21600
820	21600
821	21600
822	21600
823	21600
824	21600
825	21600
826	21600
827	21600
828	21600
829	21600
830	21600
831	21600
832	21600
833	21600
834	21600
835	21600
836	21600
837	21600
838	21600
839	21600
840	21600
841	21600
842	21600
843	21600
844	21600
845	21600
846	21600
847	21600
848	23400
849	23400
850	23400
851	23400
852	23400
853	23400
854	23400
855	23400
856	23400
857	23400
858	23400
859	23400
860	23400
861	23400
862	23400
863	23400
864	23400
865	23400
866	23400
867	23400
868	23400
869	23400
870	23400
871	23400
872	23400
873	23400
874	23400
875	23400
876	23400
877	23400
878	23400
879	23400
880	23400
881	23400
882	23400
883	23400
884	23400
885	23400
886	23400
887	23400
888	23400
889	23400
890	23400
891	23400
892	23400
893	23400
894	23400
895	23400
896	23400
897	23400
898	23400
EOF
