NAME : ORTEC-VRPTW-ASYM-7fb5f610-d1-n915
TYPE : VRPTW-RT
DIMENSION : 916
EDGE_WEIGHT_TYPE : EUC_2D
CAPACITY : 135
NODE_COORD_SECTION
1	1548	5073
2	1718	4809
3	1898	4974
4	2080	5037
5	2225	6122
6	1419	6510
7	2794	6513
8	1960	4514
9	1318	5015
10	2002	5559
11	2015	7178
12	2190	6736
13	601	5135
14	1171	5820
15	906	4775
16	1709	4558
17	1253	5515
18	1182	2453
19	1834	5061
20	1786	5238
21	1782	6695
22	622	3843
23	1878	5702
24	1578	7462
25	1658	6493
26	23	4015
27	473	4994
28	1168	2551
29	1895	4605
30	2522	7792
31	1253	5515
32	1826	5316
33	2002	5559
34	1981	6964
35	2244	5507
36	1865	6723
37	1216	2550
38	417	4532
39	2232	7572
40	1884	6585
41	2144	6055
42	1681	6608
43	2505	7685
44	2351	7588
45	1844	5669
46	1905	6953
47	1578	7462
48	2371	4377
49	1874	4574
50	1915	5320
51	670	2258
52	2522	7792
53	2107	6068
54	1883	6628
55	2116	5133
56	2151	6730
57	2235	6585
58	1780	5693
59	2073	4269
60	1445	7594
61	1554	7210
62	2283	6157
63	1969	6964
64	1543	7835
65	1476	4140
66	1669	3733
67	1803	8674
68	585	4976
69	1751	4810
70	1329	6622
71	2371	4377
72	2191	7491
73	807	5033
74	2113	6283
75	1367	2325
76	1889	4624
77	1170	3119
78	2577	6772
79	1380	3616
80	1137	2344
81	2154	7246
82	1023	2279
83	2024	4779
84	2080	5574
85	1795	6219
86	1889	4624
87	1630	7827
88	1639	6776
89	1927	6554
90	2569	6850
91	1716	7386
92	1835	6145
93	1170	3119
94	1575	7038
95	1842	5607
96	1839	4575
97	532	5047
98	1802	5595
99	2198	4943
100	1373	4005
101	2131	7111
102	469	4155
103	1511	6272
104	2156	7230
105	1292	6424
106	1773	7457
107	1023	2279
108	1945	6727
109	1961	5393
110	1251	5649
111	585	4976
112	2308	6544
113	1801	5397
114	27	4598
115	1729	6635
116	0	4209
117	2577	6772
118	1171	5820
119	1628	6865
120	2426	6234
121	2084	6616
122	2103	6630
123	1448	6713
124	1701	9034
125	1476	4140
126	351	4307
127	1973	4888
128	1980	4469
129	763	4679
130	1969	7282
131	0	4209
132	2050	6622
133	1873	5866
134	2235	6585
135	2412	7922
136	1580	6418
137	1351	6968
138	502	4878
139	601	5135
140	1803	8674
141	1080	4141
142	1249	2803
143	1219	3543
144	622	3843
145	621	5075
146	1603	7342
147	1782	6497
148	159	3844
149	1472	7771
150	156	3870
151	1958	6857
152	1023	2279
153	1770	6878
154	975	2993
155	1903	6696
156	2794	6513
157	753	5803
158	396	4481
159	1837	4639
160	2688	6303
161	2050	6622
162	1744	5821
163	1627	4999
164	708	4738
165	1768	6168
166	515	3905
167	1816	5148
168	2039	6690
169	1735	5764
170	1774	7027
171	1955	7199
172	1832	6601
173	585	4976
174	1575	7038
175	1352	6688
176	2033	4112
177	2054	6078
178	1294	3025
179	1788	6711
180	1936	6929
181	1796	7954
182	1171	5820
183	1878	7435
184	1915	5320
185	1729	6635
186	2040	4536
187	1371	6462
188	1874	4574
189	1836	6711
190	1214	5177
191	2015	7178
192	1774	6388
193	1801	5397
194	2522	7792
195	2057	6552
196	1367	2325
197	1219	3543
198	1190	4594
199	2113	6455
200	3042	5584
201	2715	6723
202	2308	6544
203	1494	4544
204	2025	5672
205	1715	4622
206	2413	6079
207	2412	6495
208	1608	8658
209	2351	7588
210	1782	6695
211	1795	6219
212	1137	2344
213	2420	6462
214	2213	6189
215	1575	7038
216	1728	8888
217	2223	6177
218	1207	5227
219	1812	6900
220	1618	5720
221	2022	6739
222	2026	4423
223	1374	3975
224	2055	4582
225	2106	6909
226	473	4994
227	2235	6585
228	2155	8181
229	1996	4961
230	1653	6393
231	2413	6079
232	1607	3019
233	2575	6839
234	622	3843
235	1016	2457
236	1744	5821
237	1908	4925
238	816	3997
239	409	4438
240	1957	7163
241	2688	6303
242	1957	4668
243	2242	6107
244	975	2993
245	1842	5607
246	2225	6122
247	2026	4423
248	798	2462
249	1134	2460
250	1470	6700
251	585	4976
252	1171	5820
253	2155	8181
254	965	5145
255	1023	2279
256	1201	2362
257	2569	6850
258	1214	5177
259	1061	4287
260	2153	7490
261	1561	7471
262	2002	5559
263	1853	6736
264	1634	7277
265	1780	6149
266	2084	6616
267	303	5135
268	891	3902
269	2022	6739
270	1371	6462
271	1761	6999
272	1868	5630
273	1841	5180
274	2014	4737
275	1889	6414
276	2055	4582
277	2055	9450
278	1768	6168
279	1987	5625
280	1639	6776
281	303	5135
282	1713	5716
283	1174	2677
284	1812	6900
285	1961	5393
286	1728	8888
287	155	4504
288	965	5145
289	1023	2279
290	2153	7490
291	1137	2344
292	0	4209
293	2283	6157
294	2412	7922
295	1367	2325
296	1016	2457
297	1997	6625
298	763	4679
299	1704	6421
300	2050	6622
301	1963	7475
302	1803	7503
303	2183	6891
304	1568	5977
305	1751	4810
306	1729	6635
307	1630	6213
308	1844	5669
309	1016	2347
310	1682	5291
311	2039	6690
312	2173	3969
313	2022	6739
314	2065	5484
315	1588	5742
316	2413	6079
317	1578	7462
318	2213	6189
319	2183	6891
320	2424	6317
321	1878	7435
322	1584	3942
323	1454	7172
324	2083	7094
325	1780	5693
326	1380	3616
327	2010	6882
328	159	3844
329	1513	3188
330	1560	5290
331	532	5047
332	671	5620
333	1373	4005
334	1445	7594
335	1948	4754
336	1996	4961
337	1580	6418
338	1584	5009
339	1312	4954
340	1411	5318
341	1295	2288
342	1159	6644
343	1653	6393
344	210	3636
345	541	5447
346	1520	6038
347	2027	5566
348	234	4645
349	1970	5916
350	2289	6871
351	1295	2288
352	2408	6382
353	753	5803
354	441	4397
355	1969	6964
356	2080	5574
357	2688	6303
358	601	5135
359	1219	3543
360	1631	7772
361	1548	6646
362	1802	5595
363	1689	6050
364	1182	2453
365	2265	6072
366	1915	5320
367	708	4738
368	1269	2336
369	2404	7095
370	1190	4594
371	1787	5374
372	621	5075
373	1761	6999
374	1428	4705
375	2371	4377
376	1709	4558
377	1374	2278
378	1255	6675
379	1878	6440
380	1550	5464
381	2046	6134
382	2033	4112
383	2075	7213
384	1138	2965
385	1213	5177
386	2765	6687
387	2151	6730
388	1834	5191
389	131	4265
390	1213	5177
391	1879	6420
392	1211	4609
393	1801	5397
394	2518	6551
395	1735	5764
396	23	4015
397	1292	6424
398	1445	7594
399	891	3902
400	1969	6964
401	1373	4005
402	975	2993
403	473	4994
404	1648	5521
405	1803	7503
406	1494	4544
407	1961	5393
408	1910	6773
409	2039	6690
410	1795	7131
411	1961	6975
412	1960	4514
413	1648	5521
414	1780	5693
415	1987	5625
416	512	5062
417	1580	6418
418	1391	5931
419	1207	7369
420	1671	6989
421	1865	6723
422	484	5024
423	1568	5977
424	1804	6632
425	2015	7178
426	2420	6462
427	1318	5015
428	2223	6177
429	1676	6499
430	2121	5528
431	941	4032
432	1910	6773
433	1536	9055
434	1370	5200
435	1207	7369
436	1787	5374
437	1190	4594
438	1943	9290
439	1904	5979
440	1802	5595
441	2113	6283
442	1134	2460
443	825	4225
444	1867	6961
445	1694	5019
446	1170	3119
447	2164	6801
448	1171	5820
449	156	3870
450	2092	6768
451	159	3844
452	1768	6168
453	1844	5669
454	2081	7381
455	2121	5528
456	1143	2347
457	1681	6608
458	954	5675
459	1768	4948
460	2170	6172
461	1759	6575
462	1842	5607
463	1979	6921
464	1895	4605
465	1658	6493
466	1961	6975
467	2050	6622
468	1332	5450
469	2765	6687
470	1318	5015
471	2080	5413
472	1710	5538
473	441	4397
474	1641	4028
475	1080	4141
476	2083	7094
477	1884	6585
478	1774	7027
479	544	5075
480	2731	6221
481	2153	7490
482	1774	6388
483	1946	5879
484	1928	6753
485	1732	3997
486	1770	6878
487	1910	6773
488	1832	6601
489	1584	3942
490	906	4775
491	1896	4405
492	941	4032
493	1207	5227
494	1774	5589
495	1843	4794
496	1584	5009
497	1710	5538
498	1229	2834
499	749	5221
500	1788	4605
501	1903	6696
502	512	5062
503	1788	5780
504	2092	6768
505	1801	5397
506	1641	4028
507	1718	4809
508	1253	5515
509	1974	6938
510	906	4775
511	3580	6832
512	1374	2278
513	1791	6443
514	3580	6832
515	2086	6768
516	1874	4574
517	1536	9055
518	1914	6253
519	2040	4536
520	1795	6188
521	1168	2551
522	93	3743
523	1878	7435
524	1873	4491
525	1782	6497
526	159	3844
527	1781	7588
528	172	4469
529	1892	5573
530	2015	7178
531	2412	6495
532	1768	6168
533	1709	4558
534	1928	6753
535	601	5135
536	763	4679
537	1455	5383
538	1826	7373
539	1628	6296
540	1472	7771
541	2283	6157
542	2283	6157
543	2518	6551
544	1513	3188
545	1716	7386
546	1329	6622
547	1803	8674
548	1649	4942
549	2050	6622
550	1826	7329
551	2281	8639
552	1658	6493
553	1909	5545
554	1780	6149
555	1648	5521
556	1879	6420
557	1826	7329
558	2007	6726
559	1780	5693
560	1711	5171
561	1915	5320
562	1419	6510
563	1216	2550
564	210	3636
565	2055	5771
566	2027	5566
567	1774	6388
568	1269	2336
569	2794	6513
570	1134	2460
571	798	2462
572	1958	6857
573	1630	7827
574	941	4032
575	210	3636
576	2073	4269
577	2055	5771
578	1138	2965
579	2190	6736
580	2083	7094
581	1774	7027
582	1520	6038
583	1061	4287
584	2173	3969
585	1419	6510
586	1213	5177
587	2191	7491
588	1981	6964
589	303	5135
590	1261	2221
591	891	3902
592	1970	5916
593	2242	6107
594	906	4775
595	1554	7210
596	1653	6393
597	1801	5397
598	2153	7490
599	601	5135
600	532	5047
601	628	4262
602	1739	6803
603	1501	3143
604	1879	6420
605	1671	6989
606	1016	2347
607	1229	2834
608	2164	5748
609	1560	5290
610	2072	4990
611	1554	7210
612	1903	6696
613	1764	4672
614	306	4263
615	1260	6485
616	2013	5518
617	2412	6057
618	1419	6510
619	1525	6327
620	2020	6790
621	1981	6964
622	1804	6632
623	234	4645
624	891	3902
625	1917	4815
626	1960	6551
627	2225	6122
628	1927	6554
629	1827	4663
630	1520	6038
631	303	5135
632	1796	7954
633	1207	7369
634	502	4878
635	2715	6723
636	1827	6910
637	136	4423
638	532	5047
639	1630	7827
640	1685	6762
641	2577	6772
642	1727	5817
643	1260	6485
644	2327	7801
645	1826	7373
646	1681	6965
647	1570	3895
648	1332	5450
649	1839	4575
650	1884	6585
651	891	3902
652	1352	6688
653	2086	6768
654	2225	6122
655	1827	4663
656	2040	4536
657	2407	6123
658	2014	4737
659	2113	6283
660	1801	5397
661	1659	5765
662	1137	2344
663	2424	6317
664	1981	6106
665	2085	6860
666	2794	6513
667	484	5024
668	438	4082
669	2055	5771
670	1960	4514
671	469	4155
672	708	4738
673	1980	7147
674	2412	7922
675	1978	6535
676	2014	4737
677	1610	6567
678	1648	5521
679	2187	6614
680	172	4469
681	452	5042
682	2053	5648
683	2059	6854
684	2569	6850
685	2040	4536
686	1639	6776
687	1296	2599
688	1145	4891
689	1170	3119
690	1588	5742
691	1708	7902
692	1370	5200
693	1878	7435
694	1705	6827
695	2715	6723
696	2244	5507
697	2408	6382
698	2154	7246
699	2007	6726
700	541	5447
701	1423	3817
702	2731	6221
703	1963	7475
704	1634	7448
705	1768	4948
706	816	3997
707	1507	5743
708	1774	7535
709	2010	6882
710	1627	4999
711	941	4032
712	1571	7587
713	1961	5393
714	136	4423
715	1839	4575
716	1896	6098
717	2505	7685
718	1960	6551
719	1774	7535
720	2198	4946
721	2155	8181
722	1802	5595
723	1795	6188
724	1816	5148
725	172	4469
726	1768	4948
727	1826	5316
728	2569	6850
729	1987	5625
730	1987	5625
731	826	5914
732	1658	6493
733	1710	5538
734	1455	5383
735	1961	5393
736	1634	7448
737	2309	6121
738	1274	6462
739	2201	7062
740	2351	7588
741	1956	7065
742	1841	5180
743	1788	5780
744	1618	5720
745	1232	2441
746	1374	2278
747	1775	6265
748	1980	4469
749	1922	4984
750	2055	4582
751	1232	2441
752	1351	6968
753	1895	4605
754	2235	6585
755	1520	6038
756	1260	6485
757	1946	5879
758	2183	6891
759	2731	6221
760	1689	6050
761	1610	6567
762	1329	6622
763	1584	5009
764	2055	4582
765	1351	6968
766	1182	2453
767	1273	5737
768	2213	6189
769	2026	4423
770	2012	6186
771	2085	6860
772	1895	4605
773	1520	6038
774	1507	5743
775	1841	7429
776	1211	4609
777	1744	5821
778	502	4878
779	1905	6953
780	1980	7147
781	2053	5648
782	1251	5649
783	1716	5675
784	1255	6675
785	1960	6551
786	1575	7038
787	276	4246
788	2281	8639
789	1697	6246
790	2020	9340
791	1361	5905
792	2489	4554
793	1839	4575
794	1669	3733
795	1892	5573
796	1061	4287
797	2201	7062
798	1963	7475
799	1957	7163
800	2191	7491
801	1987	5625
802	758	5001
803	1876	5005
804	2164	5748
805	2010	6882
806	1898	6903
807	2144	6055
808	2075	7213
809	1878	6440
810	1826	7373
811	2121	5528
812	2075	5535
813	2080	5037
814	2107	5926
815	1973	4888
816	1788	5780
817	1786	5238
818	2121	5528
819	1513	3188
820	1853	6736
821	1361	5905
822	1795	7131
823	1455	5383
824	1423	3817
825	1943	9290
826	2351	7588
827	1795	6219
828	2007	6726
829	93	3743
830	541	5447
831	1445	7594
832	1367	2325
833	1876	5005
834	1935	6370
835	417	4532
836	1727	5817
837	1972	4651
838	1061	4287
839	1788	5780
840	1996	4961
841	975	5235
842	1727	5817
843	1117	5771
844	2404	7095
845	1827	4663
846	1732	3997
847	1130	4994
848	954	5675
849	1554	7210
850	1370	5200
851	1494	4544
852	1761	6442
853	2183	6891
854	2151	6730
855	1858	5750
856	2412	6495
857	1957	4668
858	2015	7178
859	1791	7243
860	2242	6335
861	1961	6975
862	1294	3025
863	1774	3646
864	1570	3895
865	1917	4815
866	1819	5978
867	1868	5630
868	1774	7535
869	1719	6540
870	2024	4779
871	2170	6172
872	515	3905
873	1260	6485
874	93	3743
875	1675	6786
876	807	5033
877	2215	7458
878	671	5620
879	1681	6965
880	2308	6544
881	1219	3543
882	975	5235
883	1956	7065
884	1329	6622
885	1219	3543
886	2198	4943
887	622	3843
888	1190	4594
889	515	3905
890	1922	4984
891	2518	6551
892	1868	6385
893	1873	4491
894	1898	6076
895	1802	5595
896	1513	3188
897	1957	4668
898	1759	6575
899	1274	6462
900	1649	4942
901	1689	6050
902	2408	6382
903	866	4807
904	1963	7475
905	2033	4112
906	452	5042
907	1513	3188
908	1634	7277
909	1681	6965
910	1996	4961
911	1373	4005
912	1963	7475
913	1868	5926
914	1711	5171
915	1915	5320
916	1190	4594
DEMAND_SECTION
1	0
2	6
3	6
4	7
5	5
6	6
7	5
8	11
9	5
10	8
11	7
12	5
13	3
14	4
15	4
16	8
17	14
18	5
19	5
20	4
21	6
22	6
23	5
24	6
25	6
26	5
27	6
28	5
29	9
30	5
31	3
32	8
33	6
34	11
35	7
36	3
37	6
38	7
39	6
40	5
41	6
42	6
43	6
44	7
45	4
46	4
47	5
48	4
49	15
50	6
51	8
52	4
53	14
54	3
55	5
56	6
57	7
58	3
59	3
60	5
61	5
62	5
63	5
64	11
65	5
66	6
67	4
68	5
69	3
70	13
71	5
72	4
73	6
74	4
75	6
76	5
77	6
78	4
79	6
80	19
81	6
82	5
83	8
84	5
85	9
86	10
87	7
88	4
89	5
90	6
91	5
92	6
93	5
94	9
95	6
96	9
97	7
98	3
99	7
100	6
101	5
102	5
103	6
104	5
105	9
106	5
107	5
108	5
109	6
110	7
111	7
112	4
113	5
114	4
115	3
116	7
117	3
118	5
119	3
120	10
121	4
122	7
123	9
124	4
125	4
126	4
127	6
128	9
129	6
130	5
131	7
132	4
133	13
134	5
135	4
136	11
137	10
138	8
139	4
140	3
141	9
142	4
143	7
144	6
145	6
146	3
147	11
148	14
149	3
150	5
151	4
152	7
153	3
154	5
155	7
156	7
157	6
158	7
159	7
160	6
161	7
162	8
163	4
164	5
165	11
166	7
167	6
168	5
169	5
170	4
171	7
172	6
173	3
174	7
175	9
176	5
177	8
178	6
179	10
180	7
181	8
182	10
183	5
184	4
185	4
186	5
187	7
188	13
189	4
190	7
191	5
192	10
193	3
194	5
195	5
196	5
197	3
198	3
199	7
200	6
201	4
202	5
203	5
204	6
205	4
206	4
207	9
208	5
209	4
210	4
211	5
212	4
213	5
214	4
215	6
216	7
217	8
218	6
219	6
220	6
221	13
222	6
223	5
224	6
225	16
226	4
227	5
228	8
229	6
230	3
231	10
232	6
233	6
234	5
235	6
236	7
237	11
238	6
239	6
240	6
241	6
242	12
243	5
244	7
245	3
246	7
247	3
248	5
249	8
250	5
251	5
252	7
253	6
254	7
255	5
256	3
257	6
258	6
259	7
260	7
261	6
262	21
263	6
264	5
265	5
266	4
267	5
268	7
269	5
270	7
271	7
272	3
273	11
274	3
275	11
276	3
277	6
278	4
279	6
280	5
281	5
282	3
283	8
284	8
285	6
286	4
287	6
288	5
289	7
290	9
291	10
292	2
293	4
294	4
295	10
296	11
297	5
298	4
299	7
300	5
301	11
302	9
303	9
304	13
305	8
306	15
307	6
308	3
309	4
310	5
311	10
312	5
313	8
314	4
315	7
316	10
317	11
318	9
319	3
320	5
321	5
322	7
323	11
324	5
325	3
326	7
327	5
328	6
329	3
330	21
331	10
332	7
333	7
334	5
335	5
336	6
337	3
338	5
339	5
340	6
341	6
342	6
343	3
344	10
345	5
346	4
347	3
348	7
349	7
350	3
351	7
352	5
353	6
354	8
355	6
356	6
357	10
358	12
359	16
360	9
361	4
362	6
363	3
364	5
365	5
366	6
367	5
368	8
369	9
370	5
371	8
372	16
373	7
374	3
375	5
376	7
377	5
378	5
379	6
380	9
381	5
382	4
383	3
384	8
385	7
386	6
387	4
388	5
389	11
390	8
391	5
392	7
393	5
394	9
395	9
396	7
397	6
398	6
399	7
400	5
401	8
402	5
403	9
404	7
405	7
406	10
407	3
408	8
409	4
410	6
411	5
412	6
413	7
414	8
415	6
416	7
417	5
418	6
419	4
420	5
421	4
422	6
423	4
424	4
425	6
426	5
427	5
428	7
429	4
430	7
431	9
432	6
433	4
434	9
435	5
436	4
437	6
438	4
439	17
440	6
441	8
442	4
443	5
444	3
445	6
446	7
447	3
448	4
449	14
450	5
451	7
452	4
453	6
454	11
455	5
456	4
457	4
458	3
459	10
460	8
461	5
462	5
463	8
464	7
465	4
466	4
467	7
468	8
469	3
470	7
471	12
472	6
473	3
474	5
475	8
476	10
477	3
478	6
479	5
480	11
481	4
482	6
483	6
484	3
485	6
486	5
487	6
488	5
489	7
490	11
491	8
492	5
493	6
494	8
495	5
496	5
497	6
498	5
499	9
500	3
501	3
502	5
503	4
504	6
505	5
506	7
507	14
508	6
509	5
510	5
511	4
512	6
513	5
514	5
515	10
516	9
517	5
518	7
519	4
520	5
521	6
522	5
523	4
524	7
525	11
526	7
527	3
528	15
529	5
530	19
531	7
532	4
533	8
534	12
535	6
536	3
537	9
538	5
539	8
540	5
541	7
542	5
543	5
544	6
545	6
546	5
547	4
548	7
549	6
550	4
551	6
552	4
553	6
554	5
555	4
556	5
557	4
558	4
559	7
560	5
561	8
562	5
563	6
564	3
565	4
566	7
567	6
568	8
569	5
570	4
571	10
572	4
573	4
574	9
575	4
576	4
577	8
578	4
579	9
580	7
581	8
582	3
583	5
584	6
585	8
586	5
587	4
588	4
589	4
590	6
591	3
592	8
593	4
594	4
595	5
596	9
597	6
598	5
599	4
600	8
601	16
602	15
603	8
604	3
605	6
606	3
607	5
608	11
609	4
610	7
611	5
612	10
613	7
614	3
615	6
616	6
617	4
618	4
619	5
620	3
621	5
622	8
623	10
624	6
625	3
626	10
627	5
628	4
629	3
630	14
631	8
632	6
633	4
634	4
635	6
636	5
637	6
638	2
639	8
640	8
641	5
642	11
643	6
644	6
645	8
646	7
647	5
648	6
649	5
650	7
651	5
652	4
653	5
654	9
655	4
656	6
657	5
658	5
659	7
660	5
661	4
662	7
663	8
664	9
665	4
666	5
667	5
668	4
669	5
670	4
671	5
672	4
673	6
674	8
675	4
676	4
677	5
678	5
679	6
680	5
681	5
682	11
683	4
684	5
685	4
686	11
687	4
688	5
689	7
690	5
691	3
692	5
693	9
694	5
695	5
696	6
697	6
698	5
699	5
700	5
701	8
702	4
703	5
704	3
705	8
706	10
707	13
708	13
709	4
710	4
711	7
712	7
713	4
714	8
715	6
716	6
717	3
718	5
719	6
720	7
721	5
722	5
723	7
724	10
725	5
726	6
727	8
728	4
729	5
730	6
731	7
732	3
733	5
734	3
735	10
736	5
737	8
738	4
739	8
740	5
741	4
742	5
743	4
744	7
745	18
746	6
747	8
748	4
749	9
750	4
751	4
752	4
753	4
754	5
755	6
756	7
757	5
758	7
759	6
760	8
761	7
762	7
763	11
764	7
765	9
766	8
767	5
768	10
769	4
770	6
771	7
772	7
773	4
774	4
775	4
776	6
777	6
778	7
779	4
780	9
781	4
782	8
783	7
784	6
785	8
786	5
787	5
788	3
789	8
790	3
791	5
792	5
793	6
794	4
795	7
796	6
797	8
798	11
799	5
800	6
801	11
802	7
803	6
804	5
805	9
806	5
807	8
808	5
809	3
810	9
811	3
812	4
813	5
814	3
815	8
816	5
817	3
818	4
819	7
820	4
821	8
822	3
823	3
824	4
825	7
826	4
827	7
828	7
829	9
830	5
831	6
832	4
833	5
834	8
835	11
836	5
837	4
838	8
839	5
840	8
841	6
842	3
843	7
844	6
845	8
846	3
847	5
848	6
849	9
850	3
851	13
852	7
853	5
854	11
855	8
856	7
857	3
858	7
859	10
860	7
861	5
862	5
863	3
864	8
865	4
866	9
867	5
868	15
869	6
870	4
871	7
872	4
873	6
874	4
875	9
876	6
877	4
878	8
879	5
880	3
881	5
882	6
883	8
884	5
885	4
886	4
887	6
888	3
889	7
890	5
891	3
892	6
893	6
894	7
895	5
896	8
897	13
898	5
899	3
900	7
901	9
902	7
903	5
904	6
905	5
906	2
907	4
908	8
909	7
910	6
911	12
912	5
913	5
914	15
915	7
916	5
DEPOT_SECTION
1
-1
SERVICE_TIME_SECTION
1	0
2	420
3	960
4	420
5	360
6	720
7	540
8	720
9	720
10	420
11	240
12	360
13	1200
14	420
15	360
16	780
17	720
18	480
19	540
20	480
21	360
22	360
23	360
24	720
25	300
26	480
27	480
28	240
29	720
30	360
31	540
32	600
33	360
34	900
35	540
36	840
37	600
38	300
39	480
40	480
41	840
42	1500
43	540
44	420
45	600
46	480
47	420
48	360
49	360
50	360
51	480
52	360
53	360
54	240
55	360
56	360
57	300
58	540
59	540
60	960
61	360
62	360
63	420
64	240
65	600
66	1140
67	480
68	600
69	600
70	600
71	420
72	300
73	360
74	540
75	360
76	780
77	300
78	480
79	360
80	420
81	480
82	600
83	480
84	420
85	360
86	480
87	420
88	360
89	600
90	360
91	240
92	480
93	600
94	240
95	300
96	720
97	780
98	600
99	840
100	300
101	540
102	360
103	420
104	780
105	420
106	480
107	540
108	720
109	720
110	420
111	600
112	300
113	420
114	360
115	420
116	480
117	420
118	540
119	540
120	720
121	660
122	360
123	480
124	420
125	420
126	540
127	360
128	300
129	420
130	900
131	360
132	480
133	360
134	300
135	660
136	420
137	240
138	600
139	420
140	900
141	720
142	480
143	240
144	420
145	420
146	540
147	360
148	420
149	360
150	480
151	240
152	300
153	300
154	480
155	420
156	420
157	540
158	240
159	480
160	840
161	360
162	960
163	420
164	360
165	480
166	720
167	360
168	240
169	420
170	540
171	360
172	600
173	480
174	480
175	360
176	540
177	540
178	1200
179	600
180	600
181	540
182	300
183	540
184	420
185	360
186	540
187	660
188	420
189	420
190	540
191	480
192	420
193	300
194	360
195	360
196	360
197	300
198	420
199	420
200	360
201	360
202	240
203	480
204	540
205	480
206	540
207	360
208	420
209	360
210	300
211	480
212	420
213	360
214	480
215	480
216	420
217	540
218	240
219	480
220	420
221	600
222	780
223	360
224	360
225	600
226	360
227	780
228	360
229	780
230	360
231	720
232	240
233	300
234	960
235	300
236	1140
237	360
238	480
239	540
240	780
241	300
242	720
243	720
244	240
245	480
246	360
247	660
248	540
249	420
250	360
251	840
252	540
253	600
254	600
255	360
256	240
257	300
258	360
259	480
260	420
261	480
262	480
263	600
264	540
265	540
266	540
267	300
268	480
269	420
270	900
271	480
272	360
273	240
274	360
275	540
276	540
277	480
278	600
279	420
280	600
281	360
282	780
283	360
284	540
285	480
286	960
287	600
288	540
289	300
290	600
291	540
292	480
293	480
294	720
295	420
296	420
297	420
298	360
299	240
300	720
301	420
302	480
303	600
304	1140
305	780
306	360
307	240
308	540
309	480
310	360
311	600
312	360
313	720
314	360
315	420
316	420
317	600
318	720
319	480
320	240
321	480
322	720
323	360
324	780
325	420
326	780
327	540
328	240
329	240
330	660
331	480
332	600
333	240
334	240
335	600
336	480
337	420
338	540
339	540
340	600
341	600
342	300
343	420
344	1320
345	540
346	420
347	420
348	360
349	480
350	600
351	840
352	420
353	540
354	480
355	420
356	540
357	480
358	720
359	360
360	360
361	480
362	480
363	540
364	540
365	780
366	600
367	480
368	360
369	660
370	600
371	540
372	420
373	720
374	240
375	720
376	480
377	540
378	480
379	720
380	540
381	360
382	300
383	720
384	360
385	360
386	480
387	420
388	420
389	420
390	600
391	600
392	360
393	540
394	300
395	660
396	480
397	540
398	600
399	600
400	420
401	600
402	300
403	360
404	420
405	540
406	420
407	540
408	600
409	300
410	240
411	300
412	540
413	480
414	420
415	480
416	780
417	480
418	480
419	360
420	420
421	720
422	600
423	600
424	600
425	360
426	300
427	540
428	360
429	540
430	480
431	720
432	240
433	360
434	840
435	540
436	360
437	720
438	480
439	360
440	840
441	420
442	360
443	540
444	480
445	300
446	360
447	420
448	360
449	900
450	660
451	360
452	600
453	540
454	300
455	600
456	780
457	480
458	300
459	300
460	360
461	600
462	540
463	240
464	600
465	600
466	480
467	300
468	780
469	480
470	360
471	600
472	480
473	360
474	480
475	300
476	540
477	720
478	480
479	540
480	360
481	240
482	600
483	720
484	300
485	1140
486	600
487	540
488	480
489	540
490	300
491	720
492	360
493	480
494	300
495	360
496	900
497	420
498	780
499	600
500	660
501	420
502	300
503	540
504	660
505	720
506	420
507	540
508	300
509	480
510	720
511	300
512	540
513	420
514	540
515	300
516	900
517	1500
518	720
519	360
520	420
521	720
522	420
523	540
524	480
525	420
526	420
527	1200
528	540
529	480
530	420
531	360
532	420
533	540
534	600
535	540
536	240
537	600
538	780
539	420
540	240
541	300
542	780
543	360
544	300
545	360
546	360
547	420
548	420
549	300
550	420
551	240
552	420
553	360
554	420
555	420
556	540
557	540
558	480
559	480
560	480
561	720
562	240
563	840
564	420
565	420
566	600
567	540
568	240
569	300
570	720
571	420
572	240
573	240
574	1200
575	240
576	480
577	420
578	600
579	420
580	420
581	540
582	300
583	660
584	300
585	480
586	300
587	420
588	360
589	540
590	360
591	480
592	600
593	420
594	540
595	240
596	420
597	360
598	540
599	480
600	300
601	540
602	540
603	660
604	300
605	540
606	360
607	360
608	840
609	420
610	540
611	360
612	360
613	300
614	240
615	360
616	300
617	780
618	420
619	420
620	480
621	780
622	780
623	960
624	600
625	480
626	540
627	360
628	300
629	240
630	420
631	420
632	300
633	420
634	540
635	1140
636	420
637	420
638	480
639	420
640	540
641	660
642	480
643	360
644	420
645	540
646	600
647	480
648	420
649	600
650	420
651	540
652	480
653	420
654	540
655	360
656	360
657	420
658	300
659	360
660	540
661	540
662	300
663	300
664	660
665	660
666	540
667	960
668	360
669	960
670	300
671	480
672	780
673	600
674	360
675	420
676	540
677	420
678	600
679	360
680	420
681	1500
682	420
683	240
684	420
685	600
686	480
687	600
688	360
689	720
690	480
691	840
692	360
693	540
694	240
695	360
696	300
697	480
698	960
699	420
700	900
701	420
702	600
703	540
704	540
705	420
706	360
707	480
708	360
709	600
710	540
711	480
712	360
713	420
714	300
715	480
716	480
717	600
718	540
719	420
720	420
721	360
722	360
723	360
724	240
725	300
726	540
727	420
728	300
729	300
730	540
731	420
732	480
733	360
734	600
735	300
736	780
737	900
738	480
739	360
740	420
741	900
742	300
743	540
744	600
745	600
746	780
747	600
748	300
749	360
750	960
751	600
752	360
753	360
754	420
755	540
756	480
757	240
758	300
759	600
760	540
761	300
762	300
763	420
764	1500
765	720
766	480
767	480
768	720
769	300
770	480
771	360
772	300
773	360
774	660
775	480
776	240
777	300
778	300
779	1320
780	420
781	360
782	480
783	240
784	720
785	480
786	360
787	360
788	420
789	660
790	360
791	480
792	420
793	660
794	420
795	360
796	540
797	540
798	420
799	420
800	600
801	480
802	840
803	540
804	540
805	540
806	360
807	540
808	540
809	720
810	480
811	540
812	600
813	720
814	300
815	420
816	660
817	660
818	720
819	480
820	480
821	420
822	240
823	420
824	300
825	420
826	540
827	420
828	300
829	540
830	420
831	420
832	300
833	420
834	600
835	240
836	420
837	360
838	780
839	600
840	360
841	420
842	480
843	420
844	600
845	420
846	1140
847	540
848	360
849	540
850	420
851	300
852	480
853	360
854	420
855	480
856	420
857	420
858	240
859	360
860	780
861	540
862	300
863	660
864	540
865	240
866	360
867	480
868	600
869	360
870	540
871	540
872	420
873	360
874	840
875	1320
876	600
877	780
878	660
879	480
880	360
881	780
882	300
883	240
884	480
885	420
886	600
887	420
888	540
889	300
890	720
891	300
892	600
893	900
894	240
895	720
896	360
897	720
898	480
899	540
900	540
901	540
902	420
903	720
904	540
905	480
906	420
907	780
908	300
909	780
910	480
911	600
912	540
913	240
914	360
915	540
916	540
TIME_WINDOW_SECTION
1	0	45000
2	10200	30300
3	22800	30300
4	8400	19500
5	4800	12300
6	4800	12300
7	8400	15900
8	4800	12300
9	13800	33900
10	10200	30300
11	22800	30300
12	10200	30300
13	8400	15900
14	4800	12300
15	4800	12300
16	12000	19500
17	19200	26700
18	4800	12300
19	4800	12300
20	12000	19500
21	13800	33900
22	22800	30300
23	12000	19500
24	19200	26700
25	10200	30300
26	15600	26700
27	22800	30300
28	19200	26700
29	19200	26700
30	8400	15900
31	12000	19500
32	15600	26700
33	10200	30300
34	4800	12300
35	12000	19500
36	12000	18900
37	13800	33900
38	4800	12300
39	8400	15900
40	15600	26700
41	15600	23100
42	15600	26700
43	8400	19500
44	13800	33900
45	8400	19500
46	8400	15900
47	13800	33900
48	8400	15900
49	19200	26700
50	19200	26700
51	12000	19500
52	19200	26700
53	13800	33900
54	19200	26700
55	15600	23100
56	12000	19500
57	8400	15900
58	13800	33900
59	12000	19500
60	15600	23100
61	4800	12300
62	10200	30300
63	12000	18900
64	15600	23100
65	19200	26700
66	12000	19500
67	19200	26700
68	4800	12300
69	22800	30300
70	22800	30300
71	12000	19500
72	12000	18900
73	8400	19500
74	4800	12300
75	22800	30300
76	12000	19500
77	4800	12300
78	8400	19500
79	13800	33900
80	15600	23100
81	19200	26700
82	10200	30300
83	8400	19500
84	12000	19500
85	13800	33900
86	12000	19500
87	12000	19500
88	22800	30300
89	4800	12300
90	22800	30300
91	22800	30300
92	12000	19500
93	8400	19500
94	22800	30300
95	8400	15900
96	17400	37500
97	22800	30300
98	4800	12300
99	4800	12300
100	13800	33900
101	15600	23100
102	12000	19500
103	22800	30300
104	19200	26700
105	12000	19500
106	12000	19500
107	15600	26700
108	22800	30300
109	12000	19500
110	15600	23100
111	19200	26700
112	15600	23100
113	4800	12300
114	12000	19500
115	8400	15900
116	4800	12300
117	8400	19500
118	10200	30300
119	12000	19500
120	4800	12300
121	15600	23100
122	19200	26700
123	13800	33900
124	19200	26700
125	19200	26700
126	12000	19500
127	19200	26700
128	13800	33900
129	12000	19500
130	22800	30300
131	13800	33900
132	12000	19500
133	15600	26700
134	12000	19500
135	8400	19500
136	19200	26700
137	12000	19500
138	22800	30300
139	15600	23100
140	15600	23100
141	12000	19500
142	13800	33900
143	19200	26700
144	4800	12300
145	19200	26100
146	12000	19500
147	8400	15900
148	13800	33300
149	13800	33900
150	8400	15900
151	12000	19500
152	22800	30300
153	22800	30300
154	4800	12300
155	4800	12300
156	22800	30300
157	4800	12300
158	13800	33300
159	22800	30300
160	8400	15900
161	10200	30300
162	12000	19500
163	4800	12300
164	4800	12300
165	12000	19500
166	19200	26700
167	12000	19500
168	4800	12300
169	22800	30300
170	15600	26700
171	4800	12300
172	8400	15900
173	4800	12300
174	8400	18900
175	22800	30300
176	8400	15900
177	12000	19500
178	22800	30300
179	22800	30300
180	12000	19500
181	8400	15300
182	8400	15900
183	13800	33300
184	15600	23100
185	13800	33900
186	12000	19500
187	22800	30300
188	12000	19500
189	10200	30300
190	19200	26700
191	4800	12300
192	10200	30300
193	15600	23100
194	22800	30300
195	10200	30300
196	15600	23100
197	15600	26700
198	4800	12300
199	15600	26700
200	12000	19500
201	15600	26700
202	22800	30300
203	22800	30300
204	12000	19500
205	22800	29700
206	22800	30300
207	13800	33900
208	10200	30300
209	4800	12300
210	12000	19500
211	4800	12300
212	22800	30300
213	22800	30300
214	8400	15900
215	4800	12300
216	19200	26100
217	22800	30300
218	8400	19500
219	19200	26700
220	8400	15900
221	8400	15900
222	8400	19500
223	8400	15900
224	12000	19500
225	4800	12300
226	12000	19500
227	10200	30300
228	10200	30300
229	15600	26700
230	13800	33900
231	15600	23100
232	13800	33300
233	12000	19500
234	4800	12300
235	22800	30300
236	10200	30300
237	15600	23100
238	22800	30300
239	22800	30300
240	19200	26700
241	10200	30300
242	13800	33900
243	15600	23100
244	22800	30300
245	13800	33900
246	8400	15900
247	12000	19500
248	19200	26700
249	4800	12300
250	22800	30300
251	15600	23100
252	12000	19500
253	12000	19500
254	19200	26700
255	12000	19500
256	19200	26700
257	13800	33900
258	4800	12300
259	22800	30300
260	4800	12300
261	22800	30300
262	13800	33900
263	13800	33900
264	19200	26700
265	4800	12300
266	22800	30300
267	15600	23100
268	4800	12300
269	19200	26700
270	10200	30300
271	12000	19500
272	19200	26700
273	15600	23100
274	12000	19500
275	22800	30300
276	12000	19500
277	22800	30300
278	10200	30300
279	19200	26700
280	8400	19500
281	22800	30300
282	12000	19500
283	19200	26700
284	22800	30300
285	13800	33900
286	15600	23100
287	8400	19500
288	13800	33900
289	10200	30300
290	10200	29700
291	15600	23100
292	4800	12300
293	22800	30300
294	4800	12300
295	22800	30300
296	22800	30300
297	10200	30300
298	13800	33300
299	10200	30300
300	10200	30300
301	4800	12300
302	22800	30300
303	13800	33900
304	8400	15900
305	12000	19500
306	12000	19500
307	15600	23100
308	22800	30300
309	13800	33900
310	22800	30300
311	22800	30300
312	15600	26700
313	4800	12300
314	15600	26700
315	22800	30300
316	12000	19500
317	12000	19500
318	15600	23100
319	12000	19500
320	19200	26700
321	10200	30300
322	15600	23100
323	10200	30300
324	19200	26700
325	12000	19500
326	12000	19500
327	12000	19500
328	13800	33900
329	8400	15900
330	17400	37500
331	10200	30300
332	4800	12300
333	8400	15900
334	22800	30300
335	8400	15900
336	22800	30300
337	12000	18900
338	19200	26700
339	22800	30300
340	22800	30300
341	12000	19500
342	13800	33900
343	19200	26700
344	12000	19500
345	4800	12300
346	10200	30300
347	22800	30300
348	4800	12300
349	22800	30300
350	4800	12300
351	15600	23100
352	13800	33900
353	10200	30300
354	4800	12300
355	13800	33900
356	4800	12300
357	12000	18900
358	19200	26700
359	4800	12300
360	8400	15900
361	19200	26700
362	8400	15900
363	12000	19500
364	19200	26100
365	4800	12300
366	8400	15900
367	13800	33900
368	4800	12300
369	22800	30300
370	8400	15900
371	8400	15900
372	10200	30300
373	8400	19500
374	19200	26700
375	12000	19500
376	8400	15900
377	4800	12300
378	8400	19500
379	4800	12300
380	19200	26700
381	15600	26700
382	8400	19500
383	4800	12300
384	10200	30300
385	22800	30300
386	8400	15900
387	22800	30300
388	13800	33900
389	19200	26100
390	10200	30300
391	19200	26700
392	4800	12300
393	8400	15900
394	4800	12300
395	15600	23100
396	8400	15900
397	13800	33900
398	4800	12300
399	22800	30300
400	12000	19500
401	10200	30300
402	12000	19500
403	15600	23100
404	12000	19500
405	13800	33900
406	12000	18900
407	12000	19500
408	22800	30300
409	12000	19500
410	22800	30300
411	19200	26700
412	12000	19500
413	10200	30300
414	12000	18900
415	19200	26700
416	4800	12300
417	15600	26700
418	8400	19500
419	22800	30300
420	15600	23100
421	22800	30300
422	4800	12300
423	8400	15900
424	22800	30300
425	19200	26700
426	19200	26700
427	13800	33900
428	19200	26700
429	19200	26700
430	8400	15900
431	4800	12300
432	17400	37500
433	8400	19500
434	8400	19500
435	12000	19500
436	8400	15900
437	19200	26700
438	12000	19500
439	4800	12300
440	22800	30300
441	13800	33900
442	12000	19500
443	12000	18900
444	13800	33900
445	12000	19500
446	12000	19500
447	15600	26700
448	10200	30300
449	8400	15900
450	22800	30300
451	8400	15900
452	22800	30300
453	4800	12300
454	19200	26700
455	10200	29700
456	15600	23100
457	12000	19500
458	22800	30300
459	19200	26700
460	19200	26700
461	10200	30300
462	22800	30300
463	8400	18900
464	4800	12300
465	4800	12300
466	8400	19500
467	19200	26700
468	17400	37500
469	19200	26700
470	17400	37500
471	4800	12300
472	4800	12300
473	4800	12300
474	12000	19500
475	10200	30300
476	8400	19500
477	13800	33900
478	8400	19500
479	19200	26700
480	12000	19500
481	15600	26700
482	15600	23100
483	8400	15900
484	13800	33900
485	15600	23100
486	19200	26700
487	19200	26100
488	12000	19500
489	13800	33300
490	22800	30300
491	8400	15900
492	19200	26700
493	22800	30300
494	19200	26700
495	12000	19500
496	17400	37500
497	15600	26700
498	13800	33900
499	19200	26700
500	22800	30300
501	12000	18900
502	22800	30300
503	8400	19500
504	10200	30300
505	8400	19500
506	12000	19500
507	22800	29700
508	15600	23100
509	15600	23100
510	15600	23100
511	13800	33900
512	15600	23100
513	12000	19500
514	12000	19500
515	12000	19500
516	12000	19500
517	19200	26700
518	8400	15900
519	22800	30300
520	15600	26700
521	12000	19500
522	19200	26700
523	12000	19500
524	13800	33900
525	15600	26700
526	22800	30300
527	8400	19500
528	10200	30300
529	13800	33900
530	10200	30300
531	8400	15900
532	8400	19500
533	22800	30300
534	19200	26700
535	8400	15900
536	8400	19500
537	19200	26700
538	19200	26100
539	15600	26700
540	12000	19500
541	19200	26700
542	22800	30300
543	19200	26700
544	8400	18900
545	8400	19500
546	15600	26700
547	19200	26700
548	15600	26100
549	10200	29700
550	15600	23100
551	10200	30300
552	10200	30300
553	15600	26700
554	19200	26700
555	8400	15900
556	8400	15900
557	8400	15900
558	13800	33900
559	19200	26700
560	15600	23100
561	22800	29700
562	19200	26700
563	15600	23100
564	15600	26700
565	22800	30300
566	12000	19500
567	12000	19500
568	8400	19500
569	10200	30300
570	10200	30300
571	15600	23100
572	22800	29700
573	19200	26700
574	12000	19500
575	10200	30300
576	22800	30300
577	8400	15900
578	10200	30300
579	10200	30300
580	22800	30300
581	13800	33900
582	12000	19500
583	19200	26700
584	19200	26700
585	15600	23100
586	15600	23100
587	19200	26700
588	13800	33300
589	15600	23100
590	19200	26700
591	12000	19500
592	12000	19500
593	22800	30300
594	19200	26700
595	12000	19500
596	8400	15900
597	12000	19500
598	15600	24900
599	19200	26700
600	12000	19500
601	19200	26700
602	15600	23100
603	19200	26700
604	10200	30300
605	10200	29700
606	22800	29700
607	22800	30300
608	22800	30300
609	19200	26700
610	12000	19500
611	19200	26700
612	12000	19500
613	8400	19500
614	12000	19500
615	8400	19500
616	22800	30300
617	22800	30300
618	10200	30300
619	22800	30300
620	19200	26700
621	12000	19500
622	10200	29700
623	22800	30300
624	10200	30300
625	13800	33900
626	19200	26700
627	8400	15900
628	22800	30300
629	10200	29700
630	22800	30300
631	22800	30300
632	12000	19500
633	15600	23100
634	15600	26700
635	22800	30300
636	19200	26700
637	12000	18900
638	19200	26700
639	15600	26700
640	10200	30300
641	19200	26700
642	12000	19500
643	22800	30300
644	19200	26700
645	22800	30300
646	12000	19500
647	13800	33900
648	22800	30300
649	10200	30300
650	13800	33900
651	12000	19500
652	19200	26700
653	19200	26700
654	8400	15900
655	19200	26700
656	15600	23100
657	12000	19500
658	12000	19500
659	10200	30300
660	8400	15900
661	19200	26700
662	10200	30300
663	22800	30300
664	13800	33900
665	19200	26700
666	8400	19500
667	19200	26700
668	12000	19500
669	15600	26700
670	19200	26100
671	10200	30300
672	15600	26700
673	10200	30300
674	22800	30300
675	12000	19500
676	15600	26100
677	12000	19500
678	19200	26700
679	12000	19500
680	19200	26700
681	8400	19500
682	13800	33900
683	13800	33900
684	8400	19500
685	12000	19500
686	15600	23100
687	19200	26700
688	15600	23100
689	22800	30300
690	13800	33900
691	22800	30300
692	22800	30300
693	19200	26700
694	12000	19500
695	19200	26700
696	15600	26700
697	12000	19500
698	22800	30300
699	10200	30300
700	15600	23100
701	15600	23100
702	8400	19500
703	22800	30300
704	13800	33900
705	15600	26700
706	15600	26700
707	22800	30300
708	8400	18900
709	15600	26700
710	12000	19500
711	19200	26700
712	12000	19500
713	12000	19500
714	19200	26700
715	22800	30300
716	22800	30300
717	10200	30300
718	13800	33900
719	15600	23100
720	12000	19500
721	10200	30300
722	15600	24900
723	8400	19500
724	22800	30300
725	12000	19500
726	8400	19500
727	10200	30300
728	12000	19500
729	17400	37500
730	15600	23100
731	15600	23100
732	19200	26700
733	22800	30300
734	12000	19500
735	15600	23100
736	12000	19500
737	10200	30300
738	13800	33300
739	13800	33900
740	12000	19500
741	12000	19500
742	22800	30300
743	13800	33900
744	22800	30300
745	22800	30300
746	15600	26700
747	12000	19500
748	13800	33900
749	22800	30300
750	8400	19500
751	22800	30300
752	10200	29700
753	8400	19500
754	13800	33900
755	10200	29700
756	10200	29700
757	22800	30300
758	19200	26700
759	15600	26700
760	22800	30300
761	10200	30300
762	19200	26700
763	10200	30300
764	13800	33900
765	13800	33900
766	22800	30300
767	12000	19500
768	12000	19500
769	15600	26100
770	12000	19500
771	22800	30300
772	22800	30300
773	15600	23100
774	19200	26700
775	15600	26700
776	15600	23100
777	15600	23100
778	10200	30300
779	13800	33300
780	19200	26700
781	15600	23100
782	19200	26700
783	12000	19500
784	22800	30300
785	19200	26700
786	22800	30300
787	22800	30300
788	13800	33300
789	15600	23100
790	13800	33900
791	15600	26700
792	22800	30300
793	22800	30300
794	12000	19500
795	12000	19500
796	10200	30300
797	22800	30300
798	15600	23100
799	15600	23100
800	15600	26700
801	15600	24900
802	13800	33900
803	13800	33900
804	12000	19500
805	15600	23100
806	10200	30300
807	13800	33900
808	15600	26700
809	22800	30300
810	22800	30300
811	12000	19500
812	15600	23100
813	15600	23100
814	13800	33900
815	13800	33900
816	10200	30300
817	13800	33900
818	19200	26700
819	13800	33900
820	13800	33300
821	19200	26700
822	22800	30300
823	13800	33300
824	10200	30300
825	19200	26700
826	19200	26700
827	13800	33300
828	13800	33900
829	19200	26700
830	19200	26700
831	22800	30300
832	19200	26700
833	19200	26700
834	22800	30300
835	13800	33900
836	22800	30300
837	13800	33900
838	15600	26700
839	22800	29700
840	10200	30300
841	13800	33900
842	15600	23100
843	10200	30300
844	19200	26100
845	10200	30300
846	10200	30300
847	13800	33900
848	19200	26700
849	19200	26700
850	22800	30300
851	19200	26700
852	19200	26700
853	19200	26700
854	22800	30300
855	15600	26700
856	15600	23100
857	10200	29700
858	15600	23100
859	22800	30300
860	10200	30300
861	10200	30300
862	10200	30300
863	15600	23100
864	15600	26700
865	13800	33300
866	10200	30300
867	15600	26700
868	15600	26700
869	19200	26700
870	19200	26700
871	10200	30300
872	10200	30300
873	19200	26700
874	22800	29700
875	19200	26700
876	15600	23100
877	22800	30300
878	13800	33900
879	19200	26700
880	10200	30300
881	15600	26700
882	15600	23100
883	15600	26700
884	15600	26700
885	19200	26700
886	22800	30300
887	15600	26700
888	17400	37500
889	22800	30300
890	15600	23100
891	15600	26700
892	13800	33900
893	19200	26700
894	15600	26700
895	13800	33900
896	13800	33900
897	15600	23100
898	19200	26700
899	15600	23100
900	22800	30300
901	15600	23100
902	15600	26700
903	10200	30300
904	22800	30300
905	19200	26700
906	22800	30300
907	10200	30300
908	10200	30300
909	13800	33900
910	10200	30300
911	19200	26700
912	13800	33900
913	13800	33300
914	15600	26700
915	22800	30300
916	13800	33900
RELEASE_TIME_SECTION
1	0
2	3600
3	3600
4	3600
5	3600
6	3600
7	3600
8	3600
9	3600
10	3600
11	3600
12	3600
13	3600
14	3600
15	3600
16	3600
17	3600
18	3600
19	3600
20	3600
21	3600
22	3600
23	3600
24	3600
25	3600
26	3600
27	3600
28	3600
29	3600
30	3600
31	3600
32	3600
33	3600
34	3600
35	3600
36	3600
37	3600
38	3600
39	3600
40	3600
41	3600
42	3600
43	3600
44	3600
45	3600
46	3600
47	3600
48	3600
49	3600
50	3600
51	3600
52	3600
53	3600
54	3600
55	3600
56	3600
57	3600
58	3600
59	3600
60	3600
61	3600
62	3600
63	3600
64	3600
65	3600
66	3600
67	3600
68	3600
69	3600
70	3600
71	3600
72	3600
73	3600
74	3600
75	3600
76	3600
77	3600
78	3600
79	3600
80	3600
81	3600
82	3600
83	3600
84	3600
85	3600
86	3600
87	3600
88	3600
89	3600
90	3600
91	3600
92	3600
93	3600
94	3600
95	3600
96	3600
97	3600
98	3600
99	3600
100	3600
101	3600
102	5400
103	5400
104	5400
105	5400
106	5400
107	5400
108	5400
109	5400
110	5400
111	5400
112	5400
113	5400
114	5400
115	5400
116	5400
117	5400
118	5400
119	5400
120	5400
121	5400
122	5400
123	5400
124	5400
125	5400
126	5400
127	5400
128	5400
129	5400
130	5400
131	5400
132	5400
133	5400
134	5400
135	5400
136	5400
137	5400
138	5400
139	5400
140	5400
141	5400
142	5400
143	5400
144	5400
145	5400
146	5400
147	5400
148	5400
149	5400
150	5400
151	5400
152	5400
153	5400
154	5400
155	5400
156	5400
157	5400
158	5400
159	5400
160	5400
161	5400
162	5400
163	5400
164	5400
165	5400
166	5400
167	5400
168	5400
169	5400
170	5400
171	5400
172	5400
173	5400
174	5400
175	5400
176	5400
177	5400
178	5400
179	5400
180	5400
181	5400
182	5400
183	5400
184	5400
185	5400
186	5400
187	5400
188	5400
189	5400
190	5400
191	5400
192	5400
193	5400
194	5400
195	5400
196	5400
197	5400
198	5400
199	5400
200	5400
201	5400
202	7200
203	7200
204	7200
205	7200
206	7200
207	7200
208	7200
209	7200
210	7200
211	7200
212	7200
213	7200
214	7200
215	7200
216	7200
217	7200
218	7200
219	7200
220	7200
221	7200
222	7200
223	7200
224	7200
225	7200
226	7200
227	7200
228	7200
229	7200
230	7200
231	7200
232	7200
233	7200
234	7200
235	7200
236	7200
237	7200
238	7200
239	7200
240	7200
241	7200
242	7200
243	7200
244	7200
245	7200
246	7200
247	7200
248	7200
249	7200
250	7200
251	7200
252	7200
253	7200
254	7200
255	7200
256	7200
257	7200
258	7200
259	7200
260	7200
261	7200
262	7200
263	7200
264	7200
265	7200
266	7200
267	7200
268	7200
269	7200
270	7200
271	7200
272	7200
273	7200
274	7200
275	7200
276	7200
277	7200
278	7200
279	7200
280	7200
281	7200
282	7200
283	7200
284	7200
285	7200
286	7200
287	7200
288	7200
289	7200
290	7200
291	7200
292	7200
293	7200
294	7200
295	7200
296	7200
297	7200
298	7200
299	7200
300	7200
301	7200
302	9000
303	9000
304	9000
305	9000
306	9000
307	9000
308	9000
309	9000
310	9000
311	9000
312	9000
313	9000
314	9000
315	9000
316	9000
317	9000
318	9000
319	9000
320	9000
321	9000
322	9000
323	9000
324	9000
325	9000
326	9000
327	9000
328	9000
329	9000
330	9000
331	9000
332	9000
333	9000
334	9000
335	9000
336	9000
337	9000
338	9000
339	9000
340	9000
341	9000
342	9000
343	9000
344	9000
345	9000
346	9000
347	9000
348	9000
349	9000
350	9000
351	9000
352	9000
353	9000
354	9000
355	9000
356	9000
357	9000
358	9000
359	9000
360	9000
361	9000
362	9000
363	9000
364	9000
365	9000
366	9000
367	9000
368	9000
369	9000
370	9000
371	9000
372	9000
373	9000
374	9000
375	9000
376	9000
377	9000
378	9000
379	9000
380	9000
381	9000
382	9000
383	9000
384	9000
385	9000
386	9000
387	9000
388	9000
389	9000
390	9000
391	9000
392	9000
393	9000
394	9000
395	9000
396	9000
397	9000
398	9000
399	9000
400	9000
401	9000
402	10800
403	10800
404	10800
405	10800
406	10800
407	10800
408	10800
409	10800
410	10800
411	10800
412	10800
413	10800
414	10800
415	10800
416	10800
417	10800
418	10800
419	10800
420	10800
421	10800
422	10800
423	10800
424	10800
425	10800
426	10800
427	10800
428	10800
429	10800
430	10800
431	10800
432	10800
433	10800
434	10800
435	10800
436	10800
437	10800
438	10800
439	10800
440	10800
441	10800
442	10800
443	10800
444	10800
445	10800
446	10800
447	10800
448	10800
449	10800
450	10800
451	10800
452	10800
453	10800
454	10800
455	10800
456	10800
457	10800
458	10800
459	10800
460	10800
461	10800
462	10800
463	10800
464	10800
465	10800
466	10800
467	10800
468	10800
469	10800
470	10800
471	10800
472	10800
473	10800
474	10800
475	10800
476	10800
477	10800
478	10800
479	10800
480	10800
481	10800
482	10800
483	10800
484	10800
485	10800
486	10800
487	10800
488	10800
489	10800
490	10800
491	10800
492	10800
493	10800
494	10800
495	10800
496	12600
497	12600
498	12600
499	12600
500	12600
501	12600
502	12600
503	12600
504	12600
505	12600
506	12600
507	12600
508	12600
509	12600
510	12600
511	12600
512	12600
513	12600
514	12600
515	12600
516	12600
517	12600
518	12600
519	12600
520	12600
521	12600
522	12600
523	12600
524	12600
525	12600
526	12600
527	12600
528	12600
529	12600
530	12600
531	12600
532	12600
533	12600
534	12600
535	12600
536	12600
537	12600
538	12600
539	12600
540	12600
541	12600
542	12600
543	12600
544	12600
545	12600
546	12600
547	12600
548	12600
549	12600
550	12600
551	12600
552	12600
553	12600
554	12600
555	12600
556	12600
557	12600
558	12600
559	12600
560	12600
561	12600
562	12600
563	12600
564	12600
565	12600
566	12600
567	12600
568	12600
569	12600
570	12600
571	12600
572	12600
573	12600
574	12600
575	12600
576	12600
577	12600
578	12600
579	12600
580	12600
581	12600
582	12600
583	12600
584	12600
585	14400
586	14400
587	14400
588	14400
589	14400
590	14400
591	14400
592	14400
593	14400
594	14400
595	14400
596	14400
597	14400
598	14400
599	14400
600	14400
601	14400
602	14400
603	14400
604	14400
605	14400
606	14400
607	14400
608	14400
609	14400
610	14400
611	14400
612	14400
613	14400
614	14400
615	14400
616	14400
617	14400
618	14400
619	14400
620	14400
621	14400
622	14400
623	14400
624	14400
625	14400
626	14400
627	14400
628	14400
629	14400
630	14400
631	14400
632	14400
633	14400
634	14400
635	14400
636	14400
637	14400
638	14400
639	14400
640	14400
641	14400
642	14400
643	14400
644	14400
645	14400
646	14400
647	14400
648	14400
649	14400
650	14400
651	14400
652	14400
653	14400
654	14400
655	14400
656	14400
657	14400
658	14400
659	14400
660	14400
661	14400
662	14400
663	14400
664	14400
665	14400
666	14400
667	14400
668	14400
669	14400
670	14400
671	14400
672	14400
673	16200
674	16200
675	16200
676	16200
677	16200
678	16200
679	16200
680	16200
681	16200
682	16200
683	16200
684	16200
685	16200
686	16200
687	16200
688	16200
689	16200
690	16200
691	16200
692	16200
693	16200
694	16200
695	16200
696	16200
697	16200
698	16200
699	16200
700	16200
701	16200
702	16200
703	16200
704	16200
705	16200
706	16200
707	16200
708	16200
709	16200
710	16200
711	16200
712	16200
713	16200
714	16200
715	16200
716	16200
717	16200
718	16200
719	16200
720	16200
721	16200
722	16200
723	16200
724	16200
725	16200
726	16200
727	16200
728	16200
729	16200
730	16200
731	16200
732	16200
733	16200
734	16200
735	16200
736	16200
737	16200
738	16200
739	16200
740	16200
741	16200
742	16200
743	16200
744	16200
745	16200
746	18000
747	18000
748	18000
749	18000
750	18000
751	18000
752	18000
753	18000
754	18000
755	18000
756	18000
757	18000
758	18000
759	18000
760	18000
761	18000
762	18000
763	18000
764	18000
765	18000
766	18000
767	18000
768	18000
769	18000
770	18000
771	18000
772	18000
773	18000
774	18000
775	18000
776	18000
777	18000
778	18000
779	18000
780	18000
781	18000
782	18000
783	18000
784	18000
785	18000
786	18000
787	18000
788	18000
789	18000
790	18000
791	18000
792	18000
793	18000
794	18000
795	18000
796	18000
797	18000
798	18000
799	18000
800	18000
801	18000
802	18000
803	18000
804	18000
805	18000
806	18000
807	18000
808	18000
809	18000
810	18000
811	18000
812	18000
813	18000
814	18000
815	19800
816	19800
817	19800
818	19800
819	19800
820	19800
821	19800
822	19800
823	19800
824	19800
825	19800
826	19800
827	19800
828	19800
829	19800
830	19800
831	19800
832	19800
833	19800
834	19800
835	19800
836	19800
837	19800
838	19800
839	19800
840	19800
841	19800
842	19800
843	19800
844	19800
845	19800
846	19800
847	19800
848	19800
849	19800
850	19800
851	19800
852	19800
853	19800
854	19800
855	19800
856	19800
857	19800
858	19800
859	19800
860	19800
861	19800
862	19800
863	19800
864	21600
865	21600
866	21600
867	21600
868	21600
869	21600
870	21600
871	21600
872	21600
873	21600
874	21600
875	21600
876	21600
877	21600
878	21600
879	21600
880	21600
881	21600
882	21600
883	21600
884	21600
885	21600
886	21600
887	21600
888	21600
889	21600
890	21600
891	21600
892	21600
893	21600
894	21600
895	21600
896	21600
897	21600
898	21600
899	21600
900	21600
901	21600
902	21600
903	21600
904	21600
905	21600
906	21600
907	21600
908	21600
909	21600
910	21600
911	21600
912	21600
913	21600
914	21600
915	21600
916	21600
EOF
