NAME : ORTEC-VRPTW-ASYM-aecf9ffb-d1-n960
TYPE : VRPTW-RT
DIMENSION : 961
EDGE_WEIGHT_TYPE : EUC_2D
CAPACITY : 135
NODE_COORD_SECTION
1	4494	1350
2	5526	1353
3	7202	2380
4	3660	1059
5	3282	2089
6	4742	1804
7	6288	1812
8	6692	1024
9	2495	2072
10	3553	782
11	6352	1286
12	6025	1092
13	6542	1606
14	5450	1459
15	2555	585
16	6291	1737
17	6509	1640
18	2958	662
19	3082	2168
20	6192	1538
21	2662	598
22	6343	1621
23	1885	823
24	4406	2299
25	6834	1789
26	6763	1767
27	5187	2006
28	6739	847
29	5309	1461
30	2004	812
31	6509	1640
32	6824	2103
33	3553	782
34	7390	2652
35	3143	1840
36	4390	2093
37	4487	2146
38	6914	1469
39	7067	1726
40	4778	1853
41	6970	1800
42	5957	1417
43	6415	1680
44	5490	1657
45	2880	1410
46	4345	2007
47	4406	2299
48	6363	1756
49	7190	2140
50	3544	1578
51	2243	735
52	6545	1626
53	3664	1700
54	6391	1357
55	3775	2274
56	2002	859
57	7168	2225
58	3986	1540
59	4502	2007
60	5904	1075
61	2047	574
62	3873	2138
63	6575	1851
64	2295	732
65	4348	2310
66	2886	1733
67	5854	1598
68	6235	1658
69	5432	1864
70	6824	2103
71	6363	1756
72	6031	1807
73	5374	1287
74	6970	1800
75	3515	2411
76	3846	2059
77	4415	2042
78	3074	1834
79	2662	598
80	6067	1581
81	6092	1489
82	4055	2025
83	6617	841
84	6557	1291
85	8583	2439
86	7052	1625
87	4865	1518
88	5450	1459
89	4059	2060
90	2479	580
91	5221	1298
92	6441	1507
93	4415	2042
94	6048	2002
95	2611	1457
96	6690	2114
97	6590	1957
98	4171	1786
99	6317	1689
100	3601	2164
101	5160	1341
102	2446	830
103	5209	1804
104	5519	1281
105	5055	1649
106	6180	1385
107	4055	2025
108	6235	1658
109	3593	1694
110	6605	1756
111	6232	1400
112	3891	1137
113	3104	2342
114	4744	1074
115	7083	1996
116	6566	1601
117	3074	1834
118	5450	1459
119	4199	1844
120	7775	1774
121	6064	1722
122	5376	1046
123	3490	1540
124	6726	2008
125	7163	1817
126	4583	1936
127	5293	1159
128	6734	1790
129	1979	899
130	3282	2089
131	6566	1601
132	5867	1191
133	6763	1767
134	7168	2225
135	4671	2015
136	6901	1907
137	6254	1619
138	6271	2051
139	6542	1606
140	5854	1598
141	2004	812
142	5036	2331
143	4445	1634
144	6343	1621
145	5829	1796
146	4865	1518
147	3074	1834
148	3088	1173
149	2846	547
150	2657	1340
151	4390	2209
152	4055	2025
153	6118	1028
154	5472	1438
155	3294	2034
156	5081	1641
157	5191	2121
158	3396	1716
159	4055	2025
160	6209	1468
161	5867	1191
162	3676	2213
163	4355	2293
164	5993	1615
165	6391	1357
166	6064	1722
167	6243	1752
168	5328	1093
169	5101	1628
170	3806	2276
171	5319	1225
172	5986	1681
173	6235	1658
174	6048	2002
175	6530	2062
176	6806	1672
177	5508	1364
178	6212	1106
179	5566	1401
180	6163	1420
181	6318	1090
182	5450	1459
183	6731	1709
184	3635	1659
185	7083	1996
186	2657	1120
187	2212	592
188	7190	2140
189	4778	1853
190	5637	1344
191	6352	1286
192	6703	1539
193	2149	786
194	6545	1626
195	6388	1570
196	5473	1740
197	6542	1606
198	6166	2064
199	5139	704
200	7312	2007
201	5637	1344
202	3891	1137
203	2116	435
204	4455	1990
205	6970	2122
206	5472	1438
207	6427	1471
208	4199	2391
209	5490	1657
210	2662	598
211	8583	2439
212	5513	1469
213	2740	1152
214	3873	2138
215	7600	1599
216	5334	2264
217	6115	1811
218	6321	1530
219	6586	1675
220	4497	2261
221	6542	1674
222	4819	1751
223	4939	1666
224	5212	1648
225	6947	2064
226	5187	2006
227	7168	2225
228	5990	1217
229	6324	1447
230	3291	2294
231	5472	1438
232	6587	1664
233	6165	1913
234	6343	1621
235	4819	1751
236	5516	1407
237	4415	2042
238	6470	1636
239	2958	662
240	5615	1102
241	6209	1468
242	4911	2177
243	2656	1614
244	5237	1982
245	2611	1457
246	6704	1624
247	4819	1751
248	3443	1917
249	4618	1302
250	2558	1689
251	6232	1400
252	5450	1459
253	5990	1217
254	6415	1680
255	4055	2025
256	6319	1538
257	2479	580
258	5160	1341
259	5516	1407
260	7459	1934
261	4846	2354
262	3553	782
263	3568	1408
264	2150	453
265	4546	1561
266	6064	1722
267	5618	1489
268	5867	1191
269	5139	1641
270	2212	592
271	6732	1859
272	6660	1726
273	3032	2096
274	6307	1369
275	6206	1807
276	4546	1561
277	3759	1940
278	6391	1357
279	3505	1702
280	5450	1459
281	4984	1293
282	4939	1166
283	4984	1293
284	3553	782
285	6530	2062
286	6031	1807
287	6360	1738
288	6415	1680
289	4406	2299
290	7459	1934
291	6067	1581
292	6566	1601
293	6892	1842
294	4671	2015
295	3515	2411
296	4518	1904
297	6113	1710
298	1871	523
299	3544	1578
300	5867	1191
301	6644	1812
302	6590	1957
303	5490	1657
304	5422	1156
305	7052	1625
306	7083	1996
307	5432	1233
308	5328	1093
309	3226	1208
310	6542	1674
311	4348	2310
312	3367	2241
313	5472	1438
314	4406	2299
315	3873	2138
316	5490	1657
317	4858	2122
318	6731	1709
319	4519	2129
320	3718	2183
321	5020	1940
322	3601	2164
323	2662	598
324	3088	1173
325	6416	1604
326	5139	1641
327	6590	1957
328	4390	2209
329	3601	2164
330	4961	2123
331	6734	1790
332	6617	841
333	3505	1702
334	6352	1355
335	3412	2087
336	5750	1751
337	5970	1513
338	3822	2170
339	3291	2294
340	6192	1538
341	5764	1847
342	6796	1579
343	6391	1496
344	5020	1940
345	3986	1540
346	5970	1513
347	3191	1069
348	5191	2121
349	4127	1690
350	6575	1851
351	6557	1291
352	6209	1468
353	4445	1634
354	5036	2331
355	2543	645
356	4171	1786
357	4668	2089
358	2958	662
359	6970	2122
360	3544	1578
361	5993	1615
362	3448	949
363	6166	2064
364	5829	1796
365	6732	1859
366	6344	963
367	6363	1756
368	6360	1738
369	6227	1700
370	6387	1600
371	6321	1530
372	8485	2644
373	6806	1672
374	2935	1284
375	6550	1623
376	5422	1156
377	2002	859
378	7127	2107
379	6587	1664
380	5325	1259
381	2210	777
382	5438	1319
383	4858	2122
384	5101	1628
385	6763	1767
386	5055	1649
387	5904	1075
388	5376	1046
389	6575	1851
390	3601	2164
391	5237	1982
392	5187	2006
393	6243	1752
394	7156	2249
395	2116	435
396	3593	1694
397	5508	1364
398	4199	1844
399	4871	1333
400	3891	2214
401	6692	1024
402	6243	1752
403	3986	1540
404	3505	1702
405	6441	1507
406	3505	1702
407	5434	1107
408	6703	1539
409	2037	755
410	4390	2093
411	6731	1709
412	5422	1156
413	6353	1723
414	6352	1286
415	2740	1152
416	2495	2072
417	5584	1466
418	2812	810
419	6826	1589
420	5923	1154
421	6259	1685
422	6545	1775
423	3230	594
424	3711	853
425	6703	1539
426	2209	924
427	6166	2064
428	6324	1447
429	6749	1857
430	3663	2385
431	4618	1302
432	6233	2084
433	3226	1208
434	2523	625
435	4415	2042
436	2734	593
437	5450	1459
438	2700	1504
439	3088	1173
440	6049	2434
441	2880	1410
442	7236	2122
443	2812	810
444	6049	2434
445	5957	1417
446	5334	1045
447	4778	1853
448	5483	1375
449	2618	1293
450	5979	1638
451	3657	2217
452	3891	2214
453	5867	1191
454	2346	641
455	5843	1353
456	2495	2072
457	6164	1836
458	4344	1843
459	4579	2428
460	4127	1690
461	5904	1075
462	2004	812
463	4314	1861
464	3806	2276
465	6319	1166
466	6545	1626
467	7459	1934
468	6703	1539
469	6434	1190
470	3291	2294
471	6749	1857
472	6118	1028
473	5508	1364
474	5986	1681
475	2812	810
476	2555	585
477	4390	2025
478	4217	2135
479	3294	2034
480	6796	2210
481	5492	1486
482	4579	2428
483	6394	1314
484	3724	2354
485	6169	1360
486	3294	2034
487	8423	2729
488	4344	1843
489	3104	2342
490	6212	1106
491	5526	1353
492	6509	1640
493	2555	585
494	6704	1624
495	6227	1700
496	4171	1786
497	7600	1599
498	7190	2140
499	5139	704
500	6444	1894
501	6288	1812
502	3593	1694
503	6739	847
504	6048	2002
505	3448	949
506	4885	1406
507	6692	1024
508	6392	1198
509	6608	1390
510	5084	2266
511	7236	2122
512	6352	1286
513	6427	1471
514	6353	1723
515	3291	2294
516	4338	2171
517	1979	899
518	5993	1615
519	4344	1843
520	4590	2388
521	2846	547
522	6054	2088
523	4858	2122
524	6416	1604
525	5221	1298
526	5854	1598
527	6025	1183
528	3676	2213
529	5867	1191
530	6163	1420
531	4001	2212
532	6834	1789
533	6024	1330
534	6243	1752
535	5584	1466
536	3986	1540
537	7261	1983
538	3635	1659
539	6901	1907
540	3082	2168
541	6438	1494
542	4701	1228
543	6796	1579
544	3471	1888
545	6701	833
546	6288	1812
547	4618	1302
548	3443	1917
549	3230	594
550	5319	1225
551	4865	1518
552	6826	1589
553	6192	1538
554	4502	2007
555	4701	1228
556	2225	686
557	5020	1940
558	3806	2276
559	6438	1494
560	4497	2261
561	5516	1407
562	3226	1208
563	8342	2760
564	6353	1723
565	4742	1804
566	6550	1623
567	6031	1807
568	7390	2652
569	4984	1293
570	2295	732
571	6226	1396
572	2555	585
573	2047	574
574	3291	2294
575	6660	1726
576	7459	1934
577	6542	1606
578	5986	1681
579	6590	1957
580	4350	2442
581	4291	2319
582	2210	777
583	2037	755
584	6605	1756
585	5139	1641
586	5979	1638
587	2047	574
588	3230	594
589	6705	1627
590	5364	1230
591	2149	786
592	4939	1666
593	4742	1804
594	5191	2121
595	4818	1368
596	2206	742
597	6391	1496
598	5867	1191
599	3929	1567
600	5422	1156
601	3282	2089
602	6470	1636
603	5628	1450
604	6438	1494
605	5618	1489
606	6318	1090
607	6703	1539
608	7163	1817
609	8583	2439
610	4702	1622
611	5521	1695
612	3443	1917
613	3032	1974
614	5364	1230
615	3083	1645
616	4344	1843
617	8893	2601
618	2346	641
619	4939	1166
620	6690	2114
621	6425	2218
622	5867	1191
623	6530	2062
624	7600	1599
625	3282	2089
626	6129	908
627	5584	1466
628	3663	2385
629	2149	786
630	6605	1756
631	6660	1726
632	6067	1581
633	6199	1686
634	4858	2122
635	4939	1166
636	2150	453
637	8342	2760
638	6288	1812
639	6731	1709
640	2674	1161
641	4701	1228
642	6692	1024
643	2446	830
644	5993	1615
645	4671	2015
646	6490	1454
647	6291	1737
648	5754	1768
649	7600	1599
650	5325	1259
651	4314	1861
652	6081	1787
653	2479	580
654	2479	580
655	4199	2391
656	3230	594
657	6288	1812
658	4398	1764
659	6054	2088
660	3473	1108
661	5829	1796
662	4415	2042
663	3367	2241
664	3711	853
665	4963	2483
666	5637	1344
667	6394	1314
668	3143	1840
669	5309	1461
670	3191	1069
671	7052	1625
672	6092	1489
673	5843	1353
674	5764	1847
675	6545	1626
676	4291	2319
677	6892	1842
678	3775	2274
679	5432	1233
680	5432	1864
681	4376	2013
682	6470	1636
683	6608	1390
684	4590	2388
685	3900	2130
686	4217	2135
687	5911	1474
688	4583	1936
689	3593	1694
690	5209	1804
691	1871	523
692	6400	1793
693	5793	1706
694	4171	1786
695	3593	1694
696	6388	1570
697	4398	1764
698	5084	2266
699	4376	2013
700	5293	1159
701	2479	580
702	3505	1702
703	5722	1249
704	5993	1615
705	3593	1694
706	7072	2222
707	3663	2385
708	6392	1198
709	4314	1861
710	6834	1789
711	3473	1108
712	6727	858
713	3642	1471
714	6734	1790
715	4546	1561
716	6254	1619
717	4885	1406
718	6438	1494
719	5364	1230
720	2958	662
721	6434	1190
722	5265	1319
723	6352	1355
724	4546	1561
725	3873	2138
726	5566	1401
727	7067	1726
728	5309	1461
729	6438	1494
730	7013	2287
731	4518	1904
732	6165	1913
733	6705	1627
734	5516	1407
735	3104	2342
736	2656	1614
737	5084	2266
738	6605	1756
739	4255	2095
740	2012	591
741	6048	2002
742	6259	1685
743	4001	2212
744	6049	2434
745	5513	1469
746	5265	1319
747	3131	1869
748	6317	1689
749	6076	1109
750	6690	2114
751	2886	1733
752	7236	2122
753	4466	1698
754	5516	1407
755	6392	1198
756	4291	2319
757	5325	1375
758	5615	1102
759	6031	1807
760	3505	1702
761	5040	1497
762	6685	1871
763	4681	2339
764	6319	1166
765	4445	1634
766	6970	1800
767	2935	1284
768	6400	1793
769	4344	1843
770	6545	1775
771	3660	1059
772	6809	738
773	6291	1737
774	4818	1368
775	5334	1045
776	5419	1473
777	2510	522
778	2812	810
779	2446	830
780	6317	1689
781	4871	1333
782	5282	1404
783	4390	2093
784	6542	1674
785	6834	1789
786	8583	2439
787	5764	1847
788	5904	1075
789	4390	2093
790	5473	1740
791	2969	637
792	4330	1195
793	2510	522
794	6806	1672
795	6319	1538
796	6113	1710
797	6914	1469
798	5521	1695
799	3032	1974
800	6617	841
801	2734	593
802	5282	1404
803	6090	1168
804	3759	1940
805	5334	1045
806	3032	1974
807	6324	1447
808	6259	1685
809	5526	1353
810	7600	1599
811	5432	1233
812	8583	2439
813	2150	453
814	6163	1420
815	4999	1906
816	6441	1507
817	4330	1195
818	5293	1159
819	5081	1641
820	3553	782
821	4999	1906
822	2047	574
823	4583	1936
824	5040	1497
825	5507	1397
826	2002	859
827	6892	1842
828	6427	1471
829	5432	1233
830	2523	625
831	3891	2214
832	3891	2214
833	6209	1468
834	6212	1106
835	2618	1293
836	5325	1375
837	6660	1726
838	6608	1390
839	4455	1990
840	6490	1454
841	2911	535
842	3822	2170
843	5483	1375
844	6064	1722
845	5422	1156
846	4001	2212
847	5374	1287
848	6545	1775
849	4671	2015
850	4398	1764
851	4390	2209
852	3891	1137
853	6605	1976
854	6444	1894
855	5508	1364
856	5854	1598
857	3471	1888
858	6727	858
859	5492	1486
860	6076	1109
861	6343	1621
862	5472	1438
863	4911	2177
864	4885	1406
865	5764	1847
866	4858	2122
867	3822	2170
868	5970	1513
869	5202	1179
870	2829	1300
871	4055	2025
872	6129	908
873	6824	2103
874	6025	1183
875	5265	1319
876	6463	1618
877	6705	1627
878	4291	2319
879	2150	453
880	3496	1806
881	6968	1561
882	6324	1447
883	3601	2164
884	6644	1812
885	2558	1689
886	4729	1780
887	5473	1740
888	6343	1621
889	3635	1659
890	6166	2064
891	4330	1195
892	4345	2007
893	3471	1888
894	5376	1046
895	6463	1618
896	5628	1450
897	6383	1739
898	5979	1638
899	3642	1471
900	2829	1300
901	4055	2025
902	3282	2089
903	7390	2652
904	5419	1473
905	4984	1293
906	3718	2183
907	5628	1450
908	6206	1807
909	5867	1191
910	5319	1225
911	6212	1106
912	4742	1804
913	6530	2062
914	7312	2007
915	6970	1800
916	2740	1152
917	5584	1466
918	5513	1469
919	2958	662
920	5191	2121
921	3806	2276
922	4691	1653
923	3873	2138
924	3074	1834
925	5637	1344
926	2885	563
927	6227	1700
928	6199	1686
929	5584	1466
930	3664	2207
931	5829	1796
932	4398	1764
933	6441	1507
934	7067	1726
935	5309	1461
936	6809	738
937	7013	2287
938	6947	2064
939	6164	1836
940	6463	1618
941	6594	1562
942	7052	1625
943	5516	1407
944	6391	1496
945	4818	1368
946	2734	593
947	1885	823
948	6579	1756
949	2012	591
950	2657	1340
951	4742	1804
952	4865	1518
953	6509	1640
954	6490	1454
955	6434	1190
956	2243	735
957	5867	1191
958	3664	2207
959	5637	1344
960	5802	1325
961	5508	1364
DEMAND_SECTION
1	0
2	4
3	6
4	10
5	6
6	9
7	4
8	7
9	4
10	3
11	5
12	7
13	12
14	7
15	4
16	4
17	7
18	10
19	4
20	7
21	12
22	5
23	8
24	6
25	4
26	8
27	7
28	5
29	5
30	6
31	4
32	4
33	5
34	6
35	5
36	6
37	5
38	5
39	6
40	8
41	4
42	6
43	6
44	5
45	5
46	8
47	6
48	5
49	4
50	13
51	7
52	5
53	5
54	4
55	10
56	4
57	6
58	9
59	9
60	5
61	8
62	4
63	14
64	5
65	6
66	8
67	7
68	5
69	8
70	4
71	8
72	4
73	8
74	8
75	5
76	29
77	14
78	6
79	14
80	8
81	4
82	5
83	6
84	6
85	6
86	4
87	6
88	7
89	6
90	7
91	6
92	4
93	11
94	7
95	9
96	6
97	5
98	8
99	14
100	5
101	7
102	7
103	7
104	8
105	5
106	3
107	8
108	6
109	6
110	10
111	9
112	5
113	29
114	11
115	4
116	7
117	5
118	10
119	5
120	5
121	4
122	5
123	3
124	6
125	4
126	6
127	6
128	8
129	8
130	8
131	15
132	9
133	5
134	4
135	8
136	11
137	5
138	6
139	9
140	6
141	7
142	7
143	12
144	6
145	9
146	3
147	6
148	7
149	6
150	7
151	8
152	8
153	10
154	7
155	6
156	7
157	7
158	5
159	4
160	7
161	7
162	8
163	7
164	8
165	7
166	3
167	5
168	14
169	4
170	6
171	7
172	4
173	5
174	6
175	8
176	8
177	14
178	6
179	4
180	6
181	10
182	7
183	7
184	8
185	4
186	6
187	9
188	5
189	8
190	10
191	3
192	8
193	8
194	4
195	3
196	6
197	5
198	3
199	6
200	4
201	7
202	6
203	5
204	7
205	6
206	4
207	7
208	6
209	5
210	8
211	7
212	4
213	6
214	5
215	5
216	8
217	4
218	6
219	6
220	3
221	5
222	9
223	5
224	4
225	7
226	5
227	6
228	4
229	6
230	4
231	7
232	7
233	7
234	5
235	8
236	8
237	9
238	8
239	6
240	13
241	7
242	8
243	4
244	4
245	5
246	6
247	5
248	6
249	7
250	5
251	5
252	6
253	8
254	10
255	4
256	4
257	10
258	14
259	9
260	10
261	9
262	8
263	6
264	11
265	4
266	4
267	7
268	4
269	5
270	6
271	5
272	4
273	7
274	7
275	6
276	3
277	5
278	5
279	6
280	5
281	5
282	8
283	5
284	4
285	12
286	8
287	9
288	8
289	6
290	4
291	8
292	7
293	6
294	6
295	5
296	7
297	6
298	8
299	9
300	7
301	6
302	4
303	8
304	9
305	5
306	5
307	9
308	5
309	3
310	7
311	4
312	5
313	3
314	7
315	4
316	8
317	5
318	3
319	9
320	5
321	6
322	4
323	5
324	6
325	5
326	8
327	5
328	6
329	8
330	6
331	8
332	5
333	7
334	6
335	4
336	7
337	22
338	5
339	9
340	5
341	8
342	7
343	5
344	6
345	8
346	6
347	6
348	8
349	3
350	4
351	6
352	7
353	10
354	8
355	6
356	5
357	8
358	6
359	4
360	4
361	6
362	12
363	6
364	7
365	4
366	6
367	12
368	10
369	14
370	5
371	6
372	6
373	8
374	5
375	12
376	5
377	8
378	10
379	7
380	8
381	8
382	6
383	8
384	5
385	6
386	22
387	7
388	6
389	8
390	7
391	6
392	7
393	29
394	4
395	7
396	4
397	6
398	6
399	6
400	3
401	8
402	6
403	4
404	6
405	4
406	5
407	7
408	6
409	4
410	7
411	8
412	7
413	6
414	7
415	9
416	4
417	5
418	5
419	9
420	4
421	6
422	9
423	4
424	7
425	6
426	5
427	4
428	5
429	5
430	6
431	14
432	6
433	9
434	9
435	5
436	8
437	7
438	5
439	5
440	12
441	4
442	5
443	7
444	8
445	5
446	7
447	5
448	7
449	6
450	8
451	8
452	7
453	8
454	7
455	3
456	7
457	6
458	8
459	6
460	4
461	4
462	7
463	11
464	6
465	4
466	6
467	15
468	13
469	5
470	4
471	5
472	7
473	6
474	4
475	9
476	5
477	5
478	10
479	14
480	7
481	11
482	5
483	8
484	9
485	3
486	5
487	12
488	6
489	4
490	11
491	3
492	7
493	5
494	9
495	8
496	6
497	6
498	5
499	7
500	4
501	8
502	6
503	6
504	6
505	4
506	6
507	11
508	10
509	9
510	11
511	3
512	8
513	5
514	7
515	6
516	7
517	7
518	8
519	6
520	7
521	7
522	13
523	4
524	6
525	6
526	9
527	29
528	6
529	6
530	6
531	5
532	10
533	7
534	9
535	14
536	7
537	8
538	7
539	9
540	5
541	6
542	8
543	10
544	5
545	10
546	8
547	7
548	7
549	6
550	6
551	12
552	6
553	8
554	12
555	5
556	7
557	6
558	7
559	12
560	5
561	4
562	12
563	13
564	4
565	13
566	8
567	6
568	7
569	5
570	10
571	3
572	6
573	5
574	7
575	7
576	5
577	6
578	5
579	3
580	10
581	5
582	3
583	9
584	5
585	5
586	9
587	3
588	12
589	9
590	5
591	14
592	5
593	4
594	4
595	8
596	8
597	4
598	7
599	5
600	5
601	5
602	6
603	9
604	5
605	8
606	7
607	6
608	3
609	7
610	5
611	3
612	7
613	11
614	8
615	7
616	4
617	6
618	5
619	12
620	6
621	6
622	4
623	8
624	7
625	7
626	4
627	7
628	6
629	5
630	6
631	8
632	6
633	6
634	5
635	10
636	7
637	10
638	8
639	5
640	8
641	6
642	10
643	5
644	3
645	8
646	4
647	7
648	6
649	10
650	11
651	8
652	6
653	5
654	4
655	5
656	5
657	5
658	6
659	4
660	8
661	4
662	9
663	3
664	4
665	8
666	7
667	8
668	4
669	5
670	6
671	10
672	6
673	4
674	5
675	4
676	6
677	6
678	8
679	5
680	9
681	10
682	12
683	5
684	8
685	5
686	11
687	6
688	4
689	6
690	5
691	8
692	4
693	10
694	3
695	6
696	4
697	5
698	10
699	6
700	8
701	5
702	5
703	6
704	7
705	5
706	6
707	4
708	7
709	14
710	8
711	4
712	14
713	5
714	5
715	4
716	5
717	9
718	6
719	15
720	10
721	9
722	7
723	6
724	8
725	4
726	8
727	7
728	4
729	5
730	5
731	9
732	8
733	8
734	8
735	8
736	5
737	8
738	4
739	5
740	6
741	5
742	7
743	5
744	8
745	4
746	3
747	9
748	7
749	8
750	7
751	8
752	7
753	5
754	5
755	5
756	9
757	15
758	4
759	14
760	5
761	5
762	7
763	10
764	5
765	7
766	5
767	10
768	10
769	7
770	12
771	5
772	7
773	5
774	4
775	4
776	5
777	7
778	6
779	7
780	5
781	4
782	6
783	6
784	4
785	9
786	9
787	9
788	6
789	8
790	8
791	5
792	5
793	7
794	7
795	8
796	6
797	5
798	4
799	6
800	7
801	5
802	5
803	4
804	5
805	4
806	8
807	3
808	5
809	4
810	4
811	4
812	6
813	9
814	3
815	5
816	5
817	8
818	7
819	3
820	4
821	4
822	4
823	6
824	6
825	8
826	7
827	22
828	9
829	4
830	10
831	5
832	8
833	9
834	10
835	5
836	4
837	3
838	5
839	5
840	8
841	5
842	6
843	6
844	7
845	6
846	7
847	5
848	4
849	5
850	7
851	6
852	7
853	6
854	5
855	14
856	6
857	6
858	5
859	7
860	15
861	9
862	5
863	5
864	4
865	5
866	7
867	5
868	6
869	7
870	5
871	4
872	4
873	9
874	10
875	7
876	5
877	9
878	9
879	10
880	6
881	4
882	4
883	8
884	5
885	6
886	6
887	8
888	8
889	29
890	7
891	4
892	6
893	4
894	6
895	7
896	6
897	5
898	3
899	11
900	7
901	4
902	8
903	4
904	10
905	6
906	4
907	5
908	11
909	10
910	11
911	6
912	5
913	7
914	4
915	8
916	7
917	5
918	12
919	7
920	11
921	6
922	7
923	5
924	5
925	7
926	12
927	6
928	6
929	8
930	8
931	9
932	6
933	6
934	6
935	6
936	3
937	5
938	13
939	5
940	5
941	3
942	5
943	5
944	9
945	7
946	8
947	4
948	4
949	6
950	4
951	3
952	4
953	12
954	8
955	11
956	10
957	6
958	4
959	9
960	8
961	5
DEPOT_SECTION
1
-1
SERVICE_TIME_SECTION
1	0
2	480
3	660
4	720
5	660
6	300
7	900
8	420
9	720
10	540
11	420
12	240
13	540
14	300
15	840
16	720
17	360
18	420
19	360
20	960
21	540
22	300
23	300
24	540
25	480
26	360
27	420
28	540
29	360
30	780
31	780
32	600
33	300
34	480
35	420
36	900
37	540
38	720
39	480
40	600
41	900
42	300
43	540
44	300
45	420
46	420
47	660
48	720
49	480
50	300
51	600
52	420
53	300
54	420
55	420
56	540
57	1020
58	660
59	420
60	900
61	780
62	780
63	480
64	360
65	240
66	360
67	300
68	420
69	360
70	360
71	600
72	540
73	300
74	360
75	480
76	360
77	780
78	600
79	480
80	600
81	600
82	360
83	360
84	540
85	540
86	660
87	600
88	480
89	420
90	540
91	780
92	420
93	600
94	600
95	480
96	600
97	1020
98	720
99	360
100	300
101	1320
102	300
103	360
104	300
105	360
106	720
107	1320
108	720
109	720
110	420
111	600
112	360
113	360
114	300
115	600
116	600
117	300
118	360
119	660
120	240
121	720
122	360
123	300
124	240
125	480
126	480
127	300
128	420
129	540
130	480
131	540
132	600
133	720
134	420
135	360
136	420
137	720
138	300
139	540
140	780
141	480
142	540
143	720
144	540
145	360
146	540
147	360
148	480
149	780
150	900
151	360
152	300
153	480
154	600
155	540
156	240
157	540
158	360
159	480
160	600
161	420
162	420
163	600
164	600
165	360
166	540
167	840
168	600
169	540
170	960
171	900
172	600
173	300
174	420
175	420
176	540
177	540
178	480
179	1560
180	360
181	360
182	900
183	540
184	600
185	300
186	900
187	780
188	360
189	660
190	900
191	300
192	840
193	480
194	480
195	780
196	240
197	360
198	480
199	420
200	240
201	480
202	780
203	360
204	360
205	420
206	240
207	480
208	660
209	360
210	540
211	480
212	240
213	480
214	600
215	540
216	600
217	420
218	840
219	660
220	600
221	540
222	1020
223	780
224	780
225	420
226	300
227	360
228	480
229	240
230	840
231	1320
232	780
233	600
234	420
235	480
236	360
237	600
238	600
239	480
240	240
241	480
242	360
243	480
244	720
245	240
246	720
247	720
248	420
249	720
250	240
251	360
252	240
253	240
254	660
255	780
256	360
257	780
258	600
259	600
260	720
261	240
262	720
263	420
264	420
265	360
266	420
267	780
268	600
269	420
270	540
271	420
272	360
273	600
274	420
275	1320
276	900
277	660
278	540
279	780
280	720
281	900
282	1020
283	780
284	900
285	240
286	420
287	420
288	540
289	780
290	600
291	540
292	660
293	600
294	240
295	300
296	480
297	360
298	600
299	600
300	480
301	480
302	240
303	240
304	660
305	1020
306	480
307	300
308	600
309	480
310	360
311	300
312	420
313	720
314	600
315	540
316	480
317	600
318	840
319	360
320	900
321	600
322	600
323	360
324	900
325	600
326	540
327	480
328	480
329	420
330	360
331	420
332	240
333	660
334	360
335	780
336	240
337	600
338	360
339	240
340	420
341	360
342	720
343	540
344	420
345	600
346	540
347	540
348	480
349	360
350	240
351	780
352	660
353	300
354	480
355	660
356	600
357	540
358	360
359	660
360	660
361	360
362	720
363	420
364	420
365	480
366	600
367	540
368	300
369	420
370	540
371	360
372	240
373	480
374	360
375	660
376	300
377	780
378	540
379	480
380	660
381	600
382	540
383	840
384	240
385	600
386	960
387	540
388	660
389	480
390	360
391	480
392	480
393	600
394	1320
395	420
396	480
397	600
398	900
399	540
400	600
401	660
402	900
403	240
404	840
405	360
406	420
407	900
408	480
409	600
410	420
411	720
412	300
413	240
414	780
415	540
416	660
417	1320
418	360
419	240
420	600
421	360
422	300
423	300
424	540
425	480
426	900
427	480
428	360
429	840
430	480
431	600
432	900
433	480
434	1020
435	420
436	600
437	360
438	660
439	420
440	660
441	420
442	780
443	240
444	360
445	480
446	900
447	540
448	480
449	300
450	420
451	300
452	420
453	360
454	600
455	480
456	420
457	720
458	540
459	420
460	480
461	540
462	420
463	1320
464	300
465	540
466	600
467	480
468	360
469	480
470	360
471	360
472	300
473	900
474	480
475	600
476	540
477	540
478	540
479	600
480	420
481	300
482	480
483	600
484	420
485	660
486	480
487	840
488	540
489	240
490	300
491	720
492	540
493	480
494	780
495	420
496	240
497	540
498	420
499	600
500	480
501	360
502	420
503	360
504	480
505	480
506	420
507	420
508	240
509	540
510	420
511	480
512	540
513	360
514	360
515	1560
516	720
517	240
518	420
519	600
520	240
521	600
522	240
523	300
524	540
525	900
526	660
527	300
528	900
529	420
530	420
531	540
532	420
533	780
534	300
535	420
536	420
537	480
538	360
539	600
540	360
541	420
542	480
543	480
544	540
545	420
546	720
547	360
548	480
549	240
550	360
551	540
552	480
553	600
554	360
555	240
556	240
557	480
558	300
559	420
560	480
561	540
562	600
563	600
564	540
565	240
566	780
567	300
568	360
569	1260
570	300
571	600
572	240
573	540
574	480
575	420
576	420
577	720
578	420
579	480
580	240
581	720
582	420
583	900
584	540
585	480
586	480
587	540
588	600
589	480
590	300
591	480
592	660
593	900
594	660
595	480
596	720
597	360
598	600
599	420
600	360
601	300
602	900
603	600
604	360
605	420
606	600
607	300
608	300
609	420
610	540
611	540
612	480
613	600
614	660
615	420
616	780
617	720
618	540
619	360
620	600
621	420
622	360
623	420
624	240
625	1320
626	420
627	300
628	540
629	360
630	420
631	480
632	900
633	480
634	480
635	360
636	540
637	720
638	900
639	360
640	300
641	1080
642	420
643	480
644	360
645	960
646	360
647	1020
648	600
649	600
650	240
651	780
652	360
653	240
654	540
655	360
656	780
657	660
658	540
659	420
660	300
661	780
662	480
663	900
664	420
665	240
666	780
667	300
668	420
669	660
670	240
671	540
672	480
673	360
674	480
675	360
676	360
677	540
678	240
679	600
680	720
681	360
682	420
683	600
684	600
685	420
686	600
687	420
688	960
689	240
690	540
691	240
692	240
693	600
694	360
695	660
696	240
697	420
698	540
699	300
700	600
701	540
702	540
703	720
704	900
705	600
706	420
707	480
708	600
709	360
710	480
711	540
712	480
713	420
714	360
715	360
716	720
717	420
718	300
719	480
720	480
721	480
722	420
723	540
724	600
725	360
726	1320
727	480
728	360
729	480
730	600
731	240
732	300
733	540
734	600
735	480
736	300
737	360
738	480
739	420
740	480
741	420
742	780
743	420
744	360
745	360
746	540
747	240
748	240
749	300
750	360
751	480
752	480
753	1320
754	480
755	360
756	540
757	600
758	660
759	360
760	540
761	360
762	720
763	600
764	480
765	360
766	360
767	720
768	420
769	240
770	660
771	600
772	540
773	600
774	420
775	360
776	420
777	420
778	540
779	540
780	720
781	600
782	300
783	600
784	480
785	480
786	420
787	660
788	720
789	540
790	780
791	240
792	480
793	660
794	720
795	420
796	240
797	600
798	480
799	300
800	420
801	300
802	480
803	480
804	300
805	360
806	420
807	420
808	540
809	300
810	360
811	420
812	480
813	540
814	300
815	240
816	600
817	1320
818	660
819	240
820	780
821	480
822	300
823	720
824	660
825	360
826	420
827	360
828	540
829	420
830	660
831	360
832	360
833	360
834	540
835	900
836	240
837	600
838	420
839	360
840	600
841	420
842	360
843	240
844	420
845	600
846	840
847	360
848	360
849	240
850	300
851	420
852	480
853	240
854	900
855	540
856	600
857	420
858	360
859	900
860	240
861	360
862	900
863	480
864	420
865	720
866	300
867	600
868	420
869	300
870	780
871	840
872	300
873	300
874	360
875	780
876	720
877	360
878	540
879	360
880	1260
881	420
882	240
883	420
884	360
885	420
886	360
887	360
888	360
889	480
890	480
891	420
892	240
893	360
894	600
895	660
896	420
897	480
898	420
899	720
900	420
901	360
902	360
903	1020
904	240
905	360
906	420
907	240
908	660
909	480
910	420
911	420
912	240
913	600
914	240
915	360
916	540
917	360
918	540
919	540
920	480
921	480
922	360
923	480
924	240
925	540
926	540
927	420
928	420
929	540
930	240
931	660
932	600
933	780
934	840
935	420
936	840
937	240
938	540
939	540
940	300
941	480
942	780
943	240
944	480
945	600
946	240
947	660
948	420
949	960
950	360
951	660
952	360
953	480
954	780
955	420
956	480
957	240
958	360
959	720
960	420
961	780
TIME_WINDOW_SECTION
1	0	45000
2	19800	26700
3	16200	23100
4	16200	23100
5	10800	30300
6	12600	19500
7	23400	30300
8	10800	30300
9	5400	12300
10	9000	19500
11	12600	19500
12	23400	30300
13	9000	15900
14	19800	26700
15	9000	15900
16	23400	30300
17	10800	30300
18	10800	30300
19	5400	11700
20	12600	18900
21	5400	12300
22	16200	23100
23	9000	15900
24	23400	30300
25	19800	26700
26	23400	30300
27	5400	12300
28	9000	15900
29	19800	26100
30	12600	19500
31	10800	30300
32	19800	26100
33	10800	30300
34	19800	26700
35	19800	26700
36	19800	26700
37	10800	30300
38	9000	19500
39	9000	15900
40	23400	29700
41	16200	26700
42	19800	26700
43	9000	15900
44	16200	23100
45	10800	30300
46	23400	30300
47	19800	26700
48	9000	15900
49	10800	30300
50	23400	30300
51	19800	26700
52	9000	19500
53	19800	26700
54	23400	30300
55	9000	15900
56	9000	15900
57	12600	19500
58	23400	29700
59	23400	30300
60	9000	19500
61	5400	12300
62	23400	30300
63	19800	26700
64	5400	11700
65	9000	19500
66	9000	19500
67	10800	30300
68	5400	11700
69	16200	23100
70	10800	29700
71	9000	15900
72	10800	30300
73	16200	23100
74	19800	26700
75	19800	26700
76	12600	19500
77	16200	23100
78	10800	30300
79	23400	30300
80	16200	23100
81	16200	23100
82	23400	29700
83	10800	30300
84	12600	19500
85	19800	26700
86	9000	19500
87	9000	19500
88	10800	30300
89	16200	26100
90	12600	19500
91	10800	30300
92	5400	12300
93	10800	30300
94	12600	19500
95	5400	11700
96	19800	26700
97	9000	15300
98	9000	15900
99	19800	26700
100	23400	29700
101	12600	19500
102	12600	19500
103	10800	30300
104	5400	12300
105	10800	30300
106	9000	15900
107	12600	19500
108	10800	30300
109	5400	12300
110	19800	26700
111	10800	30300
112	19800	26700
113	23400	30300
114	16200	26700
115	23400	30300
116	23400	29700
117	16200	23100
118	10800	30300
119	9000	15900
120	12600	19500
121	9000	19500
122	10800	30300
123	23400	30300
124	19800	26700
125	10800	30300
126	10800	30300
127	10800	30300
128	10800	30300
129	10800	29700
130	9000	19500
131	10800	30300
132	16200	23100
133	5400	12300
134	9000	19500
135	16200	26700
136	19800	26100
137	5400	12300
138	12600	19500
139	10800	30300
140	12600	19500
141	16200	26100
142	9000	15900
143	23400	30300
144	9000	15900
145	12600	19500
146	19800	26700
147	19800	26700
148	5400	12300
149	23400	30300
150	10800	30300
151	5400	12300
152	23400	30300
153	10800	30300
154	16200	23100
155	19800	26700
156	23400	30300
157	19800	26700
158	16200	26700
159	12600	19500
160	19800	26700
161	12600	19500
162	9000	15900
163	16200	23100
164	9000	15900
165	9000	19500
166	5400	12300
167	23400	30300
168	19800	26700
169	9000	15900
170	16200	23100
171	16200	26100
172	23400	30300
173	23400	30300
174	23400	30300
175	16200	23100
176	10800	29700
177	12600	18900
178	9000	15900
179	16200	23100
180	12600	19500
181	16200	23100
182	12600	19500
183	5400	12300
184	5400	12300
185	9000	19500
186	19800	26700
187	9000	15900
188	9000	19500
189	19800	26700
190	5400	11700
191	23400	30300
192	12600	19500
193	16200	23100
194	12600	19500
195	23400	30300
196	5400	12300
197	19800	26700
198	9000	15900
199	23400	30300
200	16200	23100
201	12600	19500
202	19800	26700
203	19800	26700
204	5400	12300
205	19800	26700
206	19800	26700
207	23400	29700
208	19800	26700
209	9000	15900
210	9000	15900
211	10800	30300
212	18000	37500
213	9000	19500
214	23400	30300
215	9000	15900
216	12600	19500
217	12600	19500
218	23400	30300
219	5400	12300
220	16200	26700
221	23400	30300
222	10800	30300
223	23400	30300
224	23400	30300
225	9000	19500
226	9000	15900
227	19800	26700
228	10800	30300
229	23400	29700
230	19800	26700
231	9000	19500
232	9000	19500
233	10800	30300
234	9000	15900
235	19800	26700
236	19800	26700
237	19800	26700
238	12600	19500
239	5400	12300
240	5400	11700
241	16200	22500
242	12600	19500
243	10800	30300
244	5400	12300
245	16200	26700
246	12600	19500
247	19800	26700
248	12600	19500
249	19800	26700
250	19800	26700
251	12600	19500
252	12600	19500
253	16200	23100
254	19800	26700
255	5400	12300
256	23400	30300
257	23400	30300
258	10800	30300
259	16200	23100
260	10800	29700
261	16200	23100
262	16200	23100
263	12600	19500
264	23400	30300
265	10800	30300
266	23400	30300
267	9000	19500
268	10800	30300
269	23400	30300
270	23400	29700
271	23400	29700
272	12600	19500
273	5400	12300
274	12600	19500
275	16200	23100
276	23400	30300
277	12600	19500
278	10800	29700
279	10800	30300
280	16200	23100
281	9000	15900
282	19800	26700
283	5400	12300
284	5400	12300
285	12600	19500
286	10800	30300
287	23400	30300
288	23400	30300
289	23400	29700
290	16200	23100
291	10800	29700
292	10800	30300
293	10800	30300
294	19800	26700
295	5400	12300
296	16200	23100
297	19800	26700
298	9000	19500
299	19800	26700
300	23400	30300
301	19800	26700
302	9000	15300
303	10800	30300
304	16200	23100
305	9000	15900
306	12600	19500
307	12600	19500
308	12600	19500
309	12600	19500
310	19800	26700
311	16200	23100
312	16200	26700
313	9000	19500
314	19800	26700
315	12600	19500
316	19800	26700
317	19800	26100
318	19800	26700
319	5400	11700
320	23400	29700
321	10800	30300
322	5400	12300
323	9000	15900
324	12600	19500
325	9000	15900
326	19800	26700
327	19800	26700
328	9000	15900
329	9000	15900
330	9000	19500
331	16200	26700
332	23400	30300
333	19800	26700
334	19800	26700
335	16200	23100
336	23400	30300
337	9000	19500
338	10800	30300
339	10800	30300
340	19800	26700
341	9000	15900
342	10800	29700
343	10800	30300
344	10800	30300
345	9000	15900
346	23400	30300
347	19800	26700
348	16200	23100
349	10800	30300
350	23400	30300
351	19800	26700
352	16200	23100
353	10800	30300
354	12600	19500
355	10800	30300
356	23400	30300
357	16200	26700
358	19800	26700
359	16200	23100
360	19800	26700
361	23400	30300
362	9000	15900
363	23400	30300
364	9000	15300
365	16200	23100
366	12600	19500
367	9000	15900
368	16200	26700
369	19800	26700
370	19800	26700
371	23400	30300
372	19800	26700
373	10800	30300
374	9000	15900
375	10800	29700
376	10800	30300
377	19800	26700
378	12600	19500
379	12600	19500
380	23400	30300
381	9000	15900
382	9000	15900
383	19800	26700
384	10800	30300
385	9000	15900
386	9000	15900
387	9000	15900
388	10800	30300
389	10800	30300
390	16200	23100
391	12600	19500
392	23400	30300
393	16200	26700
394	23400	30300
395	10800	30300
396	12600	18900
397	10800	30300
398	10800	30300
399	10800	30300
400	10800	30300
401	16200	26100
402	19800	26700
403	16200	26700
404	9000	15900
405	12600	19500
406	19800	26100
407	9000	15900
408	9000	15900
409	10800	30300
410	10800	30300
411	23400	30300
412	16200	26700
413	10800	30300
414	9000	19500
415	9000	19500
416	16200	26100
417	9000	19500
418	9000	19500
419	10800	30300
420	9000	15900
421	19800	26700
422	12600	19500
423	10800	30300
424	23400	30300
425	9000	15900
426	16200	23100
427	23400	30300
428	23400	30300
429	9000	15900
430	16200	23100
431	10800	30300
432	19800	26700
433	12600	19500
434	10800	29700
435	9000	19500
436	16200	23100
437	10800	30300
438	23400	30300
439	23400	30300
440	12600	19500
441	19800	26700
442	10800	30300
443	12600	19500
444	16200	23100
445	10800	30300
446	23400	30300
447	10800	30300
448	9000	15900
449	10800	30300
450	23400	30300
451	10800	30300
452	10800	30300
453	23400	30300
454	9000	15900
455	12600	19500
456	19800	26700
457	23400	29700
458	19800	26700
459	23400	30300
460	9000	15900
461	9000	19500
462	23400	30300
463	10800	30300
464	9000	15900
465	12600	19500
466	16200	26100
467	10800	30300
468	9000	19500
469	19800	26700
470	12600	19500
471	9000	19500
472	23400	30300
473	12600	19500
474	19800	26700
475	9000	19500
476	18000	37500
477	9000	15900
478	9000	19500
479	9000	15900
480	19800	26700
481	12600	19500
482	19800	26700
483	23400	30300
484	9000	19500
485	12600	19500
486	19800	26700
487	23400	30300
488	9000	15900
489	10800	30300
490	12600	18900
491	23400	30300
492	23400	29700
493	16200	23100
494	10800	30300
495	10800	29700
496	23400	30300
497	12600	19500
498	19800	26700
499	23400	30300
500	10800	29700
501	9000	19500
502	12600	19500
503	9000	19500
504	23400	30300
505	16200	23100
506	23400	30300
507	16200	23100
508	12600	19500
509	10800	30300
510	19800	26700
511	23400	30300
512	16200	26100
513	19800	26700
514	19800	26700
515	9000	19500
516	16200	23100
517	16200	26100
518	19800	26700
519	12600	19500
520	16200	23100
521	16200	22500
522	23400	30300
523	12600	19500
524	23400	30300
525	19800	26700
526	23400	30300
527	9000	19500
528	10800	30300
529	9000	15900
530	10800	30300
531	19800	26700
532	19800	26700
533	9000	19500
534	12600	19500
535	10800	30300
536	19800	26700
537	10800	30300
538	12600	19500
539	23400	30300
540	16200	23100
541	9000	19500
542	19800	26700
543	19800	26700
544	23400	30300
545	10800	30300
546	10800	29700
547	19800	26700
548	10800	30300
549	9000	15900
550	10800	30300
551	16200	23100
552	12600	18900
553	16200	22500
554	12600	19500
555	19800	26700
556	19800	26700
557	12600	19500
558	23400	29700
559	9000	19500
560	23400	30300
561	10800	30300
562	10800	30300
563	10800	30300
564	16200	23100
565	10800	30300
566	9000	19500
567	23400	30300
568	16200	26700
569	23400	30300
570	10800	30300
571	12600	19500
572	9000	19500
573	16200	26700
574	9000	19500
575	16200	23100
576	19800	26700
577	12600	19500
578	19800	26700
579	10800	30300
580	10800	30300
581	12600	19500
582	19800	26700
583	23400	30300
584	12600	19500
585	19800	26700
586	10800	30300
587	23400	30300
588	16200	23100
589	16200	26700
590	16200	23100
591	12600	19500
592	10800	30300
593	12600	19500
594	19800	26700
595	10800	30300
596	9000	19500
597	23400	30300
598	16200	26100
599	12600	19500
600	12600	19500
601	19800	26700
602	12600	19500
603	16200	23100
604	12600	19500
605	12600	19500
606	23400	30300
607	16200	26700
608	19800	26700
609	19800	26700
610	19800	26700
611	10800	30300
612	9000	19500
613	12600	18900
614	12600	19500
615	12600	19500
616	10800	30300
617	10800	30300
618	10800	30300
619	19800	26700
620	10800	30300
621	10800	30300
622	9000	19500
623	23400	30300
624	19800	26700
625	23400	30300
626	19800	26700
627	10800	30300
628	16200	23100
629	16200	23100
630	10800	30300
631	10800	30300
632	12600	19500
633	10800	29700
634	12600	19500
635	12600	19500
636	19800	26700
637	10800	30300
638	23400	30300
639	23400	30300
640	10800	30300
641	23400	30300
642	12600	19500
643	23400	30300
644	19800	26700
645	12600	19500
646	10800	30300
647	23400	30300
648	16200	23100
649	19800	26700
650	23400	30300
651	23400	29700
652	16200	26700
653	10800	30300
654	19800	26100
655	19800	26700
656	12600	19500
657	10800	30300
658	9000	19500
659	19800	26700
660	10800	30300
661	10800	30300
662	23400	30300
663	23400	30300
664	10800	29700
665	10800	30300
666	23400	30300
667	10800	30300
668	23400	29700
669	10800	30300
670	23400	30300
671	19800	26700
672	16200	23100
673	19800	26700
674	16200	26700
675	10800	30300
676	23400	30300
677	23400	30300
678	16200	26100
679	9000	19500
680	16200	26700
681	23400	30300
682	16200	23100
683	23400	30300
684	12600	19500
685	12600	19500
686	12600	19500
687	19800	26700
688	16200	26100
689	16200	23100
690	10800	29700
691	19800	26700
692	19800	26700
693	23400	30300
694	19800	26700
695	19800	26700
696	23400	30300
697	12600	19500
698	12600	19500
699	19800	26700
700	16200	26700
701	19800	26700
702	16200	23100
703	10800	30300
704	16200	26700
705	27000	37500
706	23400	29700
707	9000	19500
708	23400	30300
709	12600	19500
710	16200	23100
711	23400	30300
712	16200	26700
713	19800	26700
714	19800	26700
715	16200	23100
716	23400	30300
717	16200	23100
718	19800	26700
719	19800	26700
720	10800	30300
721	10800	30300
722	16200	23100
723	19800	26700
724	10800	30300
725	19800	26700
726	10800	30300
727	10800	30300
728	10800	30300
729	10800	30300
730	10800	30300
731	10800	29700
732	10800	29700
733	16200	26100
734	23400	29700
735	23400	29700
736	23400	30300
737	16200	23100
738	23400	30300
739	16200	23100
740	10800	29700
741	10800	30300
742	19800	26700
743	16200	26700
744	19800	26700
745	19800	26700
746	23400	30300
747	10800	30300
748	23400	29700
749	19800	26700
750	10800	30300
751	19800	26700
752	23400	30300
753	19800	26700
754	23400	30300
755	23400	30300
756	10800	30300
757	10800	30300
758	19800	26700
759	19800	26700
760	19800	26700
761	19800	26700
762	10800	30300
763	10800	30300
764	10800	30300
765	19800	26700
766	23400	30300
767	10800	30300
768	10800	30300
769	16200	23100
770	10800	30300
771	16200	23100
772	19800	26700
773	10800	29700
774	23400	30300
775	10800	30300
776	10800	30300
777	10800	30300
778	10800	30300
779	10800	30300
780	10800	30300
781	23400	30300
782	19800	26700
783	10800	30300
784	10800	29700
785	23400	30300
786	16200	26700
787	19800	26700
788	16200	23100
789	16200	26100
790	19800	26700
791	23400	30300
792	19800	26700
793	16200	26700
794	10800	30300
795	10800	30300
796	19800	26700
797	10800	30300
798	10800	30300
799	19800	26700
800	16200	26700
801	16200	26700
802	23400	30300
803	23400	30300
804	10800	30300
805	19800	26700
806	19800	26700
807	10800	30300
808	10800	30300
809	16200	26700
810	23400	30300
811	19800	26700
812	19800	26700
813	16200	26700
814	10800	29700
815	23400	30300
816	16200	26700
817	19800	26700
818	19800	26700
819	19800	26700
820	19800	26700
821	23400	30300
822	19800	26700
823	10800	30300
824	23400	30300
825	19800	26700
826	23400	30300
827	10800	30300
828	16200	26700
829	10800	30300
830	10800	30300
831	19800	26700
832	10800	30300
833	23400	30300
834	19800	26700
835	16200	26700
836	19800	26700
837	19800	26700
838	19800	26700
839	19800	26700
840	19800	26700
841	10800	30300
842	10800	29700
843	10800	30300
844	19800	26700
845	10800	30300
846	19800	26700
847	16200	26700
848	10800	29700
849	10800	30300
850	16200	26700
851	23400	29700
852	10800	30300
853	16200	26700
854	19800	26700
855	16200	26700
856	19800	26700
857	19800	26700
858	23400	30300
859	23400	30300
860	23400	30300
861	23400	30300
862	19800	26700
863	16200	26700
864	10800	30300
865	10800	30300
866	10800	29700
867	16200	26100
868	23400	30300
869	19800	26700
870	23400	29700
871	23400	30300
872	16200	26700
873	16200	26700
874	10800	29700
875	10800	30300
876	19800	26700
877	19800	26700
878	23400	30300
879	19800	26700
880	16200	26700
881	10800	30300
882	16200	26100
883	19800	26700
884	19800	26700
885	19800	26700
886	10800	30300
887	16200	26700
888	16200	26700
889	10800	29700
890	16200	26700
891	23400	30300
892	10800	30300
893	27000	37500
894	16200	26700
895	10800	30300
896	19800	26700
897	23400	30300
898	10800	30300
899	19800	26700
900	10800	30300
901	23400	30300
902	16200	26700
903	10800	30300
904	19800	26700
905	23400	30300
906	16200	26700
907	16200	26700
908	10800	30300
909	16200	26700
910	23400	30300
911	23400	30300
912	23400	30300
913	23400	29700
914	23400	30300
915	23400	30300
916	10800	29700
917	10800	30300
918	16200	26700
919	23400	29700
920	23400	30300
921	10800	29700
922	19800	26700
923	10800	29700
924	23400	30300
925	10800	30300
926	10800	30300
927	10800	30300
928	23400	30300
929	10800	29700
930	23400	30300
931	10800	30300
932	23400	30300
933	23400	30300
934	10800	30300
935	10800	30300
936	23400	29700
937	10800	30300
938	10800	30300
939	10800	30300
940	10800	30300
941	10800	30300
942	10800	30300
943	23400	30300
944	10800	30300
945	23400	30300
946	10800	30300
947	10800	29700
948	23400	30300
949	10800	30300
950	10800	30300
951	10800	30300
952	10800	30300
953	10800	30300
954	23400	30300
955	23400	30300
956	10800	30300
957	23400	30300
958	23400	30300
959	23400	30300
960	23400	30300
961	23400	30300
RELEASE_TIME_SECTION
1	0
2	5400
3	5400
4	5400
5	5400
6	5400
7	5400
8	5400
9	5400
10	5400
11	5400
12	5400
13	5400
14	5400
15	5400
16	5400
17	5400
18	5400
19	5400
20	5400
21	5400
22	5400
23	5400
24	5400
25	5400
26	5400
27	5400
28	5400
29	5400
30	5400
31	5400
32	5400
33	5400
34	5400
35	5400
36	5400
37	5400
38	5400
39	5400
40	5400
41	5400
42	5400
43	5400
44	5400
45	5400
46	5400
47	5400
48	5400
49	5400
50	5400
51	5400
52	5400
53	5400
54	5400
55	5400
56	5400
57	5400
58	5400
59	5400
60	5400
61	5400
62	5400
63	5400
64	5400
65	5400
66	5400
67	5400
68	5400
69	5400
70	5400
71	5400
72	5400
73	5400
74	5400
75	5400
76	5400
77	5400
78	5400
79	5400
80	5400
81	5400
82	5400
83	5400
84	5400
85	5400
86	5400
87	5400
88	5400
89	5400
90	5400
91	5400
92	5400
93	5400
94	5400
95	5400
96	5400
97	5400
98	5400
99	5400
100	5400
101	5400
102	7200
103	7200
104	7200
105	7200
106	7200
107	7200
108	7200
109	7200
110	7200
111	7200
112	7200
113	7200
114	7200
115	7200
116	7200
117	7200
118	7200
119	7200
120	7200
121	7200
122	7200
123	7200
124	7200
125	7200
126	7200
127	7200
128	7200
129	7200
130	7200
131	7200
132	7200
133	7200
134	7200
135	7200
136	7200
137	7200
138	7200
139	7200
140	7200
141	7200
142	7200
143	7200
144	7200
145	7200
146	7200
147	7200
148	7200
149	7200
150	7200
151	7200
152	7200
153	7200
154	7200
155	7200
156	7200
157	7200
158	7200
159	7200
160	7200
161	7200
162	7200
163	7200
164	7200
165	7200
166	7200
167	7200
168	7200
169	7200
170	7200
171	7200
172	7200
173	7200
174	7200
175	7200
176	7200
177	7200
178	7200
179	7200
180	7200
181	7200
182	7200
183	7200
184	7200
185	7200
186	7200
187	7200
188	7200
189	7200
190	7200
191	7200
192	7200
193	7200
194	7200
195	7200
196	7200
197	7200
198	7200
199	7200
200	7200
201	7200
202	9000
203	9000
204	9000
205	9000
206	9000
207	9000
208	9000
209	9000
210	9000
211	9000
212	9000
213	9000
214	9000
215	9000
216	9000
217	9000
218	9000
219	9000
220	9000
221	9000
222	9000
223	9000
224	9000
225	9000
226	9000
227	9000
228	9000
229	9000
230	9000
231	9000
232	9000
233	9000
234	9000
235	9000
236	9000
237	9000
238	9000
239	9000
240	9000
241	9000
242	9000
243	9000
244	9000
245	9000
246	9000
247	9000
248	9000
249	9000
250	9000
251	9000
252	9000
253	9000
254	9000
255	9000
256	9000
257	9000
258	9000
259	9000
260	9000
261	9000
262	9000
263	9000
264	9000
265	9000
266	9000
267	9000
268	9000
269	9000
270	9000
271	9000
272	9000
273	9000
274	9000
275	9000
276	9000
277	9000
278	9000
279	9000
280	9000
281	9000
282	9000
283	9000
284	9000
285	9000
286	9000
287	9000
288	9000
289	9000
290	9000
291	9000
292	9000
293	9000
294	9000
295	9000
296	9000
297	9000
298	9000
299	9000
300	9000
301	9000
302	10800
303	10800
304	10800
305	10800
306	10800
307	10800
308	10800
309	10800
310	10800
311	10800
312	10800
313	10800
314	10800
315	10800
316	10800
317	10800
318	10800
319	10800
320	10800
321	10800
322	10800
323	10800
324	10800
325	10800
326	10800
327	10800
328	10800
329	10800
330	10800
331	10800
332	10800
333	10800
334	10800
335	10800
336	10800
337	10800
338	10800
339	10800
340	10800
341	10800
342	10800
343	10800
344	10800
345	10800
346	10800
347	10800
348	10800
349	10800
350	10800
351	10800
352	10800
353	10800
354	10800
355	10800
356	10800
357	10800
358	10800
359	10800
360	10800
361	10800
362	10800
363	10800
364	10800
365	10800
366	10800
367	10800
368	10800
369	10800
370	10800
371	10800
372	10800
373	10800
374	10800
375	10800
376	10800
377	10800
378	10800
379	10800
380	10800
381	10800
382	10800
383	10800
384	10800
385	10800
386	10800
387	10800
388	10800
389	10800
390	10800
391	12600
392	12600
393	12600
394	12600
395	12600
396	12600
397	12600
398	12600
399	12600
400	12600
401	12600
402	12600
403	12600
404	12600
405	12600
406	12600
407	12600
408	12600
409	12600
410	12600
411	12600
412	12600
413	12600
414	12600
415	12600
416	12600
417	12600
418	12600
419	12600
420	12600
421	12600
422	12600
423	12600
424	12600
425	12600
426	12600
427	12600
428	12600
429	12600
430	12600
431	12600
432	12600
433	12600
434	12600
435	12600
436	12600
437	12600
438	12600
439	12600
440	12600
441	12600
442	12600
443	12600
444	12600
445	12600
446	12600
447	12600
448	12600
449	12600
450	12600
451	12600
452	12600
453	12600
454	12600
455	12600
456	12600
457	12600
458	12600
459	12600
460	12600
461	12600
462	12600
463	12600
464	12600
465	12600
466	12600
467	12600
468	12600
469	12600
470	12600
471	12600
472	12600
473	12600
474	12600
475	12600
476	12600
477	12600
478	12600
479	12600
480	12600
481	12600
482	14400
483	14400
484	14400
485	14400
486	14400
487	14400
488	14400
489	14400
490	14400
491	14400
492	14400
493	14400
494	14400
495	14400
496	14400
497	14400
498	14400
499	14400
500	14400
501	14400
502	14400
503	14400
504	14400
505	14400
506	14400
507	14400
508	14400
509	14400
510	14400
511	14400
512	14400
513	14400
514	14400
515	14400
516	14400
517	14400
518	14400
519	14400
520	14400
521	14400
522	14400
523	14400
524	14400
525	14400
526	14400
527	14400
528	14400
529	14400
530	14400
531	14400
532	14400
533	14400
534	14400
535	14400
536	14400
537	14400
538	14400
539	14400
540	14400
541	14400
542	14400
543	14400
544	14400
545	14400
546	14400
547	14400
548	14400
549	14400
550	14400
551	14400
552	14400
553	14400
554	14400
555	14400
556	14400
557	14400
558	14400
559	14400
560	14400
561	14400
562	14400
563	14400
564	16200
565	16200
566	16200
567	16200
568	16200
569	16200
570	16200
571	16200
572	16200
573	16200
574	16200
575	16200
576	16200
577	16200
578	16200
579	16200
580	16200
581	16200
582	16200
583	16200
584	16200
585	16200
586	16200
587	16200
588	16200
589	16200
590	16200
591	16200
592	16200
593	16200
594	16200
595	16200
596	16200
597	16200
598	16200
599	16200
600	16200
601	16200
602	16200
603	16200
604	16200
605	16200
606	16200
607	16200
608	16200
609	16200
610	16200
611	16200
612	16200
613	16200
614	16200
615	16200
616	16200
617	16200
618	16200
619	16200
620	16200
621	16200
622	16200
623	16200
624	16200
625	16200
626	16200
627	16200
628	16200
629	16200
630	16200
631	16200
632	16200
633	16200
634	16200
635	16200
636	16200
637	16200
638	16200
639	16200
640	16200
641	16200
642	16200
643	16200
644	16200
645	18000
646	18000
647	18000
648	18000
649	18000
650	18000
651	18000
652	18000
653	18000
654	18000
655	18000
656	18000
657	18000
658	18000
659	18000
660	18000
661	18000
662	18000
663	18000
664	18000
665	18000
666	18000
667	18000
668	18000
669	18000
670	18000
671	18000
672	18000
673	18000
674	18000
675	18000
676	18000
677	18000
678	18000
679	18000
680	18000
681	18000
682	18000
683	18000
684	18000
685	18000
686	18000
687	18000
688	18000
689	18000
690	18000
691	18000
692	18000
693	18000
694	18000
695	18000
696	18000
697	18000
698	18000
699	18000
700	18000
701	18000
702	18000
703	18000
704	18000
705	18000
706	18000
707	18000
708	18000
709	18000
710	18000
711	18000
712	18000
713	18000
714	19800
715	19800
716	19800
717	19800
718	19800
719	19800
720	19800
721	19800
722	19800
723	19800
724	19800
725	19800
726	19800
727	19800
728	19800
729	19800
730	19800
731	19800
732	19800
733	19800
734	19800
735	19800
736	19800
737	19800
738	19800
739	19800
740	19800
741	19800
742	19800
743	19800
744	19800
745	19800
746	19800
747	19800
748	19800
749	19800
750	19800
751	19800
752	19800
753	19800
754	19800
755	19800
756	19800
757	19800
758	19800
759	19800
760	19800
761	19800
762	19800
763	19800
764	19800
765	19800
766	19800
767	19800
768	19800
769	19800
770	19800
771	19800
772	19800
773	19800
774	21600
775	21600
776	21600
777	21600
778	21600
779	21600
780	21600
781	21600
782	21600
783	21600
784	21600
785	21600
786	21600
787	21600
788	21600
789	21600
790	21600
791	21600
792	21600
793	21600
794	21600
795	21600
796	21600
797	21600
798	21600
799	21600
800	21600
801	21600
802	21600
803	21600
804	21600
805	21600
806	21600
807	21600
808	21600
809	21600
810	21600
811	21600
812	21600
813	21600
814	21600
815	21600
816	21600
817	21600
818	21600
819	21600
820	21600
821	21600
822	21600
823	21600
824	21600
825	21600
826	21600
827	21600
828	21600
829	21600
830	21600
831	21600
832	21600
833	21600
834	21600
835	21600
836	23400
837	23400
838	23400
839	23400
840	23400
841	23400
842	23400
843	23400
844	23400
845	23400
846	23400
847	23400
848	23400
849	23400
850	23400
851	23400
852	23400
853	23400
854	23400
855	23400
856	23400
857	23400
858	23400
859	23400
860	23400
861	23400
862	23400
863	23400
864	23400
865	23400
866	23400
867	23400
868	23400
869	23400
870	23400
871	23400
872	23400
873	23400
874	23400
875	23400
876	23400
877	23400
878	23400
879	23400
880	23400
881	23400
882	23400
883	23400
884	23400
885	23400
886	23400
887	23400
888	23400
889	23400
890	23400
891	25200
892	25200
893	25200
894	25200
895	25200
896	25200
897	25200
898	25200
899	25200
900	25200
901	25200
902	25200
903	25200
904	25200
905	25200
906	25200
907	25200
908	25200
909	25200
910	25200
911	25200
912	25200
913	25200
914	25200
915	25200
916	25200
917	25200
918	25200
919	25200
920	25200
921	25200
922	25200
923	25200
924	25200
925	25200
926	25200
927	25200
928	25200
929	25200
930	27000
931	27000
932	27000
933	27000
934	27000
935	27000
936	27000
937	27000
938	27000
939	27000
940	27000
941	27000
942	27000
943	27000
944	27000
945	27000
946	27000
947	27000
948	27000
949	27000
950	27000
951	27000
952	27000
953	27000
954	27000
955	27000
956	27000
957	27000
958	27000
959	27000
960	27000
961	27000
EOF
