NAME : ORTEC-VRPTW-ASYM-ed97d7dc-d1-n1002
TYPE : VRPTW-RT
DIMENSION : 1003
EDGE_WEIGHT_TYPE : EUC_2D
CAPACITY : 160
NODE_COORD_SECTION
1	1520	3323
2	3019	4523
3	3398	4713
4	3224	3727
5	2295	4542
6	2394	2106
7	1062	1372
8	0	88
9	1436	3405
10	3175	4350
11	2982	3623
12	3052	4563
13	2976	4912
14	2226	3309
15	3351	4680
16	1609	3615
17	4451	6735
18	3323	4242
19	514	473
20	2113	4004
21	3607	5138
22	756	810
23	681	2759
24	606	1957
25	2760	5186
26	3625	5743
27	414	1902
28	2424	4821
29	1372	3469
30	322	1806
31	4451	6735
32	1517	2007
33	791	618
34	1778	3653
35	290	779
36	2053	3057
37	3319	3701
38	661	814
39	303	1686
40	2654	4554
41	1963	3918
42	2095	2917
43	3499	3884
44	2721	5160
45	812	2487
46	3636	3724
47	3396	3654
48	1539	3396
49	2416	3791
50	1174	2680
51	2646	3470
52	3078	5153
53	2585	4017
54	1248	1430
55	2289	3907
56	2962	5096
57	2007	4005
58	895	1307
59	3947	6081
60	1534	2183
61	3052	4563
62	1700	2636
63	722	520
64	3090	4834
65	1198	1352
66	3050	4017
67	3496	5954
68	1512	1824
69	1141	2887
70	2865	4996
71	1539	3396
72	2268	4679
73	736	2285
74	1963	3918
75	3624	5127
76	562	2250
77	3121	3720
78	2225	2018
79	3607	5138
80	1413	3157
81	923	2693
82	606	1957
83	3227	4797
84	2642	3748
85	2993	5041
86	562	2250
87	4490	6668
88	2226	3309
89	2092	2147
90	319	1383
91	2500	4046
92	2323	3822
93	3121	3720
94	2703	2670
95	1158	1921
96	4156	6120
97	3896	6106
98	327	1701
99	429	1691
100	2268	4679
101	3279	3699
102	2139	4284
103	1023	1180
104	1237	1628
105	1534	1227
106	1885	1889
107	606	1957
108	961	1283
109	665	651
110	2409	3494
111	1512	1824
112	1411	3439
113	3252	4388
114	2506	2036
115	3499	5592
116	851	2740
117	2225	2018
118	2226	3309
119	2381	4168
120	2424	4821
121	2386	3035
122	586	2133
123	791	618
124	3371	4772
125	1198	1352
126	476	2185
127	3410	3473
128	382	2313
129	1805	3508
130	2295	4542
131	851	2740
132	1023	1180
133	1690	2743
134	625	1267
135	2163	1972
136	201	1144
137	690	2190
138	4187	6513
139	2976	4912
140	3496	5954
141	322	1806
142	824	2672
143	2396	4069
144	756	810
145	1015	2548
146	4490	6668
147	2225	2018
148	866	1366
149	2565	3736
150	3747	4249
151	3052	5273
152	606	1957
153	3323	4242
154	3947	6326
155	452	1827
156	537	155
157	2928	4368
158	1153	1805
159	3979	6126
160	923	2693
161	1023	1180
162	2323	3228
163	382	2313
164	2299	3836
165	1248	1430
166	2386	3035
167	3286	3689
168	3947	6081
169	3721	3862
170	1790	2484
171	412	2245
172	2542	2575
173	1512	1824
174	2703	2670
175	2238	3855
176	324	1840
177	405	1822
178	2188	2106
179	3315	5339
180	1134	3172
181	800	2347
182	2226	3309
183	3108	3990
184	449	1118
185	3499	5592
186	1062	1372
187	416	756
188	2416	3791
189	2654	4554
190	3279	3699
191	2982	3623
192	502	2050
193	3252	4388
194	3078	5153
195	2287	3956
196	2172	2995
197	2396	4069
198	2506	2036
199	1962	3831
200	3253	3638
201	1177	1182
202	1411	3439
203	2435	3533
204	441	0
205	2512	2902
206	3947	6326
207	1049	1804
208	2809	4838
209	2721	5160
210	3607	5138
211	3489	4782
212	47	144
213	1708	1960
214	618	533
215	922	1036
216	2425	4763
217	1003	1439
218	1946	2945
219	3175	4350
220	1508	1693
221	3168	4773
222	3899	5452
223	253	349
224	3339	4033
225	2936	5053
226	309	1174
227	625	1267
228	247	1724
229	311	2100
230	3396	3654
231	3947	6326
232	364	1534
233	618	533
234	756	810
235	3899	5452
236	2323	3228
237	2343	2799
238	4410	6784
239	890	2590
240	3190	5032
241	923	2693
242	1049	1804
243	2699	4347
244	1591	3015
245	1158	1921
246	1273	1881
247	3899	5452
248	1534	1227
249	1510	3710
250	2245	3327
251	1512	1824
252	2226	3309
253	3180	4613
254	3499	3884
255	606	1957
256	3633	6068
257	319	1383
258	3279	3699
259	90	325
260	2289	3887
261	3896	6106
262	3175	4350
263	880	2803
264	937	1764
265	180	1203
266	2386	3035
267	3426	4908
268	1023	1180
269	3168	4773
270	416	756
271	4568	6084
272	827	2693
273	1601	3859
274	961	1283
275	2555	3291
276	3339	4033
277	2244	3836
278	1248	1430
279	3237	4539
280	2226	3309
281	1487	3355
282	2819	4568
283	1487	3355
284	3175	4350
285	665	651
286	2425	4763
287	2181	3316
288	3499	3884
289	606	1957
290	2289	3887
291	47	144
292	851	2740
293	1700	2636
294	2163	1972
295	3624	5127
296	1011	1013
297	2910	3703
298	973	490
299	1174	2680
300	1023	1180
301	2587	2609
302	2135	3612
303	2721	5160
304	2343	2545
305	1141	2887
306	3499	5592
307	3484	4609
308	1015	2548
309	495	2136
310	4156	6120
311	3947	6081
312	3190	5032
313	3168	4773
314	1198	1352
315	3414	4844
316	3947	6326
317	3396	3654
318	1700	2636
319	2721	5160
320	1261	2960
321	3108	3990
322	3887	5289
323	1963	3918
324	3362	3756
325	895	1307
326	3607	5138
327	413	1885
328	866	1366
329	1139	1356
330	933	2858
331	3896	6106
332	1484	1867
333	895	1307
334	684	2518
335	1461	1750
336	1123	1587
337	201	1144
338	2120	2825
339	438	1966
340	2542	2575
341	3223	3306
342	683	2207
343	3396	3654
344	3131	5361
345	141	1753
346	1563	3500
347	3496	5954
348	2408	3056
349	3380	3816
350	1414	1720
351	3223	3306
352	2184	2464
353	2928	4368
354	3054	3907
355	722	520
356	2642	3748
357	3641	6171
358	2976	4912
359	2396	4069
360	824	2672
361	1529	3465
362	327	1701
363	3493	3813
364	890	2590
365	2512	2902
366	1174	2680
367	2299	3836
368	3975	6490
369	3108	3990
370	1634	1753
371	347	2102
372	1015	2548
373	1979	3630
374	1539	3396
375	2181	3316
376	2940	3808
377	939	1526
378	3109	3979
379	1946	2945
380	2316	4670
381	324	1840
382	1316	1599
383	3055	5394
384	517	2099
385	2343	2545
386	881	818
387	2096	4116
388	364	1534
389	3421	4960
390	3050	4017
391	927	2474
392	3252	4388
393	1261	2960
394	3721	3862
395	3131	3965
396	1534	2183
397	586	2133
398	722	520
399	2268	4679
400	1591	3015
401	309	1174
402	3286	3689
403	2135	3612
404	2265	3974
405	2004	3035
406	405	1822
407	722	520
408	2381	4168
409	2977	3570
410	879	890
411	0	88
412	895	1307
413	3237	4539
414	1754	1826
415	3237	4539
416	3227	4797
417	2149	3212
418	924	2626
419	2053	3057
420	3255	4766
421	2343	2545
422	2826	5272
423	2982	3623
424	1708	1960
425	877	2656
426	1436	3405
427	1003	1439
428	2898	4580
429	3887	5289
430	3302	5283
431	405	1822
432	1675	1635
433	1962	3831
434	3052	5273
435	3001	4319
436	2149	3212
437	347	2102
438	2506	2036
439	3407	3567
440	311	2100
441	2780	4075
442	402	1705
443	1510	3710
444	2798	4257
445	3185	4065
446	3245	3964
447	3121	3720
448	2524	2954
449	2226	3309
450	1029	2814
451	717	928
452	866	1366
453	2023	2004
454	1015	2548
455	306	402
456	1869	3584
457	2023	2004
458	2095	2917
459	3086	5208
460	1192	1347
461	2654	4554
462	2350	3124
463	390	2155
464	1158	1921
465	227	1758
466	1372	3469
467	2834	4413
468	3255	4766
469	1023	1180
470	3047	3782
471	312	1903
472	1436	3405
473	2095	2917
474	717	928
475	835	2352
476	2531	3674
477	3362	3756
478	1790	2484
479	2090	2436
480	3078	5153
481	2289	3887
482	502	2050
483	1563	3500
484	1202	1389
485	2780	4075
486	405	1822
487	2542	2575
488	3887	5289
489	1197	1606
490	3553	4722
491	452	1827
492	3359	3832
493	2865	4996
494	2120	2825
495	835	2352
496	2182	3016
497	2998	4949
498	3686	4301
499	452	1827
500	1754	1826
501	2092	2135
502	717	928
503	3252	4388
504	2531	3674
505	3019	4523
506	327	1906
507	602	2144
508	1273	1881
509	2940	3808
510	327	1701
511	1273	1881
512	922	1036
513	2416	3791
514	851	1230
515	1062	1372
516	2004	3035
517	2096	3357
518	2703	2670
519	3108	3990
520	4128	6420
521	4117	4075
522	317	1528
523	306	402
524	2982	3623
525	1049	1804
526	1248	1430
527	1609	3615
528	2826	5272
529	1202	1389
530	2976	4912
531	1805	3508
532	717	928
533	2565	3736
534	2409	4707
535	2469	2114
536	1700	2636
537	1261	2960
538	3625	5743
539	2865	4996
540	3496	5954
541	2491	3464
542	3414	4844
543	1023	1180
544	1134	3172
545	3636	3724
546	596	2538
547	214	1077
548	3108	3990
549	180	1203
550	3286	3689
551	1601	3859
552	2226	3309
553	2898	4580
554	895	1307
555	2958	4420
556	449	1118
557	201	1144
558	1514	1742
559	3319	3701
560	3131	5361
561	433	2584
562	1739	3963
563	3496	5954
564	502	2050
565	844	2169
566	537	155
567	1510	3710
568	1534	1227
569	3052	5273
570	1778	3653
571	4490	6668
572	3553	4722
573	3131	5361
574	2169	2356
575	605	201
576	3052	4563
577	3362	3756
578	1790	2484
579	1563	3500
580	813	2765
581	90	325
582	3185	4065
583	939	1526
584	2826	5272
585	1514	1742
586	2425	4763
587	1778	3653
588	3090	4834
589	586	2133
590	3380	3816
591	47	144
592	3351	4680
593	3396	3654
594	3252	4388
595	2289	3887
596	1450	2278
597	3440	4909
598	3253	3638
599	924	2626
600	495	2136
601	2182	3016
602	3351	4680
603	933	2858
604	1372	3469
605	3052	4563
606	2384	2840
607	1150	2384
608	2424	4821
609	1523	3512
610	602	2144
611	1514	1742
612	2928	4368
613	1739	3963
614	851	2740
615	2826	5272
616	2408	3056
617	1023	1180
618	2524	2954
619	3510	4980
620	2295	4542
621	2092	2147
622	1563	3500
623	1487	3355
624	800	2347
625	2149	3212
626	1177	1182
627	2780	2616
628	3489	4782
629	1563	3500
630	3896	6106
631	4490	6668
632	2523	2059
633	1534	1227
634	2565	3736
635	1523	3512
636	1562	1950
637	717	928
638	2451	3847
639	3047	3782
640	3877	5660
641	3974	5502
642	2654	4554
643	1023	1180
644	665	651
645	2295	4542
646	354	1661
647	1062	1372
648	1625	1977
649	961	1283
650	402	1705
651	3252	4388
652	827	2693
653	1413	3157
654	4149	6028
655	1261	2960
656	3877	5660
657	939	1526
658	537	155
659	3255	4766
660	2007	4005
661	1851	1930
662	0	88
663	2139	4284
664	2299	3836
665	2699	4347
666	2163	1972
667	756	810
668	933	2858
669	1618	3700
670	3286	3689
671	309	1174
672	1609	3615
673	2238	3855
674	922	1036
675	3421	4960
676	2409	3494
677	319	1383
678	306	402
679	1062	1372
680	2409	4707
681	2188	2106
682	3344	4009
683	3121	3720
684	1316	1599
685	684	2518
686	3001	4319
687	3108	3990
688	1177	1182
689	2182	3016
690	2403	4576
691	1562	1950
692	684	2518
693	562	2250
694	923	2693
695	312	1903
696	3148	5019
697	2355	2210
698	2289	3907
699	3484	4609
700	1141	2887
701	1192	1347
702	1523	3512
703	413	1885
704	3974	5502
705	416	756
706	3553	4722
707	2309	4687
708	476	2185
709	3489	4782
710	2993	5041
711	973	490
712	1513	3651
713	3510	4980
714	3975	6490
715	247	1724
716	327	1701
717	317	1528
718	3410	3473
719	1517	2007
720	319	1383
721	3237	4539
722	927	2474
723	2403	4576
724	2760	5186
725	835	2352
726	1633	3536
727	3593	3706
728	1700	2636
729	1139	1356
730	866	1366
731	2409	3494
732	2760	5186
733	2188	2106
734	1656	3571
735	1601	3859
736	3121	3720
737	1413	3157
738	690	2190
739	1562	1950
740	4128	6420
741	625	1267
742	433	2584
743	1523	3512
744	1563	3500
745	2721	5160
746	2524	2954
747	3493	3813
748	1618	3700
749	2865	4996
750	2120	2825
751	681	2759
752	3339	4033
753	2910	3703
754	618	533
755	303	1686
756	1372	3469
757	433	2584
758	1523	3512
759	1150	2384
760	927	2474
761	4187	6513
762	2699	4347
763	2409	3494
764	3021	3772
765	606	1957
766	961	1283
767	3510	4980
768	3190	5032
769	2703	2670
770	1675	1635
771	596	2538
772	2023	2004
773	47	144
774	2627	4818
775	1253	1728
776	3175	3879
777	3974	5502
778	3050	4017
779	528	1977
780	90	325
781	3172	4828
782	3175	4350
783	2355	2210
784	1656	3571
785	683	2207
786	2425	4763
787	3237	4539
788	779	2092
789	2958	4420
790	2340	3122
791	413	1885
792	1029	2814
793	1011	1013
794	396	1854
795	1609	3615
796	2150	2973
797	2113	4004
798	3887	5289
799	141	1753
800	2722	4834
801	1253	1728
802	2053	3057
803	3148	5019
804	3407	3567
805	2760	5186
806	2512	2902
807	312	1903
808	2703	2670
809	1534	2183
810	3121	3720
811	2172	2995
812	1735	1854
813	1425	1520
814	324	1840
815	3633	6068
816	2910	3703
817	661	814
818	3877	5660
819	2112	2672
820	2926	5291
821	661	814
822	2451	3847
823	2323	3228
824	1517	1776
825	1513	3651
826	311	2100
827	1675	1635
828	1774	1957
829	1517	1776
830	922	1036
831	354	1661
832	1436	1364
833	2323	3822
834	1546	1638
835	3052	4563
836	3001	4319
837	2265	3974
838	1339	1252
839	405	1689
840	2721	5160
841	1517	2007
842	2976	4912
843	881	818
844	1700	2636
845	3567	5556
846	1823	2424
847	2169	2356
848	2982	3623
849	1517	1776
850	1192	1347
851	879	890
852	2265	3974
853	923	2693
854	227	1758
855	1656	3571
856	4358	6583
857	617	873
858	827	2693
859	4257	5645
860	3896	6106
861	683	2207
862	2350	3124
863	2135	3612
864	1523	3512
865	1354	2534
866	736	2285
867	393	1592
868	3874	6321
869	54	414
870	3398	4713
871	3001	4319
872	415	1689
873	881	818
874	390	2155
875	3496	5954
876	3122	4286
877	2396	4069
878	1656	3571
879	2865	4996
880	2396	4069
881	429	1691
882	3947	6326
883	1823	2424
884	4128	6420
885	1546	1638
886	2316	4670
887	1261	2960
888	3223	3306
889	4410	6784
890	3567	5556
891	1848	2732
892	141	1753
893	3979	6126
894	390	2155
895	1625	1977
896	2491	3464
897	2302	2864
898	2184	2464
899	0	88
900	1150	2384
901	2355	2210
902	2394	2106
903	1139	1356
904	1633	3536
905	2928	4368
906	2435	3533
907	1123	1587
908	1979	3630
909	2245	3327
910	2172	2995
911	449	1118
912	3624	5127
913	3636	3724
914	3180	4613
915	1461	1750
916	3224	3727
917	3255	4766
918	618	533
919	309	1174
920	2928	4368
921	2926	5291
922	1633	3536
923	3636	3724
924	606	1957
925	1778	3653
926	319	1383
927	1461	1750
928	2555	3291
929	2394	2106
930	2238	3855
931	514	473
932	1963	3918
933	2135	3612
934	2898	4580
935	227	1758
936	3323	4242
937	3918	4539
938	3877	5660
939	2386	3035
940	2155	2727
941	2940	3808
942	2403	4576
943	312	1903
944	3947	6081
945	2182	3016
946	2112	2672
947	2977	3570
948	1015	2548
949	2096	4116
950	2928	4368
951	514	473
952	4156	6120
953	895	1307
954	2095	2917
955	3180	4613
956	441	0
957	2169	2356
958	47	144
959	681	2759
960	3747	4249
961	2394	2106
962	3055	5394
963	0	88
964	2182	3016
965	2023	2004
966	791	618
967	1433	2099
968	2092	2135
969	3359	3832
970	895	1307
971	2092	2135
972	1141	2887
973	2309	4687
974	3131	5361
975	3185	4065
976	393	1592
977	193	1560
978	1372	3469
979	3086	5208
980	890	2590
981	1436	3405
982	1198	1352
983	2394	2106
984	413	1885
985	1273	1881
986	2586	4426
987	3078	5153
988	1634	1753
989	1513	3651
990	3721	3862
991	2343	2545
992	813	2765
993	1656	3571
994	2396	4069
995	1739	3963
996	1618	3700
997	1134	3172
998	2435	3533
999	2409	3494
1000	2004	3035
1001	562	2250
1002	2577	3151
1003	1512	1824
DEMAND_SECTION
1	0
2	6
3	5
4	7
5	13
6	7
7	10
8	9
9	8
10	5
11	6
12	3
13	5
14	2
15	6
16	7
17	4
18	5
19	2
20	5
21	5
22	18
23	10
24	3
25	4
26	3
27	7
28	8
29	7
30	7
31	7
32	4
33	7
34	7
35	8
36	6
37	3
38	5
39	7
40	6
41	3
42	6
43	5
44	9
45	4
46	4
47	3
48	9
49	4
50	10
51	14
52	7
53	4
54	7
55	10
56	5
57	6
58	7
59	6
60	3
61	4
62	10
63	4
64	5
65	6
66	5
67	7
68	5
69	4
70	5
71	4
72	27
73	9
74	9
75	3
76	7
77	4
78	8
79	5
80	5
81	8
82	6
83	6
84	13
85	7
86	9
87	6
88	5
89	5
90	3
91	10
92	14
93	3
94	6
95	14
96	5
97	5
98	6
99	10
100	5
101	6
102	4
103	7
104	12
105	23
106	7
107	2
108	3
109	8
110	7
111	4
112	6
113	7
114	11
115	9
116	5
117	5
118	4
119	4
120	10
121	20
122	6
123	4
124	4
125	10
126	5
127	7
128	5
129	7
130	10
131	4
132	5
133	7
134	10
135	5
136	8
137	10
138	4
139	6
140	16
141	5
142	8
143	6
144	8
145	10
146	8
147	7
148	4
149	2
150	7
151	6
152	3
153	9
154	4
155	4
156	3
157	5
158	9
159	2
160	5
161	4
162	6
163	5
164	11
165	7
166	8
167	7
168	7
169	2
170	6
171	6
172	6
173	7
174	7
175	6
176	3
177	7
178	13
179	4
180	14
181	7
182	4
183	7
184	4
185	4
186	10
187	6
188	4
189	6
190	5
191	7
192	12
193	4
194	10
195	3
196	3
197	4
198	8
199	10
200	6
201	5
202	6
203	6
204	5
205	5
206	6
207	6
208	5
209	6
210	5
211	7
212	10
213	8
214	4
215	18
216	3
217	4
218	3
219	7
220	6
221	4
222	14
223	7
224	14
225	6
226	7
227	4
228	5
229	9
230	5
231	2
232	3
233	16
234	3
235	7
236	3
237	5
238	5
239	3
240	5
241	18
242	6
243	8
244	4
245	4
246	4
247	8
248	7
249	7
250	7
251	4
252	4
253	5
254	7
255	10
256	7
257	8
258	4
259	6
260	7
261	10
262	4
263	16
264	7
265	4
266	9
267	6
268	4
269	14
270	7
271	10
272	8
273	7
274	4
275	4
276	7
277	7
278	1
279	7
280	6
281	7
282	4
283	5
284	5
285	3
286	5
287	9
288	4
289	7
290	5
291	27
292	9
293	7
294	6
295	10
296	4
297	10
298	7
299	4
300	3
301	7
302	5
303	5
304	7
305	7
306	7
307	6
308	4
309	6
310	2
311	6
312	4
313	7
314	4
315	8
316	5
317	8
318	5
319	4
320	3
321	13
322	6
323	5
324	6
325	6
326	6
327	6
328	7
329	4
330	4
331	4
332	7
333	6
334	6
335	7
336	11
337	5
338	5
339	10
340	7
341	3
342	11
343	6
344	4
345	8
346	10
347	10
348	4
349	6
350	27
351	4
352	14
353	5
354	6
355	8
356	16
357	6
358	4
359	7
360	5
361	4
362	3
363	6
364	5
365	9
366	4
367	5
368	6
369	10
370	6
371	3
372	6
373	6
374	12
375	5
376	10
377	5
378	7
379	3
380	14
381	7
382	7
383	5
384	10
385	6
386	6
387	4
388	8
389	9
390	3
391	9
392	12
393	5
394	3
395	6
396	6
397	6
398	5
399	14
400	13
401	6
402	5
403	6
404	4
405	4
406	5
407	5
408	9
409	5
410	13
411	5
412	6
413	6
414	4
415	6
416	6
417	5
418	7
419	8
420	3
421	6
422	6
423	7
424	3
425	5
426	8
427	12
428	24
429	4
430	4
431	6
432	3
433	7
434	5
435	6
436	8
437	4
438	4
439	3
440	4
441	1
442	7
443	4
444	8
445	6
446	12
447	6
448	5
449	6
450	4
451	4
452	6
453	12
454	7
455	7
456	3
457	11
458	5
459	7
460	7
461	7
462	16
463	3
464	3
465	7
466	7
467	10
468	2
469	4
470	7
471	6
472	6
473	7
474	8
475	7
476	5
477	7
478	3
479	12
480	7
481	6
482	9
483	10
484	4
485	8
486	3
487	7
488	4
489	4
490	4
491	4
492	14
493	16
494	7
495	10
496	7
497	10
498	6
499	5
500	12
501	9
502	5
503	10
504	12
505	4
506	5
507	4
508	11
509	3
510	5
511	6
512	5
513	3
514	4
515	6
516	13
517	7
518	8
519	11
520	5
521	2
522	4
523	4
524	5
525	5
526	3
527	3
528	10
529	4
530	5
531	3
532	6
533	3
534	5
535	6
536	6
537	7
538	38
539	3
540	4
541	7
542	6
543	3
544	6
545	4
546	3
547	5
548	7
549	5
550	7
551	10
552	4
553	5
554	5
555	6
556	7
557	6
558	7
559	10
560	7
561	16
562	5
563	7
564	4
565	7
566	3
567	5
568	6
569	20
570	4
571	12
572	38
573	11
574	3
575	6
576	5
577	7
578	14
579	5
580	4
581	8
582	5
583	7
584	27
585	10
586	6
587	5
588	8
589	5
590	7
591	8
592	4
593	23
594	5
595	8
596	7
597	7
598	12
599	10
600	5
601	6
602	7
603	4
604	4
605	3
606	10
607	6
608	6
609	11
610	4
611	2
612	6
613	6
614	5
615	6
616	4
617	4
618	6
619	4
620	4
621	3
622	4
623	12
624	9
625	4
626	4
627	3
628	4
629	4
630	9
631	6
632	4
633	6
634	2
635	4
636	5
637	6
638	3
639	5
640	7
641	7
642	7
643	5
644	4
645	6
646	5
647	7
648	8
649	19
650	4
651	6
652	5
653	7
654	7
655	7
656	5
657	10
658	7
659	4
660	4
661	3
662	7
663	4
664	5
665	5
666	6
667	2
668	5
669	8
670	5
671	3
672	2
673	3
674	4
675	8
676	5
677	8
678	10
679	1
680	7
681	6
682	7
683	13
684	6
685	4
686	4
687	38
688	3
689	7
690	4
691	4
692	3
693	9
694	8
695	4
696	12
697	13
698	5
699	5
700	6
701	5
702	4
703	2
704	4
705	6
706	16
707	4
708	2
709	5
710	6
711	6
712	7
713	16
714	6
715	6
716	3
717	8
718	6
719	7
720	8
721	6
722	7
723	10
724	4
725	8
726	6
727	6
728	3
729	4
730	4
731	5
732	7
733	10
734	5
735	9
736	5
737	4
738	24
739	8
740	11
741	6
742	7
743	5
744	5
745	6
746	4
747	4
748	6
749	4
750	4
751	7
752	10
753	5
754	4
755	3
756	9
757	4
758	9
759	6
760	7
761	4
762	5
763	7
764	4
765	3
766	9
767	4
768	5
769	8
770	7
771	5
772	5
773	10
774	6
775	5
776	5
777	5
778	10
779	3
780	9
781	3
782	8
783	5
784	5
785	5
786	4
787	3
788	21
789	7
790	7
791	3
792	3
793	3
794	14
795	6
796	14
797	7
798	4
799	5
800	4
801	4
802	10
803	11
804	4
805	7
806	6
807	4
808	6
809	7
810	5
811	5
812	4
813	6
814	6
815	4
816	14
817	3
818	5
819	7
820	5
821	6
822	8
823	9
824	3
825	7
826	3
827	4
828	4
829	5
830	6
831	6
832	7
833	5
834	8
835	5
836	7
837	9
838	3
839	6
840	19
841	5
842	5
843	9
844	3
845	5
846	6
847	3
848	7
849	7
850	6
851	5
852	7
853	5
854	19
855	5
856	21
857	5
858	7
859	5
860	8
861	10
862	6
863	4
864	6
865	9
866	12
867	6
868	27
869	3
870	10
871	8
872	10
873	6
874	7
875	4
876	3
877	9
878	4
879	6
880	5
881	11
882	4
883	3
884	6
885	4
886	8
887	10
888	3
889	7
890	7
891	5
892	7
893	6
894	6
895	4
896	5
897	23
898	7
899	12
900	8
901	12
902	13
903	12
904	5
905	7
906	5
907	4
908	9
909	3
910	4
911	7
912	3
913	6
914	4
915	13
916	8
917	4
918	3
919	5
920	4
921	4
922	5
923	3
924	5
925	14
926	7
927	6
928	8
929	7
930	6
931	4
932	10
933	12
934	10
935	8
936	10
937	7
938	7
939	3
940	6
941	4
942	5
943	27
944	3
945	7
946	6
947	6
948	4
949	3
950	14
951	4
952	10
953	7
954	7
955	12
956	6
957	3
958	3
959	6
960	6
961	4
962	5
963	6
964	3
965	5
966	6
967	13
968	2
969	7
970	6
971	7
972	8
973	4
974	7
975	10
976	12
977	5
978	16
979	4
980	9
981	7
982	6
983	7
984	1
985	9
986	19
987	5
988	9
989	5
990	5
991	7
992	7
993	5
994	10
995	3
996	5
997	12
998	8
999	5
1000	4
1001	6
1002	10
1003	7
DEPOT_SECTION
1
-1
SERVICE_TIME_SECTION
1	0
2	420
3	660
4	480
5	360
6	540
7	1080
8	960
9	660
10	840
11	600
12	480
13	840
14	540
15	360
16	540
17	600
18	360
19	300
20	960
21	420
22	420
23	420
24	480
25	1260
26	600
27	600
28	660
29	420
30	420
31	540
32	480
33	600
34	360
35	840
36	480
37	300
38	780
39	480
40	300
41	480
42	480
43	480
44	660
45	720
46	540
47	420
48	480
49	1020
50	600
51	480
52	840
53	600
54	600
55	840
56	540
57	360
58	780
59	240
60	720
61	480
62	420
63	300
64	900
65	420
66	540
67	780
68	660
69	780
70	600
71	480
72	1020
73	300
74	540
75	660
76	480
77	660
78	360
79	360
80	660
81	360
82	540
83	480
84	960
85	840
86	900
87	600
88	780
89	540
90	840
91	420
92	360
93	840
94	660
95	300
96	480
97	480
98	780
99	420
100	420
101	300
102	600
103	600
104	720
105	840
106	1020
107	300
108	480
109	480
110	480
111	360
112	420
113	600
114	300
115	480
116	600
117	540
118	720
119	480
120	660
121	540
122	420
123	1020
124	600
125	300
126	600
127	420
128	600
129	420
130	660
131	300
132	420
133	480
134	600
135	660
136	480
137	600
138	540
139	420
140	360
141	780
142	660
143	1740
144	660
145	660
146	540
147	960
148	300
149	480
150	780
151	480
152	480
153	660
154	660
155	360
156	600
157	540
158	420
159	780
160	300
161	420
162	480
163	360
164	540
165	480
166	720
167	600
168	360
169	720
170	960
171	780
172	480
173	540
174	660
175	720
176	1020
177	420
178	240
179	540
180	360
181	540
182	540
183	540
184	660
185	600
186	660
187	480
188	660
189	480
190	660
191	540
192	480
193	600
194	720
195	480
196	480
197	540
198	360
199	420
200	480
201	420
202	420
203	540
204	540
205	960
206	540
207	780
208	660
209	960
210	360
211	540
212	300
213	360
214	660
215	300
216	360
217	840
218	840
219	360
220	660
221	420
222	480
223	420
224	420
225	600
226	600
227	420
228	420
229	300
230	600
231	300
232	420
233	720
234	480
235	660
236	540
237	300
238	960
239	360
240	240
241	240
242	840
243	780
244	360
245	660
246	780
247	600
248	840
249	240
250	660
251	360
252	600
253	540
254	660
255	240
256	900
257	300
258	360
259	480
260	660
261	480
262	660
263	660
264	660
265	840
266	840
267	420
268	600
269	1680
270	420
271	540
272	840
273	540
274	300
275	480
276	360
277	960
278	480
279	360
280	780
281	600
282	480
283	240
284	360
285	660
286	420
287	600
288	420
289	540
290	540
291	480
292	720
293	840
294	1740
295	540
296	360
297	420
298	300
299	720
300	660
301	360
302	660
303	420
304	360
305	480
306	780
307	600
308	960
309	660
310	360
311	360
312	840
313	540
314	600
315	240
316	300
317	540
318	480
319	600
320	600
321	660
322	420
323	600
324	540
325	600
326	540
327	540
328	480
329	1080
330	480
331	600
332	360
333	420
334	360
335	420
336	480
337	480
338	360
339	540
340	2400
341	300
342	480
343	600
344	720
345	600
346	300
347	660
348	840
349	540
350	540
351	480
352	420
353	840
354	600
355	660
356	240
357	480
358	600
359	540
360	360
361	720
362	540
363	660
364	300
365	660
366	660
367	600
368	780
369	540
370	540
371	840
372	480
373	360
374	480
375	540
376	540
377	420
378	480
379	600
380	660
381	1260
382	420
383	540
384	360
385	540
386	360
387	540
388	300
389	360
390	600
391	540
392	540
393	600
394	540
395	720
396	300
397	660
398	360
399	900
400	840
401	240
402	660
403	360
404	480
405	540
406	300
407	540
408	720
409	660
410	480
411	420
412	540
413	660
414	600
415	720
416	720
417	360
418	600
419	960
420	780
421	420
422	840
423	240
424	420
425	420
426	540
427	480
428	360
429	720
430	480
431	540
432	420
433	540
434	540
435	480
436	540
437	600
438	240
439	480
440	420
441	420
442	660
443	420
444	660
445	300
446	480
447	720
448	360
449	420
450	480
451	540
452	300
453	420
454	900
455	420
456	300
457	540
458	780
459	660
460	660
461	360
462	540
463	300
464	660
465	600
466	780
467	420
468	600
469	420
470	540
471	780
472	720
473	780
474	300
475	360
476	660
477	480
478	660
479	480
480	840
481	840
482	300
483	300
484	420
485	540
486	360
487	600
488	1080
489	720
490	300
491	300
492	480
493	420
494	900
495	720
496	420
497	780
498	600
499	720
500	600
501	660
502	900
503	780
504	360
505	600
506	300
507	480
508	480
509	840
510	660
511	480
512	360
513	960
514	480
515	420
516	360
517	360
518	300
519	780
520	780
521	840
522	960
523	420
524	480
525	420
526	840
527	480
528	480
529	540
530	540
531	1740
532	540
533	540
534	420
535	600
536	540
537	420
538	600
539	960
540	480
541	600
542	840
543	600
544	480
545	480
546	420
547	480
548	600
549	360
550	540
551	360
552	660
553	660
554	600
555	540
556	540
557	600
558	720
559	480
560	420
561	780
562	540
563	840
564	900
565	240
566	540
567	420
568	480
569	540
570	360
571	360
572	840
573	360
574	420
575	420
576	660
577	360
578	600
579	420
580	240
581	420
582	540
583	960
584	660
585	420
586	360
587	840
588	540
589	540
590	300
591	600
592	600
593	420
594	540
595	660
596	660
597	540
598	720
599	360
600	720
601	720
602	780
603	300
604	720
605	480
606	600
607	300
608	660
609	420
610	660
611	600
612	660
613	300
614	540
615	360
616	720
617	540
618	360
619	480
620	420
621	480
622	840
623	840
624	780
625	540
626	360
627	840
628	720
629	420
630	360
631	360
632	420
633	300
634	420
635	600
636	420
637	240
638	600
639	660
640	720
641	360
642	480
643	540
644	960
645	300
646	540
647	480
648	540
649	600
650	480
651	300
652	420
653	780
654	840
655	240
656	420
657	1980
658	1080
659	720
660	540
661	540
662	600
663	360
664	600
665	480
666	600
667	660
668	660
669	420
670	420
671	480
672	480
673	480
674	480
675	660
676	420
677	300
678	960
679	420
680	780
681	540
682	480
683	300
684	720
685	360
686	420
687	840
688	480
689	540
690	540
691	360
692	660
693	300
694	420
695	780
696	600
697	540
698	480
699	420
700	360
701	780
702	1020
703	480
704	660
705	600
706	840
707	540
708	960
709	720
710	300
711	660
712	480
713	480
714	660
715	360
716	420
717	420
718	300
719	420
720	360
721	1080
722	540
723	360
724	360
725	540
726	480
727	960
728	480
729	780
730	360
731	840
732	540
733	420
734	360
735	540
736	600
737	420
738	480
739	540
740	300
741	840
742	600
743	360
744	540
745	600
746	420
747	900
748	660
749	300
750	660
751	180
752	480
753	240
754	660
755	480
756	540
757	480
758	2400
759	480
760	480
761	660
762	360
763	360
764	420
765	360
766	300
767	660
768	660
769	720
770	360
771	480
772	1500
773	420
774	780
775	420
776	420
777	540
778	180
779	300
780	300
781	420
782	420
783	960
784	540
785	480
786	600
787	660
788	420
789	660
790	480
791	540
792	600
793	900
794	300
795	840
796	900
797	840
798	480
799	420
800	360
801	660
802	1020
803	660
804	540
805	420
806	600
807	540
808	840
809	480
810	420
811	480
812	540
813	600
814	480
815	540
816	240
817	360
818	420
819	240
820	540
821	240
822	1020
823	540
824	960
825	900
826	720
827	600
828	420
829	540
830	360
831	660
832	360
833	900
834	660
835	600
836	420
837	600
838	600
839	720
840	480
841	540
842	540
843	420
844	720
845	660
846	420
847	660
848	660
849	420
850	480
851	720
852	480
853	360
854	360
855	420
856	1500
857	660
858	840
859	540
860	1020
861	540
862	660
863	480
864	300
865	360
866	420
867	600
868	960
869	540
870	480
871	660
872	600
873	660
874	600
875	600
876	600
877	540
878	480
879	720
880	840
881	600
882	780
883	300
884	600
885	480
886	720
887	540
888	960
889	480
890	540
891	420
892	420
893	900
894	420
895	420
896	360
897	540
898	300
899	600
900	420
901	960
902	660
903	600
904	840
905	480
906	480
907	420
908	780
909	660
910	540
911	300
912	480
913	780
914	1080
915	780
916	300
917	360
918	360
919	600
920	600
921	660
922	480
923	540
924	540
925	480
926	780
927	420
928	720
929	660
930	720
931	660
932	900
933	780
934	420
935	660
936	480
937	660
938	540
939	600
940	720
941	780
942	540
943	660
944	600
945	720
946	480
947	480
948	540
949	360
950	420
951	480
952	360
953	360
954	900
955	540
956	840
957	780
958	480
959	420
960	420
961	480
962	420
963	420
964	420
965	720
966	600
967	420
968	360
969	540
970	360
971	420
972	840
973	540
974	300
975	480
976	300
977	420
978	540
979	780
980	1260
981	480
982	420
983	780
984	420
985	480
986	600
987	480
988	840
989	840
990	360
991	780
992	1440
993	660
994	600
995	660
996	600
997	660
998	1080
999	300
1000	540
1001	720
1002	360
1003	360
TIME_WINDOW_SECTION
1	0	45000
2	12000	18900
3	4800	12300
4	6600	29700
5	8400	15900
6	22800	30300
7	15600	23100
8	15600	23100
9	12000	19500
10	12000	19500
11	12000	19500
12	19200	26700
13	12000	19500
14	12000	19500
15	22800	30300
16	12000	19500
17	19200	26700
18	22800	30300
19	15600	23100
20	8400	15900
21	19200	26700
22	15600	23100
23	4800	12300
24	12000	19500
25	6600	30300
26	15600	23100
27	19200	26700
28	12000	19500
29	6600	30300
30	4800	12300
31	19200	26700
32	12000	18900
33	12000	19500
34	15600	23100
35	6600	30300
36	15600	23100
37	22800	30300
38	6600	30300
39	4800	12300
40	6600	30300
41	19200	26700
42	22800	30300
43	12000	19500
44	19200	26700
45	19200	26700
46	19200	26700
47	12000	19500
48	15600	23100
49	22800	30300
50	22800	29700
51	22800	30300
52	6600	30300
53	15600	24300
54	15600	23100
55	19200	26700
56	17400	41100
57	12000	18900
58	6600	30300
59	12000	19500
60	4800	12300
61	12000	19500
62	6600	30300
63	15600	23100
64	12000	19500
65	22800	29700
66	15600	23100
67	19200	26700
68	15600	23100
69	19200	26700
70	15600	23100
71	19200	26700
72	8400	15900
73	15600	23100
74	19200	26700
75	6600	30300
76	15600	23100
77	4800	12300
78	12000	19500
79	12000	19500
80	22800	30300
81	15600	23100
82	19200	26700
83	19200	26700
84	15600	23100
85	6600	30300
86	15600	23100
87	4800	12300
88	8400	15900
89	22800	30300
90	19200	26700
91	4800	12300
92	4800	12300
93	8400	15900
94	8400	15900
95	12000	19500
96	12000	19500
97	19200	26700
98	4800	11700
99	15600	23100
100	6600	30300
101	22800	30300
102	15600	23100
103	19200	26040
104	19200	26700
105	12000	19500
106	12000	19500
107	12000	18900
108	4800	12300
109	8400	15300
110	4800	12300
111	15600	23100
112	6600	29700
113	22800	30300
114	8400	15900
115	12000	19500
116	19200	26700
117	4800	12300
118	15600	22500
119	6600	30300
120	15600	23100
121	15600	22500
122	22800	30300
123	15600	23100
124	8400	15900
125	15600	23100
126	12000	19500
127	19200	26700
128	12000	19500
129	22800	29700
130	8400	15900
131	22800	30300
132	12000	19500
133	12000	19500
134	15600	23100
135	15600	23100
136	6600	30300
137	12000	19500
138	15600	23100
139	12000	19500
140	15600	23100
141	12000	19500
142	22800	29700
143	19200	26700
144	8400	15900
145	12000	19500
146	4800	12300
147	22800	30300
148	22800	30300
149	17400	41100
150	19200	26700
151	12000	19500
152	4800	12300
153	4800	12300
154	12000	19500
155	6600	30300
156	22800	30300
157	15600	24300
158	12000	19500
159	22800	30300
160	12000	19500
161	22800	30300
162	19200	26700
163	6600	30300
164	19200	26700
165	15600	23100
166	19200	26700
167	6600	30300
168	12000	19500
169	6600	30300
170	15600	23100
171	22800	30300
172	22800	30300
173	8400	15900
174	4800	11700
175	6600	30300
176	15600	23100
177	8400	15900
178	4800	12300
179	15600	23100
180	19200	26700
181	8400	15900
182	19200	26700
183	22800	30300
184	19200	26700
185	8400	15900
186	22800	29700
187	6600	30300
188	4800	12300
189	15600	23100
190	22800	30300
191	15600	24300
192	8400	15900
193	12000	19500
194	4800	12300
195	22800	30300
196	12000	19500
197	12000	19500
198	8400	15900
199	4800	11700
200	22800	30300
201	22800	30300
202	22800	29700
203	19200	26700
204	6600	30300
205	6600	30300
206	12000	19500
207	19200	26100
208	4800	12300
209	19200	26700
210	15600	24900
211	12000	19500
212	4800	12300
213	8400	15900
214	6600	30300
215	30000	42900
216	12000	19500
217	8400	15900
218	15600	23100
219	12000	19500
220	6600	30300
221	15600	23100
222	8400	15900
223	12000	19500
224	6600	29700
225	6600	30300
226	15600	23100
227	6600	30300
228	22800	30300
229	6600	30300
230	12000	19500
231	15600	22500
232	22800	30300
233	12000	19500
234	6600	30300
235	12000	19500
236	12000	18900
237	4800	12300
238	4800	12300
239	4800	12300
240	12000	19500
241	19200	26700
242	22800	30300
243	22800	30300
244	22800	30300
245	4800	12300
246	15600	23100
247	22800	30300
248	6600	29700
249	12000	19500
250	22800	30300
251	8400	15900
252	12000	19500
253	6600	29700
254	6600	30300
255	12000	19500
256	15600	23100
257	4800	12300
258	12000	19500
259	6600	30300
260	4800	12300
261	22800	30300
262	12000	19500
263	22800	30300
264	12000	19500
265	12000	19500
266	19200	26700
267	12000	19500
268	19200	26700
269	19200	26700
270	15600	23100
271	17400	41100
272	15600	23100
273	19200	26100
274	19200	26700
275	8400	15300
276	6600	29700
277	8400	15900
278	22800	30300
279	12000	19500
280	6600	29700
281	19200	26700
282	22800	30300
283	22800	30300
284	4800	12300
285	8400	15900
286	22800	30300
287	15600	23100
288	22800	30300
289	15600	23100
290	8400	15900
291	15600	23100
292	12000	18900
293	6600	30300
294	15600	24300
295	12000	19500
296	8400	15300
297	12000	19500
298	22800	30300
299	15600	23100
300	15600	23100
301	4800	12300
302	19200	26700
303	6600	30300
304	15600	23100
305	19200	26100
306	19200	26700
307	22800	30300
308	22800	30300
309	15600	23100
310	22800	30300
311	12000	19500
312	22800	30300
313	22800	30300
314	4800	12300
315	4800	12300
316	15600	23100
317	15600	23100
318	19200	26700
319	12000	19500
320	8400	15900
321	12000	18900
322	12000	19500
323	19200	26700
324	12000	19500
325	30000	42900
326	15600	23100
327	6600	30300
328	22800	30300
329	15600	23100
330	12000	19500
331	12000	19500
332	22800	30300
333	4800	11700
334	8400	15900
335	19200	26040
336	22800	30300
337	22800	30300
338	8400	15900
339	6600	30300
340	22800	30300
341	15600	23100
342	22800	30300
343	22800	30300
344	4800	12300
345	19200	26700
346	12000	19500
347	4800	12300
348	4800	12300
349	6600	30300
350	19200	26700
351	19200	26700
352	22800	30300
353	19200	26700
354	8400	15900
355	15600	23100
356	6600	30300
357	12000	19500
358	12000	19500
359	12000	19500
360	15600	23100
361	4800	12300
362	12000	19500
363	22800	30300
364	8400	15900
365	15600	23100
366	6600	29700
367	15600	24900
368	12000	19500
369	15600	23100
370	15600	23100
371	12000	19500
372	19200	26700
373	8400	15900
374	15600	23100
375	19200	26040
376	12000	19500
377	6600	30300
378	15600	23100
379	22800	29700
380	22800	30300
381	8400	15900
382	19200	26700
383	6600	30300
384	22800	29700
385	19200	26700
386	22800	29700
387	12000	19500
388	12000	19500
389	19200	26700
390	22800	29700
391	22800	30300
392	4800	12300
393	4800	12300
394	22800	30300
395	22800	30300
396	8400	15900
397	4800	12300
398	4800	12300
399	15600	23100
400	12000	19500
401	22800	30300
402	6600	29700
403	15600	23100
404	15600	23100
405	8400	15900
406	22800	30300
407	12000	19500
408	6600	30300
409	12000	19500
410	12000	19500
411	12000	19500
412	6600	30300
413	12000	19500
414	15600	23100
415	12000	18900
416	12000	19500
417	12000	19500
418	4800	12300
419	6600	30300
420	15600	23100
421	19200	26040
422	6600	29700
423	15600	22500
424	22800	29700
425	12000	19500
426	12000	19500
427	19200	26700
428	15600	23100
429	22800	30300
430	19200	26700
431	8400	15300
432	8400	15900
433	15600	23100
434	22800	30300
435	12000	18900
436	22800	30300
437	15600	23100
438	15600	23100
439	17400	40500
440	15600	23100
441	6600	30300
442	19200	26700
443	22800	30300
444	22800	30300
445	22800	30300
446	12000	19500
447	15600	23100
448	22800	30300
449	15600	23100
450	8400	15900
451	12000	19500
452	12000	19500
453	8400	15900
454	12000	19500
455	12000	18900
456	12000	19500
457	12000	19500
458	6600	30300
459	19200	26700
460	19200	26700
461	12000	19500
462	6600	30300
463	22800	30300
464	12000	19500
465	22800	30300
466	4800	12300
467	12000	19500
468	8400	15900
469	15600	24300
470	8400	15300
471	12000	18900
472	12000	19500
473	19200	26700
474	22800	30300
475	4800	12300
476	15600	24900
477	22800	29700
478	12000	19500
479	15600	23100
480	12000	19500
481	12000	19500
482	8400	15900
483	12000	19500
484	12000	19500
485	12000	19500
486	12000	19500
487	22800	30300
488	22800	30300
489	15600	23100
490	6600	30300
491	12000	19500
492	8400	15900
493	15600	23100
494	8400	15300
495	22800	30300
496	17400	41100
497	22800	29700
498	22800	30300
499	22800	30300
500	19200	26700
501	6600	30300
502	12000	19500
503	22800	29700
504	8400	15900
505	6600	30300
506	15600	23100
507	22800	30300
508	22800	30300
509	15600	23100
510	12000	19500
511	12000	19500
512	8400	15900
513	22800	30300
514	15600	23100
515	15600	22500
516	22800	30300
517	15600	23100
518	19200	26700
519	17400	41100
520	12000	19500
521	8400	15900
522	12000	19500
523	15600	23100
524	22800	30300
525	12000	18900
526	22800	30300
527	12000	19500
528	19200	26700
529	19200	26700
530	15600	23100
531	15600	23100
532	12000	19500
533	19200	26700
534	15600	23100
535	12000	19500
536	22800	30300
537	15600	23100
538	12000	19500
539	12000	19500
540	19200	26700
541	8400	15900
542	22800	30300
543	15600	23100
544	12000	19500
545	12000	19500
546	12000	19500
547	12000	19500
548	15600	23100
549	12000	19500
550	15600	23100
551	19200	26700
552	12000	19500
553	12000	19500
554	19200	26700
555	22800	30300
556	12000	19500
557	12000	19500
558	22800	30300
559	22800	29700
560	6600	30300
561	22800	30300
562	22800	29700
563	12000	19500
564	12000	19500
565	8400	15900
566	22800	30300
567	12000	19500
568	22800	30300
569	8400	15900
570	6600	30300
571	15600	23100
572	8400	15900
573	15600	23100
574	15600	23100
575	12000	19500
576	12000	19500
577	12000	19500
578	6600	30300
579	15600	24900
580	22800	30300
581	15600	23100
582	8400	15900
583	15600	23100
584	15600	23100
585	12000	19500
586	12000	19500
587	12000	19500
588	22800	30300
589	19200	26700
590	6600	30300
591	22800	30300
592	6600	30300
593	19200	26700
594	17400	41100
595	22800	30300
596	22800	30300
597	22800	30300
598	19200	26700
599	15600	24900
600	12000	19500
601	12000	19500
602	6600	30300
603	12000	19500
604	22800	30300
605	12000	19500
606	15600	23100
607	6600	29700
608	19200	26700
609	22800	30300
610	12000	19500
611	22800	30300
612	12000	19500
613	12000	19500
614	22800	30300
615	15600	23100
616	22800	30300
617	6600	30300
618	19200	26700
619	6600	29700
620	15600	23100
621	22800	30300
622	12000	19500
623	12000	19500
624	15600	23100
625	19200	26700
626	19200	26700
627	15600	22500
628	15600	23100
629	12000	19500
630	12000	19500
631	12000	19500
632	12000	19500
633	19200	26700
634	6600	30300
635	22800	30300
636	22800	30300
637	19200	26700
638	12000	19500
639	6600	30300
640	12000	19500
641	15600	22500
642	19200	26700
643	15600	23100
644	12000	19500
645	12000	19500
646	19200	26700
647	12000	19500
648	22800	30300
649	12000	19500
650	19200	26700
651	22800	30300
652	19200	26700
653	22800	30300
654	22800	30300
655	8400	15300
656	22800	30300
657	19200	26700
658	19200	26700
659	19200	26700
660	6600	29700
661	8400	15900
662	12000	19500
663	6600	30300
664	15600	23100
665	12000	19500
666	12000	19500
667	15600	23100
668	22800	30300
669	19200	26700
670	6600	29700
671	15600	23100
672	12000	19500
673	15600	23100
674	15600	24300
675	15600	23100
676	22800	30300
677	6600	30300
678	6600	30300
679	6600	30300
680	12000	18900
681	12000	19500
682	22800	30300
683	22800	30300
684	12000	19500
685	19200	26700
686	15600	23100
687	12000	19500
688	15600	23100
689	19200	26700
690	6600	30300
691	22800	30300
692	12000	19500
693	6600	30300
694	15600	23100
695	15600	23100
696	12000	19500
697	12000	19500
698	22800	30300
699	19200	26700
700	6600	30300
701	12000	19500
702	6600	30300
703	15600	23100
704	12000	19500
705	15600	23100
706	15600	23100
707	12000	19500
708	22800	30300
709	22800	30300
710	22800	30300
711	15600	23100
712	12000	19500
713	6600	30300
714	22800	30300
715	22800	30300
716	22800	30300
717	12000	19500
718	15600	23100
719	22800	30300
720	22800	30300
721	12000	19500
722	12000	19500
723	12000	19500
724	22800	30300
725	6600	30300
726	22800	29700
727	19200	26700
728	19200	26700
729	22800	30300
730	15600	24900
731	15600	23100
732	12000	19500
733	15600	23100
734	15600	23100
735	19200	26700
736	19200	26700
737	22800	30300
738	15600	23100
739	15600	23100
740	15600	23100
741	19200	26700
742	12000	19500
743	22800	30300
744	6600	30300
745	15600	23100
746	15600	23100
747	22800	30300
748	17400	41100
749	15600	23100
750	12000	19500
751	15600	23100
752	22800	30300
753	19200	26700
754	22800	30300
755	19200	26040
756	22800	30300
757	22800	30300
758	22800	30300
759	15600	23100
760	19200	26700
761	19200	26700
762	6600	30300
763	19200	26700
764	15600	23100
765	15600	23100
766	22800	30300
767	15600	22500
768	17400	41100
769	19200	26700
770	15600	23100
771	12000	19500
772	22800	30300
773	19200	26700
774	22800	30300
775	6600	30300
776	22800	30300
777	6600	30300
778	22800	30300
779	15600	23100
780	15600	23100
781	22800	30300
782	19200	26700
783	22800	30300
784	12000	19500
785	12000	19500
786	22800	30300
787	22800	30300
788	12000	19500
789	6600	30300
790	12000	19500
791	15600	23100
792	6600	29700
793	15600	23100
794	15600	23100
795	22800	29700
796	22800	29700
797	15600	24900
798	19200	26700
799	15600	26700
800	15600	23100
801	19200	26700
802	19200	26700
803	19200	26700
804	22800	29700
805	19200	26700
806	15600	23100
807	15600	23100
808	19200	26700
809	6600	30300
810	22800	30300
811	30000	42900
812	22800	29700
813	6600	30300
814	22800	30300
815	22800	30300
816	15600	24300
817	6600	30300
818	15600	24900
819	19200	26700
820	17400	41100
821	22800	30300
822	15600	23100
823	22800	30300
824	22800	30300
825	19200	26700
826	15600	23100
827	22800	29700
828	6600	30300
829	22800	30300
830	19200	26700
831	6600	30300
832	15600	23100
833	6600	30300
834	15600	24300
835	22800	30300
836	22800	30300
837	22800	29700
838	19200	26700
839	15600	23100
840	22800	29700
841	6600	29700
842	15600	23100
843	15600	24300
844	22800	30300
845	15600	23100
846	15600	23100
847	19200	26100
848	19200	26700
849	22800	30300
850	6600	30300
851	6600	30300
852	15600	23100
853	15600	23100
854	22800	30300
855	15600	23100
856	22800	30300
857	22800	30300
858	15600	23100
859	22800	30300
860	6600	30300
861	15600	23100
862	15600	23100
863	15600	23100
864	22800	29700
865	17400	41100
866	6600	30300
867	22800	30300
868	22800	30300
869	6600	30300
870	30000	42900
871	19200	26700
872	6600	30300
873	6600	30300
874	15600	24900
875	6600	30300
876	19200	26700
877	15600	23100
878	15600	23100
879	19200	26700
880	22800	29700
881	22800	30300
882	22800	30300
883	15600	23100
884	6600	30300
885	19200	26040
886	17400	40500
887	15600	23100
888	19200	26700
889	19200	26700
890	17400	41100
891	6600	30300
892	19200	26700
893	22800	30300
894	19200	26700
895	15600	23100
896	15600	23100
897	22800	29700
898	6600	30300
899	19200	26700
900	15600	23100
901	22800	30300
902	17400	40500
903	19200	26700
904	6600	30300
905	19200	26700
906	22800	30300
907	19200	26700
908	19200	26700
909	22800	30300
910	15600	23100
911	22800	29700
912	6600	30300
913	6600	30300
914	6600	30300
915	6600	30300
916	17400	41100
917	19200	26700
918	19200	26700
919	6600	30300
920	19200	26700
921	6600	30300
922	15600	24900
923	17400	41100
924	6600	30300
925	22800	30300
926	6600	30300
927	15600	26700
928	6600	30300
929	22800	29700
930	19200	26100
931	6600	29700
932	19200	26700
933	19200	26700
934	6600	30300
935	22800	30300
936	17400	41100
937	19200	26700
938	22800	30300
939	6600	30300
940	19200	26700
941	6600	30300
942	22800	30300
943	22800	30300
944	22800	30300
945	22800	30300
946	19200	26700
947	19200	26700
948	19200	26700
949	19200	26700
950	6600	30300
951	22800	29700
952	6600	30300
953	22800	30300
954	19200	26700
955	22800	30300
956	6600	30300
957	22800	30300
958	22800	30300
959	19200	26700
960	22800	30300
961	6600	30300
962	22800	30300
963	22800	30300
964	22800	30300
965	22800	30300
966	6600	30300
967	19200	26700
968	6600	30300
969	6600	30300
970	22800	30300
971	6600	30300
972	6600	30300
973	22800	30300
974	22800	30300
975	6600	30300
976	6600	30300
977	30000	42900
978	22800	29700
979	22800	30300
980	6600	30300
981	6600	30300
982	6600	29700
983	22800	30300
984	22800	30300
985	22800	30300
986	22800	30300
987	22800	30300
988	17400	40500
989	22800	30300
990	22800	30300
991	22800	30300
992	22800	30300
993	6600	30300
994	6600	30300
995	22800	30300
996	6600	30300
997	22800	30300
998	22800	30300
999	6600	30300
1000	22800	30300
1001	6600	30300
1002	6600	30300
1003	6600	30300
RELEASE_TIME_SECTION
1	0
2	3600
3	3600
4	3600
5	3600
6	3600
7	3600
8	3600
9	3600
10	3600
11	3600
12	3600
13	3600
14	3600
15	3600
16	3600
17	3600
18	3600
19	3600
20	3600
21	3600
22	3600
23	3600
24	3600
25	3600
26	3600
27	3600
28	3600
29	3600
30	3600
31	3600
32	3600
33	3600
34	3600
35	3600
36	3600
37	3600
38	3600
39	3600
40	3600
41	3600
42	3600
43	3600
44	3600
45	3600
46	3600
47	3600
48	3600
49	3600
50	3600
51	3600
52	3600
53	3600
54	3600
55	3600
56	3600
57	3600
58	3600
59	3600
60	3600
61	3600
62	3600
63	3600
64	3600
65	3600
66	3600
67	3600
68	3600
69	3600
70	3600
71	3600
72	3600
73	3600
74	3600
75	3600
76	3600
77	3600
78	3600
79	3600
80	3600
81	3600
82	3600
83	3600
84	3600
85	3600
86	3600
87	3600
88	3600
89	3600
90	3600
91	3600
92	3600
93	3600
94	3600
95	3600
96	3600
97	3600
98	3600
99	3600
100	3600
101	3600
102	5400
103	5400
104	5400
105	5400
106	5400
107	5400
108	5400
109	5400
110	5400
111	5400
112	5400
113	5400
114	5400
115	5400
116	5400
117	5400
118	5400
119	5400
120	5400
121	5400
122	5400
123	5400
124	5400
125	5400
126	5400
127	5400
128	5400
129	5400
130	5400
131	5400
132	5400
133	5400
134	5400
135	5400
136	5400
137	5400
138	5400
139	5400
140	5400
141	5400
142	5400
143	5400
144	5400
145	5400
146	5400
147	5400
148	5400
149	5400
150	5400
151	5400
152	5400
153	5400
154	5400
155	5400
156	5400
157	5400
158	5400
159	5400
160	5400
161	5400
162	5400
163	5400
164	5400
165	5400
166	5400
167	5400
168	5400
169	5400
170	5400
171	5400
172	5400
173	5400
174	5400
175	5400
176	5400
177	5400
178	5400
179	5400
180	5400
181	5400
182	5400
183	5400
184	5400
185	5400
186	5400
187	5400
188	5400
189	5400
190	5400
191	5400
192	5400
193	5400
194	5400
195	5400
196	5400
197	5400
198	5400
199	5400
200	5400
201	5400
202	7200
203	7200
204	7200
205	7200
206	7200
207	7200
208	7200
209	7200
210	7200
211	7200
212	7200
213	7200
214	7200
215	7200
216	7200
217	7200
218	7200
219	7200
220	7200
221	7200
222	7200
223	7200
224	7200
225	7200
226	7200
227	7200
228	7200
229	7200
230	7200
231	7200
232	7200
233	7200
234	7200
235	7200
236	7200
237	7200
238	7200
239	7200
240	7200
241	7200
242	7200
243	7200
244	7200
245	7200
246	7200
247	7200
248	7200
249	7200
250	7200
251	7200
252	7200
253	7200
254	7200
255	7200
256	7200
257	7200
258	7200
259	7200
260	7200
261	7200
262	7200
263	7200
264	7200
265	7200
266	7200
267	7200
268	7200
269	7200
270	7200
271	7200
272	7200
273	7200
274	7200
275	7200
276	7200
277	7200
278	7200
279	7200
280	7200
281	7200
282	7200
283	7200
284	7200
285	7200
286	7200
287	7200
288	7200
289	7200
290	7200
291	7200
292	7200
293	7200
294	7200
295	7200
296	7200
297	7200
298	7200
299	7200
300	7200
301	7200
302	9000
303	9000
304	9000
305	9000
306	9000
307	9000
308	9000
309	9000
310	9000
311	9000
312	9000
313	9000
314	9000
315	9000
316	9000
317	9000
318	9000
319	9000
320	9000
321	9000
322	9000
323	9000
324	9000
325	9000
326	9000
327	9000
328	9000
329	9000
330	9000
331	9000
332	9000
333	9000
334	9000
335	9000
336	9000
337	9000
338	9000
339	9000
340	9000
341	9000
342	9000
343	9000
344	9000
345	9000
346	9000
347	9000
348	9000
349	9000
350	9000
351	9000
352	9000
353	9000
354	9000
355	9000
356	9000
357	9000
358	9000
359	9000
360	9000
361	9000
362	9000
363	9000
364	9000
365	9000
366	9000
367	9000
368	9000
369	9000
370	9000
371	9000
372	9000
373	9000
374	9000
375	9000
376	9000
377	9000
378	9000
379	9000
380	9000
381	9000
382	9000
383	9000
384	9000
385	9000
386	9000
387	9000
388	9000
389	9000
390	9000
391	9000
392	9000
393	9000
394	9000
395	9000
396	9000
397	9000
398	9000
399	9000
400	10800
401	10800
402	10800
403	10800
404	10800
405	10800
406	10800
407	10800
408	10800
409	10800
410	10800
411	10800
412	10800
413	10800
414	10800
415	10800
416	10800
417	10800
418	10800
419	10800
420	10800
421	10800
422	10800
423	10800
424	10800
425	10800
426	10800
427	10800
428	10800
429	10800
430	10800
431	10800
432	10800
433	10800
434	10800
435	10800
436	10800
437	10800
438	10800
439	10800
440	10800
441	10800
442	10800
443	10800
444	10800
445	10800
446	10800
447	10800
448	10800
449	10800
450	10800
451	10800
452	10800
453	10800
454	10800
455	10800
456	10800
457	10800
458	10800
459	10800
460	10800
461	10800
462	10800
463	10800
464	10800
465	10800
466	10800
467	10800
468	10800
469	10800
470	10800
471	10800
472	10800
473	10800
474	10800
475	10800
476	10800
477	10800
478	10800
479	10800
480	10800
481	10800
482	10800
483	10800
484	10800
485	10800
486	10800
487	10800
488	10800
489	10800
490	10800
491	10800
492	10800
493	10800
494	12600
495	12600
496	12600
497	12600
498	12600
499	12600
500	12600
501	12600
502	12600
503	12600
504	12600
505	12600
506	12600
507	12600
508	12600
509	12600
510	12600
511	12600
512	12600
513	12600
514	12600
515	12600
516	12600
517	12600
518	12600
519	12600
520	12600
521	12600
522	12600
523	12600
524	12600
525	12600
526	12600
527	12600
528	12600
529	12600
530	12600
531	12600
532	12600
533	12600
534	12600
535	12600
536	12600
537	12600
538	12600
539	12600
540	12600
541	12600
542	12600
543	12600
544	12600
545	12600
546	12600
547	12600
548	12600
549	12600
550	12600
551	12600
552	12600
553	12600
554	12600
555	12600
556	12600
557	12600
558	12600
559	12600
560	12600
561	12600
562	12600
563	12600
564	12600
565	12600
566	12600
567	12600
568	12600
569	12600
570	12600
571	12600
572	12600
573	12600
574	12600
575	12600
576	12600
577	12600
578	12600
579	12600
580	12600
581	12600
582	12600
583	12600
584	14400
585	14400
586	14400
587	14400
588	14400
589	14400
590	14400
591	14400
592	14400
593	14400
594	14400
595	14400
596	14400
597	14400
598	14400
599	14400
600	14400
601	14400
602	14400
603	14400
604	14400
605	14400
606	14400
607	14400
608	14400
609	14400
610	14400
611	14400
612	14400
613	14400
614	14400
615	14400
616	14400
617	14400
618	14400
619	14400
620	14400
621	14400
622	14400
623	14400
624	14400
625	14400
626	14400
627	14400
628	14400
629	14400
630	14400
631	14400
632	14400
633	14400
634	14400
635	14400
636	14400
637	14400
638	14400
639	14400
640	14400
641	14400
642	14400
643	14400
644	14400
645	14400
646	14400
647	14400
648	14400
649	14400
650	14400
651	14400
652	14400
653	14400
654	14400
655	14400
656	14400
657	14400
658	14400
659	14400
660	14400
661	14400
662	14400
663	14400
664	14400
665	16200
666	16200
667	16200
668	16200
669	16200
670	16200
671	16200
672	16200
673	16200
674	16200
675	16200
676	16200
677	16200
678	16200
679	16200
680	16200
681	16200
682	16200
683	16200
684	16200
685	16200
686	16200
687	16200
688	16200
689	16200
690	16200
691	16200
692	16200
693	16200
694	16200
695	16200
696	16200
697	16200
698	16200
699	16200
700	16200
701	16200
702	16200
703	16200
704	16200
705	16200
706	16200
707	16200
708	16200
709	16200
710	16200
711	16200
712	16200
713	16200
714	16200
715	16200
716	16200
717	16200
718	16200
719	16200
720	16200
721	16200
722	16200
723	16200
724	16200
725	16200
726	16200
727	16200
728	16200
729	16200
730	16200
731	16200
732	16200
733	16200
734	16200
735	16200
736	18000
737	18000
738	18000
739	18000
740	18000
741	18000
742	18000
743	18000
744	18000
745	18000
746	18000
747	18000
748	18000
749	18000
750	18000
751	18000
752	18000
753	18000
754	18000
755	18000
756	18000
757	18000
758	18000
759	18000
760	18000
761	18000
762	18000
763	18000
764	18000
765	18000
766	18000
767	18000
768	18000
769	18000
770	18000
771	18000
772	18000
773	18000
774	18000
775	18000
776	18000
777	18000
778	18000
779	18000
780	18000
781	18000
782	18000
783	18000
784	18000
785	18000
786	18000
787	18000
788	18000
789	18000
790	18000
791	18000
792	18000
793	18000
794	18000
795	18000
796	19800
797	19800
798	19800
799	19800
800	19800
801	19800
802	19800
803	19800
804	19800
805	19800
806	19800
807	19800
808	19800
809	19800
810	19800
811	19800
812	19800
813	19800
814	19800
815	19800
816	19800
817	19800
818	19800
819	19800
820	19800
821	19800
822	19800
823	19800
824	19800
825	19800
826	19800
827	19800
828	19800
829	19800
830	19800
831	19800
832	19800
833	19800
834	19800
835	19800
836	19800
837	19800
838	19800
839	19800
840	19800
841	19800
842	19800
843	19800
844	19800
845	19800
846	19800
847	19800
848	19800
849	19800
850	19800
851	19800
852	19800
853	19800
854	19800
855	21600
856	21600
857	21600
858	21600
859	21600
860	21600
861	21600
862	21600
863	21600
864	21600
865	21600
866	21600
867	21600
868	21600
869	21600
870	21600
871	21600
872	21600
873	21600
874	21600
875	21600
876	21600
877	21600
878	21600
879	21600
880	21600
881	21600
882	21600
883	21600
884	21600
885	21600
886	21600
887	21600
888	21600
889	21600
890	21600
891	21600
892	21600
893	21600
894	21600
895	21600
896	21600
897	21600
898	21600
899	21600
900	21600
901	21600
902	21600
903	21600
904	21600
905	21600
906	21600
907	21600
908	21600
909	21600
910	21600
911	21600
912	23400
913	23400
914	23400
915	23400
916	23400
917	23400
918	23400
919	23400
920	23400
921	23400
922	23400
923	23400
924	23400
925	23400
926	23400
927	23400
928	23400
929	23400
930	23400
931	23400
932	23400
933	23400
934	23400
935	23400
936	23400
937	23400
938	23400
939	23400
940	23400
941	23400
942	23400
943	23400
944	23400
945	25200
946	25200
947	25200
948	25200
949	25200
950	25200
951	25200
952	25200
953	25200
954	25200
955	25200
956	25200
957	25200
958	25200
959	25200
960	25200
961	25200
962	25200
963	25200
964	25200
965	25200
966	25200
967	25200
968	27000
969	27000
970	27000
971	27000
972	27000
973	27000
974	27000
975	27000
976	27000
977	27000
978	27000
979	27000
980	27000
981	27000
982	27000
983	27000
984	27000
985	27000
986	27000
987	27000
988	27000
989	27000
990	27000
991	28800
992	28800
993	28800
994	28800
995	28800
996	28800
997	28800
998	28800
999	28800
1000	28800
1001	28800
1002	28800
1003	28800
EOF
