NAME : ORTEC-VRPTW-ASYM-f346bd6e-d1-n917
TYPE : VRPTW-RT
DIMENSION : 918
EDGE_WEIGHT_TYPE : EUC_2D
CAPACITY : 145
NODE_COORD_SECTION
1	1892	1415
2	1377	1393
3	1218	1090
4	1171	48
5	391	2905
6	405	3311
7	157	2683
8	526	845
9	312	2503
10	636	2656
11	1164	951
12	1213	1682
13	592	2475
14	446	3489
15	1165	2532
16	637	2289
17	994	2095
18	1299	1058
19	1012	439
20	1092	2496
21	714	2341
22	491	3389
23	1164	951
24	1337	1212
25	424	3441
26	1462	1459
27	728	2254
28	1122	2648
29	918	3170
30	890	2168
31	994	2095
32	721	2548
33	619	1839
34	530	2254
35	861	2088
36	1321	1493
37	1012	439
38	1382	1173
39	475	3379
40	929	2603
41	1156	698
42	55	2166
43	571	2535
44	627	2489
45	532	728
46	1079	1636
47	1337	1212
48	811	246
49	1506	235
50	1183	259
51	957	2588
52	1068	2429
53	1237	411
54	768	511
55	673	1810
56	564	2792
57	1220	881
58	1056	652
59	1118	161
60	630	2286
61	1213	1682
62	611	2872
63	476	3080
64	292	3139
65	1141	328
66	236	3421
67	676	3331
68	1140	1530
69	1430	563
70	721	2548
71	811	246
72	1293	352
73	1069	1096
74	1156	698
75	769	452
76	520	770
77	35	3558
78	825	1853
79	819	2137
80	1182	125
81	982	292
82	346	1372
83	429	3316
84	395	2690
85	377	2974
86	520	770
87	791	2779
88	191	1380
89	894	2767
90	1025	2392
91	1035	597
92	444	3461
93	804	2079
94	1065	602
95	1439	1537
96	904	2286
97	1178	912
98	1364	1124
99	149	2471
100	1056	652
101	697	2486
102	1298	1423
103	316	3009
104	823	2531
105	637	1721
106	56	3019
107	346	1372
108	1140	1530
109	471	2528
110	1234	2291
111	756	1909
112	508	2511
113	1458	1228
114	1085	982
115	221	3050
116	1050	141
117	825	1853
118	446	3489
119	980	506
120	1122	2648
121	1061	2103
122	1182	404
123	619	1839
124	173	3426
125	633	3168
126	725	1826
127	1264	1786
128	1261	1180
129	1231	2473
130	391	2905
131	1050	141
132	316	3009
133	1462	1459
134	521	1966
135	236	3421
136	227	2199
137	1409	0
138	900	2691
139	592	2475
140	676	3331
141	890	2168
142	943	2221
143	76	3129
144	491	3389
145	864	3191
146	791	2779
147	825	1853
148	50	2331
149	1312	1303
150	574	3506
151	901	2097
152	346	1372
153	1299	1058
154	657	2383
155	1091	1284
156	157	2683
157	489	3527
158	501	3257
159	346	1372
160	982	292
161	316	3009
162	1309	2094
163	1261	1180
164	1388	1311
165	768	511
166	1061	2103
167	1217	1529
168	991	2157
169	771	2446
170	1205	562
171	457	817
172	799	2461
173	1140	1530
174	1065	602
175	570	1702
176	1233	1629
177	595	2912
178	275	1095
179	1086	2615
180	1349	1508
181	1258	1439
182	446	3489
183	489	3100
184	1183	259
185	221	3050
186	570	2475
187	275	3244
188	1506	235
189	929	2603
190	885	2057
191	1164	951
192	1098	370
193	1458	1228
194	1068	2429
195	1065	2293
196	769	452
197	592	2475
198	335	3096
199	1134	260
200	799	1832
201	885	2057
202	508	2511
203	635	1741
204	165	2842
205	736	2489
206	657	2383
207	673	1979
208	918	212
209	627	2489
210	819	2137
211	377	2974
212	1182	125
213	1258	1439
214	611	2872
215	1065	602
216	0	3151
217	697	2486
218	1454	1399
219	636	2656
220	514	2559
221	1126	1189
222	917	2177
223	747	1912
224	463	3082
225	904	2286
226	1571	500
227	1220	881
228	1037	2620
229	1043	2580
230	1337	1212
231	657	2383
232	964	395
233	898	1669
234	459	3389
235	917	2177
236	1309	2094
237	35	3558
238	217	3276
239	1221	2314
240	512	2468
241	1179	2083
242	673	1979
243	1095	2675
244	867	2478
245	1205	562
246	423	3174
247	917	2177
248	637	1721
249	431	3589
250	933	248
251	756	1909
252	446	3489
253	1037	2620
254	571	2535
255	346	1372
256	1001	263
257	1025	2392
258	885	2057
259	27	2351
260	761	3179
261	1055	2553
262	636	2656
263	755	373
264	312	3363
265	448	3330
266	1061	2103
267	1326	2216
268	316	3009
269	1126	1189
270	704	2353
271	1124	2220
272	771	2446
273	834	601
274	1377	1316
275	144	3496
276	448	3330
277	883	257
278	768	511
279	1439	1537
280	191	1380
281	1149	2166
282	733	2366
283	1149	2166
284	636	2656
285	570	1702
286	0	3151
287	699	2609
288	571	2535
289	1337	1212
290	1132	456
291	1182	125
292	1050	141
293	611	2872
294	236	3421
295	769	452
296	902	2310
297	842	209
298	1231	2473
299	501	3257
300	316	3009
301	510	2739
302	1178	912
303	1079	1636
304	1145	562
305	1430	563
306	221	3050
307	1034	2297
308	864	3191
309	1065	2293
310	904	2286
311	991	2157
312	512	2468
313	1126	1189
314	1141	328
315	441	2554
316	657	2383
317	1337	1212
318	611	2872
319	1079	1636
320	1306	1044
321	489	3100
322	786	1726
323	1222	958
324	458	794
325	1056	652
326	819	2137
327	452	2477
328	50	2331
329	107	3388
330	1126	1189
331	1055	2553
332	901	2097
333	1056	652
334	630	2286
335	1261	1180
336	1043	2580
337	227	2199
338	888	2259
339	609	1946
340	643	683
341	1306	1356
342	1103	782
343	1337	1212
344	1075	1632
345	861	2684
346	1100	208
347	723	3188
348	448	3395
349	458	794
350	996	412
351	1306	1356
352	695	1982
353	489	3527
354	601	3401
355	476	3080
356	395	2690
357	1179	2083
358	534	1659
359	76	3129
360	943	2221
361	1311	1312
362	1364	1124
363	1041	585
364	1221	2314
365	736	2489
366	1388	1311
367	352	3204
368	570	3247
369	1103	782
370	864	3191
371	1124	2220
372	1179	620
373	811	246
374	699	2609
375	144	3496
376	761	3179
377	584	3323
378	1454	1399
379	1118	2181
380	1124	2220
381	452	2477
382	1051	2607
383	607	729
384	1145	562
385	564	2792
386	739	2419
387	964	395
388	607	729
389	949	2032
390	1156	895
391	1458	1228
392	1306	1044
393	771	2446
394	1462	1459
395	637	1721
396	630	2286
397	1182	404
398	476	3080
399	1293	352
400	867	2478
401	1571	500
402	1217	1529
403	1178	912
404	635	1741
405	471	2528
406	991	2157
407	1091	1284
408	1118	2181
409	765	2430
410	526	845
411	1217	1529
412	1056	652
413	1439	1537
414	444	3461
415	227	2199
416	1098	370
417	248	3568
418	1321	1493
419	489	3100
420	1164	951
421	277	2636
422	312	2503
423	697	2486
424	791	2802
425	786	1726
426	1299	1420
427	595	2912
428	709	1807
429	1134	260
430	901	2097
431	451	2408
432	1103	782
433	56	3019
434	756	1909
435	206	2459
436	1156	698
437	395	2690
438	512	2468
439	707	2582
440	1111	2410
441	446	3489
442	574	3506
443	1288	1468
444	50	2331
445	768	511
446	864	3191
447	1213	1043
448	786	1726
449	1101	1979
450	55	2166
451	1060	504
452	901	2280
453	929	2603
454	836	2130
455	500	3397
456	1205	562
457	691	429
458	918	3170
459	424	3441
460	765	2430
461	316	3009
462	992	2148
463	1145	562
464	312	2503
465	1168	1997
466	1288	1468
467	1085	1008
468	601	3401
469	275	1095
470	890	2168
471	562	707
472	929	2603
473	1205	562
474	799	1832
475	1068	2429
476	1132	456
477	1098	370
478	1101	1979
479	892	2523
480	206	2459
481	1218	1090
482	595	2912
483	786	1726
484	1017	1238
485	1311	1312
486	1082	2780
487	1454	1399
488	1489	571
489	738	2422
490	888	2259
491	1085	1008
492	964	1424
493	761	2496
494	1091	1284
495	707	3307
496	1060	504
497	1458	1228
498	275	1095
499	994	2095
500	1128	1669
501	1017	1238
502	423	3174
503	44	3543
504	1364	1124
505	423	3174
506	1134	260
507	500	3397
508	157	2683
509	471	2528
510	1122	2648
511	1093	2826
512	489	3100
513	954	2342
514	526	845
515	225	2099
516	76	3129
517	1092	241
518	1164	951
519	673	1979
520	768	511
521	637	2289
522	49	3641
523	892	2523
524	534	1659
525	1231	2473
526	1388	1311
527	1075	1632
528	594	707
529	445	2837
530	738	2422
531	611	2872
532	1306	1044
533	861	2684
534	1035	597
535	676	3331
536	1050	1305
537	1309	2094
538	316	3009
539	1349	1508
540	670	2036
541	856	320
542	424	3441
543	834	601
544	489	3100
545	448	3330
546	1217	1529
547	949	2032
548	1349	1508
549	446	3489
550	791	2802
551	1056	652
552	1221	2314
553	1183	259
554	227	2199
555	405	3311
556	1012	439
557	1092	2496
558	964	395
559	594	2733
560	1151	1031
561	157	2683
562	431	3589
563	637	1721
564	901	2097
565	457	817
566	791	2779
567	1082	2780
568	1092	2496
569	1118	161
570	1051	2607
571	1213	1682
572	562	707
573	1205	562
574	1100	208
575	514	2559
576	27	2351
577	512	2468
578	761	3179
579	405	3311
580	607	729
581	530	2254
582	1149	2166
583	1182	404
584	458	794
585	1095	2675
586	1017	1238
587	1213	1682
588	1337	1212
589	733	2366
590	1458	1228
591	1132	456
592	592	2475
593	799	2461
594	1055	2553
595	645	3339
596	1305	994
597	1079	2655
598	949	2032
599	248	3568
600	1234	2291
601	964	1424
602	1165	2532
603	918	3170
604	1213	1682
605	1091	1284
606	821	2144
607	1122	2648
608	242	3177
609	1017	1238
610	747	1912
611	405	3311
612	489	3527
613	594	2733
614	530	2254
615	49	3641
616	448	3395
617	316	3009
618	1292	862
619	1224	958
620	1430	1100
621	1100	208
622	1149	2166
623	867	2478
624	310	3397
625	900	2691
626	885	2057
627	633	3168
628	707	3307
629	1100	208
630	1178	912
631	894	2584
632	637	1721
633	825	1853
634	922	1936
635	242	3177
636	1075	1632
637	162	1256
638	657	2228
639	761	2496
640	958	2148
641	690	3305
642	929	2603
643	570	1702
644	1065	602
645	391	2905
646	1430	1100
647	157	2683
648	673	1810
649	1377	1316
650	791	2802
651	1156	698
652	1458	1228
653	1234	2291
654	1182	125
655	1085	1008
656	1306	1044
657	958	2148
658	116	2773
659	157	2683
660	765	2430
661	526	845
662	1298	1423
663	1388	1311
664	1095	2675
665	236	3421
666	275	3244
667	459	3389
668	1377	1316
669	709	1807
670	459	3389
671	637	2289
672	584	681
673	1065	602
674	562	707
675	1233	1629
676	1025	2392
677	918	212
678	1299	1420
679	821	2144
680	157	2683
681	191	1380
682	901	2280
683	441	2554
684	695	1982
685	451	2408
686	489	3100
687	746	134
688	1171	1326
689	861	2088
690	702	2509
691	1430	563
692	1213	1682
693	982	292
694	791	2802
695	861	2684
696	1068	2429
697	510	2739
698	738	2422
699	1531	283
700	1034	2297
701	894	2767
702	242	3177
703	508	2511
704	594	707
705	704	2353
706	1082	2780
707	116	2773
708	725	1826
709	471	2528
710	707	3307
711	690	3305
712	316	3009
713	1231	2473
714	795	2611
715	1224	958
716	76	3129
717	27	2351
718	1037	2620
719	1364	1124
720	1065	2293
721	191	1380
722	1264	1786
723	1025	2392
724	1439	1537
725	1439	1537
726	1156	895
727	1085	1008
728	1388	1311
729	1531	283
730	657	2228
731	611	2872
732	756	1909
733	225	2099
734	562	707
735	1371	279
736	101	3382
737	834	601
738	1060	504
739	736	2489
740	837	2735
741	44	3543
742	900	2691
743	1261	1180
744	804	2079
745	44	3543
746	521	1966
747	1100	208
748	1079	1636
749	1068	2429
750	1041	585
751	709	1807
752	721	2548
753	888	2259
754	445	2837
755	448	3330
756	1299	1058
757	1233	1629
758	1086	2615
759	917	2177
760	441	2554
761	242	3177
762	902	2310
763	898	1669
764	1340	344
765	1156	895
766	900	2691
767	918	3170
768	1079	1636
769	1095	2675
770	1092	241
771	607	729
772	976	2486
773	1337	1212
774	761	3179
775	1140	1530
776	1224	958
777	1065	602
778	633	1856
779	856	320
780	1101	1979
781	1131	653
782	1050	141
783	1571	500
784	532	728
785	690	3305
786	236	3421
787	27	2351
788	636	2656
789	101	3382
790	1293	352
791	1439	1537
792	525	689
793	1266	2570
794	1165	2532
795	594	707
796	425	2512
797	799	1832
798	592	2475
799	1222	958
800	452	2477
801	795	2611
802	584	3323
803	1171	48
804	1024	2673
805	594	2733
806	1264	1786
807	1092	2496
808	1031	309
809	642	2507
810	786	1726
811	861	2684
812	747	1912
813	755	373
814	1050	141
815	1118	2181
816	1125	225
817	982	292
818	377	2974
819	791	2802
820	525	689
821	804	2079
822	769	452
823	642	2507
824	1233	1629
825	996	412
826	974	1467
827	1382	1173
828	958	2148
829	1111	2410
830	1031	309
831	657	2228
832	883	257
833	1309	2094
834	1060	504
835	1060	504
836	795	2611
837	709	1807
838	922	1936
839	1065	602
840	570	3247
841	1430	1100
842	570	2475
843	1180	2805
844	444	3461
845	619	1839
846	1180	2805
847	451	2408
848	725	1826
849	0	3151
850	525	689
851	592	2475
852	564	2792
853	611	2872
854	1171	48
855	673	1979
856	673	1979
857	1118	161
858	1164	951
859	922	1936
860	1324	1418
861	707	2582
862	876	2066
863	765	2430
864	584	681
865	1179	2083
866	275	1095
867	691	429
868	1122	255
869	771	2446
870	508	2511
871	165	2842
872	459	3389
873	1031	309
874	429	3316
875	1055	2553
876	1103	782
877	1178	912
878	242	3177
879	1069	1096
880	929	2603
881	191	1380
882	901	2097
883	217	3276
884	1218	1090
885	1085	982
886	1430	563
887	508	2511
888	255	3230
889	564	2792
890	676	3331
891	1156	895
892	101	3382
893	657	2383
894	697	689
895	1388	1311
896	954	2342
897	904	2286
898	804	2079
899	1118	2181
900	1171	1326
901	697	689
902	206	2459
903	861	2684
904	697	689
905	346	1372
906	673	1810
907	581	516
908	1182	404
909	107	3388
910	1340	344
911	405	3311
912	570	1702
913	107	3388
914	357	930
915	1043	2580
916	1056	652
917	1221	2314
918	619	1839
DEMAND_SECTION
1	0
2	4
3	7
4	4
5	6
6	6
7	4
8	6
9	4
10	5
11	4
12	3
13	9
14	2
15	7
16	4
17	6
18	5
19	4
20	4
21	5
22	5
23	4
24	3
25	2
26	2
27	7
28	4
29	6
30	8
31	7
32	4
33	6
34	8
35	2
36	5
37	2
38	3
39	11
40	7
41	2
42	5
43	4
44	4
45	3
46	6
47	14
48	6
49	4
50	4
51	12
52	9
53	8
54	7
55	8
56	7
57	4
58	9
59	10
60	6
61	7
62	4
63	6
64	8
65	9
66	4
67	7
68	9
69	4
70	11
71	7
72	5
73	5
74	7
75	7
76	8
77	8
78	9
79	12
80	5
81	7
82	6
83	9
84	4
85	8
86	8
87	4
88	4
89	9
90	7
91	9
92	4
93	7
94	7
95	14
96	8
97	7
98	8
99	5
100	8
101	5
102	6
103	9
104	8
105	4
106	8
107	4
108	4
109	4
110	8
111	7
112	3
113	8
114	6
115	5
116	10
117	4
118	10
119	5
120	3
121	3
122	4
123	6
124	6
125	4
126	6
127	5
128	8
129	7
130	7
131	6
132	6
133	9
134	7
135	6
136	8
137	9
138	5
139	13
140	10
141	9
142	4
143	4
144	4
145	10
146	5
147	8
148	6
149	7
150	1
151	5
152	3
153	4
154	6
155	6
156	5
157	11
158	4
159	5
160	4
161	4
162	7
163	4
164	7
165	10
166	5
167	5
168	4
169	4
170	3
171	6
172	3
173	4
174	7
175	8
176	5
177	4
178	8
179	5
180	3
181	4
182	6
183	3
184	6
185	4
186	9
187	7
188	6
189	4
190	9
191	5
192	6
193	9
194	4
195	9
196	4
197	9
198	5
199	6
200	3
201	7
202	9
203	6
204	9
205	6
206	7
207	7
208	8
209	4
210	4
211	3
212	4
213	8
214	6
215	5
216	2
217	5
218	6
219	9
220	10
221	6
222	14
223	6
224	4
225	6
226	4
227	4
228	5
229	4
230	11
231	6
232	3
233	4
234	6
235	7
236	3
237	3
238	5
239	6
240	4
241	5
242	4
243	8
244	6
245	9
246	6
247	7
248	4
249	3
250	6
251	9
252	6
253	4
254	4
255	4
256	7
257	4
258	8
259	7
260	3
261	10
262	5
263	10
264	7
265	3
266	11
267	4
268	5
269	12
270	3
271	7
272	5
273	10
274	9
275	3
276	13
277	5
278	5
279	7
280	5
281	3
282	5
283	7
284	5
285	5
286	2
287	11
288	5
289	8
290	4
291	4
292	2
293	4
294	4
295	3
296	8
297	9
298	6
299	7
300	7
301	8
302	5
303	9
304	9
305	6
306	7
307	7
308	4
309	4
310	7
311	6
312	6
313	10
314	4
315	6
316	3
317	10
318	5
319	4
320	6
321	4
322	7
323	8
324	7
325	6
326	7
327	5
328	11
329	10
330	5
331	6
332	6
333	4
334	9
335	7
336	6
337	7
338	6
339	4
340	7
341	10
342	6
343	10
344	6
345	7
346	5
347	3
348	5
349	4
350	4
351	6
352	4
353	4
354	4
355	8
356	10
357	8
358	4
359	10
360	9
361	6
362	2
363	8
364	9
365	6
366	9
367	5
368	4
369	5
370	10
371	9
372	5
373	5
374	9
375	5
376	6
377	5
378	5
379	4
380	7
381	3
382	3
383	4
384	5
385	4
386	10
387	10
388	7
389	5
390	5
391	5
392	8
393	7
394	6
395	10
396	5
397	4
398	4
399	12
400	6
401	7
402	8
403	4
404	6
405	4
406	2
407	3
408	4
409	4
410	4
411	4
412	4
413	6
414	6
415	9
416	6
417	11
418	4
419	14
420	7
421	5
422	8
423	3
424	3
425	5
426	7
427	3
428	3
429	4
430	4
431	7
432	6
433	5
434	10
435	6
436	6
437	8
438	6
439	5
440	8
441	7
442	8
443	5
444	4
445	5
446	11
447	6
448	5
449	4
450	4
451	5
452	4
453	9
454	6
455	7
456	4
457	6
458	7
459	5
460	2
461	7
462	3
463	4
464	6
465	4
466	11
467	11
468	6
469	7
470	6
471	4
472	6
473	2
474	10
475	8
476	6
477	4
478	3
479	4
480	8
481	1
482	3
483	7
484	5
485	3
486	10
487	8
488	12
489	7
490	7
491	3
492	7
493	4
494	6
495	5
496	6
497	6
498	3
499	9
500	9
501	5
502	5
503	14
504	9
505	2
506	4
507	5
508	4
509	4
510	7
511	8
512	8
513	7
514	10
515	6
516	5
517	4
518	5
519	3
520	6
521	7
522	3
523	4
524	9
525	6
526	5
527	9
528	6
529	6
530	6
531	10
532	7
533	3
534	5
535	6
536	8
537	4
538	2
539	4
540	4
541	7
542	10
543	4
544	4
545	5
546	5
547	5
548	7
549	5
550	12
551	7
552	7
553	3
554	14
555	6
556	3
557	12
558	10
559	5
560	4
561	5
562	2
563	6
564	3
565	4
566	5
567	5
568	4
569	3
570	7
571	7
572	8
573	12
574	9
575	8
576	7
577	5
578	4
579	4
580	6
581	7
582	4
583	4
584	7
585	6
586	4
587	6
588	6
589	4
590	5
591	4
592	6
593	6
594	5
595	7
596	4
597	3
598	4
599	8
600	4
601	5
602	6
603	7
604	6
605	6
606	4
607	7
608	7
609	8
610	6
611	4
612	5
613	8
614	2
615	5
616	5
617	5
618	5
619	6
620	9
621	8
622	4
623	4
624	6
625	8
626	6
627	6
628	8
629	6
630	2
631	7
632	7
633	4
634	8
635	7
636	4
637	5
638	12
639	5
640	5
641	8
642	6
643	6
644	4
645	10
646	10
647	6
648	7
649	6
650	6
651	6
652	11
653	12
654	11
655	8
656	6
657	7
658	4
659	7
660	7
661	4
662	6
663	7
664	7
665	5
666	7
667	2
668	6
669	3
670	6
671	4
672	5
673	9
674	6
675	8
676	5
677	7
678	3
679	4
680	5
681	8
682	2
683	8
684	4
685	3
686	5
687	4
688	11
689	4
690	19
691	6
692	6
693	4
694	21
695	6
696	14
697	9
698	5
699	6
700	8
701	6
702	6
703	6
704	33
705	6
706	7
707	6
708	6
709	5
710	7
711	5
712	4
713	3
714	4
715	4
716	5
717	4
718	5
719	6
720	3
721	6
722	4
723	4
724	6
725	6
726	6
727	8
728	1
729	10
730	5
731	2
732	9
733	6
734	12
735	6
736	12
737	6
738	3
739	2
740	4
741	6
742	8
743	6
744	7
745	4
746	11
747	7
748	4
749	3
750	8
751	5
752	5
753	3
754	6
755	5
756	6
757	8
758	7
759	4
760	7
761	6
762	5
763	4
764	7
765	8
766	7
767	6
768	5
769	9
770	7
771	3
772	5
773	5
774	9
775	8
776	4
777	6
778	3
779	2
780	5
781	9
782	1
783	4
784	9
785	5
786	5
787	4
788	11
789	5
790	12
791	6
792	4
793	9
794	1
795	7
796	5
797	3
798	4
799	6
800	8
801	5
802	3
803	8
804	12
805	9
806	12
807	12
808	13
809	1
810	6
811	10
812	6
813	11
814	5
815	7
816	8
817	4
818	7
819	19
820	8
821	4
822	6
823	2
824	7
825	7
826	4
827	7
828	7
829	12
830	2
831	8
832	9
833	6
834	4
835	5
836	11
837	7
838	5
839	4
840	8
841	4
842	4
843	6
844	5
845	5
846	6
847	13
848	3
849	33
850	4
851	6
852	6
853	4
854	5
855	7
856	5
857	3
858	5
859	13
860	5
861	7
862	3
863	9
864	4
865	7
866	5
867	8
868	9
869	8
870	7
871	5
872	6
873	6
874	3
875	8
876	4
877	6
878	4
879	9
880	4
881	4
882	5
883	4
884	4
885	6
886	6
887	7
888	4
889	8
890	6
891	7
892	7
893	5
894	6
895	3
896	4
897	5
898	4
899	8
900	5
901	7
902	9
903	6
904	7
905	4
906	5
907	10
908	13
909	13
910	5
911	13
912	2
913	5
914	8
915	4
916	4
917	7
918	4
DEPOT_SECTION
1
-1
SERVICE_TIME_SECTION
1	0
2	1080
3	600
4	480
5	780
6	360
7	480
8	780
9	360
10	660
11	720
12	540
13	900
14	480
15	780
16	420
17	960
18	480
19	660
20	720
21	420
22	900
23	600
24	540
25	420
26	720
27	780
28	660
29	300
30	600
31	540
32	660
33	540
34	780
35	480
36	660
37	660
38	480
39	480
40	600
41	660
42	300
43	420
44	780
45	660
46	360
47	660
48	1080
49	420
50	720
51	480
52	480
53	600
54	720
55	720
56	660
57	1020
58	660
59	300
60	600
61	660
62	780
63	600
64	660
65	480
66	540
67	720
68	360
69	360
70	420
71	300
72	600
73	600
74	420
75	420
76	480
77	540
78	480
79	540
80	960
81	600
82	540
83	660
84	360
85	660
86	540
87	780
88	600
89	540
90	660
91	300
92	840
93	360
94	780
95	660
96	420
97	600
98	780
99	600
100	540
101	780
102	540
103	300
104	660
105	720
106	480
107	780
108	600
109	600
110	360
111	300
112	360
113	720
114	1020
115	300
116	660
117	900
118	840
119	420
120	480
121	480
122	900
123	780
124	600
125	780
126	480
127	900
128	900
129	480
130	540
131	420
132	780
133	540
134	420
135	600
136	900
137	840
138	660
139	300
140	780
141	360
142	540
143	600
144	720
145	420
146	720
147	540
148	780
149	660
150	540
151	540
152	540
153	840
154	600
155	420
156	600
157	840
158	540
159	720
160	480
161	360
162	480
163	420
164	240
165	660
166	600
167	780
168	420
169	480
170	600
171	780
172	660
173	780
174	480
175	420
176	1080
177	720
178	420
179	780
180	480
181	420
182	840
183	720
184	960
185	540
186	720
187	600
188	420
189	420
190	480
191	780
192	480
193	420
194	720
195	660
196	540
197	960
198	600
199	360
200	540
201	360
202	300
203	600
204	840
205	720
206	660
207	600
208	540
209	360
210	720
211	900
212	480
213	480
214	600
215	660
216	420
217	480
218	420
219	480
220	780
221	840
222	540
223	780
224	780
225	540
226	540
227	360
228	1320
229	480
230	780
231	720
232	300
233	840
234	540
235	780
236	540
237	600
238	540
239	660
240	1020
241	720
242	900
243	960
244	600
245	660
246	660
247	420
248	480
249	420
250	480
251	420
252	600
253	660
254	540
255	420
256	720
257	600
258	420
259	420
260	420
261	600
262	480
263	540
264	480
265	660
266	480
267	420
268	660
269	300
270	240
271	780
272	840
273	540
274	240
275	720
276	600
277	540
278	780
279	420
280	780
281	240
282	600
283	420
284	600
285	660
286	600
287	540
288	1080
289	720
290	960
291	360
292	360
293	960
294	900
295	960
296	900
297	660
298	600
299	600
300	900
301	480
302	900
303	480
304	480
305	600
306	600
307	540
308	720
309	420
310	660
311	300
312	780
313	540
314	480
315	780
316	420
317	480
318	540
319	780
320	480
321	420
322	300
323	660
324	600
325	480
326	480
327	540
328	720
329	960
330	780
331	900
332	900
333	300
334	840
335	540
336	240
337	420
338	420
339	540
340	1260
341	300
342	660
343	600
344	780
345	360
346	420
347	420
348	900
349	780
350	300
351	840
352	1080
353	780
354	600
355	600
356	300
357	300
358	960
359	660
360	300
361	540
362	780
363	840
364	780
365	300
366	600
367	780
368	480
369	480
370	540
371	960
372	420
373	720
374	840
375	840
376	780
377	540
378	600
379	480
380	420
381	300
382	720
383	780
384	420
385	420
386	360
387	2100
388	780
389	300
390	720
391	480
392	780
393	540
394	480
395	600
396	660
397	540
398	480
399	660
400	540
401	900
402	960
403	720
404	600
405	420
406	720
407	600
408	660
409	660
410	480
411	900
412	480
413	420
414	420
415	720
416	300
417	780
418	780
419	780
420	420
421	1440
422	660
423	780
424	720
425	840
426	600
427	480
428	360
429	660
430	780
431	840
432	660
433	600
434	780
435	480
436	540
437	480
438	420
439	600
440	360
441	660
442	420
443	480
444	240
445	480
446	900
447	420
448	1260
449	600
450	960
451	480
452	540
453	720
454	420
455	600
456	720
457	540
458	360
459	900
460	900
461	960
462	900
463	720
464	480
465	780
466	840
467	480
468	1260
469	540
470	600
471	720
472	600
473	480
474	420
475	720
476	420
477	780
478	720
479	360
480	540
481	480
482	600
483	480
484	420
485	600
486	420
487	600
488	300
489	600
490	540
491	600
492	600
493	420
494	720
495	720
496	480
497	540
498	1200
499	720
500	600
501	780
502	780
503	480
504	600
505	420
506	300
507	780
508	900
509	840
510	660
511	2100
512	780
513	720
514	360
515	480
516	900
517	480
518	720
519	1320
520	360
521	420
522	540
523	780
524	480
525	600
526	360
527	900
528	480
529	960
530	900
531	840
532	660
533	660
534	240
535	420
536	900
537	480
538	420
539	780
540	600
541	420
542	300
543	660
544	960
545	540
546	900
547	600
548	660
549	480
550	480
551	660
552	540
553	600
554	600
555	600
556	840
557	660
558	360
559	900
560	300
561	1020
562	300
563	840
564	780
565	420
566	720
567	420
568	840
569	480
570	1020
571	600
572	600
573	600
574	420
575	900
576	660
577	480
578	540
579	600
580	420
581	360
582	780
583	600
584	300
585	780
586	600
587	960
588	1080
589	720
590	480
591	480
592	480
593	1020
594	420
595	480
596	1020
597	720
598	600
599	600
600	300
601	480
602	720
603	780
604	780
605	600
606	660
607	540
608	900
609	900
610	840
611	480
612	540
613	660
614	900
615	600
616	900
617	960
618	840
619	660
620	660
621	660
622	720
623	300
624	600
625	420
626	480
627	1200
628	540
629	300
630	480
631	540
632	720
633	660
634	960
635	720
636	420
637	1020
638	660
639	720
640	780
641	300
642	900
643	720
644	540
645	780
646	660
647	600
648	900
649	900
650	420
651	780
652	780
653	360
654	540
655	540
656	600
657	600
658	720
659	480
660	900
661	900
662	360
663	480
664	780
665	660
666	360
667	360
668	480
669	660
670	720
671	600
672	300
673	660
674	300
675	600
676	480
677	360
678	900
679	540
680	480
681	540
682	360
683	900
684	420
685	360
686	780
687	780
688	420
689	660
690	480
691	600
692	360
693	600
694	420
695	780
696	720
697	420
698	660
699	540
700	660
701	660
702	1080
703	240
704	600
705	780
706	960
707	660
708	720
709	480
710	300
711	900
712	840
713	540
714	1440
715	540
716	480
717	660
718	300
719	900
720	960
721	360
722	600
723	720
724	720
725	420
726	360
727	660
728	660
729	300
730	480
731	780
732	600
733	420
734	840
735	660
736	780
737	720
738	1020
739	960
740	300
741	600
742	420
743	1020
744	420
745	360
746	900
747	960
748	600
749	480
750	900
751	540
752	540
753	720
754	780
755	300
756	480
757	420
758	780
759	660
760	240
761	600
762	780
763	1020
764	420
765	540
766	840
767	900
768	780
769	1200
770	960
771	720
772	300
773	660
774	900
775	600
776	900
777	720
778	360
779	240
780	420
781	960
782	600
783	660
784	660
785	960
786	360
787	900
788	480
789	480
790	780
791	540
792	660
793	1140
794	840
795	420
796	480
797	360
798	600
799	600
800	480
801	480
802	420
803	840
804	420
805	720
806	300
807	540
808	780
809	360
810	540
811	780
812	600
813	780
814	420
815	420
816	360
817	540
818	780
819	480
820	540
821	900
822	540
823	420
824	480
825	660
826	840
827	480
828	720
829	840
830	1020
831	360
832	480
833	660
834	660
835	540
836	420
837	420
838	1080
839	600
840	360
841	960
842	540
843	660
844	420
845	600
846	600
847	420
848	840
849	720
850	360
851	780
852	360
853	840
854	420
855	360
856	660
857	540
858	780
859	660
860	960
861	780
862	420
863	780
864	420
865	600
866	600
867	660
868	420
869	960
870	360
871	660
872	480
873	540
874	420
875	600
876	660
877	420
878	300
879	360
880	420
881	960
882	720
883	780
884	660
885	660
886	1080
887	540
888	600
889	720
890	600
891	420
892	540
893	540
894	1260
895	480
896	900
897	780
898	480
899	600
900	1080
901	300
902	300
903	300
904	900
905	300
906	900
907	1020
908	300
909	900
910	420
911	540
912	780
913	720
914	780
915	600
916	540
917	420
918	720
TIME_WINDOW_SECTION
1	0	45000
2	16200	24300
3	9000	16200
4	12600	19800
5	12600	19800
6	19800	27000
7	19800	27000
8	16200	23400
9	9000	16200
10	12600	19800
11	23400	30600
12	7200	30600
13	7200	30600
14	23400	30600
15	7200	30600
16	12600	19800
17	9000	16200
18	16200	23400
19	16200	23400
20	23400	30600
21	5400	11700
22	12600	19800
23	7200	29700
24	23400	30600
25	7200	30600
26	5400	12600
27	23400	30600
28	5400	12600
29	5400	12600
30	23400	30600
31	12600	18900
32	7200	30600
33	9000	16200
34	19800	27000
35	7200	30600
36	12600	19800
37	12600	19800
38	16200	23400
39	12600	19800
40	19800	27000
41	16200	23400
42	19800	27000
43	7200	30600
44	19800	27000
45	23400	30600
46	23400	30600
47	16200	22500
48	9000	16200
49	16200	23400
50	12600	19800
51	5400	12600
52	16200	23400
53	12600	19800
54	5400	12600
55	16200	23400
56	12600	19800
57	23400	30600
58	7200	30600
59	5400	12600
60	19800	27000
61	23400	30600
62	19800	27000
63	12600	19800
64	5400	12600
65	5400	11700
66	19800	27000
67	7200	30600
68	16200	23400
69	9000	16200
70	16200	23400
71	12600	19800
72	16200	23400
73	7200	29700
74	7200	30600
75	7200	29700
76	12600	19800
77	12600	18900
78	5400	12600
79	16200	23400
80	16200	23400
81	16200	23400
82	7200	30600
83	23400	30600
84	23400	30600
85	16200	23400
86	23400	30600
87	19800	27000
88	19800	27000
89	18000	41400
90	23400	30600
91	23400	30600
92	16200	23400
93	9000	16200
94	16200	25200
95	12600	19800
96	12600	19800
97	5400	12600
98	9000	16200
99	19800	27000
100	7200	30600
101	23400	30600
102	23400	30600
103	5400	12600
104	19800	27000
105	23400	30600
106	16200	23400
107	5400	12600
108	12600	19800
109	12600	19800
110	23400	30600
111	9000	16200
112	12600	19800
113	16200	23400
114	23400	30600
115	19800	27000
116	7200	30600
117	19800	27000
118	5400	12600
119	7200	30600
120	23400	30600
121	7200	30600
122	5400	12600
123	5400	11700
124	16200	23400
125	23400	30600
126	23400	30600
127	9000	16200
128	12600	19800
129	12600	19800
130	16200	22500
131	16200	25200
132	16200	23400
133	5400	12600
134	19800	27000
135	23400	30600
136	5400	12600
137	12600	19800
138	12600	19800
139	5400	12600
140	16200	23400
141	19800	27000
142	23400	30600
143	12600	19800
144	12600	19800
145	23400	30600
146	7200	30600
147	5400	12600
148	5400	12600
149	16200	23400
150	12600	18900
151	23400	30600
152	16200	22500
153	23400	30600
154	7200	30600
155	7200	30600
156	12600	19800
157	16200	23400
158	7200	30600
159	9000	16200
160	16200	23400
161	5400	12600
162	12600	19800
163	19800	27000
164	19800	27000
165	5400	12600
166	19800	27000
167	16200	23400
168	12600	19800
169	5400	12600
170	5400	12600
171	18000	41400
172	5400	12600
173	23400	30600
174	12600	19800
175	5400	12600
176	23400	30600
177	23400	30600
178	9000	16200
179	12600	19800
180	7200	30600
181	23400	30600
182	7200	30600
183	5400	12600
184	23400	30600
185	9000	16200
186	5400	12600
187	5400	12600
188	19800	27000
189	7200	30600
190	7200	30600
191	16200	23400
192	19800	27000
193	12600	19800
194	23400	30600
195	9000	16200
196	5400	12600
197	12600	18900
198	12600	19800
199	9000	16200
200	9000	16200
201	23400	30600
202	7200	30600
203	7200	29700
204	12600	19800
205	7200	30600
206	12600	19800
207	19800	27000
208	16200	23400
209	9000	16200
210	9000	16200
211	19800	27000
212	16200	23400
213	7200	30600
214	16200	23400
215	19800	27000
216	23400	30600
217	7200	29700
218	12600	19800
219	23400	30600
220	19800	27000
221	19800	27000
222	23400	30600
223	12600	19800
224	23400	29700
225	16200	23400
226	16200	23400
227	12600	19800
228	23400	29700
229	19800	27000
230	7200	29700
231	7200	30600
232	9000	16200
233	23400	30600
234	7200	30600
235	12600	19800
236	16200	24300
237	23400	30600
238	23400	30600
239	7200	29700
240	12600	19800
241	7200	30600
242	19800	27000
243	16200	23400
244	16200	23400
245	9000	16200
246	7200	30600
247	12600	19800
248	5400	11700
249	12600	19800
250	7200	30600
251	19800	26100
252	19800	27000
253	19800	27000
254	7200	30600
255	23400	30600
256	5400	11700
257	7200	30600
258	7200	30600
259	5400	12600
260	16200	23400
261	23400	30600
262	16200	23400
263	16200	25200
264	23400	30600
265	19800	27000
266	16200	22500
267	7200	30600
268	9000	16200
269	16200	23400
270	23400	30600
271	23400	30600
272	12600	19800
273	16200	23400
274	9000	16200
275	19800	27000
276	23400	29700
277	7200	29700
278	16200	23400
279	12600	19800
280	12600	19800
281	9000	16200
282	5400	11700
283	12600	19800
284	7200	29700
285	19800	27000
286	16200	23400
287	5400	12600
288	9000	16200
289	23400	30600
290	12600	19800
291	23400	30600
292	23400	29700
293	7200	30600
294	16200	23400
295	7200	30600
296	19800	27000
297	5400	12600
298	9000	16200
299	7200	30600
300	19800	27000
301	7200	30600
302	5400	12600
303	9000	16200
304	12600	19800
305	16200	23400
306	23400	29700
307	23400	30600
308	16200	23400
309	16200	23400
310	16200	23400
311	23400	30600
312	19800	27000
313	19800	27000
314	5400	12600
315	9000	16200
316	19800	27000
317	5400	12600
318	19800	26100
319	5400	12600
320	5400	12600
321	16200	24300
322	5400	12600
323	7200	30600
324	16200	23400
325	7200	30600
326	5400	12600
327	12600	19800
328	16200	25200
329	9000	16200
330	12600	19800
331	7200	30600
332	7200	30600
333	9000	16200
334	16200	22500
335	5400	12600
336	19800	27000
337	7200	30600
338	16200	23400
339	5400	12600
340	9000	16200
341	19800	27000
342	16200	25200
343	5400	12600
344	7200	30600
345	12600	19800
346	7200	30600
347	19800	27000
348	16200	23400
349	7200	30600
350	19800	27000
351	19800	26100
352	12600	19800
353	7200	30600
354	7200	30600
355	23400	30600
356	7200	30600
357	12600	19800
358	23400	30600
359	19800	27000
360	19800	27000
361	19800	27000
362	23400	30600
363	16200	23400
364	16200	22500
365	9000	16200
366	19800	27000
367	23400	30600
368	9000	16200
369	12600	19800
370	19800	27000
371	19800	27000
372	19800	26100
373	16200	23400
374	5400	12600
375	23400	30600
376	23400	30600
377	19800	27000
378	12600	19800
379	19800	27000
380	16200	22500
381	7200	30600
382	19800	27000
383	12600	19800
384	12600	18900
385	7200	30600
386	12600	19800
387	23400	30600
388	19800	27000
389	7200	30600
390	7200	30600
391	7200	30600
392	16200	23400
393	12600	19800
394	9000	16200
395	23400	30600
396	12600	19800
397	23400	30600
398	7200	29700
399	7200	30600
400	9000	16200
401	12600	19800
402	23400	30600
403	23400	30600
404	16200	23400
405	23400	30600
406	16200	23400
407	7200	30600
408	7200	30600
409	16200	23400
410	19800	27000
411	16200	23400
412	16200	23400
413	12600	19800
414	23400	30600
415	7200	30600
416	23400	30600
417	23400	30600
418	7200	30600
419	19800	27000
420	7200	30600
421	23400	30600
422	23400	29700
423	19800	27000
424	7200	30600
425	19800	27000
426	23400	29700
427	12600	19800
428	16200	22500
429	16200	23400
430	16200	23400
431	7200	30600
432	9000	16200
433	12600	19800
434	19800	27000
435	23400	30600
436	19800	27000
437	7200	30600
438	19800	27000
439	12600	19800
440	16200	25200
441	12600	19800
442	16200	22500
443	7200	30600
444	12600	19800
445	16200	23400
446	23400	30600
447	23400	29700
448	12600	19800
449	16200	23400
450	19800	27000
451	16200	22500
452	7200	29700
453	16200	23400
454	7200	30600
455	9000	16200
456	23400	30600
457	12600	19800
458	7200	30600
459	16200	23400
460	19800	27000
461	23400	30600
462	12600	19800
463	9000	16200
464	12600	19800
465	7200	30600
466	19800	27000
467	7200	30600
468	9000	16200
469	12600	19800
470	7200	30600
471	16200	23400
472	7200	29700
473	7200	30600
474	19800	27000
475	19800	27000
476	7200	30600
477	12600	19800
478	19800	27000
479	9000	16200
480	7200	30600
481	16200	22500
482	16200	23400
483	9000	16200
484	16200	23400
485	9000	16200
486	16200	23400
487	7200	30600
488	16200	23400
489	12600	19800
490	12600	19800
491	19800	27000
492	16200	23400
493	9000	16200
494	9000	16200
495	16200	22500
496	23400	30600
497	16200	23400
498	12600	19800
499	12600	19800
500	7200	30600
501	16200	23400
502	12600	19800
503	23400	30600
504	12600	19800
505	12600	19800
506	16200	22500
507	23400	30600
508	16200	23400
509	19800	27000
510	23400	30600
511	16200	23400
512	12600	19800
513	19800	27000
514	12600	18900
515	16200	22500
516	16200	23400
517	23400	30600
518	23400	29700
519	16200	25200
520	12600	19800
521	7200	30600
522	7200	30600
523	12600	19800
524	7200	30600
525	16200	23400
526	7200	29700
527	23400	30600
528	16200	22500
529	19800	27000
530	16200	23400
531	16200	23400
532	12600	19800
533	16200	23400
534	19800	27000
535	12600	19800
536	7200	30600
537	23400	30600
538	7200	30600
539	16200	23400
540	7200	30600
541	19800	27000
542	16200	23400
543	9000	16200
544	16200	23400
545	12600	19800
546	12600	19800
547	9000	16200
548	9000	16200
549	23400	30600
550	12600	19800
551	12600	19800
552	12600	19800
553	23400	30600
554	19800	27000
555	12600	19800
556	16200	23400
557	23400	30600
558	19800	27000
559	7200	30600
560	23400	30600
561	16200	23400
562	19800	27000
563	12600	19800
564	16200	25200
565	7200	30600
566	19800	27000
567	12600	19800
568	12600	19800
569	7200	29700
570	7200	30600
571	7200	30600
572	23400	30600
573	7200	30600
574	23400	30600
575	19800	27000
576	23400	30600
577	12600	19800
578	19800	27000
579	16200	23400
580	12600	19800
581	23400	30600
582	19800	27000
583	7200	30600
584	23400	30600
585	12600	19800
586	16200	23400
587	23400	30600
588	16200	22500
589	16200	23400
590	12600	19800
591	23400	30600
592	19800	26100
593	7200	30600
594	16200	23400
595	23400	30600
596	19800	27000
597	7200	29700
598	12600	19800
599	12600	19800
600	12600	19800
601	19800	27000
602	19800	27000
603	7200	30600
604	23400	30600
605	16200	23400
606	7200	29700
607	7200	30600
608	16200	25200
609	23400	30600
610	12600	19800
611	19800	27000
612	12600	19800
613	16200	23400
614	7200	30600
615	7200	30600
616	12600	19800
617	19800	27000
618	19800	27000
619	23400	29700
620	12600	19800
621	23400	30600
622	16200	23400
623	7200	30600
624	16200	23400
625	16200	23400
626	16200	23400
627	7200	30600
628	12600	19800
629	23400	30600
630	7200	30600
631	12600	18900
632	12600	19800
633	7200	30600
634	12600	19800
635	16200	23400
636	23400	30600
637	12600	19800
638	16200	23400
639	7200	30600
640	12600	19800
641	23400	30600
642	23400	30600
643	23400	30600
644	12600	19800
645	7200	30600
646	19800	27000
647	16200	23400
648	19800	26100
649	7200	30600
650	23400	30600
651	7200	30600
652	23400	30600
653	12600	19800
654	19800	27000
655	12600	19800
656	23400	30600
657	19800	27000
658	7200	30600
659	7200	30600
660	16200	23400
661	16200	23400
662	12600	19800
663	18000	41400
664	7200	30600
665	23400	30600
666	16200	23400
667	7200	30600
668	16200	23400
669	16200	23400
670	23400	30600
671	23400	30600
672	7200	29700
673	16200	23400
674	19800	27000
675	12600	19800
676	7200	30600
677	7200	30600
678	12600	19800
679	7200	29700
680	7200	30600
681	19800	27000
682	16200	25200
683	16200	23400
684	23400	30600
685	16200	23400
686	23400	30600
687	12600	19800
688	7200	30600
689	19800	27000
690	23400	30600
691	16200	23400
692	12600	19800
693	12600	19800
694	7200	30600
695	23400	30600
696	23400	30600
697	19800	27000
698	7200	30600
699	23400	29700
700	12600	19800
701	16200	25200
702	19800	27000
703	16200	23400
704	12600	19800
705	7200	30600
706	23400	30600
707	19800	26100
708	12600	19800
709	16200	23400
710	19800	27000
711	23400	30600
712	16200	23400
713	23400	30600
714	19800	27000
715	23400	30600
716	23400	30600
717	23400	29700
718	19800	27000
719	23400	30600
720	16200	23400
721	16200	25200
722	12600	19800
723	12600	19800
724	12600	19800
725	16200	23400
726	19800	27000
727	7200	30600
728	23400	30600
729	7200	30600
730	7200	30600
731	7200	30600
732	12600	19800
733	19800	27000
734	12600	19800
735	19800	27000
736	23400	30600
737	16200	23400
738	23400	30600
739	19800	27000
740	7200	29700
741	23400	30600
742	16200	23400
743	16200	22500
744	16200	23400
745	23400	30600
746	16200	23400
747	16200	23400
748	7200	30600
749	16200	23400
750	23400	30600
751	23400	30600
752	7200	30600
753	16200	23400
754	23400	30600
755	16200	25200
756	7200	29700
757	7200	30600
758	19800	27000
759	7200	30600
760	23400	30600
761	23400	30600
762	7200	30600
763	16200	23400
764	18000	41400
765	19800	26100
766	7200	30600
767	7200	30600
768	23400	30600
769	16200	23400
770	7200	30600
771	7200	30600
772	16200	23400
773	16200	23400
774	19800	27000
775	16200	23400
776	16200	23400
777	23400	30600
778	23400	30600
779	7200	30600
780	19800	26100
781	16200	25200
782	19800	27000
783	19800	27000
784	16200	23400
785	7200	30600
786	16200	23400
787	19800	27000
788	23400	30600
789	7200	30600
790	19800	27000
791	23400	30600
792	7200	29700
793	23400	30600
794	7200	30600
795	7200	30600
796	16200	23400
797	16200	23400
798	7200	30600
799	16200	23400
800	7200	30600
801	23400	30600
802	19800	27000
803	16200	23400
804	19800	27000
805	19800	27000
806	23400	30600
807	7200	30600
808	7200	29700
809	23400	30600
810	7200	30600
811	7200	30600
812	23400	30600
813	23400	30600
814	7200	30600
815	7200	30600
816	7200	30600
817	7200	30600
818	7200	30600
819	23400	30600
820	16200	25200
821	7200	30600
822	19800	27000
823	19800	27000
824	7200	30600
825	23400	30600
826	16200	23400
827	7200	30600
828	23400	30600
829	7200	30600
830	16200	23400
831	19800	27000
832	19800	27000
833	19800	27000
834	16200	25200
835	16200	25200
836	7200	30600
837	16200	23400
838	16200	23400
839	7200	30600
840	23400	30600
841	19800	27000
842	7200	30600
843	23400	30600
844	19800	27000
845	16200	25200
846	23400	30600
847	16200	23400
848	7200	30600
849	23400	30600
850	19800	27000
851	23400	30600
852	23400	30600
853	23400	30600
854	7200	29700
855	23400	30600
856	7200	30600
857	16200	23400
858	23400	30600
859	7200	30600
860	19800	27000
861	7200	30600
862	19800	27000
863	7200	30600
864	16200	23400
865	19800	27000
866	16200	23400
867	16200	23400
868	19800	27000
869	18000	41400
870	23400	30600
871	19800	26100
872	23400	30600
873	19800	27000
874	7200	30600
875	7200	29700
876	23400	30600
877	23400	30600
878	7200	30600
879	23400	30600
880	23400	30600
881	23400	30600
882	7200	30600
883	7200	30600
884	7200	30600
885	16200	25200
886	23400	30600
887	7200	30600
888	23400	30600
889	19800	27000
890	7200	30600
891	19800	26100
892	23400	30600
893	19800	27000
894	23400	30600
895	23400	30600
896	7200	30600
897	23400	30600
898	7200	30600
899	23400	30600
900	23400	30600
901	19800	27000
902	7200	29700
903	19800	27000
904	19800	27000
905	19800	27000
906	23400	30600
907	23400	30600
908	7200	30600
909	7200	30600
910	19800	27000
911	23400	30600
912	7200	30600
913	19800	27000
914	19800	27000
915	19800	27000
916	7200	30600
917	16200	25200
918	19800	27000
RELEASE_TIME_SECTION
1	0
2	5400
3	5400
4	5400
5	5400
6	5400
7	5400
8	5400
9	5400
10	5400
11	5400
12	5400
13	5400
14	5400
15	5400
16	5400
17	5400
18	5400
19	5400
20	5400
21	5400
22	5400
23	5400
24	5400
25	5400
26	5400
27	5400
28	5400
29	5400
30	5400
31	5400
32	5400
33	5400
34	5400
35	5400
36	5400
37	5400
38	5400
39	5400
40	5400
41	5400
42	5400
43	5400
44	5400
45	5400
46	5400
47	5400
48	5400
49	5400
50	5400
51	5400
52	5400
53	5400
54	5400
55	5400
56	5400
57	5400
58	5400
59	5400
60	5400
61	5400
62	5400
63	5400
64	5400
65	5400
66	5400
67	5400
68	5400
69	5400
70	5400
71	5400
72	5400
73	5400
74	5400
75	5400
76	5400
77	5400
78	5400
79	5400
80	5400
81	5400
82	5400
83	5400
84	5400
85	5400
86	5400
87	5400
88	5400
89	5400
90	5400
91	5400
92	5400
93	5400
94	5400
95	5400
96	5400
97	5400
98	5400
99	5400
100	5400
101	5400
102	7200
103	7200
104	7200
105	7200
106	7200
107	7200
108	7200
109	7200
110	7200
111	7200
112	7200
113	7200
114	7200
115	7200
116	7200
117	7200
118	7200
119	7200
120	7200
121	7200
122	7200
123	7200
124	7200
125	7200
126	7200
127	7200
128	7200
129	7200
130	7200
131	7200
132	7200
133	7200
134	7200
135	7200
136	7200
137	7200
138	7200
139	7200
140	7200
141	7200
142	7200
143	7200
144	7200
145	7200
146	7200
147	7200
148	7200
149	7200
150	7200
151	7200
152	7200
153	7200
154	7200
155	7200
156	7200
157	7200
158	7200
159	7200
160	7200
161	7200
162	7200
163	7200
164	7200
165	7200
166	7200
167	7200
168	7200
169	7200
170	7200
171	7200
172	7200
173	7200
174	7200
175	7200
176	7200
177	7200
178	7200
179	7200
180	7200
181	7200
182	7200
183	7200
184	7200
185	7200
186	7200
187	7200
188	7200
189	7200
190	7200
191	7200
192	7200
193	7200
194	7200
195	7200
196	7200
197	7200
198	7200
199	7200
200	7200
201	7200
202	9000
203	9000
204	9000
205	9000
206	9000
207	9000
208	9000
209	9000
210	9000
211	9000
212	9000
213	9000
214	9000
215	9000
216	9000
217	9000
218	9000
219	9000
220	9000
221	9000
222	9000
223	9000
224	9000
225	9000
226	9000
227	9000
228	9000
229	9000
230	9000
231	9000
232	9000
233	9000
234	9000
235	9000
236	9000
237	9000
238	9000
239	9000
240	9000
241	9000
242	9000
243	9000
244	9000
245	9000
246	9000
247	9000
248	9000
249	9000
250	9000
251	9000
252	9000
253	9000
254	9000
255	9000
256	9000
257	9000
258	9000
259	9000
260	9000
261	9000
262	9000
263	9000
264	9000
265	9000
266	9000
267	9000
268	9000
269	9000
270	9000
271	9000
272	9000
273	9000
274	9000
275	9000
276	9000
277	9000
278	9000
279	9000
280	9000
281	9000
282	9000
283	9000
284	9000
285	9000
286	9000
287	9000
288	9000
289	9000
290	9000
291	9000
292	9000
293	9000
294	9000
295	9000
296	9000
297	9000
298	9000
299	9000
300	9000
301	9000
302	10800
303	10800
304	10800
305	10800
306	10800
307	10800
308	10800
309	10800
310	10800
311	10800
312	10800
313	10800
314	10800
315	10800
316	10800
317	10800
318	10800
319	10800
320	10800
321	10800
322	10800
323	10800
324	10800
325	10800
326	10800
327	10800
328	10800
329	10800
330	10800
331	10800
332	10800
333	10800
334	10800
335	10800
336	10800
337	10800
338	10800
339	10800
340	10800
341	10800
342	10800
343	10800
344	10800
345	10800
346	10800
347	10800
348	10800
349	10800
350	10800
351	10800
352	10800
353	10800
354	10800
355	10800
356	10800
357	10800
358	10800
359	10800
360	10800
361	10800
362	10800
363	10800
364	10800
365	10800
366	10800
367	10800
368	10800
369	10800
370	10800
371	10800
372	10800
373	10800
374	10800
375	10800
376	10800
377	10800
378	10800
379	10800
380	10800
381	10800
382	10800
383	10800
384	10800
385	10800
386	10800
387	10800
388	10800
389	10800
390	10800
391	10800
392	10800
393	10800
394	10800
395	10800
396	10800
397	10800
398	10800
399	10800
400	12600
401	12600
402	12600
403	12600
404	12600
405	12600
406	12600
407	12600
408	12600
409	12600
410	12600
411	12600
412	12600
413	12600
414	12600
415	12600
416	12600
417	12600
418	12600
419	12600
420	12600
421	12600
422	12600
423	12600
424	12600
425	12600
426	12600
427	12600
428	12600
429	12600
430	12600
431	12600
432	12600
433	12600
434	12600
435	12600
436	12600
437	12600
438	12600
439	12600
440	12600
441	12600
442	12600
443	12600
444	12600
445	12600
446	12600
447	12600
448	12600
449	12600
450	12600
451	12600
452	12600
453	12600
454	12600
455	12600
456	12600
457	12600
458	12600
459	12600
460	12600
461	12600
462	12600
463	12600
464	12600
465	12600
466	12600
467	12600
468	12600
469	12600
470	12600
471	12600
472	12600
473	12600
474	12600
475	12600
476	12600
477	12600
478	12600
479	12600
480	12600
481	12600
482	12600
483	12600
484	12600
485	12600
486	12600
487	12600
488	12600
489	12600
490	14400
491	14400
492	14400
493	14400
494	14400
495	14400
496	14400
497	14400
498	14400
499	14400
500	14400
501	14400
502	14400
503	14400
504	14400
505	14400
506	14400
507	14400
508	14400
509	14400
510	14400
511	14400
512	14400
513	14400
514	14400
515	14400
516	14400
517	14400
518	14400
519	14400
520	14400
521	14400
522	14400
523	14400
524	14400
525	14400
526	14400
527	14400
528	14400
529	14400
530	14400
531	14400
532	14400
533	14400
534	14400
535	14400
536	14400
537	14400
538	14400
539	14400
540	14400
541	14400
542	14400
543	14400
544	14400
545	14400
546	14400
547	14400
548	14400
549	14400
550	14400
551	14400
552	14400
553	14400
554	14400
555	14400
556	14400
557	14400
558	14400
559	14400
560	14400
561	14400
562	14400
563	14400
564	14400
565	14400
566	14400
567	14400
568	14400
569	14400
570	14400
571	14400
572	14400
573	14400
574	14400
575	14400
576	14400
577	14400
578	14400
579	16200
580	16200
581	16200
582	16200
583	16200
584	16200
585	16200
586	16200
587	16200
588	16200
589	16200
590	16200
591	16200
592	16200
593	16200
594	16200
595	16200
596	16200
597	16200
598	16200
599	16200
600	16200
601	16200
602	16200
603	16200
604	16200
605	16200
606	16200
607	16200
608	16200
609	16200
610	16200
611	16200
612	16200
613	16200
614	16200
615	16200
616	16200
617	16200
618	16200
619	16200
620	16200
621	16200
622	16200
623	16200
624	16200
625	16200
626	16200
627	16200
628	16200
629	16200
630	16200
631	16200
632	16200
633	16200
634	16200
635	16200
636	16200
637	16200
638	16200
639	16200
640	16200
641	16200
642	16200
643	16200
644	16200
645	16200
646	16200
647	16200
648	16200
649	16200
650	16200
651	16200
652	16200
653	16200
654	16200
655	16200
656	16200
657	16200
658	16200
659	16200
660	16200
661	16200
662	16200
663	16200
664	18000
665	18000
666	18000
667	18000
668	18000
669	18000
670	18000
671	18000
672	18000
673	18000
674	18000
675	18000
676	18000
677	18000
678	18000
679	18000
680	18000
681	18000
682	18000
683	18000
684	18000
685	18000
686	18000
687	18000
688	18000
689	18000
690	18000
691	18000
692	18000
693	18000
694	18000
695	18000
696	18000
697	18000
698	18000
699	18000
700	18000
701	18000
702	18000
703	18000
704	18000
705	18000
706	18000
707	18000
708	18000
709	18000
710	18000
711	18000
712	18000
713	18000
714	18000
715	18000
716	18000
717	18000
718	18000
719	18000
720	18000
721	18000
722	18000
723	18000
724	18000
725	18000
726	18000
727	18000
728	18000
729	18000
730	18000
731	18000
732	18000
733	18000
734	18000
735	18000
736	18000
737	18000
738	18000
739	18000
740	18000
741	19800
742	19800
743	19800
744	19800
745	19800
746	19800
747	19800
748	19800
749	19800
750	19800
751	19800
752	19800
753	19800
754	19800
755	19800
756	19800
757	19800
758	19800
759	19800
760	19800
761	19800
762	19800
763	19800
764	19800
765	19800
766	19800
767	19800
768	19800
769	19800
770	19800
771	19800
772	19800
773	19800
774	19800
775	19800
776	19800
777	19800
778	19800
779	19800
780	19800
781	19800
782	19800
783	19800
784	19800
785	19800
786	19800
787	19800
788	19800
789	19800
790	19800
791	19800
792	19800
793	19800
794	19800
795	19800
796	19800
797	19800
798	19800
799	19800
800	19800
801	19800
802	19800
803	19800
804	19800
805	21600
806	21600
807	21600
808	21600
809	21600
810	21600
811	21600
812	21600
813	21600
814	21600
815	21600
816	21600
817	21600
818	21600
819	21600
820	21600
821	21600
822	21600
823	21600
824	21600
825	21600
826	21600
827	21600
828	21600
829	21600
830	21600
831	21600
832	21600
833	21600
834	21600
835	21600
836	21600
837	21600
838	21600
839	21600
840	21600
841	21600
842	21600
843	21600
844	21600
845	21600
846	21600
847	21600
848	21600
849	21600
850	21600
851	21600
852	21600
853	21600
854	21600
855	21600
856	21600
857	21600
858	21600
859	21600
860	21600
861	21600
862	21600
863	21600
864	21600
865	21600
866	21600
867	21600
868	23400
869	23400
870	23400
871	23400
872	23400
873	23400
874	23400
875	23400
876	23400
877	23400
878	23400
879	23400
880	23400
881	23400
882	23400
883	23400
884	23400
885	23400
886	23400
887	23400
888	23400
889	23400
890	23400
891	23400
892	23400
893	23400
894	23400
895	23400
896	23400
897	23400
898	23400
899	23400
900	23400
901	23400
902	23400
903	23400
904	23400
905	23400
906	23400
907	23400
908	23400
909	23400
910	23400
911	23400
912	23400
913	23400
914	23400
915	23400
916	23400
917	23400
918	23400
EOF
