NAME : ORTEC-VRPTW-ASYM-effcce2d-d1-n870
TYPE : VRPTW-RT
DIMENSION : 871
EDGE_WEIGHT_TYPE : EUC_2D
CAPACITY : 145
NODE_COORD_SECTION
1	466	2682
2	2136	750
3	733	2260
4	768	2471
5	1061	1951
6	2392	834
7	1814	1527
8	871	2111
9	1848	1592
10	1212	1846
11	1236	1624
12	670	1894
13	1546	1608
14	2068	1143
15	739	2512
16	1790	1258
17	1027	2169
18	1827	1463
19	521	2406
20	2132	1290
21	132	2415
22	583	2242
23	1975	1242
24	694	2932
25	1508	1560
26	1843	1091
27	1893	1327
28	2031	1180
29	1737	1163
30	265	2356
31	1027	2169
32	1788	1118
33	1212	1846
34	1458	1909
35	654	2220
36	720	2130
37	792	1748
38	1073	2059
39	1425	1548
40	2038	1038
41	696	2799
42	664	2352
43	1722	1209
44	910	2052
45	1773	1132
46	2051	1157
47	694	2932
48	1365	1821
49	670	1894
50	820	2211
51	1598	1532
52	2015	1531
53	828	2469
54	2188	1074
55	1133	1725
56	480	2422
57	944	1649
58	2024	1006
59	1775	1046
60	1530	1540
61	642	2477
62	2450	724
63	1730	1430
64	1711	1407
65	1713	1508
66	550	2303
67	194	2267
68	2233	1158
69	1542	1636
70	1515	1531
71	1365	1821
72	957	1707
73	1961	1048
74	696	2799
75	1410	1351
76	1644	1525
77	2347	757
78	908	2356
79	132	2415
80	660	1738
81	2105	834
82	818	2669
83	1863	998
84	1232	1938
85	1038	1892
86	1644	1525
87	1275	1718
88	2068	1143
89	612	2298
90	1164	2210
91	673	2129
92	610	2364
93	1169	1990
94	1715	1454
95	2204	1160
96	1577	1756
97	1265	1901
98	1359	1658
99	391	2265
100	957	1707
101	1152	1993
102	895	1763
103	419	2369
104	2217	1093
105	1590	1251
106	1230	1589
107	818	2669
108	2233	1158
109	2484	893
110	1872	1436
111	2077	1240
112	879	2009
113	1966	1250
114	31	2332
115	1408	1435
116	659	2890
117	908	2356
118	2068	1143
119	2148	1217
120	2031	1180
121	1344	1814
122	1356	1694
123	1083	1900
124	1795	1041
125	1713	1508
126	1232	1818
127	752	2465
128	2106	1304
129	2545	682
130	1061	1951
131	659	2890
132	1651	1265
133	1027	1859
134	2111	891
135	1346	1634
136	2424	860
137	1363	2079
138	1061	2349
139	1546	1608
140	194	2267
141	265	2356
142	1315	1786
143	1742	960
144	583	2242
145	892	2268
146	1275	1718
147	871	2111
148	1359	1471
149	825	2713
150	611	2166
151	1675	1449
152	818	2669
153	667	2352
154	1512	1328
155	2122	1106
156	1814	1527
157	2154	876
158	2323	946
159	818	2669
160	2105	834
161	1651	1265
162	1499	1889
163	508	1911
164	720	2130
165	1765	1565
166	1344	1814
167	2069	715
168	1730	1430
169	976	1985
170	318	2543
171	823	2297
172	2482	902
173	2233	1158
174	1715	1454
175	841	1883
176	1172	1800
177	2032	1294
178	2570	716
179	1126	1850
180	1329	1602
181	2424	692
182	2068	1143
183	1775	1163
184	820	2211
185	1408	1435
186	809	2284
187	2246	1181
188	670	1894
189	2038	1038
190	1867	893
191	1236	1624
192	2145	1200
193	1966	1250
194	2015	1531
195	1313	1838
196	1410	1351
197	1546	1608
198	31	2332
199	1533	1650
200	1894	965
201	1867	893
202	879	2009
203	2157	924
204	1025	2190
205	575	1986
206	1696	1211
207	473	2541
208	713	2348
209	1508	1560
210	132	2415
211	1038	1892
212	660	1738
213	1976	904
214	2450	724
215	1715	1454
216	2170	964
217	376	1982
218	1887	762
219	1298	1508
220	2549	712
221	973	1755
222	1425	1227
223	2543	747
224	2025	1275
225	1036	2179
226	1575	1425
227	944	1649
228	1948	1080
229	788	2508
230	1656	1467
231	1696	1211
232	687	2171
233	2613	690
234	583	2242
235	1990	1338
236	1499	1889
237	2347	757
238	715	2142
239	1827	1463
240	2085	871
241	2105	834
242	1040	2484
243	476	2480
244	1512	1328
245	2204	1160
246	1230	1654
247	1990	1338
248	1590	1251
249	1764	1321
250	853	2602
251	2077	1240
252	2068	1143
253	1727	1731
254	1722	1209
255	818	2669
256	1868	1446
257	1164	2210
258	1152	1993
259	1534	1878
260	152	2287
261	1265	1901
262	1212	1846
263	2119	1113
264	868	1829
265	2115	1237
266	1344	1814
267	1095	1802
268	1651	1265
269	644	2354
270	1144	1700
271	1172	1800
272	636	2321
273	2165	1075
274	545	1972
275	2188	1074
276	2025	1275
277	134	2468
278	1765	1565
279	951	1849
280	2068	1143
281	1095	1802
282	1317	1877
283	1095	1802
284	1212	1846
285	2484	893
286	2170	964
287	1790	1258
288	1722	1209
289	694	2932
290	844	2162
291	660	1738
292	659	2890
293	853	1989
294	1346	1634
295	1410	1351
296	1994	1316
297	1489	1458
298	2545	682
299	2065	993
300	1651	1265
301	2347	825
302	683	2370
303	910	2052
304	746	1965
305	1542	1636
306	1408	1435
307	533	3241
308	892	2268
309	1142	1861
310	1577	1756
311	1730	1430
312	2101	839
313	973	1755
314	1713	1508
315	776	2686
316	1696	1211
317	694	2932
318	2450	724
319	910	2052
320	2133	1066
321	1775	1163
322	2462	736
323	2120	1064
324	2024	1006
325	218	2731
326	1272	1878
327	2012	1261
328	1240	1769
329	644	2354
330	1265	1901
331	1675	1449
332	2024	1006
333	1530	1540
334	2106	1304
335	1863	998
336	921	1822
337	1903	924
338	882	2175
339	1818	1292
340	2314	874
341	1656	1467
342	969	1698
343	2135	1170
344	1053	1972
345	194	2267
346	2001	1070
347	304	2418
348	1818	1292
349	2454	830
350	2154	876
351	1762	1139
352	1738	1222
353	1232	1938
354	2105	834
355	1546	1608
356	1742	960
357	1315	1786
358	1201	1891
359	1359	1658
360	2076	945
361	1827	1463
362	575	1986
363	820	2211
364	2411	1045
365	1317	1513
366	1772	1124
367	1362	1439
368	892	2268
369	1262	1661
370	1622	1537
371	1365	1821
372	1790	1258
373	976	1935
374	152	2287
375	1250	1486
376	671	1998
377	1172	1800
378	776	2686
379	1657	1702
380	1981	971
381	746	1965
382	480	2422
383	862	2655
384	687	2171
385	550	2303
386	1950	1523
387	1966	1250
388	2133	1066
389	976	1985
390	1843	1091
391	1590	1251
392	1530	1540
393	1651	1265
394	1738	1222
395	957	1707
396	1512	1328
397	1575	1425
398	2069	715
399	683	2370
400	2157	924
401	2484	893
402	2064	1422
403	1730	1430
404	2148	1217
405	735	2669
406	1083	1900
407	871	2111
408	2069	715
409	2024	1006
410	951	1849
411	610	2364
412	951	1849
413	1592	1454
414	2145	1200
415	641	2880
416	1743	1723
417	1775	1163
418	746	1965
419	0	2622
420	1236	1624
421	1976	904
422	764	2232
423	1848	1592
424	2099	773
425	981	1894
426	1469	1530
427	2064	1422
428	893	2669
429	1529	1936
430	1675	1449
431	285	2215
432	494	2341
433	1871	953
434	31	2332
435	2153	778
436	788	2508
437	1359	1658
438	494	2377
439	1764	1321
440	2101	839
441	862	2655
442	1169	1990
443	1108	2143
444	2068	1143
445	611	2166
446	2084	1165
447	1359	1471
448	1765	1565
449	981	1894
450	894	2681
451	664	2352
452	526	2447
453	1942	1388
454	1858	796
455	1622	1052
456	2204	1160
457	1903	1555
458	1395	1860
459	419	2369
460	827	2371
461	1848	1592
462	1591	1728
463	2084	1165
464	713	2684
465	2319	703
466	1872	1436
467	1655	1682
468	318	2543
469	649	1924
470	2015	1531
471	844	2162
472	2145	1200
473	894	2681
474	1656	1467
475	1845	1253
476	667	2352
477	981	1894
478	739	2512
479	821	2737
480	2279	1009
481	2122	1106
482	1313	1812
483	1515	1531
484	921	1822
485	1038	2020
486	103	2513
487	1005	1998
488	526	2447
489	2084	1165
490	1966	1250
491	2319	703
492	1555	1807
493	1027	2169
494	1454	1769
495	739	2512
496	1230	1654
497	976	1935
498	1926	824
499	1230	1654
500	1469	1584
501	1529	1936
502	1049	1878
503	1814	1527
504	713	2684
505	1961	855
506	2323	946
507	1772	1124
508	612	2168
509	871	2111
510	1359	1471
511	1548	1539
512	895	1763
513	1962	705
514	1236	1624
515	473	2541
516	0	2622
517	1656	1467
518	2494	783
519	720	2130
520	969	1698
521	1739	1138
522	825	2713
523	1810	1439
524	853	1989
525	853	1989
526	2133	1066
527	1240	1769
528	1843	1091
529	1515	1531
530	194	2267
531	1305	1785
532	1520	1611
533	419	2369
534	1329	1602
535	2051	1157
536	1592	1454
537	238	2352
538	740	2926
539	2069	715
540	912	1729
541	2165	1075
542	2024	1006
543	1137	1892
544	820	2211
545	2424	860
546	2392	834
547	521	2406
548	2132	1290
549	687	2171
550	736	2888
551	194	2267
552	2145	1200
553	1317	1513
554	1814	1527
555	1764	1321
556	1590	1251
557	1675	1449
558	1458	1909
559	1275	1718
560	1469	1530
561	1775	1046
562	2217	1093
563	1657	1702
564	642	2477
565	1989	1264
566	318	2543
567	1053	1972
568	2549	712
569	2101	839
570	152	2287
571	1363	2079
572	2392	834
573	2170	964
574	1095	1802
575	1651	1265
576	391	1974
577	660	1738
578	739	2512
579	642	2477
580	1656	1467
581	1317	1877
582	1966	1250
583	844	2162
584	1546	1608
585	1265	1901
586	1149	1848
587	641	2880
588	1142	1861
589	739	2512
590	1572	1197
591	2148	1217
592	759	1827
593	2279	1009
594	1179	1700
595	1305	1521
596	2392	834
597	2154	876
598	736	2888
599	1458	1909
600	0	2622
601	2001	1070
602	1651	1265
603	1108	2143
604	1082	1980
605	1061	1951
606	1711	1407
607	1053	1972
608	1095	1802
609	2424	692
610	1867	893
611	1289	1846
612	1005	1998
613	1053	1972
614	1265	1901
615	1275	1718
616	792	1748
617	1590	1251
618	908	2356
619	207	2308
620	1179	1700
621	798	2286
622	969	1698
623	2248	755
624	2197	1250
625	508	1911
626	2038	1038
627	1651	1265
628	1061	1951
629	809	2284
630	2304	894
631	494	2377
632	1305	1521
633	1142	1861
634	636	2321
635	660	1738
636	1426	1434
637	2133	1066
638	2182	814
639	1814	1527
640	1395	1860
641	2217	1093
642	871	2111
643	2465	789
644	2411	1045
645	1346	1634
646	2246	1181
647	545	1972
648	893	2669
649	2069	715
650	1575	1425
651	2149	929
652	1469	1584
653	354	2132
654	735	2669
655	735	2669
656	713	2348
657	759	1827
658	809	2284
659	1915	889
660	1942	1388
661	2558	675
662	2347	757
663	776	2686
664	285	2215
665	1775	1163
666	1049	1878
667	593	2281
668	654	2220
669	798	2286
670	2454	830
671	1542	1636
672	2105	834
673	973	1755
674	1149	1848
675	1133	1725
676	533	3241
677	1942	1388
678	715	2142
679	1179	1700
680	1548	1539
681	508	1911
682	1144	1700
683	2279	1009
684	2182	814
685	1232	1818
686	1005	1998
687	1577	1756
688	419	2369
689	2545	682
690	1572	1197
691	1082	1980
692	1548	1539
693	1534	1878
694	1727	1731
695	1359	1658
696	713	2684
697	1313	1838
698	1915	889
699	1742	1421
700	2095	1394
701	1533	1650
702	1164	2210
703	951	1849
704	1950	1523
705	966	2009
706	1508	1560
707	720	2130
708	641	2275
709	494	2377
710	1359	1471
711	1508	1560
712	1815	1474
713	740	2926
714	526	2447
715	327	2469
716	2416	1001
717	976	1935
718	1061	2349
719	2025	1275
720	652	2231
721	2111	891
722	1053	1972
723	1179	1700
724	667	2352
725	910	2052
726	1408	1435
727	1815	1474
728	1515	1531
729	1810	1439
730	2025	1275
731	867	2503
732	1827	1463
733	1126	1850
734	1635	1621
735	1990	1338
736	2613	690
737	0	2622
738	2051	1157
739	476	2480
740	895	1763
741	1221	1895
742	2078	995
743	1082	1980
744	2085	871
745	1715	1454
746	1592	1454
747	1765	1565
748	660	1738
749	2057	906
750	1544	1959
751	391	2265
752	1575	1425
753	1739	1138
754	1962	705
755	2548	804
756	1298	1508
757	1149	1848
758	2314	874
759	2170	964
760	951	1849
761	1137	1892
762	1742	960
763	2120	1064
764	1272	1878
765	2084	1165
766	981	1894
767	1529	1936
768	768	2471
769	1469	1530
770	1629	1587
771	752	2465
772	526	2447
773	1831	956
774	1073	2059
775	981	1894
776	1240	1769
777	2543	747
778	895	1763
779	391	2265
780	1426	1437
781	973	1755
782	1262	1661
783	1038	1892
784	2100	982
785	194	2135
786	1169	1990
787	720	2130
788	0	2524
789	1454	1769
790	1172	1800
791	304	2418
792	1868	1446
793	1073	2059
794	792	1748
795	207	2308
796	1863	998
797	106	2306
798	1201	2189
799	1426	1437
800	1499	1889
801	526	2447
802	207	2308
803	526	2447
804	1572	1197
805	788	2508
806	893	2669
807	2136	750
808	207	2308
809	1315	1786
810	1893	1327
811	1469	1584
812	533	3241
813	2182	814
814	1329	1602
815	2135	1242
816	1845	1253
817	1212	1846
818	2157	924
819	1232	1818
820	910	2052
821	1555	1807
822	1546	1608
823	853	1989
824	1775	1046
825	1236	1624
826	207	2308
827	533	3241
828	654	2220
829	1395	1860
830	2248	755
831	1976	1208
832	1055	1787
833	1201	2189
834	2314	874
835	1858	796
836	683	2370
837	2482	902
838	1715	1454
839	1961	1048
840	1655	1682
841	1529	1936
842	733	2260
843	31	2332
844	879	2009
845	1622	1052
846	2078	995
847	1546	1608
848	1742	960
849	966	2009
850	391	2265
851	1040	2484
852	720	2130
853	2135	1170
854	715	2142
855	1040	2484
856	1622	1052
857	2304	894
858	1651	1265
859	494	2377
860	1208	1717
861	2076	945
862	1201	2189
863	1149	1848
864	1172	1800
865	2182	814
866	1016	1694
867	788	2508
868	1622	1537
869	1814	1527
870	1137	1892
871	619	2390
DEMAND_SECTION
1	0
2	4
3	4
4	7
5	5
6	2
7	7
8	7
9	8
10	4
11	13
12	1
13	8
14	6
15	6
16	6
17	4
18	14
19	6
20	5
21	5
22	11
23	7
24	8
25	9
26	8
27	6
28	10
29	6
30	8
31	7
32	6
33	4
34	7
35	4
36	12
37	4
38	5
39	7
40	7
41	14
42	4
43	3
44	6
45	9
46	7
47	8
48	4
49	18
50	8
51	13
52	11
53	6
54	5
55	5
56	7
57	6
58	10
59	5
60	4
61	4
62	7
63	4
64	6
65	6
66	8
67	7
68	6
69	3
70	5
71	4
72	6
73	12
74	9
75	4
76	7
77	6
78	2
79	4
80	7
81	6
82	7
83	5
84	5
85	6
86	5
87	5
88	15
89	6
90	4
91	3
92	11
93	5
94	2
95	11
96	6
97	5
98	4
99	11
100	6
101	5
102	5
103	6
104	8
105	5
106	8
107	6
108	13
109	8
110	8
111	11
112	7
113	7
114	3
115	6
116	7
117	8
118	6
119	8
120	6
121	7
122	7
123	4
124	4
125	9
126	4
127	3
128	4
129	7
130	5
131	6
132	10
133	10
134	8
135	4
136	4
137	6
138	11
139	5
140	5
141	6
142	3
143	6
144	10
145	6
146	5
147	7
148	4
149	9
150	5
151	7
152	5
153	7
154	5
155	10
156	9
157	8
158	6
159	6
160	11
161	4
162	4
163	15
164	6
165	3
166	5
167	9
168	6
169	5
170	11
171	8
172	6
173	4
174	10
175	4
176	4
177	4
178	4
179	6
180	5
181	4
182	7
183	5
184	15
185	8
186	10
187	7
188	7
189	6
190	11
191	6
192	3
193	8
194	7
195	5
196	13
197	4
198	5
199	4
200	6
201	8
202	5
203	7
204	6
205	5
206	6
207	4
208	8
209	7
210	7
211	5
212	9
213	6
214	6
215	11
216	8
217	4
218	8
219	7
220	5
221	4
222	11
223	4
224	11
225	6
226	4
227	4
228	6
229	13
230	6
231	8
232	7
233	3
234	2
235	7
236	6
237	10
238	6
239	8
240	13
241	11
242	5
243	12
244	4
245	4
246	10
247	6
248	6
249	4
250	4
251	6
252	6
253	8
254	7
255	7
256	5
257	10
258	6
259	7
260	4
261	6
262	6
263	5
264	5
265	7
266	5
267	5
268	8
269	13
270	5
271	6
272	8
273	3
274	8
275	2
276	5
277	9
278	7
279	9
280	7
281	5
282	7
283	13
284	7
285	7
286	4
287	11
288	6
289	6
290	9
291	3
292	16
293	6
294	5
295	6
296	4
297	5
298	4
299	5
300	9
301	10
302	9
303	5
304	10
305	4
306	6
307	6
308	8
309	5
310	6
311	5
312	4
313	3
314	8
315	4
316	6
317	3
318	9
319	18
320	2
321	6
322	7
323	6
324	2
325	5
326	5
327	7
328	7
329	6
330	5
331	4
332	7
333	6
334	5
335	8
336	4
337	7
338	6
339	13
340	4
341	5
342	9
343	5
344	10
345	8
346	3
347	3
348	5
349	6
350	8
351	4
352	9
353	5
354	15
355	4
356	6
357	5
358	4
359	14
360	4
361	6
362	5
363	8
364	5
365	5
366	6
367	9
368	6
369	6
370	6
371	8
372	11
373	11
374	4
375	11
376	6
377	13
378	8
379	5
380	6
381	4
382	6
383	7
384	3
385	5
386	4
387	8
388	11
389	4
390	4
391	5
392	8
393	4
394	10
395	13
396	5
397	2
398	7
399	8
400	7
401	8
402	10
403	4
404	6
405	8
406	6
407	8
408	8
409	8
410	4
411	5
412	6
413	8
414	5
415	5
416	15
417	8
418	3
419	6
420	6
421	5
422	13
423	12
424	9
425	3
426	5
427	3
428	6
429	9
430	10
431	2
432	10
433	5
434	9
435	11
436	9
437	7
438	7
439	4
440	2
441	5
442	5
443	8
444	11
445	6
446	6
447	5
448	8
449	5
450	9
451	5
452	8
453	7
454	6
455	9
456	5
457	3
458	4
459	5
460	4
461	8
462	3
463	6
464	7
465	6
466	7
467	7
468	5
469	6
470	10
471	7
472	13
473	4
474	10
475	9
476	4
477	5
478	4
479	7
480	7
481	6
482	13
483	3
484	13
485	4
486	5
487	8
488	4
489	3
490	6
491	11
492	6
493	6
494	6
495	3
496	5
497	8
498	6
499	4
500	9
501	5
502	3
503	5
504	5
505	6
506	7
507	8
508	4
509	3
510	4
511	4
512	10
513	4
514	7
515	5
516	8
517	4
518	14
519	9
520	6
521	6
522	5
523	6
524	3
525	5
526	6
527	6
528	6
529	5
530	5
531	7
532	5
533	5
534	5
535	10
536	4
537	7
538	3
539	8
540	16
541	5
542	7
543	7
544	4
545	4
546	4
547	4
548	6
549	5
550	9
551	7
552	4
553	4
554	4
555	4
556	15
557	4
558	4
559	8
560	6
561	4
562	4
563	11
564	6
565	6
566	13
567	5
568	6
569	8
570	6
571	5
572	8
573	6
574	5
575	8
576	9
577	7
578	10
579	7
580	5
581	7
582	6
583	10
584	4
585	4
586	13
587	6
588	5
589	3
590	5
591	3
592	6
593	2
594	6
595	6
596	3
597	9
598	4
599	9
600	5
601	6
602	4
603	7
604	5
605	11
606	5
607	6
608	9
609	4
610	2
611	5
612	4
613	4
614	16
615	4
616	5
617	11
618	6
619	4
620	6
621	3
622	5
623	5
624	8
625	8
626	4
627	10
628	5
629	4
630	5
631	5
632	4
633	5
634	7
635	4
636	8
637	6
638	7
639	13
640	8
641	5
642	3
643	4
644	7
645	5
646	9
647	4
648	5
649	9
650	3
651	8
652	2
653	6
654	4
655	6
656	5
657	9
658	7
659	7
660	14
661	6
662	3
663	8
664	7
665	6
666	7
667	5
668	8
669	8
670	6
671	4
672	10
673	2
674	3
675	2
676	6
677	4
678	6
679	4
680	7
681	2
682	5
683	3
684	5
685	4
686	6
687	5
688	3
689	3
690	5
691	4
692	4
693	10
694	5
695	5
696	6
697	7
698	9
699	9
700	8
701	10
702	4
703	6
704	7
705	6
706	8
707	8
708	5
709	8
710	8
711	7
712	5
713	5
714	5
715	8
716	5
717	4
718	8
719	6
720	7
721	5
722	7
723	6
724	6
725	5
726	8
727	4
728	8
729	3
730	12
731	14
732	4
733	9
734	11
735	5
736	8
737	4
738	5
739	4
740	4
741	9
742	4
743	5
744	13
745	5
746	5
747	9
748	7
749	5
750	5
751	4
752	9
753	6
754	4
755	2
756	12
757	10
758	7
759	4
760	5
761	7
762	3
763	6
764	5
765	5
766	4
767	4
768	5
769	6
770	6
771	13
772	6
773	6
774	10
775	7
776	7
777	9
778	8
779	6
780	4
781	8
782	3
783	11
784	8
785	6
786	7
787	6
788	2
789	9
790	4
791	6
792	11
793	6
794	4
795	5
796	10
797	6
798	8
799	7
800	4
801	8
802	5
803	4
804	5
805	5
806	7
807	6
808	7
809	4
810	5
811	4
812	4
813	10
814	4
815	4
816	6
817	7
818	7
819	8
820	7
821	10
822	10
823	13
824	3
825	6
826	5
827	7
828	11
829	3
830	5
831	7
832	14
833	7
834	4
835	10
836	8
837	4
838	2
839	4
840	6
841	5
842	4
843	5
844	4
845	5
846	5
847	6
848	4
849	10
850	2
851	5
852	7
853	4
854	8
855	6
856	7
857	8
858	5
859	6
860	11
861	5
862	4
863	6
864	8
865	4
866	7
867	8
868	16
869	5
870	6
871	5
DEPOT_SECTION
1
-1
SERVICE_TIME_SECTION
1	0
2	660
3	420
4	660
5	420
6	600
7	480
8	780
9	840
10	420
11	780
12	540
13	540
14	1020
15	840
16	780
17	1020
18	600
19	420
20	660
21	660
22	600
23	660
24	720
25	720
26	600
27	540
28	600
29	1380
30	840
31	1080
32	720
33	1140
34	720
35	660
36	540
37	420
38	540
39	720
40	300
41	540
42	480
43	420
44	300
45	600
46	360
47	600
48	240
49	840
50	660
51	720
52	660
53	480
54	780
55	420
56	420
57	360
58	480
59	780
60	780
61	720
62	360
63	960
64	660
65	840
66	1020
67	300
68	360
69	300
70	300
71	660
72	540
73	360
74	1020
75	300
76	360
77	660
78	780
79	1020
80	240
81	780
82	660
83	900
84	840
85	420
86	840
87	420
88	780
89	720
90	420
91	360
92	300
93	180
94	780
95	420
96	600
97	1080
98	780
99	840
100	300
101	660
102	600
103	540
104	960
105	600
106	960
107	660
108	240
109	960
110	780
111	300
112	480
113	600
114	360
115	480
116	900
117	660
118	480
119	420
120	420
121	360
122	720
123	720
124	660
125	420
126	480
127	600
128	600
129	240
130	900
131	360
132	540
133	540
134	660
135	660
136	420
137	840
138	480
139	1380
140	720
141	240
142	300
143	420
144	300
145	300
146	780
147	300
148	420
149	720
150	1020
151	600
152	480
153	360
154	1080
155	540
156	660
157	900
158	660
159	660
160	480
161	420
162	420
163	540
164	720
165	900
166	660
167	840
168	300
169	1380
170	660
171	720
172	720
173	720
174	840
175	600
176	780
177	300
178	540
179	540
180	420
181	1020
182	540
183	780
184	240
185	600
186	660
187	840
188	360
189	600
190	420
191	720
192	660
193	720
194	660
195	720
196	540
197	540
198	960
199	300
200	540
201	300
202	360
203	780
204	480
205	420
206	480
207	780
208	660
209	300
210	600
211	720
212	540
213	780
214	1080
215	960
216	540
217	660
218	420
219	540
220	300
221	480
222	1080
223	360
224	360
225	420
226	600
227	480
228	660
229	780
230	840
231	1260
232	360
233	360
234	420
235	720
236	1020
237	300
238	420
239	1560
240	840
241	300
242	900
243	780
244	420
245	420
246	240
247	780
248	660
249	660
250	480
251	420
252	540
253	360
254	840
255	600
256	660
257	480
258	300
259	540
260	660
261	540
262	540
263	600
264	840
265	960
266	660
267	300
268	900
269	300
270	1140
271	360
272	660
273	240
274	720
275	660
276	240
277	420
278	300
279	300
280	780
281	300
282	1080
283	600
284	240
285	540
286	420
287	420
288	660
289	540
290	600
291	600
292	1560
293	360
294	420
295	240
296	480
297	660
298	300
299	240
300	420
301	960
302	360
303	840
304	420
305	1080
306	780
307	600
308	720
309	540
310	480
311	300
312	720
313	720
314	420
315	420
316	780
317	720
318	720
319	600
320	720
321	420
322	1380
323	300
324	720
325	720
326	660
327	240
328	840
329	300
330	540
331	480
332	360
333	480
334	720
335	540
336	480
337	1080
338	900
339	300
340	360
341	660
342	420
343	420
344	720
345	660
346	780
347	300
348	660
349	660
350	480
351	420
352	480
353	780
354	240
355	1020
356	660
357	960
358	360
359	780
360	780
361	780
362	420
363	420
364	420
365	720
366	360
367	300
368	1080
369	300
370	1380
371	240
372	240
373	900
374	360
375	720
376	420
377	720
378	1380
379	480
380	420
381	480
382	300
383	720
384	420
385	480
386	900
387	900
388	420
389	480
390	540
391	660
392	420
393	420
394	960
395	660
396	300
397	360
398	540
399	660
400	780
401	420
402	300
403	720
404	780
405	600
406	720
407	540
408	360
409	900
410	420
411	900
412	360
413	360
414	960
415	420
416	780
417	780
418	960
419	240
420	600
421	540
422	960
423	900
424	660
425	420
426	540
427	840
428	300
429	660
430	540
431	660
432	1020
433	300
434	240
435	420
436	360
437	720
438	360
439	840
440	540
441	360
442	360
443	540
444	480
445	420
446	360
447	720
448	600
449	900
450	1200
451	360
452	420
453	660
454	240
455	480
456	660
457	600
458	540
459	540
460	240
461	360
462	780
463	600
464	420
465	300
466	660
467	540
468	840
469	420
470	660
471	660
472	780
473	660
474	300
475	1020
476	300
477	360
478	360
479	300
480	360
481	300
482	900
483	660
484	900
485	300
486	240
487	420
488	780
489	600
490	540
491	720
492	540
493	780
494	300
495	240
496	420
497	660
498	480
499	420
500	540
501	480
502	240
503	540
504	360
505	480
506	420
507	660
508	360
509	780
510	540
511	540
512	360
513	480
514	660
515	660
516	600
517	540
518	660
519	240
520	240
521	960
522	840
523	300
524	600
525	240
526	480
527	240
528	300
529	300
530	600
531	660
532	600
533	660
534	900
535	780
536	660
537	540
538	720
539	660
540	720
541	1560
542	540
543	420
544	540
545	660
546	240
547	420
548	360
549	600
550	360
551	720
552	360
553	360
554	420
555	1380
556	840
557	780
558	420
559	660
560	540
561	660
562	420
563	840
564	480
565	420
566	660
567	660
568	360
569	540
570	420
571	420
572	600
573	840
574	480
575	780
576	900
577	420
578	540
579	1020
580	660
581	540
582	900
583	840
584	540
585	420
586	360
587	240
588	780
589	300
590	780
591	480
592	420
593	480
594	600
595	960
596	720
597	660
598	960
599	240
600	420
601	360
602	600
603	300
604	780
605	480
606	660
607	720
608	300
609	540
610	420
611	720
612	600
613	360
614	600
615	420
616	660
617	660
618	960
619	300
620	960
621	720
622	600
623	540
624	780
625	300
626	900
627	540
628	660
629	840
630	780
631	660
632	1020
633	780
634	780
635	1020
636	300
637	360
638	720
639	480
640	360
641	360
642	600
643	600
644	360
645	780
646	300
647	420
648	660
649	600
650	780
651	480
652	720
653	840
654	900
655	660
656	300
657	360
658	600
659	300
660	780
661	480
662	660
663	360
664	420
665	480
666	780
667	480
668	540
669	540
670	360
671	480
672	420
673	540
674	1020
675	420
676	660
677	360
678	900
679	780
680	720
681	720
682	540
683	360
684	780
685	660
686	780
687	360
688	600
689	840
690	960
691	420
692	960
693	660
694	960
695	720
696	360
697	300
698	600
699	780
700	720
701	300
702	600
703	1080
704	780
705	420
706	480
707	540
708	240
709	360
710	300
711	840
712	720
713	720
714	780
715	600
716	300
717	780
718	960
719	660
720	1080
721	720
722	720
723	780
724	660
725	540
726	660
727	660
728	1020
729	420
730	480
731	240
732	600
733	660
734	1080
735	960
736	360
737	720
738	420
739	840
740	900
741	360
742	420
743	360
744	600
745	420
746	900
747	600
748	420
749	300
750	480
751	480
752	660
753	360
754	300
755	540
756	600
757	840
758	240
759	780
760	840
761	720
762	540
763	540
764	360
765	840
766	840
767	660
768	840
769	540
770	540
771	900
772	780
773	600
774	780
775	180
776	360
777	660
778	420
779	660
780	540
781	480
782	420
783	420
784	1020
785	300
786	540
787	780
788	660
789	720
790	660
791	720
792	900
793	720
794	840
795	720
796	780
797	840
798	780
799	240
800	720
801	540
802	780
803	300
804	600
805	360
806	960
807	720
808	900
809	960
810	300
811	660
812	360
813	300
814	480
815	240
816	1020
817	480
818	420
819	780
820	720
821	540
822	780
823	960
824	360
825	780
826	660
827	600
828	780
829	1020
830	960
831	600
832	720
833	600
834	720
835	660
836	420
837	300
838	660
839	300
840	300
841	300
842	960
843	540
844	660
845	780
846	420
847	540
848	300
849	840
850	300
851	420
852	600
853	540
854	480
855	900
856	480
857	600
858	540
859	360
860	480
861	1080
862	600
863	720
864	360
865	420
866	360
867	600
868	780
869	420
870	960
871	600
TIME_WINDOW_SECTION
1	0	45000
2	16200	23400
3	16200	23400
4	16200	23400
5	19800	27000
6	12600	19800
7	16200	23400
8	5400	12600
9	19800	27000
10	16200	23400
11	23400	30600
12	7200	30600
13	16200	23400
14	5400	12600
15	7200	30600
16	12600	19800
17	19800	26100
18	5400	11700
19	9000	16200
20	16200	23400
21	19800	27000
22	7200	30600
23	16200	23400
24	9000	16200
25	19800	27000
26	16200	23400
27	12600	19800
28	16200	23400
29	19800	27000
30	5400	11700
31	23400	30600
32	12600	19800
33	12600	19800
34	5400	12600
35	12600	19800
36	12600	19800
37	7200	30600
38	16200	23400
39	9000	16200
40	16200	23400
41	9000	16200
42	19800	27000
43	16200	23400
44	16200	23400
45	12600	19800
46	7200	30600
47	5400	12600
48	12600	19800
49	9000	16200
50	5400	12600
51	5400	12600
52	23400	30600
53	12600	19800
54	9000	16200
55	16200	23400
56	7200	30600
57	12600	19800
58	7200	30600
59	23400	30600
60	14400	30600
61	19800	27000
62	12600	19800
63	12600	19800
64	19800	27000
65	19800	27000
66	19800	27000
67	14400	30600
68	9000	16200
69	16200	23400
70	19800	27000
71	14400	30600
72	23400	30600
73	23400	30600
74	7200	30600
75	12600	19800
76	16200	23400
77	19800	27000
78	7200	30600
79	12600	18900
80	23400	30600
81	16200	23400
82	12600	19800
83	12600	19800
84	16200	23400
85	7200	30600
86	23400	30600
87	14400	30600
88	14400	30600
89	14400	30600
90	12600	19800
91	19800	27000
92	19800	26100
93	7200	30600
94	7200	29700
95	5400	11700
96	12600	19800
97	5400	12600
98	9000	16200
99	5400	12600
100	9000	16200
101	19800	27000
102	16200	23400
103	7200	30600
104	5400	12600
105	5400	12600
106	12600	19800
107	12600	19800
108	9000	16200
109	16200	23400
110	16200	23400
111	19800	27000
112	19800	27000
113	12600	19800
114	12600	19800
115	12600	19800
116	12600	19800
117	12600	19800
118	14400	30600
119	16200	23400
120	23400	29700
121	16200	23400
122	9000	16200
123	12600	19800
124	12600	19800
125	5400	12600
126	12600	19800
127	9000	16200
128	14400	29700
129	12600	19800
130	7200	30600
131	7200	29700
132	12600	19800
133	7200	30600
134	19800	27000
135	23400	30600
136	19800	27000
137	16200	23400
138	16200	23400
139	19800	27000
140	19800	27000
141	16200	23400
142	19800	27000
143	12600	19800
144	9000	16200
145	16200	23400
146	12600	19800
147	16200	23400
148	16200	23400
149	5400	11700
150	23400	29700
151	19800	27000
152	19800	27000
153	19800	27000
154	16200	23400
155	7200	30600
156	23400	29700
157	12600	19800
158	7200	30600
159	23400	30600
160	23400	30600
161	12600	19800
162	14400	30600
163	12600	18900
164	9000	16200
165	16200	23400
166	5400	12600
167	16200	23400
168	23400	30600
169	12600	19800
170	5400	12600
171	14400	30600
172	16200	23400
173	12600	19800
174	16200	23400
175	16200	23400
176	14400	30600
177	23400	30600
178	12600	19800
179	7200	30600
180	19800	27000
181	12600	18900
182	19800	27000
183	16200	23400
184	16200	23400
185	16200	23400
186	23400	30600
187	12600	19800
188	12600	19800
189	12600	19800
190	9000	16200
191	12600	19800
192	19800	27000
193	19800	27000
194	19800	27000
195	9000	16200
196	12600	19800
197	19800	27000
198	9000	16200
199	16200	23400
200	12600	19800
201	19800	27000
202	19800	27000
203	12600	19800
204	16200	23400
205	7200	30600
206	16200	23400
207	9000	16200
208	12600	19800
209	9000	16200
210	19800	26100
211	7200	30600
212	23400	30600
213	16200	23400
214	14400	30600
215	12600	19800
216	16200	23400
217	16200	23400
218	19800	27000
219	19800	27000
220	19800	27000
221	16200	23400
222	12600	19800
223	12600	19800
224	16200	23400
225	16200	23400
226	9000	16200
227	19800	27000
228	16200	23400
229	16200	23400
230	12600	19800
231	16200	23400
232	14400	30600
233	12600	19800
234	14400	30600
235	23400	30600
236	16200	23400
237	16200	23400
238	19800	27000
239	16200	23400
240	5400	11700
241	5400	12600
242	12600	19800
243	12600	19800
244	16200	23400
245	16200	23400
246	16200	23400
247	7200	30600
248	19800	27000
249	23400	30600
250	19800	27000
251	12600	19800
252	5400	12600
253	9000	16200
254	16200	23400
255	19800	27000
256	12600	19800
257	19800	27000
258	7200	30600
259	16200	23400
260	16200	23400
261	14400	30600
262	23400	30600
263	7200	29700
264	9000	16200
265	7200	30600
266	7200	30600
267	14400	30600
268	9000	16200
269	23400	30600
270	16200	23400
271	12600	19800
272	12600	19800
273	5400	12600
274	23400	30600
275	16200	23400
276	16200	23400
277	16200	23400
278	12600	19800
279	16200	23400
280	14400	30600
281	12600	19800
282	5400	12600
283	16200	23400
284	16200	23400
285	7200	29700
286	12600	19800
287	16200	22500
288	19800	26100
289	16200	23400
290	14400	29700
291	16200	23400
292	5400	12600
293	9000	16200
294	12600	19800
295	9000	16200
296	16200	23400
297	5400	12600
298	14400	30600
299	12600	19800
300	12600	19800
301	5400	12600
302	5400	12600
303	5400	12600
304	7200	30600
305	19800	26100
306	19800	27000
307	19800	27000
308	7200	30600
309	5400	12600
310	16200	23400
311	16200	23400
312	7200	30600
313	16200	23400
314	7200	30600
315	16200	23400
316	19800	27000
317	9000	16200
318	12600	19800
319	16200	23400
320	19800	27000
321	16200	23400
322	19800	27000
323	12600	19800
324	9000	16200
325	7200	30600
326	16200	23400
327	7200	29700
328	12600	19800
329	12600	19800
330	12600	19800
331	7200	30600
332	9000	16200
333	7200	30600
334	7200	30600
335	23400	29700
336	12600	19800
337	9000	16200
338	19800	26100
339	19800	27000
340	7200	29700
341	9000	16200
342	12600	19800
343	19800	27000
344	19800	27000
345	23400	30600
346	12600	19800
347	9000	16200
348	14400	30600
349	12600	19800
350	7200	30600
351	12600	19800
352	7200	30600
353	7200	30600
354	7200	29700
355	19800	27000
356	7200	30600
357	7200	30600
358	19800	26100
359	9000	16200
360	12600	19800
361	7200	30600
362	5400	12600
363	19800	27000
364	23400	30600
365	19800	27000
366	12600	19800
367	7200	30600
368	5400	12600
369	12600	19800
370	12600	19800
371	9000	16200
372	7200	30600
373	12600	19800
374	19800	26100
375	5400	12600
376	19800	27000
377	7200	30600
378	5400	12600
379	23400	30600
380	9000	16200
381	23400	29700
382	19800	27000
383	19800	27000
384	16200	23400
385	16200	23400
386	7200	30600
387	19800	27000
388	12600	19800
389	23400	30600
390	9000	16200
391	19800	27000
392	23400	30600
393	19800	27000
394	16200	23400
395	12600	19800
396	23400	30600
397	23400	29700
398	19800	27000
399	7200	30600
400	23400	30600
401	23400	30600
402	12600	19800
403	23400	30600
404	12600	19800
405	12600	19800
406	12600	19800
407	16200	23400
408	19800	27000
409	14400	30600
410	16200	23400
411	23400	29700
412	12600	19800
413	16200	23400
414	23400	30600
415	23400	30600
416	9000	16200
417	12600	19800
418	7200	30600
419	12600	19800
420	19800	27000
421	19800	27000
422	19800	27000
423	12600	19800
424	14400	30600
425	23400	30600
426	19800	27000
427	12600	19800
428	7200	30600
429	9000	16200
430	9000	16200
431	12600	19800
432	23400	30600
433	7200	30600
434	12600	19800
435	12600	19800
436	12600	19800
437	7200	30600
438	16200	23400
439	9000	16200
440	12600	19800
441	9000	16200
442	16200	23400
443	19800	27000
444	7200	30600
445	7200	30600
446	12600	19800
447	14400	30600
448	19800	27000
449	16200	23400
450	7200	30600
451	7200	30600
452	7200	30600
453	12600	19800
454	16200	23400
455	9000	16200
456	19800	27000
457	23400	30600
458	7200	30600
459	9000	16200
460	12600	19800
461	12600	19800
462	12600	19800
463	16200	23400
464	9000	16200
465	16200	23400
466	7200	30600
467	12600	18900
468	16200	23400
469	16200	23400
470	16200	23400
471	7200	30600
472	9000	16200
473	12600	19800
474	12600	19800
475	14400	30600
476	19800	27000
477	14400	30600
478	19800	27000
479	12600	19800
480	16200	23400
481	9000	16200
482	12600	19800
483	7200	30600
484	12600	19800
485	19800	27000
486	19800	27000
487	7200	30600
488	19800	27000
489	23400	30600
490	7200	30600
491	23400	30600
492	7200	30600
493	9000	16200
494	14400	30600
495	23400	30600
496	7200	30600
497	16200	23400
498	16200	23400
499	7200	30600
500	23400	30600
501	19800	27000
502	23400	30600
503	12600	19800
504	19800	27000
505	23400	30600
506	16200	23400
507	7200	30600
508	12600	19800
509	19800	27000
510	19800	27000
511	12600	19800
512	12600	19800
513	12600	19800
514	12600	19800
515	23400	30600
516	12600	19800
517	12600	19800
518	16200	23400
519	16200	23400
520	16200	23400
521	7200	30600
522	14400	30600
523	12600	19800
524	23400	30600
525	23400	30600
526	12600	19800
527	16200	23400
528	12600	19800
529	7200	30600
530	12600	19800
531	12600	19800
532	19800	27000
533	16200	23400
534	16200	23400
535	23400	30600
536	23400	30600
537	12600	19800
538	23400	30600
539	7200	30600
540	9000	16200
541	23400	30600
542	23400	30600
543	12600	19800
544	23400	30600
545	12600	19800
546	12600	19800
547	19800	27000
548	19800	27000
549	16200	23400
550	19800	27000
551	16200	23400
552	16200	23400
553	12600	19800
554	12600	19800
555	23400	30600
556	23400	30600
557	16200	23400
558	12600	19800
559	12600	19800
560	23400	30600
561	14400	30600
562	19800	27000
563	12600	19800
564	19800	27000
565	12600	19800
566	7200	30600
567	16200	23400
568	12600	19800
569	19800	27000
570	14400	30600
571	7200	30600
572	16200	23400
573	23400	30600
574	19800	26100
575	16200	23400
576	16200	23400
577	16200	23400
578	23400	30600
579	12600	19800
580	23400	30600
581	19800	27000
582	7200	30600
583	16200	23400
584	12600	19800
585	16200	23400
586	19800	27000
587	16200	23400
588	19800	27000
589	7200	30600
590	7200	30600
591	19800	26100
592	23400	30600
593	16200	22500
594	19800	27000
595	23400	30600
596	12600	19800
597	23400	30600
598	23400	30600
599	12600	19800
600	16200	23400
601	23400	29700
602	7200	29700
603	7200	30600
604	16200	23400
605	19800	27000
606	14400	29700
607	23400	30600
608	12600	19800
609	12600	19800
610	12600	19800
611	12600	19800
612	12600	19800
613	19800	27000
614	14400	30600
615	19800	27000
616	12600	19800
617	16200	23400
618	16200	23400
619	23400	30600
620	12600	19800
621	23400	30600
622	12600	19800
623	23400	30600
624	12600	19800
625	12600	19800
626	23400	30600
627	16200	23400
628	12600	19800
629	23400	29700
630	23400	30600
631	7200	30600
632	14400	30600
633	19800	27000
634	19800	26100
635	12600	19800
636	23400	30600
637	12600	19800
638	19800	27000
639	19800	27000
640	16200	23400
641	19800	27000
642	16200	23400
643	19800	27000
644	12600	19800
645	12600	19800
646	16200	23400
647	23400	30600
648	16200	23400
649	19800	27000
650	23400	30600
651	23400	30600
652	12600	19800
653	19800	27000
654	12600	19800
655	19800	27000
656	23400	30600
657	23400	30600
658	23400	30600
659	14400	30600
660	23400	30600
661	16200	23400
662	19800	26100
663	12600	18900
664	19800	27000
665	19800	27000
666	23400	30600
667	19800	27000
668	16200	23400
669	19800	27000
670	16200	23400
671	12600	19800
672	7200	30600
673	12600	19800
674	23400	30600
675	12600	19800
676	14400	30600
677	16200	23400
678	12600	19800
679	7200	30600
680	16200	23400
681	16200	23400
682	16200	23400
683	16200	23400
684	23400	30600
685	14400	30600
686	19800	27000
687	16200	23400
688	19800	26100
689	23400	30600
690	19800	27000
691	16200	23400
692	12600	19800
693	16200	23400
694	12600	19800
695	16200	23400
696	16200	23400
697	16200	23400
698	7200	29700
699	23400	30600
700	7200	30600
701	19800	27000
702	7200	30600
703	16200	23400
704	7200	30600
705	16200	23400
706	23400	30600
707	12600	19800
708	16200	23400
709	14400	30600
710	23400	30600
711	16200	23400
712	7200	30600
713	12600	19800
714	16200	23400
715	14400	30600
716	16200	23400
717	16200	23400
718	23400	30600
719	7200	30600
720	19800	27000
721	7200	30600
722	14400	30600
723	7200	30600
724	7200	30600
725	14400	30600
726	23400	30600
727	14400	29700
728	14400	30600
729	7200	29700
730	7200	29700
731	19800	27000
732	16200	23400
733	7200	30600
734	7200	30600
735	16200	23400
736	23400	30600
737	23400	30600
738	14400	30600
739	16200	23400
740	16200	23400
741	16200	23400
742	23400	30600
743	19800	27000
744	7200	30600
745	16200	23400
746	7200	30600
747	23400	30600
748	23400	30600
749	19800	27000
750	7200	29700
751	16200	23400
752	16200	23400
753	19800	27000
754	23400	30600
755	23400	29700
756	16200	23400
757	23400	30600
758	16200	23400
759	19800	27000
760	16200	23400
761	16200	23400
762	7200	30600
763	16200	23400
764	7200	30600
765	16200	23400
766	23400	30600
767	16200	23400
768	16200	23400
769	19800	27000
770	23400	30600
771	19800	27000
772	16200	23400
773	19800	27000
774	14400	30600
775	14400	30600
776	19800	27000
777	23400	30600
778	7200	30600
779	14400	30600
780	7200	30600
781	19800	27000
782	23400	30600
783	7200	30600
784	7200	29700
785	23400	30600
786	7200	30600
787	7200	30600
788	19800	27000
789	7200	30600
790	7200	30600
791	23400	30600
792	23400	30600
793	7200	30600
794	19800	27000
795	16200	23400
796	19800	27000
797	19800	27000
798	16200	23400
799	16200	23400
800	19800	27000
801	23400	30600
802	7200	30600
803	16200	23400
804	19800	27000
805	7200	30600
806	7200	30600
807	23400	30600
808	23400	30600
809	23400	30600
810	23400	30600
811	19800	27000
812	7200	30600
813	19800	27000
814	23400	30600
815	23400	30600
816	19800	27000
817	23400	30600
818	19800	27000
819	7200	30600
820	19800	27000
821	19800	27000
822	7200	29700
823	19800	27000
824	19800	26100
825	16200	23400
826	19800	27000
827	7200	30600
828	19800	27000
829	7200	30600
830	19800	27000
831	23400	30600
832	23400	30600
833	14400	30600
834	14400	30600
835	7200	30600
836	23400	29700
837	7200	30600
838	23400	30600
839	23400	30600
840	14400	30600
841	19800	26100
842	19800	27000
843	23400	30600
844	7200	30600
845	7200	30600
846	14400	30600
847	7200	30600
848	19800	27000
849	23400	30600
850	7200	29700
851	23400	30600
852	7200	29700
853	7200	30600
854	23400	30600
855	14400	30600
856	7200	30600
857	23400	30600
858	23400	30600
859	14400	30600
860	19800	27000
861	7200	30600
862	23400	30600
863	23400	30600
864	23400	30600
865	7200	30600
866	19800	27000
867	7200	29700
868	19800	27000
869	23400	30600
870	19800	27000
871	23400	30600
RELEASE_TIME_SECTION
1	0
2	5400
3	5400
4	5400
5	5400
6	5400
7	5400
8	5400
9	5400
10	5400
11	5400
12	5400
13	5400
14	5400
15	5400
16	5400
17	5400
18	5400
19	5400
20	5400
21	5400
22	5400
23	5400
24	5400
25	5400
26	5400
27	5400
28	5400
29	5400
30	5400
31	5400
32	5400
33	5400
34	5400
35	5400
36	5400
37	5400
38	5400
39	5400
40	5400
41	5400
42	5400
43	5400
44	5400
45	5400
46	5400
47	5400
48	5400
49	5400
50	5400
51	5400
52	5400
53	5400
54	5400
55	5400
56	5400
57	5400
58	5400
59	5400
60	5400
61	5400
62	5400
63	5400
64	5400
65	5400
66	5400
67	5400
68	5400
69	5400
70	5400
71	5400
72	5400
73	5400
74	5400
75	5400
76	5400
77	5400
78	5400
79	5400
80	5400
81	5400
82	5400
83	5400
84	5400
85	5400
86	5400
87	5400
88	5400
89	5400
90	5400
91	5400
92	5400
93	5400
94	5400
95	5400
96	5400
97	5400
98	5400
99	5400
100	5400
101	5400
102	7200
103	7200
104	7200
105	7200
106	7200
107	7200
108	7200
109	7200
110	7200
111	7200
112	7200
113	7200
114	7200
115	7200
116	7200
117	7200
118	7200
119	7200
120	7200
121	7200
122	7200
123	7200
124	7200
125	7200
126	7200
127	7200
128	7200
129	7200
130	7200
131	7200
132	7200
133	7200
134	7200
135	7200
136	7200
137	7200
138	7200
139	7200
140	7200
141	7200
142	7200
143	7200
144	7200
145	7200
146	7200
147	7200
148	7200
149	7200
150	7200
151	7200
152	7200
153	7200
154	7200
155	7200
156	7200
157	7200
158	7200
159	7200
160	7200
161	7200
162	7200
163	7200
164	7200
165	7200
166	7200
167	7200
168	7200
169	7200
170	7200
171	7200
172	7200
173	7200
174	7200
175	7200
176	7200
177	7200
178	7200
179	7200
180	7200
181	7200
182	7200
183	7200
184	7200
185	7200
186	7200
187	7200
188	7200
189	7200
190	7200
191	7200
192	7200
193	7200
194	7200
195	7200
196	7200
197	7200
198	7200
199	7200
200	7200
201	7200
202	9000
203	9000
204	9000
205	9000
206	9000
207	9000
208	9000
209	9000
210	9000
211	9000
212	9000
213	9000
214	9000
215	9000
216	9000
217	9000
218	9000
219	9000
220	9000
221	9000
222	9000
223	9000
224	9000
225	9000
226	9000
227	9000
228	9000
229	9000
230	9000
231	9000
232	9000
233	9000
234	9000
235	9000
236	9000
237	9000
238	9000
239	9000
240	9000
241	9000
242	9000
243	9000
244	9000
245	9000
246	9000
247	9000
248	9000
249	9000
250	9000
251	9000
252	9000
253	9000
254	9000
255	9000
256	9000
257	9000
258	9000
259	9000
260	9000
261	9000
262	9000
263	9000
264	9000
265	9000
266	9000
267	9000
268	9000
269	9000
270	9000
271	9000
272	9000
273	9000
274	9000
275	9000
276	9000
277	9000
278	9000
279	9000
280	9000
281	9000
282	9000
283	9000
284	9000
285	9000
286	9000
287	9000
288	9000
289	9000
290	9000
291	9000
292	9000
293	9000
294	9000
295	9000
296	9000
297	9000
298	9000
299	9000
300	9000
301	9000
302	10800
303	10800
304	10800
305	10800
306	10800
307	10800
308	10800
309	10800
310	10800
311	10800
312	10800
313	10800
314	10800
315	10800
316	10800
317	10800
318	10800
319	10800
320	10800
321	10800
322	10800
323	10800
324	10800
325	10800
326	10800
327	10800
328	10800
329	10800
330	10800
331	10800
332	10800
333	10800
334	10800
335	10800
336	10800
337	10800
338	10800
339	10800
340	10800
341	10800
342	10800
343	10800
344	10800
345	10800
346	10800
347	10800
348	10800
349	10800
350	10800
351	10800
352	10800
353	10800
354	10800
355	10800
356	10800
357	10800
358	10800
359	10800
360	10800
361	10800
362	10800
363	10800
364	10800
365	10800
366	10800
367	10800
368	10800
369	10800
370	10800
371	10800
372	10800
373	10800
374	10800
375	10800
376	10800
377	10800
378	10800
379	10800
380	10800
381	10800
382	10800
383	10800
384	10800
385	10800
386	10800
387	10800
388	10800
389	10800
390	10800
391	10800
392	10800
393	10800
394	10800
395	10800
396	12600
397	12600
398	12600
399	12600
400	12600
401	12600
402	12600
403	12600
404	12600
405	12600
406	12600
407	12600
408	12600
409	12600
410	12600
411	12600
412	12600
413	12600
414	12600
415	12600
416	12600
417	12600
418	12600
419	12600
420	12600
421	12600
422	12600
423	12600
424	12600
425	12600
426	12600
427	12600
428	12600
429	12600
430	12600
431	12600
432	12600
433	12600
434	12600
435	12600
436	12600
437	12600
438	12600
439	12600
440	12600
441	12600
442	12600
443	12600
444	12600
445	12600
446	12600
447	12600
448	12600
449	12600
450	12600
451	12600
452	12600
453	12600
454	12600
455	12600
456	12600
457	12600
458	12600
459	12600
460	12600
461	12600
462	12600
463	12600
464	12600
465	12600
466	12600
467	12600
468	12600
469	12600
470	12600
471	12600
472	12600
473	12600
474	12600
475	12600
476	12600
477	12600
478	12600
479	12600
480	12600
481	12600
482	12600
483	12600
484	14400
485	14400
486	14400
487	14400
488	14400
489	14400
490	14400
491	14400
492	14400
493	14400
494	14400
495	14400
496	14400
497	14400
498	14400
499	14400
500	14400
501	14400
502	14400
503	14400
504	14400
505	14400
506	14400
507	14400
508	14400
509	14400
510	14400
511	14400
512	14400
513	14400
514	14400
515	14400
516	14400
517	14400
518	14400
519	14400
520	14400
521	14400
522	14400
523	14400
524	14400
525	14400
526	14400
527	14400
528	14400
529	14400
530	14400
531	14400
532	14400
533	14400
534	14400
535	14400
536	14400
537	14400
538	14400
539	14400
540	14400
541	14400
542	14400
543	14400
544	14400
545	14400
546	14400
547	14400
548	14400
549	14400
550	14400
551	14400
552	14400
553	14400
554	14400
555	14400
556	14400
557	14400
558	14400
559	14400
560	14400
561	14400
562	14400
563	14400
564	14400
565	14400
566	14400
567	14400
568	14400
569	14400
570	14400
571	16200
572	16200
573	16200
574	16200
575	16200
576	16200
577	16200
578	16200
579	16200
580	16200
581	16200
582	16200
583	16200
584	16200
585	16200
586	16200
587	16200
588	16200
589	16200
590	16200
591	16200
592	16200
593	16200
594	16200
595	16200
596	16200
597	16200
598	16200
599	16200
600	16200
601	16200
602	16200
603	16200
604	16200
605	16200
606	16200
607	16200
608	16200
609	16200
610	16200
611	16200
612	16200
613	16200
614	16200
615	16200
616	16200
617	16200
618	16200
619	16200
620	16200
621	16200
622	16200
623	16200
624	16200
625	16200
626	16200
627	16200
628	16200
629	16200
630	16200
631	16200
632	16200
633	16200
634	16200
635	16200
636	16200
637	16200
638	16200
639	16200
640	16200
641	16200
642	16200
643	16200
644	16200
645	18000
646	18000
647	18000
648	18000
649	18000
650	18000
651	18000
652	18000
653	18000
654	18000
655	18000
656	18000
657	18000
658	18000
659	18000
660	18000
661	18000
662	18000
663	18000
664	18000
665	18000
666	18000
667	18000
668	18000
669	18000
670	18000
671	18000
672	18000
673	18000
674	18000
675	18000
676	18000
677	18000
678	18000
679	18000
680	18000
681	18000
682	18000
683	18000
684	18000
685	18000
686	18000
687	18000
688	18000
689	18000
690	18000
691	18000
692	18000
693	18000
694	18000
695	18000
696	18000
697	18000
698	18000
699	18000
700	18000
701	18000
702	18000
703	18000
704	18000
705	18000
706	18000
707	18000
708	18000
709	18000
710	18000
711	18000
712	18000
713	18000
714	18000
715	18000
716	18000
717	19800
718	19800
719	19800
720	19800
721	19800
722	19800
723	19800
724	19800
725	19800
726	19800
727	19800
728	19800
729	19800
730	19800
731	19800
732	19800
733	19800
734	19800
735	19800
736	19800
737	19800
738	19800
739	19800
740	19800
741	19800
742	19800
743	19800
744	19800
745	19800
746	19800
747	19800
748	19800
749	19800
750	19800
751	19800
752	19800
753	19800
754	19800
755	19800
756	19800
757	19800
758	19800
759	19800
760	19800
761	19800
762	19800
763	19800
764	19800
765	19800
766	19800
767	19800
768	19800
769	19800
770	21600
771	21600
772	21600
773	21600
774	21600
775	21600
776	21600
777	21600
778	21600
779	21600
780	21600
781	21600
782	21600
783	21600
784	21600
785	21600
786	21600
787	21600
788	21600
789	21600
790	21600
791	21600
792	21600
793	21600
794	21600
795	21600
796	21600
797	21600
798	21600
799	21600
800	21600
801	21600
802	21600
803	21600
804	21600
805	21600
806	21600
807	21600
808	21600
809	21600
810	21600
811	21600
812	21600
813	21600
814	21600
815	21600
816	21600
817	21600
818	21600
819	21600
820	21600
821	21600
822	21600
823	21600
824	21600
825	21600
826	21600
827	21600
828	21600
829	21600
830	23400
831	23400
832	23400
833	23400
834	23400
835	23400
836	23400
837	23400
838	23400
839	23400
840	23400
841	23400
842	23400
843	23400
844	23400
845	23400
846	23400
847	23400
848	23400
849	23400
850	23400
851	23400
852	23400
853	23400
854	23400
855	23400
856	23400
857	23400
858	23400
859	23400
860	23400
861	23400
862	23400
863	23400
864	23400
865	23400
866	23400
867	23400
868	23400
869	23400
870	23400
871	23400
EOF
