NAME : ORTEC-VRPTW-ASYM-4285a426-d1-n890
TYPE : VRPTW-RT
DIMENSION : 891
EDGE_WEIGHT_TYPE : EUC_2D
CAPACITY : 135
NODE_COORD_SECTION
1	3466	3878
2	2549	4317
3	2460	3843
4	1885	2017
5	3239	3160
6	2202	2039
7	2715	4559
8	2215	2103
9	3630	4833
10	2306	2314
11	3210	3937
12	3263	2119
13	4600	5482
14	2741	2642
15	2896	3983
16	2567	1664
17	4645	6042
18	4836	5807
19	4614	5236
20	3966	5410
21	3531	4543
22	2390	2297
23	3096	4346
24	3035	2703
25	2503	1956
26	2724	2817
27	2834	3503
28	3270	2999
29	2848	4292
30	3403	3685
31	4645	6042
32	2625	3763
33	2938	2264
34	2407	1999
35	3370	3997
36	2381	2313
37	3002	5697
38	2712	2102
39	1959	1767
40	3397	5209
41	3225	5182
42	2323	2407
43	2625	4499
44	3120	1681
45	3005	2907
46	2124	1702
47	3035	2703
48	2974	1890
49	2399	2100
50	2724	4416
51	3320	3042
52	2777	4949
53	1819	1810
54	2909	2162
55	1728	1685
56	2864	2676
57	2830	5233
58	5041	6059
59	2605	3722
60	2009	2337
61	3263	2119
62	4540	5929
63	2278	2255
64	3200	2895
65	3695	4621
66	3571	3939
67	3049	1624
68	2087	2269
69	1790	2044
70	2625	3763
71	2974	1890
72	2720	3055
73	3154	3170
74	3225	5182
75	2938	3248
76	2635	2154
77	4568	5392
78	2686	2762
79	3531	4543
80	4802	5587
81	2604	2674
82	2133	1474
83	2757	2381
84	3312	3212
85	3284	5349
86	2635	2154
87	4714	5226
88	2741	2642
89	3310	2931
90	3334	3613
91	3279	1095
92	2614	2281
93	4568	5392
94	3003	3582
95	2331	1980
96	2944	2409
97	3017	2941
98	1549	1614
99	2116	1372
100	2722	2173
101	2386	1956
102	2372	3712
103	2487	2063
104	4433	5596
105	3297	5409
106	3262	3124
107	2133	1474
108	2087	2269
109	640	94
110	4800	5543
111	2817	2351
112	3836	4557
113	3093	5403
114	2747	4282
115	4781	5594
116	2967	2721
117	2686	2762
118	2741	2642
119	2394	2169
120	3270	2999
121	3996	5419
122	3151	2953
123	2938	2264
124	3270	3039
125	2789	2257
126	2499	2153
127	2410	2508
128	2176	1581
129	1911	2044
130	3239	3160
131	2967	2721
132	2487	2063
133	2724	2817
134	3017	2297
135	3571	3939
136	1813	2325
137	2798	4162
138	3275	3711
139	4600	5482
140	3049	1624
141	3403	3685
142	2712	3700
143	3050	4005
144	2390	2297
145	2177	1984
146	4714	5226
147	2215	2103
148	2548	2248
149	1818	2266
150	3494	5082
151	2743	3713
152	2133	1474
153	4602	5201
154	3037	2168
155	3073	4255
156	2354	4272
157	4492	5018
158	2300	2397
159	1670	1793
160	4603	6209
161	2487	2063
162	2479	4225
163	2176	1581
164	2338	2912
165	2909	2162
166	3996	5419
167	1478	2144
168	2278	2255
169	4632	5710
170	3362	4543
171	2723	4400
172	2147	1329
173	2087	2269
174	3003	3582
175	2261	3966
176	3334	4130
177	3069	3466
178	1550	1667
179	3063	2882
180	2665	2339
181	1697	1654
182	2741	2642
183	3646	5065
184	2724	4416
185	4781	5594
186	3005	1505
187	2882	3684
188	2399	2100
189	3397	5209
190	4429	5679
191	2821	3145
192	2555	3173
193	3093	5403
194	2777	4949
195	3055	2389
196	2938	3248
197	3050	4005
198	2747	4282
199	2226	1902
200	2785	3890
201	4429	5679
202	2646	2022
203	2524	2010
204	2288	2592
205	2010	2287
206	3037	2168
207	4102	5370
208	2009	2396
209	3120	1681
210	3531	4543
211	3352	3014
212	4335	5784
213	3125	2383
214	2694	3394
215	2130	1056
216	2720	3055
217	3178	5065
218	2613	2520
219	1697	2168
220	4522	5337
221	3175	3411
222	3354	3040
223	2713	4388
224	3349	5381
225	2721	4315
226	4522	5757
227	2830	5233
228	2803	5038
229	2055	1938
230	3069	2328
231	1881	2121
232	2245	2087
233	0	0
234	2136	1965
235	2492	2116
236	2479	4225
237	1990	2527
238	3212	3117
239	4836	5807
240	2753	4508
241	4603	6209
242	2230	2179
243	2812	2549
244	1697	1654
245	3362	4543
246	3239	3160
247	3354	3040
248	3297	5409
249	1359	2050
250	903	118
251	2817	2351
252	2741	2642
253	2803	5038
254	2625	4499
255	2133	1474
256	3151	2953
257	3334	3613
258	2386	1956
259	2457	2148
260	4420	5303
261	4783	5783
262	2306	2314
263	3517	4890
264	2727	3164
265	3320	3042
266	3996	5419
267	3046	3594
268	3018	2080
269	3175	3411
270	2882	3684
271	2673	2771
272	3387	5146
273	2642	2484
274	2255	2668
275	3262	3182
276	3349	5381
277	2383	3744
278	2157	2595
279	1813	2325
280	2741	2642
281	3046	3594
282	2318	2574
283	2104	858
284	2306	2314
285	640	94
286	2720	3055
287	1646	2309
288	2625	4499
289	2133	1474
290	4420	5303
291	4802	5587
292	2967	2721
293	4540	5929
294	3595	3602
295	2938	3248
296	2492	2116
297	3122	2573
298	2347	1941
299	2456	2541
300	2487	2063
301	4057	5477
302	4573	5138
303	3120	1681
304	2507	3646
305	1790	2044
306	4781	5594
307	2848	4305
308	2770	3133
309	2745	1112
310	2944	2409
311	2278	2255
312	2732	2537
313	3175	3411
314	3695	4621
315	2727	2990
316	1881	2121
317	3035	2703
318	4540	5929
319	3120	1681
320	2431	2386
321	3646	5065
322	2398	3462
323	3247	5034
324	4955	5754
325	5041	6059
326	3531	4543
327	2354	4350
328	2548	2248
329	2399	2492
330	2932	2293
331	3017	2941
332	2743	3713
333	2722	2173
334	2009	2337
335	1127	1153
336	2055	1938
337	1813	2325
338	4724	5438
339	1343	1792
340	3518	4219
341	3069	2328
342	1723	2109
343	1892	1705
344	973	830
345	2485	2682
346	4955	5754
347	2435	2610
348	1343	1792
349	2720	4322
350	4492	5018
351	4488	6209
352	2579	1946
353	3312	3212
354	4603	6209
355	4600	5482
356	3050	4005
357	2653	4849
358	2671	4224
359	1549	1614
360	3138	3307
361	4836	5807
362	2010	2287
363	2724	4416
364	2338	2912
365	4230	4894
366	3668	3709
367	2714	3694
368	2770	3133
369	2673	2771
370	4092	5574
371	2974	1890
372	1646	2309
373	3262	3182
374	1814	1544
375	3506	4854
376	2613	2520
377	2272	1877
378	3334	4130
379	3847	5158
380	2507	3646
381	2864	2676
382	3023	3253
383	2461	2231
384	3579	3751
385	2821	4222
386	2725	4275
387	2565	2389
388	4632	5710
389	2724	2817
390	3297	5409
391	2009	2337
392	3018	2080
393	2579	1946
394	2722	2173
395	3037	2168
396	4522	5757
397	1852	2126
398	4573	5138
399	2524	2010
400	640	94
401	3226	3213
402	2278	2255
403	2394	2169
404	902	555
405	2636	3014
406	2215	2103
407	1478	2144
408	5041	6059
409	1813	2325
410	2337	2032
411	2555	3173
412	3019	4087
413	2381	2313
414	2680	2826
415	2507	3646
416	5005	5948
417	3210	3937
418	2604	5102
419	3630	4833
420	3178	5065
421	2609	2751
422	2813	3506
423	841	251
424	3226	3213
425	3400	4764
426	4657	5456
427	3148	3649
428	2555	3173
429	3518	4219
430	2747	4282
431	2055	1938
432	1359	2050
433	1565	1433
434	2732	2537
435	3033	3974
436	4568	5392
437	1384	1502
438	2741	2642
439	2771	4999
440	4821	5892
441	2548	2248
442	2157	2595
443	2770	3133
444	2534	2667
445	2157	2595
446	2323	2407
447	2708	3864
448	3397	5209
449	2898	4253
450	2033	2779
451	1707	910
452	2528	4255
453	2503	1956
454	2680	2826
455	2182	1933
456	2442	1978
457	4275	5283
458	2970	5026
459	4821	5892
460	2759	3388
461	4488	6209
462	2414	4396
463	2296	1918
464	2671	2357
465	3506	4854
466	2943	5519
467	2777	4949
468	4420	5303
469	2905	3134
470	3069	2328
471	2675	2282
472	4602	5201
473	3226	3213
474	2147	1329
475	2813	3506
476	2671	4224
477	3073	4255
478	1844	2265
479	2500	2430
480	4724	5438
481	2759	3388
482	3625	5284
483	3073	4255
484	3299	2761
485	2172	2759
486	2725	4275
487	2414	4396
488	2549	4317
489	4645	6042
490	2896	3983
491	2887	4079
492	5125	6069
493	2624	3819
494	2887	4079
495	2130	1056
496	2399	2100
497	2226	1902
498	3144	1771
499	3646	5065
500	2508	2292
501	2215	2103
502	4005	5816
503	2464	2338
504	2534	2667
505	3210	3937
506	4102	5370
507	2909	2162
508	2567	1664
509	5005	5948
510	3069	2328
511	4600	5482
512	1911	2044
513	4576	5163
514	4821	5892
515	1784	1781
516	1818	2266
517	2987	4896
518	4540	5929
519	4540	5929
520	2565	2389
521	3279	1095
522	2625	3763
523	3049	1624
524	2911	5064
525	2479	4225
526	2487	2063
527	2841	3023
528	2904	4818
529	2503	1956
530	3646	5065
531	1478	2144
532	3579	3751
533	2642	2484
534	2741	2642
535	2609	2751
536	5041	6059
537	2427	2381
538	2724	4416
539	2202	2039
540	4614	5236
541	1723	2109
542	2245	2087
543	2200	1956
544	2485	2682
545	3110	3001
546	3046	3967
547	2715	4559
548	1359	2050
549	3297	5409
550	3463	4047
551	2407	1999
552	4714	5226
553	841	251
554	2906	1937
555	1536	1890
556	2544	2179
557	2296	1918
558	3506	4854
559	973	830
560	1653	1736
561	2457	2148
562	1814	1544
563	5005	5948
564	2720	3055
565	2407	1999
566	3046	3594
567	3200	2895
568	3018	2080
569	3135	4595
570	3019	4087
571	3069	2328
572	2318	2574
573	4420	5303
574	4600	5482
575	2147	1329
576	2890	5085
577	3899	5472
578	2499	2300
579	3002	5697
580	3579	3751
581	3019	4087
582	2745	1112
583	3421	5189
584	4882	5754
585	2528	4255
586	3263	2119
587	2394	2169
588	3463	4047
589	2480	4097
590	3270	2999
591	2797	3693
592	2713	4388
593	2202	2039
594	2200	1956
595	2967	2721
596	5005	5948
597	2643	2142
598	3018	2080
599	1384	1502
600	2507	3646
601	3239	3160
602	3310	2931
603	2965	4987
604	3046	3594
605	2725	4275
606	4429	5679
607	3352	3014
608	2905	3134
609	3017	2941
610	4714	5226
611	3002	5697
612	3297	5409
613	2686	2762
614	3658	4554
615	2797	3693
616	2604	5102
617	4821	5892
618	4013	5193
619	3625	5284
620	3397	5209
621	3018	2080
622	2261	3966
623	2130	1056
624	3239	3160
625	2965	4987
626	3254	2392
627	2255	2668
628	3225	5182
629	4800	5543
630	3387	5146
631	4802	5587
632	4346	4490
633	3252	3216
634	1814	1544
635	2715	4559
636	1881	2121
637	1536	1890
638	2215	2103
639	2372	3712
640	2338	2912
641	2812	2549
642	3595	3602
643	2882	3684
644	2932	2293
645	3400	4764
646	1478	2144
647	2567	1664
648	2651	4606
649	2130	1056
650	3488	5169
651	2296	1918
652	3000	3686
653	902	555
654	2534	2667
655	841	251
656	2715	4559
657	2987	4896
658	2727	2990
659	2720	4322
660	3148	3649
661	3646	5065
662	3195	5236
663	2821	3073
664	3370	3997
665	2604	5102
666	2720	4322
667	3263	2119
668	4603	6209
669	2442	1978
670	2427	2637
671	2500	2430
672	2848	4305
673	1790	2044
674	3043	3143
675	3310	2931
676	2797	3693
677	2646	2022
678	2354	4350
679	2137	3967
680	3234	3230
681	3252	3216
682	2499	2153
683	640	94
684	2944	2409
685	2347	1941
686	2346	1732
687	2654	3854
688	4207	5468
689	2883	4010
690	2420	2425
691	2803	5038
692	1549	1614
693	4488	6209
694	2464	2338
695	3043	3143
696	2410	2508
697	3006	2466
698	902	555
699	2331	1980
700	2331	1980
701	2821	4222
702	2637	3760
703	2503	1956
704	2759	3388
705	4576	5163
706	640	94
707	3257	5166
708	2968	2257
709	4540	5929
710	2055	1938
711	2979	4939
712	4005	5816
713	2296	1918
714	1676	1551
715	3390	2383
716	2708	3864
717	4802	5587
718	5125	6069
719	2176	1581
720	3311	2823
721	2798	4162
722	2296	2783
723	2508	2292
724	3017	2297
725	2797	3693
726	4836	5807
727	2905	3134
728	2124	1702
729	1384	1502
730	2777	4949
731	3138	3307
732	1925	1740
733	2625	3763
734	3096	4346
735	3349	5381
736	2880	5161
737	4836	5807
738	2694	3394
739	3658	4554
740	3354	3040
741	1959	1767
742	2797	3693
743	0	0
744	2480	4097
745	2725	4275
746	2124	1702
747	3847	5158
748	4800	5543
749	2486	2244
750	3035	2703
751	1814	1544
752	3424	3085
753	3003	3582
754	3400	4764
755	2904	4818
756	2157	2595
757	4335	5784
758	2390	2297
759	2944	2409
760	2534	2667
761	4119	4579
762	2457	2148
763	4005	5816
764	2306	2314
765	1676	1551
766	2753	4508
767	2281	866
768	2331	1980
769	2419	2566
770	2330	2482
771	4882	5754
772	3980	5579
773	2771	4999
774	3050	4005
775	3247	5034
776	4430	5183
777	2346	1732
778	3506	4854
779	4821	5892
780	2813	3506
781	4657	5456
782	1852	2126
783	841	251
784	2200	1956
785	2410	2508
786	3966	5410
787	2813	3506
788	2399	2492
789	3517	4890
790	2444	2083
791	4576	5163
792	2604	2674
793	2503	1956
794	2010	2287
795	2673	2771
796	3352	3014
797	2442	1978
798	2420	2425
799	3003	3582
800	1892	1705
801	3311	2823
802	2938	3248
803	2330	2482
804	2998	4842
805	2025	1766
806	3334	4130
807	2485	2682
808	3297	3005
809	2712	2102
810	4346	4490
811	2757	2381
812	3072	4482
813	2712	2102
814	2949	2496
815	2383	3744
816	2708	3864
817	2299	2485
818	2708	3864
819	2055	1938
820	4438	5520
821	2299	2485
822	2712	3700
823	2130	1056
824	2848	4305
825	3252	3216
826	2665	2339
827	3646	5065
828	2614	2281
829	2383	3744
830	2715	4559
831	2938	2264
832	3263	2119
833	2499	2153
834	2419	2566
835	3006	2466
836	4600	5482
837	4540	5929
838	2230	2179
839	2299	2485
840	2848	4305
841	3043	3143
842	2636	3014
843	2524	2010
844	1844	2265
845	2949	2496
846	3387	5146
847	2646	2022
848	2288	2592
849	2136	1965
850	2002	1861
851	4783	5783
852	2507	3646
853	2600	2575
854	2904	4818
855	3297	3005
856	2671	2357
857	3571	3939
858	2006	2097
859	3212	3117
860	4013	5193
861	2747	4282
862	3836	4557
863	3311	2823
864	2033	2779
865	3069	3466
866	2136	1965
867	3049	1624
868	3424	3085
869	3050	4005
870	2625	3763
871	2637	3760
872	2390	2297
873	2747	4282
874	1892	1705
875	2565	2389
876	2500	2430
877	3212	3117
878	2230	2179
879	2033	2779
880	3254	2392
881	2979	4939
882	2720	4322
883	3072	4482
884	2399	2492
885	3252	3216
886	1789	1867
887	4013	5193
888	4092	5574
889	4057	5477
890	2938	2264
891	2724	4416
DEMAND_SECTION
1	0
2	11
3	6
4	7
5	4
6	4
7	7
8	5
9	5
10	10
11	5
12	4
13	9
14	11
15	7
16	9
17	8
18	10
19	4
20	5
21	6
22	10
23	11
24	3
25	8
26	13
27	4
28	8
29	8
30	6
31	4
32	6
33	5
34	7
35	8
36	5
37	6
38	5
39	3
40	8
41	9
42	5
43	5
44	7
45	6
46	5
47	9
48	5
49	7
50	12
51	6
52	7
53	10
54	8
55	5
56	8
57	7
58	6
59	6
60	6
61	4
62	7
63	6
64	4
65	10
66	3
67	6
68	4
69	9
70	4
71	4
72	10
73	5
74	4
75	5
76	19
77	8
78	9
79	4
80	8
81	4
82	6
83	5
84	4
85	15
86	5
87	5
88	4
89	7
90	5
91	5
92	4
93	4
94	5
95	12
96	15
97	11
98	5
99	7
100	4
101	7
102	6
103	5
104	8
105	6
106	4
107	4
108	3
109	11
110	6
111	3
112	8
113	19
114	9
115	5
116	10
117	7
118	5
119	4
120	3
121	6
122	7
123	5
124	3
125	6
126	4
127	6
128	4
129	5
130	11
131	5
132	6
133	11
134	4
135	4
136	4
137	3
138	6
139	10
140	6
141	6
142	5
143	7
144	6
145	4
146	5
147	7
148	6
149	4
150	9
151	7
152	9
153	7
154	6
155	6
156	7
157	6
158	8
159	5
160	9
161	6
162	8
163	6
164	9
165	5
166	5
167	5
168	13
169	11
170	6
171	5
172	7
173	7
174	8
175	5
176	5
177	13
178	4
179	7
180	10
181	13
182	11
183	5
184	11
185	11
186	7
187	16
188	4
189	8
190	4
191	5
192	6
193	5
194	5
195	4
196	3
197	4
198	5
199	3
200	7
201	7
202	10
203	6
204	7
205	4
206	7
207	5
208	6
209	3
210	10
211	5
212	7
213	5
214	6
215	10
216	13
217	6
218	3
219	5
220	4
221	4
222	12
223	9
224	4
225	5
226	7
227	5
228	10
229	10
230	13
231	5
232	4
233	6
234	11
235	5
236	9
237	6
238	13
239	3
240	4
241	10
242	6
243	6
244	6
245	4
246	6
247	8
248	7
249	15
250	9
251	7
252	6
253	12
254	5
255	11
256	8
257	6
258	8
259	16
260	3
261	4
262	9
263	6
264	6
265	8
266	3
267	7
268	8
269	6
270	10
271	4
272	8
273	5
274	5
275	6
276	13
277	5
278	6
279	8
280	6
281	6
282	4
283	10
284	5
285	3
286	11
287	9
288	9
289	15
290	7
291	6
292	5
293	9
294	8
295	3
296	5
297	4
298	4
299	6
300	7
301	7
302	5
303	3
304	6
305	15
306	10
307	4
308	7
309	4
310	7
311	5
312	11
313	5
314	11
315	8
316	3
317	5
318	5
319	9
320	5
321	5
322	16
323	4
324	8
325	4
326	4
327	7
328	3
329	8
330	9
331	5
332	6
333	16
334	4
335	6
336	12
337	6
338	6
339	5
340	4
341	5
342	5
343	7
344	10
345	7
346	7
347	7
348	6
349	5
350	12
351	7
352	12
353	6
354	5
355	5
356	4
357	3
358	3
359	6
360	5
361	7
362	4
363	11
364	4
365	5
366	8
367	6
368	4
369	11
370	6
371	6
372	4
373	7
374	6
375	10
376	4
377	10
378	4
379	5
380	7
381	8
382	5
383	5
384	5
385	10
386	6
387	8
388	4
389	3
390	5
391	5
392	5
393	5
394	6
395	4
396	5
397	19
398	9
399	11
400	7
401	5
402	11
403	5
404	3
405	5
406	3
407	7
408	5
409	4
410	7
411	4
412	6
413	4
414	4
415	5
416	8
417	4
418	10
419	6
420	3
421	6
422	4
423	6
424	7
425	2
426	6
427	5
428	5
429	6
430	8
431	10
432	5
433	5
434	5
435	4
436	4
437	6
438	5
439	10
440	6
441	7
442	7
443	3
444	4
445	6
446	5
447	9
448	7
449	7
450	7
451	9
452	5
453	8
454	11
455	15
456	6
457	5
458	5
459	8
460	3
461	7
462	13
463	10
464	7
465	9
466	3
467	7
468	3
469	6
470	7
471	12
472	4
473	7
474	5
475	6
476	3
477	8
478	6
479	7
480	4
481	4
482	6
483	8
484	6
485	5
486	7
487	3
488	5
489	5
490	4
491	6
492	4
493	7
494	7
495	6
496	4
497	7
498	4
499	3
500	6
501	4
502	7
503	4
504	11
505	8
506	5
507	5
508	7
509	6
510	5
511	6
512	10
513	5
514	10
515	7
516	5
517	8
518	9
519	4
520	6
521	4
522	9
523	6
524	19
525	4
526	9
527	7
528	5
529	4
530	4
531	11
532	6
533	4
534	5
535	4
536	11
537	8
538	15
539	9
540	4
541	8
542	6
543	5
544	7
545	4
546	13
547	5
548	4
549	5
550	6
551	5
552	6
553	4
554	6
555	15
556	5
557	15
558	6
559	9
560	10
561	12
562	5
563	4
564	6
565	7
566	10
567	6
568	7
569	13
570	6
571	6
572	8
573	8
574	6
575	7
576	4
577	10
578	6
579	6
580	7
581	5
582	5
583	8
584	4
585	6
586	4
587	6
588	5
589	5
590	11
591	5
592	5
593	7
594	5
595	6
596	3
597	7
598	11
599	11
600	5
601	6
602	6
603	6
604	6
605	4
606	7
607	5
608	5
609	5
610	8
611	4
612	5
613	4
614	4
615	8
616	6
617	5
618	6
619	6
620	6
621	6
622	13
623	4
624	8
625	10
626	12
627	5
628	6
629	5
630	10
631	5
632	6
633	5
634	10
635	4
636	8
637	9
638	4
639	5
640	8
641	8
642	3
643	4
644	6
645	5
646	6
647	11
648	9
649	7
650	4
651	4
652	8
653	7
654	4
655	8
656	4
657	9
658	4
659	7
660	6
661	4
662	11
663	6
664	11
665	4
666	9
667	5
668	5
669	6
670	7
671	6
672	4
673	16
674	12
675	5
676	4
677	4
678	8
679	7
680	3
681	6
682	6
683	7
684	6
685	7
686	8
687	6
688	13
689	5
690	5
691	7
692	4
693	10
694	15
695	7
696	6
697	15
698	4
699	11
700	9
701	5
702	3
703	5
704	6
705	9
706	5
707	4
708	3
709	6
710	6
711	11
712	5
713	4
714	4
715	4
716	8
717	6
718	6
719	7
720	5
721	6
722	11
723	6
724	5
725	13
726	12
727	11
728	13
729	4
730	6
731	5
732	7
733	8
734	9
735	7
736	10
737	7
738	7
739	13
740	10
741	5
742	5
743	3
744	11
745	6
746	6
747	6
748	3
749	6
750	5
751	5
752	4
753	7
754	9
755	5
756	5
757	7
758	4
759	9
760	6
761	11
762	7
763	5
764	8
765	13
766	5
767	6
768	5
769	9
770	6
771	9
772	15
773	3
774	10
775	15
776	5
777	10
778	6
779	6
780	4
781	6
782	4
783	7
784	20
785	6
786	8
787	4
788	10
789	6
790	4
791	7
792	5
793	11
794	3
795	9
796	6
797	4
798	5
799	5
800	5
801	9
802	6
803	7
804	11
805	6
806	4
807	4
808	6
809	5
810	7
811	4
812	5
813	8
814	6
815	6
816	10
817	8
818	8
819	4
820	4
821	4
822	6
823	11
824	6
825	6
826	7
827	4
828	4
829	6
830	5
831	7
832	6
833	3
834	5
835	6
836	16
837	3
838	6
839	13
840	4
841	4
842	4
843	13
844	11
845	5
846	4
847	10
848	4
849	11
850	6
851	6
852	5
853	11
854	4
855	4
856	8
857	3
858	5
859	16
860	7
861	4
862	5
863	6
864	5
865	6
866	6
867	6
868	6
869	5
870	4
871	9
872	4
873	8
874	4
875	9
876	11
877	9
878	7
879	11
880	8
881	5
882	16
883	4
884	7
885	13
886	6
887	5
888	6
889	8
890	4
891	19
DEPOT_SECTION
1
-1
SERVICE_TIME_SECTION
1	0
2	240
3	720
4	420
5	660
6	300
7	480
8	360
9	720
10	480
11	300
12	240
13	540
14	360
15	540
16	240
17	720
18	360
19	480
20	420
21	480
22	420
23	540
24	540
25	540
26	480
27	840
28	480
29	360
30	780
31	660
32	240
33	660
34	360
35	600
36	240
37	360
38	420
39	360
40	420
41	240
42	720
43	300
44	720
45	420
46	480
47	240
48	540
49	720
50	420
51	360
52	600
53	480
54	300
55	420
56	420
57	240
58	420
59	480
60	780
61	240
62	360
63	600
64	480
65	300
66	540
67	480
68	480
69	300
70	240
71	420
72	840
73	720
74	600
75	1020
76	720
77	360
78	660
79	540
80	660
81	480
82	600
83	720
84	660
85	360
86	480
87	480
88	480
89	240
90	360
91	720
92	360
93	420
94	720
95	540
96	480
97	420
98	660
99	360
100	240
101	840
102	240
103	420
104	540
105	240
106	480
107	840
108	660
109	600
110	780
111	840
112	840
113	600
114	720
115	900
116	420
117	300
118	360
119	540
120	540
121	360
122	360
123	840
124	480
125	420
126	660
127	420
128	600
129	420
130	660
131	900
132	660
133	360
134	660
135	480
136	360
137	900
138	600
139	780
140	360
141	660
142	480
143	780
144	360
145	360
146	360
147	240
148	420
149	240
150	540
151	540
152	480
153	240
154	1140
155	780
156	720
157	360
158	540
159	540
160	540
161	240
162	360
163	240
164	540
165	720
166	480
167	480
168	720
169	420
170	420
171	420
172	240
173	840
174	360
175	480
176	780
177	420
178	540
179	600
180	660
181	600
182	840
183	360
184	660
185	300
186	660
187	780
188	360
189	840
190	780
191	600
192	420
193	660
194	720
195	240
196	240
197	840
198	600
199	360
200	240
201	1020
202	720
203	720
204	840
205	480
206	360
207	480
208	240
209	240
210	540
211	300
212	900
213	540
214	1140
215	360
216	240
217	600
218	540
219	360
220	720
221	360
222	480
223	360
224	360
225	720
226	240
227	420
228	240
229	540
230	480
231	360
232	720
233	480
234	360
235	240
236	540
237	480
238	420
239	360
240	300
241	720
242	360
243	660
244	780
245	660
246	600
247	600
248	600
249	720
250	600
251	420
252	480
253	360
254	300
255	1200
256	480
257	240
258	660
259	420
260	480
261	840
262	420
263	240
264	660
265	420
266	600
267	480
268	420
269	600
270	360
271	480
272	240
273	540
274	480
275	600
276	600
277	600
278	480
279	780
280	660
281	420
282	420
283	1200
284	600
285	660
286	480
287	720
288	240
289	480
290	240
291	540
292	360
293	420
294	780
295	540
296	840
297	240
298	480
299	480
300	540
301	540
302	360
303	300
304	420
305	420
306	480
307	300
308	540
309	420
310	420
311	840
312	240
313	240
314	420
315	1020
316	600
317	540
318	360
319	540
320	360
321	420
322	360
323	420
324	420
325	240
326	240
327	600
328	600
329	660
330	420
331	780
332	720
333	960
334	360
335	240
336	840
337	840
338	300
339	480
340	360
341	480
342	480
343	1320
344	480
345	720
346	480
347	480
348	480
349	240
350	780
351	660
352	300
353	480
354	1320
355	360
356	720
357	720
358	480
359	720
360	480
361	600
362	480
363	300
364	660
365	360
366	480
367	600
368	420
369	480
370	720
371	300
372	420
373	360
374	480
375	360
376	480
377	540
378	540
379	660
380	480
381	780
382	360
383	480
384	900
385	720
386	540
387	480
388	360
389	360
390	720
391	360
392	300
393	540
394	420
395	720
396	540
397	660
398	420
399	660
400	600
401	480
402	420
403	240
404	480
405	240
406	600
407	240
408	420
409	540
410	240
411	720
412	480
413	360
414	660
415	600
416	720
417	1200
418	780
419	420
420	420
421	420
422	360
423	360
424	660
425	840
426	720
427	480
428	600
429	420
430	1500
431	480
432	780
433	780
434	300
435	420
436	300
437	840
438	420
439	300
440	360
441	480
442	300
443	480
444	480
445	300
446	420
447	780
448	540
449	480
450	600
451	300
452	660
453	240
454	780
455	300
456	480
457	300
458	660
459	300
460	420
461	600
462	480
463	600
464	360
465	900
466	660
467	420
468	540
469	240
470	840
471	540
472	660
473	600
474	540
475	480
476	480
477	480
478	360
479	540
480	660
481	480
482	360
483	720
484	540
485	420
486	240
487	540
488	480
489	360
490	300
491	660
492	600
493	300
494	660
495	360
496	480
497	720
498	240
499	480
500	540
501	780
502	900
503	480
504	780
505	300
506	540
507	360
508	540
509	540
510	600
511	660
512	780
513	480
514	300
515	900
516	660
517	420
518	600
519	420
520	420
521	420
522	240
523	840
524	300
525	240
526	660
527	480
528	540
529	420
530	720
531	300
532	720
533	420
534	420
535	360
536	540
537	660
538	540
539	480
540	480
541	420
542	600
543	600
544	300
545	480
546	960
547	360
548	360
549	780
550	300
551	240
552	420
553	540
554	300
555	480
556	480
557	360
558	660
559	660
560	540
561	420
562	420
563	480
564	540
565	540
566	780
567	540
568	720
569	480
570	360
571	240
572	480
573	660
574	420
575	540
576	420
577	360
578	480
579	600
580	420
581	600
582	480
583	480
584	480
585	720
586	480
587	300
588	420
589	300
590	240
591	420
592	420
593	240
594	600
595	300
596	300
597	540
598	240
599	360
600	900
601	480
602	360
603	600
604	420
605	600
606	720
607	420
608	960
609	420
610	360
611	240
612	240
613	420
614	420
615	300
616	660
617	480
618	360
619	360
620	360
621	840
622	480
623	540
624	840
625	600
626	300
627	600
628	480
629	780
630	240
631	240
632	420
633	540
634	360
635	480
636	540
637	780
638	600
639	780
640	720
641	480
642	540
643	360
644	780
645	600
646	300
647	660
648	720
649	240
650	360
651	720
652	360
653	540
654	600
655	480
656	300
657	780
658	240
659	420
660	240
661	780
662	300
663	480
664	480
665	420
666	360
667	780
668	480
669	480
670	420
671	420
672	600
673	300
674	480
675	360
676	780
677	420
678	240
679	360
680	420
681	540
682	420
683	420
684	360
685	360
686	360
687	540
688	420
689	900
690	600
691	720
692	360
693	660
694	360
695	360
696	480
697	780
698	540
699	540
700	300
701	240
702	600
703	360
704	600
705	600
706	420
707	480
708	480
709	540
710	600
711	420
712	660
713	240
714	660
715	420
716	540
717	480
718	300
719	420
720	1200
721	360
722	360
723	600
724	300
725	660
726	720
727	600
728	480
729	600
730	300
731	480
732	720
733	240
734	300
735	720
736	1500
737	420
738	360
739	840
740	360
741	780
742	300
743	720
744	540
745	240
746	480
747	720
748	780
749	960
750	420
751	300
752	540
753	300
754	360
755	720
756	360
757	660
758	420
759	600
760	1020
761	840
762	300
763	420
764	420
765	540
766	240
767	540
768	480
769	840
770	360
771	900
772	660
773	600
774	360
775	1320
776	360
777	660
778	360
779	360
780	660
781	600
782	780
783	840
784	480
785	480
786	240
787	360
788	360
789	420
790	480
791	240
792	300
793	720
794	420
795	360
796	1020
797	660
798	720
799	420
800	600
801	360
802	840
803	240
804	660
805	360
806	660
807	1620
808	360
809	360
810	420
811	660
812	540
813	1500
814	600
815	660
816	840
817	540
818	420
819	300
820	360
821	480
822	480
823	480
824	240
825	360
826	480
827	360
828	480
829	840
830	480
831	240
832	360
833	900
834	360
835	540
836	300
837	660
838	600
839	600
840	240
841	420
842	720
843	420
844	360
845	420
846	420
847	480
848	300
849	480
850	240
851	840
852	660
853	720
854	480
855	300
856	240
857	360
858	540
859	1020
860	360
861	660
862	540
863	480
864	240
865	480
866	720
867	360
868	420
869	780
870	240
871	360
872	360
873	900
874	360
875	480
876	420
877	480
878	360
879	360
880	420
881	480
882	420
883	600
884	840
885	420
886	780
887	240
888	480
889	360
890	300
891	300
TIME_WINDOW_SECTION
1	0	45000
2	23400	30300
3	12600	19500
4	10800	30300
5	9000	15300
6	5400	11700
7	16200	23100
8	10800	30300
9	10800	30300
10	19800	26100
11	9000	15900
12	10800	30300
13	9000	15900
14	10800	30300
15	23400	30300
16	12600	19500
17	23400	30300
18	5400	12300
19	16200	23100
20	10800	29700
21	10800	30300
22	10800	30300
23	19800	26700
24	10800	30300
25	23400	30300
26	19800	26700
27	12600	19500
28	5400	12300
29	23400	30300
30	12600	19500
31	23400	30300
32	10800	29700
33	19800	26100
34	9000	15900
35	23400	30300
36	10800	30300
37	10800	30300
38	5400	12300
39	10800	30300
40	9000	19500
41	9000	15300
42	9000	15900
43	12600	19500
44	5400	12300
45	16200	26700
46	12600	19500
47	23400	30300
48	9000	19500
49	19800	26700
50	19800	26700
51	19800	26700
52	5400	12300
53	12600	19500
54	19800	26700
55	10800	30300
56	9000	15900
57	12600	19500
58	9000	19500
59	19800	26700
60	16200	26700
61	5400	12300
62	23400	30300
63	12600	19500
64	9000	15900
65	5400	12300
66	19800	26700
67	23400	30300
68	16200	23100
69	10800	29700
70	12600	19500
71	9000	19500
72	23400	30300
73	12600	19500
74	12600	19500
75	5400	12300
76	10800	30300
77	12600	19500
78	12600	18900
79	19800	26700
80	23400	30300
81	19800	26700
82	16200	23100
83	16200	26700
84	23400	30300
85	12600	19500
86	12600	19500
87	9000	15900
88	5400	12300
89	19800	26700
90	23400	30300
91	10800	30300
92	23400	30300
93	16200	23100
94	9000	15900
95	5400	12300
96	16200	26700
97	10800	30300
98	19800	26700
99	9000	15900
100	16200	23100
101	19800	26700
102	23400	30300
103	19800	26700
104	12600	19500
105	9000	19500
106	10800	30300
107	12600	19500
108	19800	26700
109	16200	23100
110	19800	26700
111	16200	23100
112	19800	26700
113	19800	26700
114	9000	15900
115	16200	23100
116	16200	23100
117	16200	23100
118	5400	12300
119	19800	26700
120	5400	12300
121	10800	30300
122	19800	26700
123	12600	19500
124	12600	19500
125	12600	19500
126	23400	30300
127	23400	30300
128	9000	15900
129	23400	30300
130	16200	26700
131	19800	26700
132	10800	30300
133	10800	30300
134	23400	30300
135	16200	26700
136	12600	19500
137	19800	26700
138	10800	30300
139	9000	15900
140	9000	15300
141	10800	30300
142	10800	30300
143	16200	26700
144	16200	23100
145	19800	26700
146	23400	30300
147	23400	29700
148	19800	26700
149	5400	12300
150	23400	30300
151	10800	30300
152	23400	30300
153	10800	30300
154	5400	12300
155	10800	30300
156	16200	23100
157	19800	26700
158	10800	30300
159	10800	30300
160	10800	30300
161	19800	26700
162	9000	19500
163	9000	15300
164	9000	15300
165	10800	30300
166	9000	15900
167	23400	30300
168	5400	12300
169	10800	30300
170	5400	12300
171	19800	26700
172	19800	26700
173	5400	12300
174	9000	15900
175	5400	12300
176	5400	12300
177	10800	29700
178	10800	29700
179	10800	30300
180	19800	26700
181	12600	19500
182	5400	12300
183	10800	29700
184	5400	11700
185	16200	23100
186	9000	15900
187	10800	30300
188	9000	15900
189	19800	26700
190	12600	19500
191	19800	26700
192	12600	19500
193	19800	26700
194	10800	30300
195	10800	30300
196	16200	23100
197	10800	30300
198	16200	23100
199	5400	12300
200	23400	30300
201	19800	26700
202	23400	29700
203	5400	12300
204	16200	23100
205	10800	30300
206	9000	15900
207	16200	23100
208	16200	23100
209	19800	26700
210	10800	30300
211	10800	30300
212	5400	12300
213	5400	12300
214	12600	19500
215	12600	19500
216	19800	26700
217	23400	30300
218	10800	30300
219	19800	26700
220	19800	26700
221	16200	23100
222	16200	26700
223	12600	19500
224	16200	23100
225	5400	12300
226	12600	19500
227	23400	30300
228	9000	15900
229	9000	19500
230	10800	30300
231	12600	19500
232	23400	30300
233	10800	29700
234	12600	19500
235	5400	12300
236	23400	30300
237	19800	26700
238	10800	30300
239	16200	23100
240	5400	12300
241	10800	30300
242	9000	15900
243	23400	30300
244	9000	15900
245	16200	23100
246	9000	19500
247	19800	26700
248	10800	30300
249	5400	12300
250	23400	29700
251	12600	19500
252	10800	30300
253	10800	30300
254	19800	26700
255	10800	30300
256	9000	19500
257	19800	26700
258	23400	30300
259	5400	12300
260	16200	23100
261	19800	26700
262	10800	30300
263	9000	15900
264	10800	30300
265	10800	30300
266	9000	19500
267	10800	30300
268	23400	30300
269	16200	23100
270	10800	30300
271	9000	19500
272	16200	23100
273	23400	30300
274	19800	26700
275	16200	26700
276	16200	23100
277	23400	30300
278	12600	19500
279	5400	12300
280	10800	30300
281	10800	29700
282	19800	26700
283	10800	30300
284	12600	19500
285	19800	26700
286	23400	30300
287	16200	23100
288	10800	30300
289	10800	30300
290	10800	30300
291	10800	30300
292	10800	30300
293	16200	23100
294	19800	26700
295	9000	19500
296	16200	26700
297	5400	12300
298	23400	30300
299	19800	26700
300	23400	30300
301	10800	30300
302	10800	30300
303	16200	23100
304	10800	30300
305	9000	19500
306	19800	26700
307	19800	26700
308	19800	26700
309	10800	30300
310	9000	15900
311	19800	26700
312	16200	23100
313	9000	15900
314	12600	19500
315	16200	23100
316	19800	26700
317	9000	15900
318	12600	19500
319	19800	26100
320	12600	19500
321	23400	30300
322	9000	15900
323	16200	23100
324	10800	30300
325	19800	26700
326	9000	19500
327	16200	23100
328	9000	15900
329	9000	19500
330	16200	26700
331	19800	26700
332	23400	30300
333	10800	30300
334	16200	26700
335	19800	26700
336	16200	23100
337	9000	15900
338	12600	19500
339	23400	30300
340	9000	15900
341	19800	26700
342	23400	30300
343	10800	30300
344	16200	23100
345	19800	26700
346	23400	30300
347	9000	15900
348	12600	19500
349	12600	19500
350	12600	19500
351	10800	30300
352	9000	19500
353	10800	30300
354	23400	30300
355	9000	15900
356	10800	30300
357	10800	30300
358	23400	30300
359	10800	30300
360	9000	15900
361	9000	18900
362	19800	26700
363	19800	26700
364	10800	29700
365	10800	30300
366	10800	30300
367	9000	15900
368	10800	30300
369	16200	23100
370	12600	19500
371	12600	19500
372	10800	30300
373	10800	30300
374	23400	30300
375	9000	15900
376	19800	26700
377	9000	15900
378	16200	26700
379	23400	30300
380	23400	30300
381	23400	29700
382	19800	26700
383	19800	26700
384	19800	26700
385	23400	30300
386	19800	26700
387	16200	23100
388	12600	19500
389	10800	30300
390	10800	30300
391	16200	23100
392	23400	30300
393	19800	26700
394	19800	26700
395	19800	26700
396	16200	23100
397	12600	19500
398	9000	19500
399	23400	30300
400	10800	29700
401	19800	26700
402	9000	19500
403	10800	30300
404	23400	30300
405	9000	15900
406	10800	30300
407	16200	23100
408	23400	30300
409	9000	15900
410	12600	19500
411	10800	30300
412	12600	19500
413	16200	23100
414	23400	30300
415	19800	26700
416	9000	15900
417	10800	30300
418	10800	30300
419	9000	19500
420	12600	19500
421	10800	30300
422	12600	19500
423	19800	26700
424	16200	26700
425	19800	26700
426	10800	30300
427	9000	15900
428	9000	15900
429	10800	30300
430	9000	19500
431	23400	30300
432	19800	26700
433	9000	15900
434	16200	23100
435	10800	30300
436	10800	30300
437	12600	19500
438	23400	30300
439	16200	26700
440	23400	30300
441	12600	19500
442	10800	30300
443	10800	29700
444	10800	30300
445	23400	30300
446	16200	23100
447	9000	19500
448	10800	30300
449	19800	26700
450	12600	19500
451	10800	30300
452	10800	30300
453	10800	30300
454	10800	30300
455	16200	26700
456	10800	30300
457	16200	26700
458	16200	23100
459	9000	15900
460	10800	30300
461	19800	26700
462	23400	30300
463	12600	19500
464	16200	23100
465	12600	19500
466	10800	30300
467	10800	30300
468	23400	30300
469	19800	26100
470	16200	23100
471	10800	30300
472	23400	30300
473	19800	26700
474	19800	26700
475	23400	30300
476	9000	19500
477	9000	15900
478	12600	19500
479	23400	30300
480	16200	26700
481	9000	15900
482	12600	19500
483	9000	15900
484	9000	19500
485	23400	30300
486	12600	19500
487	10800	29700
488	12600	19500
489	9000	19500
490	23400	30300
491	10800	30300
492	10800	30300
493	19800	26700
494	10800	30300
495	23400	30300
496	19800	26700
497	23400	30300
498	23400	30300
499	9000	15900
500	16200	23100
501	12600	19500
502	23400	30300
503	23400	30300
504	9000	19500
505	9000	19500
506	19800	26700
507	16200	23100
508	10800	29700
509	16200	23100
510	23400	30300
511	9000	19500
512	10800	30300
513	19800	26700
514	19800	26700
515	16200	26700
516	12600	19500
517	23400	30300
518	19800	26700
519	19800	26700
520	16200	23100
521	23400	29700
522	10800	30300
523	16200	26700
524	16200	26700
525	10800	30300
526	10800	30300
527	9000	15900
528	19800	26700
529	16200	23100
530	16200	23100
531	9000	19500
532	10800	30300
533	16200	23100
534	10800	29700
535	12600	19500
536	10800	30300
537	19800	26700
538	9000	15900
539	10800	30300
540	16200	23100
541	23400	30300
542	10800	30300
543	23400	29700
544	19800	26100
545	10800	30300
546	16200	26700
547	12600	19500
548	19800	26700
549	12600	19500
550	10800	29700
551	16200	23100
552	10800	30300
553	10800	29700
554	16200	26700
555	16200	26700
556	19800	26700
557	23400	30300
558	9000	19500
559	23400	30300
560	19800	26700
561	12600	19500
562	16200	26700
563	10800	30300
564	19800	26700
565	12600	19500
566	23400	30300
567	12600	19500
568	16200	26700
569	23400	30300
570	19800	26700
571	12600	19500
572	12600	19500
573	10800	29700
574	12600	19500
575	10800	30300
576	12600	19500
577	19800	26700
578	10800	30300
579	16200	23100
580	16200	22500
581	23400	30300
582	19800	26700
583	12600	19500
584	12600	19500
585	23400	30300
586	10800	30300
587	23400	30300
588	12600	19500
589	16200	23100
590	16200	26700
591	9000	19500
592	19800	26700
593	19800	26700
594	19800	26700
595	19800	26700
596	10800	30300
597	16200	23100
598	10800	30300
599	12600	19500
600	16200	23100
601	23400	30300
602	12600	19500
603	10800	30300
604	18000	37500
605	19800	26700
606	10800	29700
607	10800	30300
608	10800	30300
609	12600	19500
610	10800	30300
611	19800	26100
612	23400	29700
613	19800	26700
614	10800	29700
615	9000	19500
616	10800	30300
617	10800	30300
618	12600	19500
619	23400	30300
620	9000	19500
621	10800	30300
622	10800	30300
623	10800	30300
624	10800	30300
625	12600	19500
626	10800	30300
627	9000	19500
628	12600	19500
629	9000	19500
630	23400	30300
631	19800	26700
632	10800	30300
633	16200	26700
634	23400	30300
635	10800	30300
636	19800	26700
637	12600	19500
638	19800	26700
639	19800	26700
640	10800	30300
641	10800	30300
642	16200	23100
643	23400	30300
644	10800	30300
645	23400	30300
646	10800	30300
647	10800	30300
648	12600	19500
649	19800	26700
650	9000	19500
651	16200	23100
652	10800	29700
653	16200	23100
654	16200	26700
655	10800	30300
656	16200	23100
657	19800	26700
658	19800	26700
659	12600	19500
660	10800	30300
661	19800	26700
662	10800	30300
663	16200	26700
664	9000	19500
665	10800	30300
666	10800	30300
667	10800	30300
668	10800	30300
669	19800	26700
670	16200	23100
671	10800	30300
672	9000	19500
673	10800	30300
674	10800	30300
675	12600	19500
676	12600	19500
677	23400	30300
678	18000	37500
679	12600	19500
680	10800	30300
681	23400	30300
682	19800	26700
683	10800	30300
684	23400	30300
685	23400	30300
686	16200	23100
687	23400	30300
688	16200	23100
689	19800	26700
690	16200	23100
691	19800	26700
692	10800	29700
693	23400	29700
694	19800	26700
695	16200	23100
696	10800	29700
697	19800	26700
698	19800	26700
699	16200	26700
700	19800	26700
701	10800	30300
702	12600	19500
703	10800	30300
704	23400	30300
705	19800	26700
706	19800	26700
707	19800	26700
708	16200	23100
709	16200	26700
710	16200	23100
711	23400	30300
712	10800	29700
713	10800	30300
714	16200	26700
715	10800	29700
716	10800	30300
717	23400	30300
718	19800	26700
719	23400	30300
720	18000	37500
721	23400	30300
722	10800	30300
723	19800	26700
724	19800	26700
725	16200	23100
726	10800	30300
727	10800	29700
728	10800	30300
729	10800	30300
730	19800	26700
731	19800	26700
732	10800	29700
733	10800	30300
734	19800	26700
735	19800	26700
736	10800	30300
737	16200	23100
738	19800	26700
739	10800	30300
740	16200	26700
741	19800	26700
742	10800	29700
743	10800	30300
744	10800	30300
745	16200	23100
746	10800	29700
747	19800	26700
748	16200	26700
749	19800	26700
750	16200	23100
751	16200	26700
752	10800	30300
753	10800	30300
754	23400	30300
755	10800	30300
756	10800	30300
757	10800	30300
758	16200	23100
759	23400	30300
760	19800	26700
761	10800	30300
762	23400	30300
763	16200	23100
764	23400	30300
765	23400	30300
766	23400	29700
767	23400	29700
768	10800	29700
769	10800	30300
770	23400	30300
771	23400	30300
772	19800	26100
773	10800	30300
774	10800	30300
775	19800	26700
776	23400	30300
777	10800	30300
778	16200	26700
779	10800	29700
780	10800	29700
781	19800	26700
782	19800	26700
783	10800	30300
784	19800	26700
785	10800	30300
786	10800	30300
787	23400	30300
788	23400	30300
789	10800	29700
790	23400	30300
791	19800	26700
792	19800	26700
793	16200	26700
794	23400	30300
795	16200	23100
796	10800	30300
797	19800	26700
798	10800	29700
799	23400	30300
800	19800	26700
801	23400	30300
802	10800	30300
803	19800	26700
804	16200	23100
805	10800	30300
806	23400	30300
807	19800	26700
808	10800	30300
809	23400	30300
810	23400	30300
811	10800	29700
812	10800	30300
813	23400	29700
814	23400	30300
815	19800	26700
816	19800	26700
817	19800	26700
818	10800	29700
819	23400	30300
820	10800	30300
821	23400	30300
822	16200	23100
823	10800	30300
824	19800	26700
825	10800	29700
826	10800	30300
827	19800	26700
828	19800	26700
829	23400	30300
830	23400	30300
831	19800	26700
832	19800	26700
833	23400	30300
834	10800	30300
835	19800	26700
836	19800	26700
837	10800	30300
838	10800	30300
839	16200	26700
840	10800	30300
841	23400	30300
842	23400	30300
843	10800	30300
844	19800	26700
845	10800	30300
846	10800	30300
847	10800	30300
848	10800	30300
849	19800	26700
850	16200	26700
851	10800	30300
852	10800	30300
853	19800	26700
854	10800	30300
855	10800	30300
856	19800	26700
857	10800	30300
858	16200	26100
859	16200	26700
860	23400	30300
861	10800	29700
862	10800	30300
863	16200	26100
864	19800	26700
865	19800	26700
866	23400	30300
867	23400	30300
868	23400	29700
869	23400	30300
870	19800	26700
871	10800	30300
872	19800	26700
873	10800	29700
874	19800	26700
875	18000	37500
876	23400	30300
877	10800	30300
878	16200	26700
879	19800	26700
880	16200	26700
881	10800	30300
882	10800	30300
883	19800	26700
884	10800	29700
885	19800	26700
886	10800	30300
887	10800	30300
888	19800	26700
889	23400	30300
890	19800	26700
891	23400	30300
RELEASE_TIME_SECTION
1	0
2	5400
3	5400
4	5400
5	5400
6	5400
7	5400
8	5400
9	5400
10	5400
11	5400
12	5400
13	5400
14	5400
15	5400
16	5400
17	5400
18	5400
19	5400
20	5400
21	5400
22	5400
23	5400
24	5400
25	5400
26	5400
27	5400
28	5400
29	5400
30	5400
31	5400
32	5400
33	5400
34	5400
35	5400
36	5400
37	5400
38	5400
39	5400
40	5400
41	5400
42	5400
43	5400
44	5400
45	5400
46	5400
47	5400
48	5400
49	5400
50	5400
51	5400
52	5400
53	5400
54	5400
55	5400
56	5400
57	5400
58	5400
59	5400
60	5400
61	5400
62	5400
63	5400
64	5400
65	5400
66	5400
67	5400
68	5400
69	5400
70	5400
71	5400
72	5400
73	5400
74	5400
75	5400
76	5400
77	5400
78	5400
79	5400
80	5400
81	5400
82	5400
83	5400
84	5400
85	5400
86	5400
87	5400
88	5400
89	5400
90	5400
91	5400
92	5400
93	5400
94	5400
95	5400
96	5400
97	5400
98	5400
99	5400
100	5400
101	5400
102	7200
103	7200
104	7200
105	7200
106	7200
107	7200
108	7200
109	7200
110	7200
111	7200
112	7200
113	7200
114	7200
115	7200
116	7200
117	7200
118	7200
119	7200
120	7200
121	7200
122	7200
123	7200
124	7200
125	7200
126	7200
127	7200
128	7200
129	7200
130	7200
131	7200
132	7200
133	7200
134	7200
135	7200
136	7200
137	7200
138	7200
139	7200
140	7200
141	7200
142	7200
143	7200
144	7200
145	7200
146	7200
147	7200
148	7200
149	7200
150	7200
151	7200
152	7200
153	7200
154	7200
155	7200
156	7200
157	7200
158	7200
159	7200
160	7200
161	7200
162	7200
163	7200
164	7200
165	7200
166	7200
167	7200
168	7200
169	7200
170	7200
171	7200
172	7200
173	7200
174	7200
175	7200
176	7200
177	7200
178	7200
179	7200
180	7200
181	7200
182	7200
183	7200
184	7200
185	7200
186	7200
187	7200
188	7200
189	7200
190	7200
191	7200
192	7200
193	7200
194	7200
195	7200
196	7200
197	7200
198	7200
199	7200
200	7200
201	7200
202	9000
203	9000
204	9000
205	9000
206	9000
207	9000
208	9000
209	9000
210	9000
211	9000
212	9000
213	9000
214	9000
215	9000
216	9000
217	9000
218	9000
219	9000
220	9000
221	9000
222	9000
223	9000
224	9000
225	9000
226	9000
227	9000
228	9000
229	9000
230	9000
231	9000
232	9000
233	9000
234	9000
235	9000
236	9000
237	9000
238	9000
239	9000
240	9000
241	9000
242	9000
243	9000
244	9000
245	9000
246	9000
247	9000
248	9000
249	9000
250	9000
251	9000
252	9000
253	9000
254	9000
255	9000
256	9000
257	9000
258	9000
259	9000
260	9000
261	9000
262	9000
263	9000
264	9000
265	9000
266	9000
267	9000
268	9000
269	9000
270	9000
271	9000
272	9000
273	9000
274	9000
275	9000
276	9000
277	9000
278	9000
279	9000
280	9000
281	9000
282	9000
283	9000
284	9000
285	9000
286	9000
287	9000
288	9000
289	9000
290	9000
291	9000
292	9000
293	9000
294	9000
295	9000
296	9000
297	9000
298	9000
299	9000
300	9000
301	9000
302	10800
303	10800
304	10800
305	10800
306	10800
307	10800
308	10800
309	10800
310	10800
311	10800
312	10800
313	10800
314	10800
315	10800
316	10800
317	10800
318	10800
319	10800
320	10800
321	10800
322	10800
323	10800
324	10800
325	10800
326	10800
327	10800
328	10800
329	10800
330	10800
331	10800
332	10800
333	10800
334	10800
335	10800
336	10800
337	10800
338	10800
339	10800
340	10800
341	10800
342	10800
343	10800
344	10800
345	10800
346	10800
347	10800
348	10800
349	10800
350	10800
351	10800
352	10800
353	10800
354	10800
355	10800
356	10800
357	10800
358	10800
359	10800
360	10800
361	10800
362	10800
363	10800
364	10800
365	10800
366	10800
367	10800
368	10800
369	10800
370	10800
371	10800
372	10800
373	10800
374	10800
375	10800
376	10800
377	10800
378	10800
379	10800
380	10800
381	10800
382	10800
383	10800
384	10800
385	10800
386	10800
387	10800
388	10800
389	10800
390	10800
391	10800
392	10800
393	10800
394	10800
395	12600
396	12600
397	12600
398	12600
399	12600
400	12600
401	12600
402	12600
403	12600
404	12600
405	12600
406	12600
407	12600
408	12600
409	12600
410	12600
411	12600
412	12600
413	12600
414	12600
415	12600
416	12600
417	12600
418	12600
419	12600
420	12600
421	12600
422	12600
423	12600
424	12600
425	12600
426	12600
427	12600
428	12600
429	12600
430	12600
431	12600
432	12600
433	12600
434	12600
435	12600
436	12600
437	12600
438	12600
439	12600
440	12600
441	12600
442	12600
443	12600
444	12600
445	12600
446	12600
447	12600
448	12600
449	12600
450	12600
451	12600
452	12600
453	12600
454	12600
455	12600
456	12600
457	12600
458	12600
459	12600
460	12600
461	12600
462	12600
463	12600
464	12600
465	12600
466	12600
467	12600
468	12600
469	12600
470	12600
471	12600
472	12600
473	12600
474	12600
475	12600
476	12600
477	12600
478	12600
479	12600
480	14400
481	14400
482	14400
483	14400
484	14400
485	14400
486	14400
487	14400
488	14400
489	14400
490	14400
491	14400
492	14400
493	14400
494	14400
495	14400
496	14400
497	14400
498	14400
499	14400
500	14400
501	14400
502	14400
503	14400
504	14400
505	14400
506	14400
507	14400
508	14400
509	14400
510	14400
511	14400
512	14400
513	14400
514	14400
515	14400
516	14400
517	14400
518	14400
519	14400
520	14400
521	14400
522	14400
523	14400
524	14400
525	14400
526	14400
527	14400
528	14400
529	14400
530	14400
531	14400
532	14400
533	14400
534	14400
535	14400
536	14400
537	14400
538	14400
539	14400
540	14400
541	14400
542	14400
543	14400
544	14400
545	14400
546	14400
547	14400
548	14400
549	14400
550	14400
551	14400
552	14400
553	14400
554	14400
555	14400
556	14400
557	14400
558	14400
559	14400
560	14400
561	14400
562	14400
563	16200
564	16200
565	16200
566	16200
567	16200
568	16200
569	16200
570	16200
571	16200
572	16200
573	16200
574	16200
575	16200
576	16200
577	16200
578	16200
579	16200
580	16200
581	16200
582	16200
583	16200
584	16200
585	16200
586	16200
587	16200
588	16200
589	16200
590	16200
591	16200
592	16200
593	16200
594	16200
595	16200
596	16200
597	16200
598	16200
599	16200
600	16200
601	16200
602	16200
603	16200
604	16200
605	16200
606	16200
607	16200
608	16200
609	16200
610	16200
611	16200
612	16200
613	16200
614	16200
615	16200
616	16200
617	16200
618	16200
619	16200
620	16200
621	16200
622	16200
623	16200
624	16200
625	16200
626	16200
627	16200
628	16200
629	16200
630	16200
631	16200
632	16200
633	16200
634	16200
635	16200
636	16200
637	16200
638	16200
639	16200
640	16200
641	18000
642	18000
643	18000
644	18000
645	18000
646	18000
647	18000
648	18000
649	18000
650	18000
651	18000
652	18000
653	18000
654	18000
655	18000
656	18000
657	18000
658	18000
659	18000
660	18000
661	18000
662	18000
663	18000
664	18000
665	18000
666	18000
667	18000
668	18000
669	18000
670	18000
671	18000
672	18000
673	18000
674	18000
675	18000
676	18000
677	18000
678	18000
679	18000
680	18000
681	18000
682	18000
683	18000
684	18000
685	18000
686	18000
687	18000
688	18000
689	18000
690	18000
691	18000
692	18000
693	18000
694	18000
695	18000
696	18000
697	18000
698	18000
699	18000
700	18000
701	18000
702	18000
703	18000
704	18000
705	18000
706	18000
707	18000
708	18000
709	18000
710	18000
711	18000
712	18000
713	18000
714	18000
715	18000
716	18000
717	18000
718	19800
719	19800
720	19800
721	19800
722	19800
723	19800
724	19800
725	19800
726	19800
727	19800
728	19800
729	19800
730	19800
731	19800
732	19800
733	19800
734	19800
735	19800
736	19800
737	19800
738	19800
739	19800
740	19800
741	19800
742	19800
743	19800
744	19800
745	19800
746	19800
747	19800
748	19800
749	19800
750	19800
751	19800
752	19800
753	19800
754	19800
755	19800
756	19800
757	19800
758	19800
759	19800
760	19800
761	19800
762	19800
763	19800
764	19800
765	19800
766	19800
767	19800
768	19800
769	19800
770	19800
771	19800
772	19800
773	19800
774	19800
775	19800
776	19800
777	19800
778	19800
779	19800
780	19800
781	19800
782	19800
783	19800
784	21600
785	21600
786	21600
787	21600
788	21600
789	21600
790	21600
791	21600
792	21600
793	21600
794	21600
795	21600
796	21600
797	21600
798	21600
799	21600
800	21600
801	21600
802	21600
803	21600
804	21600
805	21600
806	21600
807	21600
808	21600
809	21600
810	21600
811	21600
812	21600
813	21600
814	21600
815	21600
816	21600
817	21600
818	21600
819	21600
820	21600
821	21600
822	21600
823	21600
824	21600
825	21600
826	21600
827	21600
828	21600
829	21600
830	21600
831	21600
832	21600
833	21600
834	21600
835	21600
836	21600
837	21600
838	21600
839	21600
840	21600
841	21600
842	21600
843	21600
844	21600
845	23400
846	23400
847	23400
848	23400
849	23400
850	23400
851	23400
852	23400
853	23400
854	23400
855	23400
856	23400
857	23400
858	23400
859	23400
860	23400
861	23400
862	23400
863	23400
864	23400
865	23400
866	23400
867	23400
868	23400
869	23400
870	23400
871	23400
872	23400
873	23400
874	23400
875	23400
876	23400
877	23400
878	23400
879	23400
880	23400
881	23400
882	23400
883	23400
884	23400
885	23400
886	23400
887	23400
888	23400
889	23400
890	23400
891	23400
EOF
