NAME : ORTEC-VRPTW-ASYM-9ffcb659-d1-n967
TYPE : VRPTW-RT
DIMENSION : 968
EDGE_WEIGHT_TYPE : EUC_2D
CAPACITY : 135
NODE_COORD_SECTION
1	3566	2717
2	3185	1869
3	2857	2057
4	1539	1619
5	2998	3690
6	1975	1238
7	1913	807
8	4570	3927
9	3341	2193
10	2318	1606
11	2962	2168
12	2363	1802
13	3811	4410
14	2313	1862
15	2725	3162
16	3149	4038
17	5157	3968
18	1607	1535
19	3783	4110
20	2833	3415
21	2795	1384
22	3500	3676
23	2927	2202
24	4699	4118
25	2236	1936
26	2715	1045
27	2667	2657
28	2210	1527
29	1957	1145
30	2950	3256
31	5157	3968
32	2879	3406
33	2318	1606
34	1328	1460
35	5417	4195
36	5104	3735
37	5662	4374
38	4996	3837
39	3129	2163
40	3412	3120
41	2648	3092
42	3143	2908
43	1710	639
44	2587	1318
45	2458	1651
46	3524	3923
47	4699	4118
48	2917	1571
49	3194	3314
50	3540	3922
51	1447	1135
52	2564	1351
53	3904	3978
54	2944	1920
55	4022	3048
56	3027	2174
57	1341	1068
58	3633	4128
59	2885	2104
60	5407	4621
61	2363	1802
62	2426	1416
63	2708	1617
64	2453	1417
65	2575	1670
66	2858	3392
67	4335	4168
68	4933	3678
69	5373	4356
70	2879	3406
71	2917	1571
72	5554	4031
73	2059	1213
74	2648	3092
75	2991	1527
76	3482	2657
77	3110	1810
78	4570	3927
79	1629	1290
80	2452	1540
81	2962	816
82	4699	4118
83	1788	1430
84	2000	1179
85	2041	1142
86	3482	2657
87	1247	1251
88	2313	1862
89	3674	4113
90	1135	1319
91	4078	3740
92	1585	1837
93	3110	1810
94	2545	1364
95	3023	3219
96	5519	4395
97	2790	2128
98	0	332
99	2993	3064
100	3708	3931
101	3840	3266
102	1186	1398
103	1807	848
104	5358	4181
105	2880	3413
106	2224	1472
107	4699	4118
108	4933	3678
109	4846	4414
110	3267	2265
111	2122	1377
112	2779	1424
113	1280	750
114	1169	290
115	1718	425
116	1328	1460
117	3065	2287
118	3385	4336
119	190	435
120	2210	1527
121	3198	3229
122	2083	1357
123	3934	3650
124	3720	3325
125	5224	4439
126	1589	1221
127	2331	1518
128	1957	1649
129	3301	4017
130	3072	2632
131	1328	1460
132	1807	848
133	2715	1045
134	1341	1068
135	2858	3392
136	2312	1541
137	1372	1309
138	3437	3493
139	3811	4410
140	4335	4168
141	2950	3256
142	3073	3409
143	2689	3169
144	3500	3676
145	2015	889
146	1247	1251
147	4570	3927
148	2560	1807
149	4625	4678
150	3333	3071
151	2646	2460
152	4699	4118
153	1342	1583
154	1257	1095
155	2843	2942
156	2876	2527
157	906	488
158	3044	2200
159	1458	1354
160	2020	1981
161	1807	848
162	1650	1731
163	1023	1073
164	28	280
165	2944	1920
166	3198	3229
167	2662	1914
168	2885	2104
169	1920	1180
170	4635	4294
171	3058	2646
172	2584	1365
173	2122	1377
174	2545	1364
175	1653	1815
176	2851	1985
177	3241	4048
178	2573	1350
179	1880	1721
180	2918	1398
181	5266	3980
182	2313	1862
183	2142	1736
184	2000	1179
185	1718	425
186	1662	739
187	3213	4056
188	3194	3314
189	3412	3120
190	2655	2757
191	2962	2168
192	2883	1179
193	2455	1696
194	2564	1351
195	5594	4363
196	2991	1527
197	2804	1097
198	1169	290
199	3142	1852
200	2317	1828
201	2655	2757
202	3001	3417
203	2174	2257
204	3345	3884
205	3642	2749
206	1257	1095
207	4813	3522
208	4624	3480
209	2587	1318
210	2795	1384
211	3287	4043
212	2452	1540
213	3239	4044
214	1986	1762
215	2545	1364
216	2812	1032
217	3840	3266
218	2517	1001
219	2320	2019
220	1403	1270
221	2859	1248
222	5015	4041
223	2006	1340
224	2000	1777
225	2364	1503
226	2667	2657
227	1341	1068
228	2577	2345
229	3212	2135
230	2719	1716
231	1211	1018
232	2158	1136
233	2868	2801
234	3838	3078
235	5015	4041
236	1650	1731
237	2864	1373
238	1559	622
239	1607	1535
240	4371	4034
241	2020	1981
242	4813	3522
243	2604	1151
244	3030	1312
245	3023	3219
246	2998	3690
247	5015	4041
248	3985	3871
249	1460	1635
250	4375	4002
251	2122	1377
252	2313	1862
253	5406	4107
254	3361	1956
255	4699	4118
256	334	637
257	1135	1319
258	2655	2757
259	3105	3467
260	2127	1377
261	2284	1504
262	2318	1606
263	4833	3883
264	2026	2384
265	1447	1135
266	3198	3229
267	2034	1571
268	2083	1357
269	3684	4478
270	3213	4056
271	3070	2211
272	5300	4501
273	5600	4287
274	5583	4344
275	1861	1521
276	5058	4149
277	2924	2064
278	2944	1920
279	4087	3889
280	2313	1862
281	5507	4227
282	4833	3561
283	5507	4227
284	2318	1606
285	1653	1815
286	2812	1032
287	2849	3395
288	3361	1956
289	4699	4118
290	4023	3913
291	2452	1540
292	3026	2102
293	2426	1416
294	3642	2536
295	2991	1527
296	2067	1350
297	2087	1172
298	3301	4017
299	3540	3922
300	1807	848
301	1864	1208
302	2790	2128
303	2587	1318
304	2245	1813
305	5373	4356
306	1718	425
307	2532	1555
308	1452	1086
309	2279	1586
310	2364	1503
311	2708	1617
312	665	622
313	2859	1248
314	2575	1670
315	4618	3814
316	1257	1095
317	2719	1716
318	2426	1416
319	2587	1318
320	2470	1985
321	2142	1736
322	2355	1354
323	2367	1435
324	1266	1360
325	3708	3931
326	1629	1290
327	3383	4235
328	2560	1807
329	1935	1463
330	3684	4478
331	2284	1504
332	3870	2899
333	3708	3931
334	5407	4621
335	1957	1649
336	2476	1973
337	2312	1541
338	2065	1427
339	4624	3480
340	2054	1239
341	1951	1044
342	1584	1235
343	2719	1716
344	4821	4451
345	2757	807
346	1829	1364
347	4446	3869
348	2308	1494
349	5046	3879
350	3633	4128
351	1951	1044
352	1403	1217
353	906	488
354	4060	3664
355	2708	1617
356	2000	1179
357	2020	1981
358	3811	4410
359	2804	1097
360	4612	3538
361	2497	1697
362	0	332
363	3092	2930
364	1607	1535
365	3642	2749
366	3540	3922
367	28	280
368	5513	4466
369	2490	1941
370	3177	2836
371	2493	2022
372	1452	1086
373	3070	2211
374	4497	3100
375	2917	1571
376	3149	4038
377	4436	3406
378	2127	1377
379	320	1
380	2517	1001
381	5216	4008
382	3070	2211
383	4476	4023
384	1601	1400
385	5323	2919
386	2245	1813
387	3027	2174
388	2921	2210
389	2158	1136
390	5323	2919
391	2881	3036
392	2140	1893
393	1280	750
394	2470	1985
395	1920	1180
396	2715	1045
397	2880	3413
398	5407	4621
399	2083	1357
400	2708	1617
401	3708	3931
402	3030	1312
403	2667	2657
404	1994	1726
405	2174	2257
406	4846	4414
407	3241	4048
408	2708	1617
409	2843	2942
410	876	737
411	4358	3407
412	1692	1524
413	2309	1205
414	3633	4128
415	4087	3889
416	2469	1910
417	4087	3889
418	1788	1430
419	2883	1179
420	3079	2682
421	5104	3735
422	2142	1736
423	2245	1813
424	2217	1618
425	2962	2168
426	3239	4044
427	2314	1642
428	3840	3266
429	3927	3589
430	2355	1354
431	3073	2652
432	2295	1753
433	2356	752
434	2646	2460
435	3100	3350
436	2883	1179
437	2493	2022
438	1169	290
439	2962	816
440	3212	2135
441	2792	2360
442	1460	1635
443	3023	3083
444	665	622
445	2921	2210
446	3110	1810
447	3385	4336
448	4716	4262
449	2426	1647
450	2560	1807
451	2944	1920
452	1452	1086
453	1807	1739
454	2240	1636
455	3143	2908
456	1824	1154
457	2921	2083
458	3412	3120
459	3162	2095
460	3721	3266
461	3023	3219
462	4838	4314
463	3563	3930
464	4358	3407
465	1807	848
466	3478	2656
467	3048	3533
468	2605	949
469	2795	2342
470	2426	1647
471	3053	3429
472	4060	3664
473	1347	1485
474	2950	3256
475	1266	1360
476	1796	1053
477	4635	4294
478	2333	1722
479	2564	1351
480	4023	3913
481	5445	4664
482	2240	1636
483	5267	4337
484	2612	1363
485	1342	1583
486	2295	1753
487	2584	1365
488	2355	1354
489	2725	3162
490	2497	1697
491	3210	2122
492	2517	1001
493	3270	3154
494	888	1295
495	2065	1427
496	3053	3429
497	2453	1051
498	5275	4310
499	3232	2531
500	2517	1001
501	2469	1910
502	4373	4045
503	2426	1647
504	1280	750
505	1347	1485
506	5157	3968
507	3325	2965
508	2725	3162
509	242	476
510	3232	2786
511	242	476
512	3194	3314
513	1650	586
514	3346	2118
515	1913	807
516	4846	4414
517	2251	1572
518	1321	1513
519	3407	3911
520	4570	3927
521	2689	3169
522	3925	4034
523	2502	1584
524	4813	3522
525	2944	1920
526	3149	4038
527	2217	1618
528	5267	4337
529	3811	4410
530	3301	4017
531	2426	1647
532	2717	2959
533	4625	4678
534	3124	2164
535	2426	1416
536	2426	1416
537	2470	1985
538	1935	1463
539	4078	3740
540	4335	4168
541	1807	848
542	3524	3923
543	2236	1936
544	4224	4249
545	2490	1941
546	5058	4149
547	2309	1205
548	2881	3036
549	2313	1862
550	3927	3589
551	5349	3957
552	3540	3922
553	2312	1541
554	1975	1238
555	5662	4374
556	4821	4451
557	3169	2837
558	3116	1150
559	5513	4466
560	1913	807
561	2880	3413
562	2745	915
563	1247	1251
564	3210	2122
565	4821	4451
566	3450	3794
567	3116	1150
568	1601	1400
569	2363	1802
570	1266	1360
571	4635	4294
572	1829	1364
573	1403	1270
574	3105	3467
575	2127	1377
576	1372	1309
577	5323	2919
578	5554	4031
579	5507	4227
580	1981	1660
581	2083	1357
582	5046	3879
583	2452	1540
584	2725	3162
585	2363	1802
586	2719	1716
587	4833	3561
588	4023	3913
589	3811	4410
590	2284	1504
591	2381	1653
592	2602	2100
593	2317	1828
594	4577	4329
595	3079	2682
596	2279	1586
597	2453	1051
598	1459	1253
599	5583	4344
600	3563	3930
601	2363	1802
602	2843	2942
603	2646	2460
604	5147	3973
605	2210	1527
606	2455	1696
607	2006	1340
608	1975	1238
609	906	488
610	1985	1086
611	1328	1460
612	2217	1618
613	2308	1494
614	1882	1338
615	2998	3690
616	3674	4113
617	2453	1417
618	1829	1364
619	5507	4227
620	5266	3980
621	2883	1179
622	1280	750
623	2655	2757
624	5224	4439
625	3287	4043
626	1829	1364
627	3767	4430
628	4577	4329
629	3985	3871
630	3065	2287
631	2855	1541
632	2426	1647
633	4645	4071
634	3280	3928
635	3478	2656
636	4833	3561
637	5519	4395
638	3412	3120
639	2083	1357
640	1653	1815
641	2998	3690
642	2999	1410
643	3927	3589
644	2792	2360
645	2455	1696
646	2452	1540
647	2470	1985
648	3422	2509
649	3611	4355
650	4358	3407
651	1211	1018
652	4570	3927
653	1186	1398
654	28	280
655	2604	1151
656	3642	2536
657	3213	4056
658	3838	3078
659	5583	4344
660	2356	752
661	3838	3078
662	2662	1914
663	2769	2900
664	3149	4038
665	5764	4255
666	4230	3251
667	3267	2265
668	876	737
669	876	737
670	2797	1368
671	3073	2652
672	2646	2460
673	1913	807
674	2313	1862
675	2921	2083
676	2015	889
677	3110	1810
678	4476	4023
679	3346	2118
680	2655	2757
681	3168	3846
682	5417	4195
683	1403	1217
684	5373	4356
685	2363	1802
686	2020	1981
687	3048	3533
688	2859	1248
689	2564	1351
690	2602	2100
691	2532	1555
692	5373	4356
693	2921	2083
694	1507	953
695	3001	3417
696	3383	4235
697	1023	1073
698	3004	2118
699	3210	2122
700	3611	4355
701	4846	4414
702	4646	3326
703	1710	639
704	5513	4466
705	2689	3169
706	5406	4107
707	4846	4414
708	5594	4363
709	2662	1914
710	3925	4034
711	2879	3406
712	876	737
713	3023	3219
714	4087	3889
715	5417	4195
716	3053	3429
717	28	280
718	1515	1204
719	3280	3928
720	2426	1416
721	3212	2135
722	2792	2360
723	2560	1807
724	3267	2265
725	2573	1350
726	3358	3986
727	4224	4249
728	1824	1154
729	1578	1155
730	3437	3493
731	1957	1649
732	3110	1810
733	2335	1777
734	1372	1309
735	2222	1588
736	3198	3229
737	3169	2837
738	1829	1364
739	2587	1318
740	2362	1601
741	2564	1351
742	3092	2930
743	1404	1211
744	2356	752
745	2879	3406
746	2065	1427
747	3124	2164
748	2851	1985
749	1986	1762
750	5015	4041
751	1957	1145
752	3169	2837
753	2868	2801
754	5147	3973
755	2217	1618
756	2140	1893
757	3524	3923
758	3925	4034
759	5323	2919
760	3267	2265
761	2127	1377
762	2545	1364
763	3364	3885
764	2240	1636
765	2452	1540
766	3500	3676
767	3243	2229
768	3026	2102
769	2769	2900
770	5519	4395
771	4591	3524
772	3105	3467
773	4709	4136
774	2602	2100
775	619	444
776	3383	4235
777	3243	4165
778	4716	4262
779	2333	1722
780	3383	4235
781	320	1
782	2426	1647
783	1807	1739
784	2067	1350
785	2647	1898
786	3149	4038
787	2331	1518
788	2150	1577
789	3341	2193
790	1807	1739
791	2956	1946
792	3026	2102
793	2859	1248
794	2962	816
795	2236	1936
796	1578	1155
797	3048	3533
798	1321	1513
799	2757	807
800	3110	1810
801	2991	1527
802	2826	2008
803	3341	2193
804	3070	2211
805	3107	2249
806	4335	4168
807	1883	1162
808	3422	2509
809	2855	1541
810	1692	1524
811	1315	1632
812	3204	1998
813	1650	1731
814	1824	1154
815	5620	4146
816	1710	639
817	2356	752
818	2855	1541
819	2140	1893
820	2532	1555
821	2490	1941
822	2612	1363
823	1585	1837
824	3204	1998
825	2331	1518
826	2318	1606
827	1861	1128
828	2363	1802
829	2174	2257
830	3811	4410
831	3027	2174
832	1539	1619
833	4813	3522
834	5620	4146
835	2948	2065
836	1628	1208
837	2174	2257
838	2020	1981
839	3270	3154
840	4838	4314
841	2362	1601
842	5300	4501
843	3001	3417
844	2954	1914
845	3838	3078
846	2716	1330
847	2150	1577
848	3162	2095
849	1507	953
850	1321	1513
851	3004	1708
852	3870	2899
853	3345	3884
854	3616	3982
855	3721	3266
856	3241	4048
857	3838	3078
858	5332	4153
859	2879	3406
860	2804	1097
861	2769	2900
862	3500	3676
863	5216	4008
864	888	1295
865	3407	3911
866	1559	622
867	2612	1363
868	916	751
869	1458	1354
870	4871	3990
871	2083	1357
872	2792	2360
873	5406	4107
874	1692	1524
875	1975	1238
876	3070	2211
877	1515	1204
878	4497	3100
879	1864	1208
880	2876	2527
881	2318	1606
882	3838	3078
883	3540	3922
884	1880	1721
885	3925	4034
886	2363	1802
887	2812	1032
888	2333	1722
889	1539	1619
890	4356	4474
891	2142	1736
892	1578	1155
893	2240	1636
894	2769	2900
895	2453	1417
896	2575	1670
897	1515	1204
898	3524	3923
899	5300	4501
900	2426	1416
901	4060	3664
902	281	106
903	3333	3071
904	2367	1435
905	1861	1521
906	2573	1350
907	1975	1238
908	5554	4031
909	28	280
910	2962	816
911	1994	1726
912	3927	3589
913	1935	1463
914	4838	4314
915	1578	1155
916	2604	1151
917	2864	1373
918	3422	2509
919	2065	1427
920	2458	1651
921	5606	4273
922	4436	3406
923	2883	1179
924	2769	2900
925	2453	1051
926	4624	3480
927	2015	889
928	4612	3538
929	2493	2022
930	1585	1837
931	2918	1398
932	4023	3913
933	906	488
934	4996	3837
935	2997	2773
936	2612	1363
937	3783	4110
938	3129	2163
939	3708	3931
940	1880	1721
941	5406	4107
942	4335	4168
943	2498	1567
944	3482	2657
945	1650	1731
946	2564	1351
947	2991	1527
948	3450	3794
949	3053	3429
950	2452	1540
951	3124	2164
952	2560	1807
953	2978	1514
954	2868	2801
955	3333	3071
956	2059	1213
957	4646	3326
958	2725	3162
959	2918	1398
960	1266	1360
961	1341	1068
962	2944	1920
963	1880	1721
964	1403	1270
965	2260	1320
966	2956	1946
967	2655	2757
968	2686	1743
DEMAND_SECTION
1	0
2	8
3	3
4	4
5	4
6	5
7	9
8	8
9	7
10	5
11	4
12	8
13	5
14	5
15	3
16	3
17	5
18	4
19	5
20	4
21	7
22	4
23	11
24	9
25	5
26	8
27	8
28	8
29	7
30	3
31	6
32	3
33	4
34	9
35	8
36	4
37	3
38	7
39	4
40	9
41	3
42	6
43	9
44	5
45	7
46	10
47	6
48	8
49	9
50	4
51	9
52	6
53	5
54	8
55	6
56	6
57	4
58	5
59	5
60	4
61	6
62	9
63	3
64	9
65	4
66	6
67	4
68	3
69	9
70	4
71	6
72	5
73	4
74	6
75	4
76	4
77	3
78	3
79	9
80	3
81	7
82	15
83	4
84	4
85	7
86	5
87	4
88	5
89	10
90	6
91	9
92	5
93	8
94	7
95	4
96	7
97	3
98	3
99	4
100	5
101	4
102	9
103	9
104	3
105	4
106	7
107	5
108	3
109	6
110	4
111	4
112	4
113	6
114	6
115	5
116	5
117	4
118	8
119	4
120	3
121	4
122	6
123	7
124	8
125	14
126	3
127	5
128	3
129	5
130	11
131	5
132	7
133	4
134	6
135	3
136	4
137	3
138	6
139	5
140	8
141	8
142	4
143	7
144	4
145	7
146	5
147	8
148	5
149	3
150	4
151	5
152	3
153	6
154	9
155	8
156	6
157	4
158	5
159	5
160	5
161	4
162	9
163	5
164	3
165	4
166	3
167	4
168	6
169	5
170	8
171	7
172	5
173	8
174	6
175	3
176	4
177	6
178	6
179	6
180	5
181	5
182	3
183	7
184	4
185	6
186	9
187	6
188	10
189	5
190	4
191	5
192	4
193	3
194	5
195	9
196	3
197	14
198	5
199	8
200	5
201	3
202	4
203	15
204	4
205	10
206	3
207	6
208	5
209	6
210	4
211	7
212	14
213	7
214	6
215	4
216	5
217	5
218	7
219	9
220	3
221	10
222	4
223	8
224	5
225	3
226	8
227	8
228	5
229	5
230	5
231	3
232	8
233	6
234	5
235	5
236	3
237	7
238	3
239	7
240	5
241	4
242	3
243	7
244	3
245	14
246	8
247	5
248	12
249	7
250	8
251	4
252	6
253	4
254	4
255	11
256	8
257	4
258	3
259	6
260	11
261	7
262	5
263	8
264	4
265	4
266	5
267	8
268	4
269	9
270	5
271	5
272	15
273	4
274	3
275	5
276	22
277	4
278	3
279	6
280	15
281	6
282	9
283	5
284	5
285	9
286	12
287	8
288	3
289	7
290	5
291	4
292	6
293	6
294	8
295	3
296	5
297	3
298	3
299	4
300	6
301	8
302	7
303	11
304	5
305	7
306	4
307	8
308	3
309	4
310	5
311	7
312	7
313	4
314	6
315	5
316	3
317	4
318	7
319	9
320	5
321	3
322	6
323	9
324	7
325	5
326	3
327	4
328	4
329	3
330	5
331	6
332	4
333	6
334	13
335	4
336	10
337	6
338	4
339	9
340	8
341	5
342	6
343	5
344	6
345	11
346	6
347	6
348	6
349	6
350	6
351	5
352	5
353	4
354	6
355	5
356	8
357	4
358	8
359	3
360	11
361	8
362	3
363	3
364	10
365	11
366	6
367	3
368	5
369	4
370	7
371	6
372	3
373	8
374	7
375	9
376	5
377	4
378	4
379	4
380	4
381	5
382	13
383	6
384	6
385	4
386	5
387	5
388	8
389	4
390	6
391	4
392	6
393	9
394	3
395	4
396	8
397	5
398	13
399	4
400	8
401	9
402	4
403	7
404	4
405	3
406	3
407	4
408	12
409	7
410	6
411	3
412	6
413	6
414	4
415	4
416	5
417	13
418	13
419	10
420	5
421	5
422	6
423	4
424	8
425	8
426	8
427	5
428	7
429	7
430	6
431	4
432	13
433	6
434	5
435	7
436	8
437	8
438	5
439	7
440	5
441	6
442	3
443	7
444	5
445	5
446	3
447	5
448	5
449	8
450	6
451	9
452	4
453	13
454	4
455	4
456	3
457	3
458	3
459	9
460	6
461	6
462	5
463	7
464	7
465	4
466	7
467	10
468	7
469	9
470	5
471	4
472	5
473	5
474	9
475	3
476	5
477	3
478	7
479	8
480	4
481	5
482	6
483	3
484	5
485	4
486	6
487	5
488	4
489	7
490	9
491	3
492	3
493	9
494	12
495	13
496	6
497	13
498	4
499	10
500	13
501	9
502	5
503	9
504	9
505	7
506	9
507	3
508	6
509	4
510	6
511	10
512	6
513	4
514	6
515	5
516	4
517	4
518	7
519	3
520	4
521	3
522	6
523	7
524	7
525	6
526	4
527	8
528	8
529	8
530	5
531	4
532	9
533	13
534	6
535	5
536	7
537	7
538	6
539	9
540	8
541	3
542	3
543	3
544	9
545	5
546	4
547	4
548	6
549	3
550	9
551	9
552	7
553	4
554	8
555	6
556	10
557	8
558	7
559	6
560	4
561	4
562	8
563	9
564	9
565	4
566	4
567	7
568	5
569	4
570	7
571	9
572	5
573	5
574	3
575	4
576	5
577	5
578	3
579	4
580	4
581	4
582	7
583	8
584	3
585	15
586	9
587	5
588	8
589	4
590	5
591	3
592	4
593	8
594	4
595	7
596	8
597	7
598	5
599	4
600	4
601	9
602	4
603	4
604	5
605	9
606	3
607	6
608	6
609	7
610	3
611	10
612	5
613	6
614	6
615	5
616	5
617	5
618	5
619	8
620	5
621	6
622	6
623	4
624	9
625	5
626	6
627	20
628	9
629	5
630	5
631	4
632	4
633	8
634	7
635	5
636	7
637	3
638	4
639	8
640	5
641	4
642	3
643	3
644	5
645	5
646	6
647	7
648	4
649	5
650	5
651	5
652	5
653	6
654	10
655	6
656	5
657	7
658	7
659	4
660	7
661	4
662	10
663	6
664	10
665	6
666	4
667	7
668	7
669	4
670	6
671	4
672	7
673	3
674	8
675	3
676	4
677	9
678	7
679	11
680	5
681	5
682	6
683	3
684	5
685	5
686	8
687	4
688	6
689	4
690	9
691	5
692	5
693	5
694	10
695	10
696	5
697	4
698	7
699	4
700	5
701	3
702	13
703	8
704	5
705	4
706	4
707	5
708	4
709	6
710	6
711	7
712	7
713	7
714	8
715	5
716	7
717	3
718	3
719	5
720	3
721	8
722	6
723	7
724	9
725	9
726	9
727	11
728	8
729	8
730	7
731	4
732	7
733	6
734	7
735	5
736	4
737	5
738	8
739	9
740	5
741	8
742	5
743	6
744	6
745	4
746	5
747	5
748	3
749	6
750	4
751	6
752	6
753	6
754	9
755	4
756	8
757	5
758	9
759	7
760	11
761	8
762	6
763	4
764	7
765	9
766	9
767	5
768	4
769	8
770	5
771	5
772	5
773	6
774	7
775	4
776	4
777	4
778	9
779	9
780	6
781	4
782	9
783	6
784	6
785	9
786	5
787	9
788	5
789	4
790	10
791	8
792	6
793	4
794	4
795	4
796	5
797	5
798	7
799	4
800	6
801	13
802	4
803	5
804	6
805	6
806	4
807	6
808	3
809	5
810	3
811	7
812	5
813	7
814	15
815	6
816	5
817	7
818	9
819	3
820	4
821	5
822	6
823	3
824	4
825	13
826	8
827	5
828	4
829	10
830	6
831	8
832	5
833	7
834	22
835	6
836	7
837	6
838	8
839	10
840	14
841	4
842	7
843	4
844	3
845	4
846	3
847	3
848	9
849	8
850	3
851	4
852	6
853	6
854	14
855	4
856	5
857	3
858	7
859	6
860	7
861	9
862	3
863	7
864	9
865	9
866	3
867	4
868	3
869	4
870	7
871	5
872	22
873	4
874	6
875	7
876	5
877	5
878	6
879	4
880	10
881	4
882	4
883	4
884	4
885	4
886	5
887	3
888	8
889	10
890	5
891	4
892	6
893	4
894	4
895	10
896	3
897	4
898	4
899	4
900	9
901	6
902	5
903	4
904	6
905	12
906	6
907	4
908	4
909	3
910	4
911	4
912	6
913	5
914	12
915	6
916	9
917	4
918	4
919	5
920	4
921	4
922	3
923	9
924	8
925	4
926	4
927	5
928	4
929	5
930	9
931	5
932	8
933	5
934	3
935	5
936	5
937	7
938	9
939	5
940	3
941	6
942	8
943	12
944	4
945	4
946	6
947	5
948	5
949	4
950	8
951	4
952	4
953	3
954	4
955	8
956	3
957	4
958	5
959	8
960	6
961	7
962	3
963	3
964	9
965	3
966	14
967	5
968	3
DEPOT_SECTION
1
-1
SERVICE_TIME_SECTION
1	0
2	480
3	240
4	300
5	420
6	600
7	300
8	540
9	420
10	420
11	240
12	420
13	360
14	540
15	420
16	540
17	480
18	900
19	300
20	660
21	420
22	480
23	420
24	540
25	960
26	480
27	420
28	420
29	480
30	480
31	480
32	480
33	480
34	660
35	840
36	480
37	660
38	360
39	600
40	480
41	240
42	480
43	600
44	780
45	480
46	480
47	660
48	360
49	540
50	480
51	600
52	480
53	1260
54	240
55	540
56	780
57	720
58	540
59	300
60	780
61	240
62	300
63	420
64	600
65	420
66	540
67	360
68	480
69	360
70	480
71	780
72	840
73	240
74	540
75	300
76	600
77	480
78	360
79	660
80	240
81	360
82	480
83	540
84	360
85	780
86	660
87	420
88	600
89	900
90	780
91	660
92	900
93	420
94	540
95	240
96	360
97	600
98	300
99	360
100	240
101	420
102	360
103	420
104	240
105	420
106	420
107	420
108	420
109	420
110	480
111	420
112	480
113	1080
114	300
115	360
116	240
117	660
118	660
119	300
120	240
121	600
122	360
123	240
124	600
125	540
126	360
127	480
128	480
129	360
130	480
131	540
132	1020
133	540
134	480
135	840
136	600
137	420
138	240
139	480
140	660
141	540
142	420
143	540
144	780
145	480
146	600
147	240
148	540
149	240
150	420
151	480
152	600
153	420
154	540
155	780
156	600
157	360
158	480
159	360
160	480
161	660
162	420
163	600
164	600
165	540
166	360
167	420
168	240
169	480
170	660
171	420
172	480
173	240
174	480
175	900
176	360
177	420
178	360
179	240
180	540
181	540
182	480
183	600
184	240
185	780
186	300
187	360
188	480
189	360
190	420
191	240
192	300
193	300
194	240
195	420
196	300
197	300
198	420
199	300
200	420
201	300
202	660
203	540
204	480
205	540
206	360
207	600
208	300
209	240
210	840
211	840
212	360
213	480
214	300
215	660
216	600
217	480
218	360
219	420
220	720
221	300
222	600
223	300
224	300
225	660
226	360
227	480
228	660
229	240
230	420
231	360
232	660
233	960
234	420
235	240
236	540
237	240
238	480
239	1620
240	420
241	1020
242	360
243	360
244	420
245	660
246	360
247	360
248	840
249	480
250	300
251	480
252	840
253	360
254	540
255	300
256	600
257	480
258	900
259	540
260	480
261	300
262	360
263	600
264	480
265	420
266	840
267	300
268	240
269	240
270	420
271	420
272	480
273	480
274	540
275	420
276	300
277	480
278	360
279	780
280	300
281	240
282	600
283	480
284	300
285	780
286	1380
287	660
288	480
289	540
290	420
291	420
292	720
293	240
294	540
295	240
296	360
297	660
298	240
299	360
300	600
301	480
302	420
303	420
304	480
305	600
306	600
307	780
308	660
309	480
310	1020
311	420
312	480
313	420
314	540
315	420
316	480
317	600
318	540
319	420
320	240
321	480
322	360
323	240
324	660
325	420
326	420
327	360
328	540
329	360
330	480
331	360
332	480
333	240
334	480
335	360
336	300
337	480
338	540
339	480
340	540
341	240
342	540
343	600
344	660
345	360
346	600
347	480
348	600
349	420
350	240
351	600
352	480
353	360
354	900
355	300
356	300
357	420
358	480
359	300
360	360
361	540
362	540
363	420
364	420
365	420
366	540
367	900
368	420
369	600
370	300
371	480
372	900
373	360
374	240
375	1080
376	300
377	360
378	300
379	540
380	480
381	300
382	960
383	480
384	360
385	420
386	360
387	780
388	360
389	420
390	780
391	360
392	840
393	540
394	660
395	720
396	420
397	660
398	300
399	540
400	780
401	600
402	420
403	540
404	780
405	480
406	540
407	240
408	420
409	780
410	360
411	480
412	480
413	540
414	240
415	480
416	360
417	420
418	540
419	300
420	420
421	540
422	300
423	420
424	480
425	480
426	840
427	480
428	480
429	780
430	660
431	720
432	360
433	420
434	240
435	600
436	540
437	240
438	1080
439	660
440	300
441	240
442	480
443	420
444	540
445	600
446	420
447	1020
448	300
449	600
450	540
451	420
452	600
453	540
454	540
455	420
456	420
457	480
458	840
459	600
460	480
461	300
462	780
463	540
464	360
465	300
466	660
467	480
468	240
469	300
470	360
471	720
472	420
473	660
474	420
475	420
476	720
477	600
478	600
479	600
480	360
481	420
482	1020
483	420
484	540
485	780
486	660
487	420
488	300
489	1020
490	360
491	360
492	240
493	360
494	420
495	480
496	540
497	900
498	540
499	360
500	240
501	360
502	240
503	480
504	360
505	660
506	600
507	240
508	1080
509	720
510	300
511	900
512	240
513	480
514	1080
515	360
516	480
517	420
518	420
519	420
520	480
521	360
522	600
523	360
524	420
525	360
526	300
527	480
528	240
529	600
530	540
531	660
532	240
533	360
534	240
535	480
536	300
537	1140
538	300
539	240
540	480
541	480
542	720
543	420
544	420
545	480
546	720
547	480
548	840
549	420
550	480
551	300
552	360
553	600
554	360
555	600
556	480
557	360
558	720
559	240
560	480
561	360
562	480
563	780
564	360
565	480
566	780
567	300
568	660
569	300
570	420
571	1140
572	480
573	540
574	600
575	480
576	600
577	300
578	660
579	540
580	720
581	540
582	240
583	420
584	840
585	480
586	480
587	540
588	480
589	360
590	960
591	420
592	600
593	480
594	420
595	300
596	360
597	360
598	600
599	540
600	660
601	600
602	600
603	300
604	600
605	600
606	780
607	900
608	420
609	300
610	660
611	660
612	420
613	420
614	540
615	1260
616	900
617	720
618	360
619	540
620	480
621	660
622	540
623	480
624	660
625	480
626	240
627	480
628	480
629	1020
630	600
631	240
632	300
633	480
634	240
635	780
636	720
637	240
638	600
639	480
640	540
641	420
642	480
643	360
644	600
645	420
646	420
647	540
648	360
649	660
650	540
651	720
652	480
653	720
654	660
655	360
656	600
657	300
658	420
659	420
660	480
661	1080
662	420
663	480
664	480
665	480
666	300
667	660
668	240
669	960
670	240
671	600
672	480
673	420
674	420
675	360
676	480
677	1020
678	540
679	300
680	600
681	360
682	540
683	420
684	600
685	480
686	660
687	480
688	420
689	360
690	540
691	720
692	420
693	900
694	360
695	240
696	480
697	540
698	420
699	240
700	360
701	240
702	300
703	420
704	720
705	240
706	360
707	420
708	240
709	360
710	600
711	480
712	660
713	360
714	420
715	420
716	480
717	240
718	420
719	240
720	720
721	420
722	420
723	900
724	480
725	420
726	660
727	420
728	720
729	420
730	420
731	540
732	480
733	420
734	540
735	720
736	540
737	540
738	360
739	840
740	480
741	420
742	600
743	600
744	480
745	420
746	780
747	300
748	480
749	720
750	540
751	420
752	600
753	300
754	540
755	480
756	480
757	660
758	780
759	840
760	720
761	360
762	360
763	660
764	360
765	900
766	480
767	660
768	600
769	300
770	780
771	420
772	540
773	660
774	360
775	360
776	540
777	900
778	420
779	540
780	600
781	360
782	300
783	480
784	480
785	600
786	420
787	480
788	720
789	480
790	540
791	720
792	480
793	360
794	1380
795	300
796	480
797	1020
798	420
799	240
800	360
801	480
802	600
803	360
804	300
805	480
806	240
807	360
808	420
809	540
810	720
811	540
812	780
813	420
814	420
815	600
816	480
817	900
818	360
819	420
820	480
821	420
822	660
823	480
824	420
825	540
826	480
827	540
828	540
829	360
830	300
831	660
832	480
833	480
834	480
835	300
836	540
837	900
838	420
839	600
840	480
841	360
842	240
843	540
844	360
845	420
846	540
847	600
848	420
849	240
850	600
851	660
852	420
853	420
854	600
855	480
856	600
857	240
858	300
859	540
860	540
861	480
862	360
863	360
864	300
865	240
866	600
867	480
868	360
869	480
870	300
871	480
872	600
873	420
874	480
875	540
876	540
877	540
878	300
879	600
880	300
881	960
882	480
883	360
884	660
885	900
886	540
887	420
888	360
889	540
890	780
891	720
892	480
893	1080
894	360
895	420
896	300
897	540
898	240
899	360
900	540
901	300
902	360
903	480
904	360
905	720
906	360
907	720
908	480
909	480
910	600
911	600
912	420
913	660
914	300
915	540
916	360
917	480
918	900
919	660
920	780
921	420
922	480
923	660
924	600
925	420
926	420
927	480
928	780
929	360
930	360
931	240
932	480
933	660
934	480
935	360
936	300
937	540
938	720
939	600
940	360
941	300
942	840
943	300
944	360
945	420
946	480
947	420
948	660
949	480
950	480
951	420
952	600
953	600
954	300
955	720
956	420
957	360
958	240
959	360
960	540
961	600
962	480
963	360
964	600
965	1020
966	780
967	360
968	300
TIME_WINDOW_SECTION
1	0	45000
2	12000	19500
3	22800	30300
4	4800	12300
5	4800	12300
6	4800	12300
7	15600	26100
8	8400	15900
9	4800	12300
10	22800	30300
11	10200	30300
12	4800	12300
13	10200	30300
14	10200	30300
15	10200	30300
16	10200	30300
17	4800	12300
18	10200	30300
19	8400	15900
20	19200	26700
21	12000	19500
22	15600	23100
23	12000	19500
24	15600	26700
25	8400	15900
26	15600	23100
27	4800	11700
28	15600	24900
29	15600	24900
30	10200	30300
31	8400	19500
32	15600	26700
33	22800	30300
34	12000	19500
35	8400	15900
36	22800	30300
37	22800	30300
38	10200	30300
39	15600	24900
40	12000	19500
41	8400	19500
42	8400	15900
43	8400	15900
44	8400	15900
45	15600	26700
46	19200	26700
47	22800	30300
48	4800	12300
49	15600	23100
50	10200	30300
51	10200	30300
52	19200	26700
53	8400	15900
54	10200	30300
55	4800	12300
56	4800	12300
57	4800	12300
58	8400	15300
59	8400	15300
60	10200	30300
61	22800	30300
62	10200	30300
63	22800	30300
64	4800	12300
65	10200	30300
66	15600	23100
67	19200	26700
68	12000	19500
69	4800	12300
70	8400	15900
71	15600	23100
72	22800	29700
73	22800	30300
74	8400	15900
75	10200	30300
76	22800	30300
77	15600	23100
78	12000	19500
79	12000	19500
80	19200	26700
81	15600	26700
82	12000	19500
83	15600	26700
84	12000	19500
85	8400	19500
86	12000	19500
87	10200	30300
88	15600	26700
89	8400	15900
90	4800	12300
91	19200	26700
92	22800	30300
93	8400	15900
94	12000	19500
95	10200	30300
96	17400	37500
97	8400	19500
98	15600	26700
99	12000	19500
100	15600	26700
101	12000	19500
102	4800	12300
103	8400	15900
104	8400	15900
105	15600	23100
106	15600	23100
107	4800	12300
108	12000	19500
109	15600	23100
110	4800	12300
111	10200	30300
112	8400	15900
113	10200	30300
114	19200	26700
115	15600	26100
116	8400	19500
117	19200	26700
118	19200	26700
119	22800	29700
120	12000	19500
121	4800	12300
122	15600	23100
123	15600	23100
124	15600	24900
125	8400	15900
126	4800	12300
127	4800	12300
128	12000	19500
129	15600	26700
130	8400	15900
131	12000	19500
132	15600	23100
133	4800	12300
134	15600	23100
135	4800	12300
136	15600	24900
137	12000	19500
138	15600	26700
139	8400	19500
140	22800	30300
141	12000	18900
142	19200	26100
143	15600	26700
144	12000	19500
145	19200	26700
146	8400	15900
147	22800	30300
148	4800	11700
149	10200	30300
150	12000	19500
151	12000	19500
152	22800	30300
153	19200	26700
154	10200	30300
155	4800	12300
156	22800	30300
157	8400	15900
158	4800	12300
159	4800	12300
160	22800	30300
161	8400	19500
162	15600	23100
163	15600	24900
164	12000	18900
165	22800	30300
166	8400	15900
167	19200	26700
168	19200	26700
169	19200	26700
170	19200	26700
171	8400	15900
172	4800	12300
173	4800	11700
174	10200	30300
175	4800	12300
176	8400	19500
177	10200	30300
178	19200	26700
179	15600	23100
180	19200	26700
181	4800	12300
182	19200	26700
183	4800	11700
184	4800	12300
185	4800	12300
186	10200	30300
187	19200	26700
188	10200	30300
189	10200	30300
190	4800	12300
191	8400	15900
192	22800	30300
193	4800	12300
194	4800	12300
195	22800	30300
196	19200	26700
197	15600	23100
198	12000	19500
199	19200	26100
200	10200	30300
201	10200	29700
202	10200	30300
203	10200	30300
204	15600	23100
205	4800	12300
206	19200	26700
207	15600	22500
208	12000	19500
209	15600	26700
210	22800	30300
211	4800	12300
212	10200	30300
213	8400	15900
214	22800	30300
215	22800	30300
216	19200	26700
217	4800	12300
218	15600	23100
219	4800	12300
220	22800	30300
221	15600	26100
222	15600	26700
223	10200	30300
224	12000	19500
225	10200	30300
226	4800	12300
227	8400	15900
228	10200	30300
229	12000	19500
230	4800	12300
231	4800	12300
232	12000	19500
233	4800	12300
234	8400	15900
235	19200	26700
236	12000	19500
237	4800	12300
238	4800	12300
239	8400	15900
240	10200	30300
241	19200	26100
242	12000	19500
243	10200	30300
244	19200	26700
245	4800	12300
246	10200	30300
247	22800	30300
248	12000	19500
249	19200	26700
250	10200	30300
251	10200	30300
252	10200	30300
253	19200	26700
254	22800	29700
255	12000	19500
256	19200	26700
257	12000	19500
258	10200	30300
259	4800	12300
260	19200	26700
261	12000	19500
262	22800	30300
263	12000	19500
264	15600	26700
265	12000	19500
266	22800	30300
267	19200	26700
268	4800	12300
269	12000	19500
270	12000	19500
271	12000	19500
272	22800	30300
273	4800	12300
274	19200	26700
275	15600	26700
276	12000	19500
277	4800	12300
278	15600	24900
279	17400	37500
280	4800	12300
281	19200	26700
282	10200	30300
283	19200	26700
284	8400	15900
285	10200	30300
286	10200	30300
287	22800	30300
288	15600	23100
289	12000	19500
290	8400	19500
291	4800	12300
292	4800	12300
293	8400	15900
294	8400	15900
295	8400	15900
296	15600	26700
297	22800	30300
298	12000	19500
299	19200	26700
300	19200	26700
301	4800	12300
302	8400	19500
303	12000	19500
304	15600	23100
305	4800	12300
306	19200	26700
307	12000	19500
308	8400	19500
309	10200	30300
310	19200	26700
311	10200	30300
312	12000	19500
313	8400	19500
314	15600	23100
315	12000	19500
316	15600	23100
317	12000	19500
318	10200	30300
319	4800	12300
320	15600	24900
321	12000	19500
322	4800	12300
323	12000	19500
324	4800	12300
325	12000	19500
326	19200	26100
327	15600	23100
328	12000	19500
329	19200	26700
330	17400	37500
331	8400	15900
332	10200	30300
333	15600	24900
334	8400	15900
335	19200	26700
336	22800	30300
337	8400	15900
338	15600	24900
339	12000	19500
340	15600	23100
341	15600	23100
342	12000	19500
343	15600	23100
344	8400	15900
345	22800	30300
346	22800	30300
347	8400	15300
348	19200	26700
349	19200	26700
350	12000	18900
351	10200	30300
352	8400	15900
353	12000	19500
354	12000	19500
355	10200	30300
356	4800	12300
357	8400	15300
358	4800	12300
359	4800	12300
360	22800	30300
361	4800	12300
362	15600	26700
363	22800	30300
364	19200	26100
365	19200	26700
366	8400	15900
367	12000	19500
368	22800	30300
369	19200	26700
370	4800	11700
371	10200	30300
372	15600	26700
373	15600	23100
374	10200	30300
375	4800	12300
376	19200	26700
377	10200	30300
378	22800	30300
379	12000	19500
380	10200	30300
381	8400	15900
382	8400	15900
383	22800	30300
384	12000	19500
385	15600	26700
386	12000	19500
387	10200	30300
388	10200	29700
389	19200	26700
390	4800	12300
391	22800	30300
392	10200	30300
393	19200	26700
394	19200	26700
395	12000	19500
396	15600	24900
397	15600	26700
398	8400	19500
399	19200	26700
400	8400	19500
401	10200	30300
402	19200	26700
403	22800	30300
404	10200	30300
405	22800	29700
406	10200	30300
407	15600	23100
408	15600	23100
409	12000	19500
410	15600	26700
411	4800	12300
412	12000	18900
413	12000	19500
414	22800	30300
415	15600	24900
416	12000	19500
417	15600	26700
418	8400	15900
419	10200	30300
420	8400	19500
421	8400	15900
422	19200	26700
423	19200	26700
424	8400	15900
425	4800	12300
426	10200	30300
427	22800	30300
428	8400	15900
429	22800	30300
430	19200	26700
431	19200	26700
432	17400	37500
433	19200	26100
434	4800	12300
435	15600	26700
436	10200	30300
437	10200	30300
438	19200	26700
439	10200	30300
440	10200	30300
441	8400	15900
442	15600	23100
443	8400	15900
444	15600	22500
445	12000	19500
446	12000	18900
447	8400	15900
448	19200	26700
449	15600	26700
450	10200	30300
451	15600	26700
452	10200	30300
453	10200	30300
454	19200	26700
455	22800	30300
456	22800	30300
457	12000	19500
458	4800	12300
459	22800	29700
460	4800	12300
461	15600	26700
462	12000	19500
463	4800	12300
464	12000	19500
465	10200	30300
466	17400	37500
467	4800	12300
468	17400	37500
469	12000	19500
470	8400	19500
471	4800	12300
472	15600	24900
473	19200	26700
474	4800	12300
475	19200	26100
476	15600	24900
477	8400	15900
478	19200	26700
479	12000	18900
480	10200	30300
481	22800	30300
482	22800	30300
483	10200	30300
484	19200	26700
485	22800	30300
486	19200	26700
487	10200	30300
488	12000	19500
489	4800	12300
490	4800	12300
491	10200	30300
492	10200	30300
493	15600	24900
494	22800	30300
495	17400	37500
496	8400	15900
497	10200	30300
498	10200	30300
499	8400	15900
500	8400	15900
501	22800	30300
502	10200	29700
503	22800	30300
504	19200	26100
505	10200	30300
506	8400	15300
507	22800	30300
508	19200	26700
509	22800	30300
510	12000	19500
511	10200	30300
512	10200	30300
513	22800	30300
514	8400	19500
515	12000	19500
516	15600	26700
517	19200	26700
518	12000	19500
519	10200	30300
520	15600	23100
521	19200	26700
522	8400	15900
523	19200	26700
524	10200	30300
525	19200	26700
526	15600	26700
527	8400	19500
528	15600	23100
529	10200	30300
530	22800	30300
531	19200	26700
532	8400	15900
533	19200	26100
534	19200	26700
535	19200	26700
536	8400	19500
537	22800	30300
538	10200	30300
539	8400	19500
540	15600	26700
541	19200	26100
542	22800	30300
543	12000	19500
544	22800	30300
545	12000	19500
546	10200	30300
547	19200	26700
548	15600	24900
549	10200	30300
550	10200	30300
551	10200	30300
552	19200	26700
553	8400	19500
554	19200	26700
555	12000	19500
556	10200	29700
557	8400	19500
558	10200	30300
559	15600	26700
560	15600	24900
561	12000	19500
562	19200	26700
563	19200	26700
564	10200	30300
565	12000	19500
566	8400	15900
567	12000	19500
568	8400	15900
569	22800	30300
570	8400	15900
571	8400	15300
572	19200	26700
573	10200	30300
574	8400	19500
575	19200	26700
576	10200	30300
577	22800	30300
578	19200	26700
579	22800	30300
580	15600	23100
581	15600	22500
582	19200	26700
583	19200	26700
584	10200	30300
585	19200	26700
586	19200	26700
587	19200	26700
588	8400	15900
589	10200	30300
590	8400	19500
591	15600	23100
592	12000	19500
593	15600	26700
594	22800	30300
595	22800	30300
596	10200	29700
597	12000	18900
598	15600	23100
599	19200	26700
600	10200	30300
601	15600	26700
602	22800	30300
603	12000	19500
604	22800	30300
605	22800	30300
606	10200	30300
607	12000	19500
608	12000	19500
609	19200	26700
610	15600	23100
611	10200	30300
612	19200	26100
613	22800	30300
614	12000	19500
615	12000	19500
616	8400	15900
617	8400	19500
618	10200	30300
619	15600	23100
620	12000	19500
621	8400	19500
622	10200	30300
623	19200	26700
624	12000	19500
625	22800	30300
626	22800	30300
627	15600	23100
628	22800	30300
629	12000	19500
630	22800	29700
631	10200	30300
632	15600	26700
633	10200	30300
634	15600	23100
635	19200	26700
636	15600	26700
637	12000	19500
638	10200	30300
639	22800	30300
640	15600	26700
641	22800	30300
642	22800	30300
643	17400	37500
644	12000	19500
645	8400	19500
646	12000	19500
647	17400	37500
648	12000	19500
649	12000	19500
650	12000	19500
651	19200	26700
652	19200	26700
653	10200	30300
654	10200	30300
655	19200	26100
656	15600	26700
657	10200	30300
658	22800	30300
659	22800	30300
660	22800	30300
661	17400	37500
662	12000	19500
663	19200	26100
664	15600	26700
665	12000	19500
666	19200	26700
667	15600	22500
668	19200	26700
669	15600	24900
670	12000	19500
671	15600	24900
672	8400	19500
673	15600	24900
674	10200	30300
675	10200	30300
676	10200	30300
677	15600	23100
678	12000	19500
679	10200	30300
680	19200	26700
681	12000	19500
682	12000	19500
683	15600	23100
684	8400	19500
685	15600	24900
686	15600	23100
687	19200	26700
688	19200	26700
689	15600	26700
690	15600	23100
691	15600	23100
692	19200	26700
693	15600	23100
694	15600	23100
695	19200	26700
696	12000	19500
697	19200	26100
698	10200	30300
699	19200	26700
700	22800	30300
701	15600	23100
702	10200	30300
703	15600	23100
704	19200	26700
705	12000	19500
706	12000	19500
707	22800	30300
708	19200	26700
709	12000	19500
710	19200	26700
711	12000	19500
712	22800	30300
713	17400	37500
714	8400	19500
715	22800	30300
716	10200	30300
717	19200	26700
718	22800	30300
719	12000	19500
720	15600	22500
721	12000	19500
722	12000	19500
723	12000	19500
724	22800	30300
725	12000	19500
726	22800	30300
727	19200	26700
728	19200	26700
729	15600	26700
730	15600	23100
731	22800	30300
732	15600	23100
733	15600	26700
734	22800	30300
735	22800	30300
736	19200	26700
737	15600	23100
738	19200	26700
739	22800	30300
740	22800	30300
741	10200	30300
742	12000	19500
743	10200	30300
744	22800	30300
745	22800	30300
746	22800	30300
747	10200	30300
748	12000	19500
749	10200	30300
750	19200	26100
751	15600	23100
752	10200	30300
753	22800	30300
754	10200	30300
755	22800	30300
756	10200	30300
757	22800	30300
758	10200	30300
759	19200	26700
760	15600	26700
761	15600	26700
762	15600	26700
763	17400	37500
764	22800	30300
765	10200	30300
766	22800	30300
767	12000	19500
768	12000	19500
769	8400	19500
770	19200	26700
771	22800	30300
772	19200	26700
773	22800	30300
774	12000	19500
775	22800	30300
776	22800	30300
777	22800	30300
778	10200	30300
779	19200	26700
780	10200	30300
781	15600	26700
782	22800	30300
783	10200	30300
784	19200	26700
785	12000	19500
786	15600	26700
787	19200	26100
788	22800	30300
789	15600	23100
790	19200	26700
791	22800	30300
792	19200	26700
793	26400	37500
794	22800	30300
795	10200	30300
796	19200	26700
797	10200	30300
798	15600	23100
799	19200	26700
800	10200	30300
801	15600	23100
802	10200	30300
803	19200	26700
804	10200	30300
805	10200	30300
806	10200	30300
807	22800	30300
808	19200	26700
809	19200	26700
810	22800	30300
811	10200	30300
812	22800	30300
813	15600	26700
814	10200	30300
815	22800	30300
816	19200	26700
817	19200	26100
818	19200	26700
819	19200	26700
820	19200	26100
821	10200	30300
822	10200	30300
823	22800	30300
824	22800	30300
825	10200	30300
826	10200	30300
827	10200	30300
828	10200	30300
829	10200	30300
830	10200	30300
831	10200	30300
832	22800	30300
833	19200	26100
834	22800	30300
835	19200	26700
836	22800	30300
837	22800	30300
838	15600	26100
839	19200	26700
840	22800	30300
841	19200	26700
842	10200	30300
843	10200	30300
844	22800	30300
845	15600	26700
846	17400	37500
847	19200	26700
848	19200	26700
849	22800	30300
850	19200	26700
851	15600	23100
852	15600	26700
853	15600	26700
854	15600	23100
855	10200	30300
856	22800	30300
857	19200	26700
858	10200	30300
859	10200	30300
860	10200	30300
861	22800	30300
862	15600	23100
863	10200	30300
864	10200	30300
865	15600	26700
866	10200	30300
867	15600	24900
868	10200	30300
869	22800	30300
870	19200	26700
871	22800	30300
872	19200	26700
873	19200	26700
874	19200	26700
875	10200	30300
876	19200	26100
877	19200	26700
878	19200	26700
879	22800	30300
880	19200	26700
881	22800	30300
882	19200	26700
883	15600	26700
884	19200	26700
885	19200	26700
886	22800	30300
887	15600	26700
888	15600	26700
889	10200	30300
890	10200	30300
891	22800	30300
892	19200	26700
893	22800	30300
894	22800	30300
895	22800	30300
896	15600	24900
897	22800	30300
898	22800	30300
899	10200	30300
900	22800	30300
901	22800	30300
902	10200	30300
903	19200	26700
904	19200	26700
905	19200	26700
906	15600	26700
907	10200	30300
908	22800	30300
909	22800	30300
910	22800	30300
911	15600	26700
912	19200	26700
913	19200	26700
914	15600	26700
915	15600	26700
916	22800	30300
917	10200	30300
918	22800	30300
919	22800	30300
920	22800	30300
921	22800	30300
922	10200	29700
923	22800	30300
924	19200	26700
925	10200	30300
926	15600	26700
927	10200	30300
928	15600	26700
929	19200	26700
930	10200	30300
931	10200	30300
932	10200	30300
933	10200	29700
934	10200	30300
935	19200	26700
936	22800	30300
937	15600	26700
938	10200	30300
939	10200	30300
940	10200	30300
941	22800	30300
942	22800	30300
943	17400	37500
944	19200	26700
945	22800	30300
946	22800	30300
947	10200	30300
948	10200	30300
949	10200	30300
950	10200	30300
951	10200	30300
952	19200	26700
953	22800	30300
954	10200	30300
955	10200	30300
956	10200	29700
957	10200	30300
958	10200	30300
959	10200	30300
960	22800	30300
961	22800	30300
962	19200	26700
963	10200	30300
964	10200	30300
965	10200	30300
966	10200	30300
967	10200	30300
968	19200	26700
RELEASE_TIME_SECTION
1	0
2	3600
3	3600
4	3600
5	3600
6	3600
7	3600
8	3600
9	3600
10	3600
11	3600
12	3600
13	3600
14	3600
15	3600
16	3600
17	3600
18	3600
19	3600
20	3600
21	3600
22	3600
23	3600
24	3600
25	3600
26	3600
27	3600
28	3600
29	3600
30	3600
31	3600
32	3600
33	3600
34	3600
35	3600
36	3600
37	3600
38	3600
39	3600
40	3600
41	3600
42	3600
43	3600
44	3600
45	3600
46	3600
47	3600
48	3600
49	3600
50	3600
51	3600
52	3600
53	3600
54	3600
55	3600
56	3600
57	3600
58	3600
59	3600
60	3600
61	3600
62	3600
63	3600
64	3600
65	3600
66	3600
67	3600
68	3600
69	3600
70	3600
71	3600
72	3600
73	3600
74	3600
75	3600
76	3600
77	3600
78	3600
79	3600
80	3600
81	3600
82	3600
83	3600
84	3600
85	3600
86	3600
87	3600
88	3600
89	3600
90	3600
91	3600
92	3600
93	3600
94	3600
95	3600
96	3600
97	3600
98	3600
99	3600
100	3600
101	3600
102	5400
103	5400
104	5400
105	5400
106	5400
107	5400
108	5400
109	5400
110	5400
111	5400
112	5400
113	5400
114	5400
115	5400
116	5400
117	5400
118	5400
119	5400
120	5400
121	5400
122	5400
123	5400
124	5400
125	5400
126	5400
127	5400
128	5400
129	5400
130	5400
131	5400
132	5400
133	5400
134	5400
135	5400
136	5400
137	5400
138	5400
139	5400
140	5400
141	5400
142	5400
143	5400
144	5400
145	5400
146	5400
147	5400
148	5400
149	5400
150	5400
151	5400
152	5400
153	5400
154	5400
155	5400
156	5400
157	5400
158	5400
159	5400
160	5400
161	5400
162	5400
163	5400
164	5400
165	5400
166	5400
167	5400
168	5400
169	5400
170	5400
171	5400
172	5400
173	5400
174	5400
175	5400
176	5400
177	5400
178	5400
179	5400
180	5400
181	5400
182	5400
183	5400
184	5400
185	5400
186	5400
187	5400
188	5400
189	5400
190	5400
191	5400
192	5400
193	5400
194	5400
195	5400
196	5400
197	5400
198	5400
199	5400
200	5400
201	5400
202	7200
203	7200
204	7200
205	7200
206	7200
207	7200
208	7200
209	7200
210	7200
211	7200
212	7200
213	7200
214	7200
215	7200
216	7200
217	7200
218	7200
219	7200
220	7200
221	7200
222	7200
223	7200
224	7200
225	7200
226	7200
227	7200
228	7200
229	7200
230	7200
231	7200
232	7200
233	7200
234	7200
235	7200
236	7200
237	7200
238	7200
239	7200
240	7200
241	7200
242	7200
243	7200
244	7200
245	7200
246	7200
247	7200
248	7200
249	7200
250	7200
251	7200
252	7200
253	7200
254	7200
255	7200
256	7200
257	7200
258	7200
259	7200
260	7200
261	7200
262	7200
263	7200
264	7200
265	7200
266	7200
267	7200
268	7200
269	7200
270	7200
271	7200
272	7200
273	7200
274	7200
275	7200
276	7200
277	7200
278	7200
279	7200
280	7200
281	7200
282	7200
283	7200
284	7200
285	7200
286	7200
287	7200
288	7200
289	7200
290	7200
291	7200
292	7200
293	7200
294	7200
295	7200
296	7200
297	7200
298	7200
299	7200
300	7200
301	7200
302	9000
303	9000
304	9000
305	9000
306	9000
307	9000
308	9000
309	9000
310	9000
311	9000
312	9000
313	9000
314	9000
315	9000
316	9000
317	9000
318	9000
319	9000
320	9000
321	9000
322	9000
323	9000
324	9000
325	9000
326	9000
327	9000
328	9000
329	9000
330	9000
331	9000
332	9000
333	9000
334	9000
335	9000
336	9000
337	9000
338	9000
339	9000
340	9000
341	9000
342	9000
343	9000
344	9000
345	9000
346	9000
347	9000
348	9000
349	9000
350	9000
351	9000
352	9000
353	9000
354	9000
355	9000
356	9000
357	9000
358	9000
359	9000
360	9000
361	9000
362	9000
363	9000
364	9000
365	9000
366	9000
367	9000
368	9000
369	9000
370	9000
371	9000
372	9000
373	9000
374	9000
375	9000
376	9000
377	9000
378	9000
379	9000
380	9000
381	9000
382	9000
383	9000
384	9000
385	9000
386	9000
387	9000
388	9000
389	9000
390	9000
391	9000
392	9000
393	9000
394	9000
395	9000
396	9000
397	9000
398	9000
399	9000
400	9000
401	9000
402	10800
403	10800
404	10800
405	10800
406	10800
407	10800
408	10800
409	10800
410	10800
411	10800
412	10800
413	10800
414	10800
415	10800
416	10800
417	10800
418	10800
419	10800
420	10800
421	10800
422	10800
423	10800
424	10800
425	10800
426	10800
427	10800
428	10800
429	10800
430	10800
431	10800
432	10800
433	10800
434	10800
435	10800
436	10800
437	10800
438	10800
439	10800
440	10800
441	10800
442	10800
443	10800
444	10800
445	10800
446	10800
447	10800
448	10800
449	10800
450	10800
451	10800
452	10800
453	10800
454	10800
455	10800
456	10800
457	10800
458	10800
459	10800
460	10800
461	10800
462	10800
463	10800
464	10800
465	10800
466	10800
467	10800
468	10800
469	10800
470	10800
471	10800
472	10800
473	10800
474	10800
475	10800
476	10800
477	10800
478	10800
479	10800
480	10800
481	10800
482	10800
483	10800
484	10800
485	10800
486	10800
487	10800
488	10800
489	10800
490	10800
491	10800
492	10800
493	10800
494	10800
495	12600
496	12600
497	12600
498	12600
499	12600
500	12600
501	12600
502	12600
503	12600
504	12600
505	12600
506	12600
507	12600
508	12600
509	12600
510	12600
511	12600
512	12600
513	12600
514	12600
515	12600
516	12600
517	12600
518	12600
519	12600
520	12600
521	12600
522	12600
523	12600
524	12600
525	12600
526	12600
527	12600
528	12600
529	12600
530	12600
531	12600
532	12600
533	12600
534	12600
535	12600
536	12600
537	12600
538	12600
539	12600
540	12600
541	12600
542	12600
543	12600
544	12600
545	12600
546	12600
547	12600
548	12600
549	12600
550	12600
551	12600
552	12600
553	12600
554	12600
555	12600
556	12600
557	12600
558	12600
559	12600
560	12600
561	12600
562	12600
563	12600
564	12600
565	12600
566	12600
567	12600
568	12600
569	12600
570	12600
571	12600
572	12600
573	12600
574	12600
575	12600
576	14400
577	14400
578	14400
579	14400
580	14400
581	14400
582	14400
583	14400
584	14400
585	14400
586	14400
587	14400
588	14400
589	14400
590	14400
591	14400
592	14400
593	14400
594	14400
595	14400
596	14400
597	14400
598	14400
599	14400
600	14400
601	14400
602	14400
603	14400
604	14400
605	14400
606	14400
607	14400
608	14400
609	14400
610	14400
611	14400
612	14400
613	14400
614	14400
615	14400
616	14400
617	14400
618	14400
619	14400
620	14400
621	14400
622	14400
623	14400
624	14400
625	14400
626	14400
627	14400
628	14400
629	14400
630	14400
631	14400
632	14400
633	14400
634	14400
635	14400
636	14400
637	14400
638	14400
639	14400
640	14400
641	14400
642	14400
643	14400
644	14400
645	14400
646	14400
647	14400
648	14400
649	14400
650	14400
651	14400
652	14400
653	14400
654	14400
655	16200
656	16200
657	16200
658	16200
659	16200
660	16200
661	16200
662	16200
663	16200
664	16200
665	16200
666	16200
667	16200
668	16200
669	16200
670	16200
671	16200
672	16200
673	16200
674	16200
675	16200
676	16200
677	16200
678	16200
679	16200
680	16200
681	16200
682	16200
683	16200
684	16200
685	16200
686	16200
687	16200
688	16200
689	16200
690	16200
691	16200
692	16200
693	16200
694	16200
695	16200
696	16200
697	16200
698	16200
699	16200
700	16200
701	16200
702	16200
703	16200
704	16200
705	16200
706	16200
707	16200
708	16200
709	16200
710	16200
711	16200
712	16200
713	16200
714	16200
715	16200
716	16200
717	16200
718	16200
719	16200
720	16200
721	16200
722	16200
723	16200
724	16200
725	16200
726	16200
727	16200
728	16200
729	16200
730	18000
731	18000
732	18000
733	18000
734	18000
735	18000
736	18000
737	18000
738	18000
739	18000
740	18000
741	18000
742	18000
743	18000
744	18000
745	18000
746	18000
747	18000
748	18000
749	18000
750	18000
751	18000
752	18000
753	18000
754	18000
755	18000
756	18000
757	18000
758	18000
759	18000
760	18000
761	18000
762	18000
763	18000
764	18000
765	18000
766	18000
767	18000
768	18000
769	18000
770	18000
771	18000
772	18000
773	18000
774	18000
775	18000
776	18000
777	18000
778	18000
779	18000
780	18000
781	18000
782	18000
783	18000
784	18000
785	18000
786	18000
787	19800
788	19800
789	19800
790	19800
791	19800
792	19800
793	19800
794	19800
795	19800
796	19800
797	19800
798	19800
799	19800
800	19800
801	19800
802	19800
803	19800
804	19800
805	19800
806	19800
807	19800
808	19800
809	19800
810	19800
811	19800
812	19800
813	19800
814	19800
815	19800
816	19800
817	19800
818	19800
819	19800
820	19800
821	19800
822	19800
823	19800
824	19800
825	19800
826	19800
827	19800
828	19800
829	19800
830	19800
831	19800
832	19800
833	19800
834	19800
835	19800
836	19800
837	19800
838	19800
839	19800
840	19800
841	21600
842	21600
843	21600
844	21600
845	21600
846	21600
847	21600
848	21600
849	21600
850	21600
851	21600
852	21600
853	21600
854	21600
855	21600
856	21600
857	21600
858	21600
859	21600
860	21600
861	21600
862	21600
863	21600
864	21600
865	21600
866	21600
867	21600
868	21600
869	21600
870	21600
871	21600
872	21600
873	21600
874	21600
875	21600
876	21600
877	21600
878	21600
879	21600
880	21600
881	21600
882	21600
883	21600
884	23400
885	23400
886	23400
887	23400
888	23400
889	23400
890	23400
891	23400
892	23400
893	23400
894	23400
895	23400
896	23400
897	23400
898	23400
899	23400
900	23400
901	23400
902	23400
903	23400
904	23400
905	23400
906	23400
907	23400
908	23400
909	23400
910	23400
911	23400
912	23400
913	23400
914	23400
915	23400
916	23400
917	23400
918	23400
919	23400
920	23400
921	23400
922	23400
923	23400
924	23400
925	25200
926	25200
927	25200
928	25200
929	25200
930	25200
931	25200
932	25200
933	25200
934	25200
935	25200
936	25200
937	25200
938	25200
939	25200
940	25200
941	25200
942	25200
943	25200
944	25200
945	25200
946	25200
947	25200
948	25200
949	25200
950	25200
951	25200
952	25200
953	25200
954	25200
955	25200
956	25200
957	25200
958	25200
959	25200
960	25200
961	25200
962	25200
963	25200
964	25200
965	25200
966	25200
967	25200
968	25200
EOF
