NAME : ORTEC-VRPTW-ASYM-3cc58e3a-d1-n810
TYPE : VRPTW-RT
DIMENSION : 811
EDGE_WEIGHT_TYPE : EUC_2D
CAPACITY : 145
NODE_COORD_SECTION
1	1269	572
2	1238	1756
3	1377	1265
4	2712	3004
5	2738	3140
6	2728	2867
7	1193	1545
8	212	556
9	1527	1378
10	587	605
11	348	85
12	1497	2244
13	1000	1357
14	2920	2879
15	2979	3666
16	2919	3340
17	1013	1348
18	158	211
19	2565	3093
20	1532	2187
21	1151	1841
22	1705	2390
23	1402	2186
24	1271	1512
25	1155	1221
26	1321	2303
27	2496	2806
28	2978	2923
29	364	1115
30	1382	1709
31	1013	1348
32	1084	1665
33	587	605
34	3123	2985
35	1507	2414
36	2770	3059
37	2532	2954
38	1220	1709
39	977	1023
40	160	211
41	1348	2382
42	2680	3268
43	117	1071
44	1655	2352
45	445	202
46	348	1081
47	1271	1512
48	2761	2822
49	2731	2876
50	547	655
51	2788	2823
52	1382	1709
53	237	485
54	1579	2574
55	1414	1718
56	1237	1652
57	2754	2743
58	1756	1625
59	2961	3148
60	284	209
61	1497	2244
62	1090	1304
63	614	580
64	1080	1071
65	2834	3329
66	3128	3656
67	623	280
68	2957	2973
69	3190	3005
70	321	1143
71	2761	2822
72	677	544
73	3568	3272
74	1348	2382
75	115	47
76	874	594
77	1103	1229
78	212	556
79	1151	1841
80	1101	961
81	1433	2268
82	320	1130
83	1487	1414
84	668	1237
85	324	367
86	3190	3005
87	1427	1380
88	2631	2673
89	385	274
90	554	138
91	1321	2303
92	392	394
93	1351	2085
94	891	783
95	381	624
96	2896	2781
97	1606	2339
98	2762	2593
99	2974	2979
100	1756	1625
101	349	1518
102	3063	4006
103	713	514
104	1318	1495
105	2899	3134
106	1509	1662
107	320	1130
108	2957	2973
109	1403	1283
110	1529	2224
111	2957	2973
112	249	423
113	626	448
114	1460	2239
115	1326	2378
116	3123	2985
117	1740	2069
118	2920	2879
119	2762	2930
120	2978	2923
121	1321	1895
122	1214	1577
123	1740	2255
124	1368	1489
125	1664	1622
126	563	577
127	1259	1656
128	482	204
129	0	311
130	2738	3140
131	3123	2985
132	439	178
133	252	368
134	1386	1658
135	3128	3656
136	1216	1561
137	1545	2601
138	1349	1457
139	1000	1357
140	623	280
141	1203	1531
142	196	1031
143	1082	1486
144	1705	2390
145	929	1720
146	338	1244
147	212	556
148	1004	1722
149	1740	2069
150	337	386
151	2835	3285
152	320	1130
153	158	211
154	1147	1516
155	1461	1466
156	1765	2349
157	1220	1803
158	1688	2318
159	320	1130
160	1433	2268
161	439	178
162	3082	3106
163	1191	1203
164	687	543
165	1650	1658
166	1321	1895
167	2941	2812
168	614	580
169	901	694
170	945	893
171	1151	1692
172	3155	2855
173	2957	2973
174	891	783
175	1483	1145
176	2719	2891
177	1295	1691
178	851	1517
179	3102	3818
180	2665	3071
181	3202	3313
182	2920	2879
183	2782	3244
184	547	655
185	1326	2378
186	1193	1545
187	1235	1733
188	2731	2876
189	72	0
190	349	1518
191	348	85
192	565	169
193	626	448
194	1382	1709
195	2694	2760
196	115	47
197	1082	1486
198	1452	2147
199	510	87
200	1349	1573
201	404	1628
202	249	423
203	779	1503
204	1763	2368
205	241	1145
206	1147	1516
207	1009	1977
208	1671	2067
209	1655	2352
210	1151	1841
211	324	367
212	1101	961
213	3202	3313
214	1090	1304
215	891	783
216	2761	3163
217	1145	1067
218	2731	2972
219	275	116
220	1152	1622
221	1587	2223
222	1246	1694
223	1550	1742
224	1407	1707
225	874	594
226	968	1151
227	2754	2743
228	2698	2993
229	792	647
230	2698	2657
231	1147	1516
232	701	1949
233	404	1628
234	1705	2390
235	1266	1389
236	3082	3106
237	1103	1229
238	2604	3112
239	463	99
240	1307	1815
241	1646	2386
242	3570	3244
243	1055	774
244	1140	1576
245	381	624
246	409	359
247	1266	1389
248	983	676
249	1641	2104
250	2577	2732
251	2957	2973
252	2920	2879
253	104	437
254	117	1071
255	1271	1512
256	1214	1577
257	554	138
258	349	1518
259	2876	3037
260	379	394
261	1288	1263
262	587	605
263	1569	1615
264	1601	2307
265	2935	3132
266	1321	1895
267	641	393
268	439	178
269	1682	2430
270	1235	1733
271	1089	1272
272	490	97
273	2747	3139
274	2647	3029
275	1579	2574
276	2935	3132
277	1041	1278
278	1650	1658
279	1216	1561
280	2920	2879
281	641	393
282	1253	1669
283	604	678
284	587	605
285	1403	1283
286	2761	3163
287	2863	3078
288	117	1071
289	1271	1512
290	379	394
291	1101	961
292	3402	3245
293	1111	1363
294	3128	3656
295	115	47
296	54	426
297	162	807
298	0	311
299	1688	2318
300	439	178
301	115	614
302	1606	2339
303	348	1081
304	2734	2977
305	3190	3005
306	1326	2378
307	3291	3249
308	929	1720
309	2694	2760
310	2896	2781
311	614	580
312	1307	1815
313	1587	2223
314	1147	1516
315	2698	2657
316	1090	1304
317	348	1081
318	169	276
319	339	533
320	1348	2382
321	2750	3329
322	1756	1625
323	1151	1841
324	957	1975
325	1004	1722
326	2977	3090
327	1682	2430
328	1288	1263
329	2835	3285
330	1756	1625
331	284	209
332	482	204
333	1487	1414
334	1216	1561
335	1208	1219
336	1629	2064
337	3155	2855
338	1215	1354
339	731	1307
340	1532	2187
341	1450	2426
342	1527	1509
343	1115	1736
344	1675	2324
345	2750	3329
346	125	886
347	1215	1354
348	253	1006
349	1220	1803
350	983	676
351	614	580
352	668	1237
353	1646	2386
354	1000	1357
355	1082	1486
356	2944	3114
357	2883	3447
358	2762	2593
359	1237	1924
360	463	99
361	241	1145
362	547	655
363	687	543
364	714	623
365	2782	3244
366	1452	2147
367	731	1307
368	929	1720
369	1089	1272
370	205	1076
371	2761	2822
372	2863	3078
373	2607	3060
374	747	667
375	1661	2488
376	2841	3217
377	2719	2891
378	2682	2863
379	338	1244
380	210	828
381	1295	1691
382	1066	1439
383	701	1949
384	210	828
385	1138	1587
386	1745	2389
387	626	448
388	1551	1602
389	901	694
390	1321	2303
391	2899	3134
392	284	209
393	439	178
394	614	580
395	677	544
396	1140	1576
397	968	1151
398	2941	2812
399	1606	2339
400	779	1503
401	2767	2967
402	2650	2767
403	1461	1466
404	848	832
405	1740	2255
406	1221	1562
407	2941	2812
408	1756	1625
409	381	624
410	565	169
411	2770	3059
412	2734	2977
413	1545	2601
414	348	85
415	2786	2583
416	1315	1655
417	1145	1067
418	2733	3117
419	2451	2965
420	318	497
421	2650	2767
422	2680	3268
423	1199	1730
424	2835	3285
425	565	169
426	731	1307
427	1452	2147
428	792	647
429	1641	2104
430	668	1237
431	1115	1736
432	2920	2879
433	1207	1817
434	1145	1026
435	1650	1658
436	929	1720
437	1302	1974
438	2451	2965
439	1650	1658
440	2680	3268
441	1254	1688
442	1089	1402
443	72	0
444	693	482
445	381	624
446	3090	3768
447	1155	1221
448	3223	3729
449	713	514
450	1187	1412
451	2734	2977
452	1527	1378
453	357	372
454	1145	1026
455	949	1351
456	160	211
457	945	893
458	1493	1542
459	1382	1709
460	379	394
461	565	169
462	1475	2570
463	2698	2657
464	509	455
465	158	211
466	3155	2855
467	2451	2965
468	2979	3666
469	2883	3447
470	445	803
471	2731	2972
472	2809	3192
473	321	1143
474	1321	1895
475	2678	2880
476	2766	2638
477	1153	1468
478	1461	1466
479	407	618
480	2978	3200
481	949	1351
482	1238	1756
483	1013	1348
484	1046	1943
485	1172	912
486	409	359
487	2607	3060
488	776	882
489	409	359
490	891	783
491	510	87
492	1729	2186
493	1193	1545
494	2767	2967
495	183	311
496	2837	3118
497	1237	1513
498	212	556
499	3063	4006
500	1302	1974
501	2919	3340
502	1545	2601
503	2698	2657
504	1000	1357
505	0	311
506	687	543
507	1740	2069
508	1111	1363
509	1111	1363
510	1551	1602
511	2977	3090
512	1321	2303
513	321	1143
514	623	280
515	3001	3046
516	439	178
517	2665	3071
518	2697	2899
519	1155	1221
520	2766	2638
521	2782	3244
522	2935	3132
523	2941	2812
524	2747	3139
525	2920	2879
526	463	99
527	547	655
528	1216	1561
529	1675	2324
530	2565	3093
531	1532	2187
532	1527	1509
533	676	618
534	623	280
535	1641	2104
536	2899	3134
537	1427	1380
538	318	497
539	2961	3148
540	676	618
541	3313	3084
542	1497	2244
543	2750	3329
544	945	893
545	1527	1509
546	33	311
547	747	667
548	1545	2601
549	2728	2867
550	210	828
551	677	544
552	1151	1692
553	641	393
554	2645	3147
555	1055	774
556	2979	3666
557	1497	2244
558	490	97
559	379	394
560	1000	1357
561	1288	1263
562	1091	903
563	1349	1573
564	1138	1587
565	2809	3224
566	2694	2760
567	2979	3666
568	1682	2430
569	653	1379
570	1461	1466
571	2960	3019
572	281	1139
573	1172	912
574	1550	1742
575	2728	2867
576	3123	2985
577	3228	3057
578	1675	2324
579	439	178
580	914	902
581	2738	3140
582	1527	1509
583	3202	3313
584	565	169
585	626	448
586	349	1518
587	1664	1622
588	324	367
589	1475	2570
590	2532	2954
591	2899	3134
592	1740	2069
593	1591	1608
594	1315	1655
595	1187	1412
596	2896	2781
597	160	211
598	2738	3140
599	1193	1545
600	1414	1718
601	2647	3029
602	2761	3163
603	1172	912
604	490	97
605	1101	961
606	2697	2899
607	169	276
608	1464	2256
609	747	667
610	1193	1545
611	3223	3729
612	1147	1516
613	676	618
614	1326	2378
615	687	543
616	1055	774
617	3128	3656
618	1235	1733
619	1673	2408
620	1682	2430
621	1651	2448
622	1673	2408
623	1483	1145
624	891	783
625	1529	2224
626	554	138
627	1671	2067
628	318	497
629	1193	1545
630	2631	2673
631	851	1517
632	1004	1722
633	1103	1229
634	3001	3046
635	253	1006
636	2782	3244
637	1041	1278
638	2591	2823
639	1507	2414
640	1315	1655
641	253	1006
642	1497	2244
643	3291	3249
644	1089	1402
645	1601	2307
646	249	423
647	1191	1203
648	1235	1733
649	1464	2256
650	2767	2967
651	324	367
652	713	514
653	653	1379
654	2654	2678
655	2876	3037
656	2698	2993
657	2762	2593
658	2767	2967
659	2694	2760
660	2631	2673
661	2919	3340
662	1084	1665
663	554	138
664	381	624
665	1155	1221
666	2678	2880
667	687	543
668	831	1384
669	792	647
670	796	742
671	90	345
672	1655	2352
673	851	1517
674	1390	2368
675	2747	3139
676	1152	1622
677	1101	961
678	1351	2085
679	2935	3132
680	1101	961
681	3228	3057
682	1237	1513
683	1386	1658
684	1527	1509
685	1475	2570
686	348	1081
687	1382	1709
688	1047	1471
689	321	1143
690	1402	2186
691	2935	3132
692	1622	2216
693	158	211
694	3102	3818
695	1527	1509
696	1601	2307
697	3082	3106
698	1055	774
699	3063	4006
700	1529	2224
701	1271	1512
702	747	667
703	1651	2448
704	644	567
705	1650	1658
706	1705	2390
707	1815	2063
708	3402	3245
709	445	202
710	2896	2781
711	3128	3656
712	563	577
713	1091	903
714	1307	1815
715	57	202
716	677	544
717	381	624
718	1147	1718
719	151	425
720	957	1975
721	1207	1817
722	1082	1486
723	1348	2382
724	2682	2863
725	653	1379
726	1145	1026
727	1199	1730
728	2698	3109
729	318	497
730	2919	3340
731	1259	1656
732	2618	3121
733	2451	2965
734	1047	1471
735	3063	4006
736	3402	3245
737	848	832
738	1587	2223
739	1655	2352
740	1089	1272
741	949	1351
742	899	953
743	125	886
744	623	280
745	3568	3272
746	1220	1709
747	1253	1669
748	2839	3210
749	3082	3106
750	2944	3114
751	891	783
752	1543	1633
753	509	455
754	1254	1688
755	392	394
756	2839	3210
757	1765	2349
758	1497	2244
759	779	1503
760	563	577
761	677	544
762	1147	1718
763	348	1081
764	1084	1665
765	1000	1357
766	1111	1363
767	2712	3004
768	1089	1402
769	1475	2477
770	1740	2255
771	779	1503
772	3223	3729
773	851	1517
774	914	902
775	1763	2368
776	1673	2408
777	1155	1221
778	1487	1414
779	1434	1579
780	2837	3118
781	3128	3656
782	2835	3285
783	2604	3112
784	1295	1691
785	623	280
786	1082	1486
787	321	1143
788	1082	1486
789	968	1151
790	2974	2979
791	1705	2390
792	1111	1363
793	1215	1354
794	2712	3004
795	644	567
796	2762	2593
797	320	1130
798	1084	1665
799	1237	1924
800	253	1006
801	1221	1562
802	392	394
803	2786	2583
804	205	1076
805	792	647
806	205	1076
807	1756	1625
808	1765	2349
809	587	605
810	115	47
811	547	655
DEMAND_SECTION
1	0
2	9
3	9
4	4
5	6
6	6
7	6
8	7
9	3
10	4
11	4
12	10
13	4
14	4
15	4
16	4
17	4
18	9
19	6
20	4
21	7
22	5
23	11
24	10
25	3
26	8
27	10
28	3
29	3
30	10
31	4
32	4
33	7
34	4
35	3
36	11
37	9
38	6
39	5
40	4
41	6
42	4
43	16
44	4
45	5
46	8
47	8
48	7
49	4
50	4
51	9
52	8
53	11
54	11
55	6
56	4
57	5
58	5
59	7
60	20
61	4
62	6
63	3
64	6
65	3
66	3
67	8
68	4
69	4
70	5
71	4
72	5
73	5
74	3
75	8
76	5
77	14
78	6
79	5
80	8
81	7
82	4
83	6
84	9
85	7
86	4
87	11
88	11
89	4
90	8
91	4
92	6
93	5
94	6
95	6
96	7
97	4
98	4
99	6
100	6
101	7
102	10
103	7
104	8
105	10
106	6
107	6
108	7
109	6
110	7
111	6
112	7
113	5
114	7
115	6
116	7
117	4
118	10
119	9
120	2
121	7
122	6
123	11
124	5
125	6
126	7
127	5
128	4
129	10
130	6
131	3
132	3
133	5
134	10
135	7
136	10
137	2
138	20
139	5
140	7
141	6
142	11
143	5
144	5
145	15
146	6
147	4
148	4
149	10
150	5
151	8
152	6
153	11
154	10
155	4
156	9
157	10
158	4
159	5
160	5
161	11
162	4
163	11
164	8
165	5
166	4
167	7
168	3
169	4
170	5
171	3
172	4
173	7
174	7
175	4
176	9
177	3
178	8
179	9
180	9
181	3
182	4
183	8
184	2
185	6
186	4
187	4
188	7
189	6
190	9
191	6
192	8
193	10
194	11
195	3
196	7
197	5
198	6
199	6
200	4
201	5
202	6
203	4
204	5
205	8
206	4
207	6
208	10
209	5
210	5
211	8
212	7
213	11
214	5
215	5
216	8
217	7
218	7
219	7
220	15
221	7
222	6
223	3
224	6
225	6
226	7
227	5
228	4
229	5
230	5
231	3
232	10
233	5
234	3
235	10
236	5
237	3
238	4
239	7
240	5
241	5
242	6
243	3
244	9
245	5
246	4
247	9
248	7
249	8
250	3
251	3
252	5
253	4
254	4
255	11
256	11
257	5
258	14
259	4
260	7
261	15
262	8
263	7
264	9
265	5
266	2
267	7
268	14
269	9
270	9
271	4
272	14
273	5
274	10
275	3
276	5
277	7
278	12
279	4
280	4
281	9
282	4
283	5
284	4
285	10
286	4
287	17
288	8
289	3
290	5
291	9
292	16
293	4
294	7
295	2
296	5
297	7
298	7
299	6
300	5
301	4
302	6
303	6
304	5
305	3
306	5
307	4
308	3
309	4
310	3
311	7
312	11
313	5
314	8
315	5
316	6
317	4
318	3
319	4
320	6
321	10
322	4
323	4
324	7
325	5
326	4
327	8
328	4
329	8
330	4
331	6
332	9
333	5
334	11
335	12
336	6
337	10
338	7
339	11
340	4
341	6
342	3
343	4
344	3
345	8
346	9
347	11
348	9
349	4
350	7
351	4
352	7
353	6
354	7
355	5
356	6
357	2
358	9
359	4
360	4
361	4
362	6
363	7
364	6
365	4
366	10
367	20
368	5
369	4
370	8
371	7
372	9
373	6
374	12
375	5
376	9
377	3
378	4
379	6
380	4
381	6
382	4
383	5
384	3
385	9
386	4
387	7
388	7
389	4
390	2
391	7
392	5
393	11
394	8
395	9
396	6
397	6
398	5
399	5
400	4
401	3
402	10
403	6
404	3
405	10
406	3
407	8
408	6
409	7
410	8
411	3
412	6
413	6
414	10
415	5
416	4
417	6
418	10
419	6
420	4
421	4
422	8
423	5
424	4
425	10
426	3
427	3
428	4
429	3
430	11
431	4
432	4
433	11
434	3
435	7
436	5
437	7
438	5
439	5
440	4
441	5
442	8
443	8
444	5
445	5
446	5
447	4
448	4
449	17
450	8
451	7
452	3
453	16
454	6
455	5
456	5
457	7
458	5
459	4
460	3
461	5
462	8
463	3
464	6
465	3
466	11
467	6
468	6
469	10
470	4
471	14
472	9
473	10
474	3
475	8
476	3
477	4
478	2
479	7
480	7
481	6
482	12
483	7
484	4
485	3
486	4
487	8
488	4
489	7
490	10
491	7
492	6
493	4
494	9
495	11
496	11
497	9
498	10
499	9
500	11
501	6
502	4
503	5
504	6
505	4
506	6
507	5
508	15
509	6
510	7
511	8
512	8
513	8
514	3
515	4
516	7
517	7
518	3
519	5
520	10
521	3
522	9
523	4
524	6
525	2
526	4
527	8
528	7
529	3
530	8
531	2
532	7
533	8
534	4
535	4
536	6
537	7
538	8
539	4
540	3
541	15
542	9
543	7
544	9
545	7
546	11
547	6
548	5
549	4
550	6
551	10
552	5
553	4
554	3
555	5
556	3
557	4
558	6
559	3
560	5
561	4
562	5
563	4
564	7
565	11
566	3
567	7
568	10
569	4
570	8
571	5
572	8
573	14
574	6
575	3
576	4
577	6
578	9
579	9
580	4
581	4
582	11
583	10
584	5
585	8
586	6
587	3
588	9
589	6
590	12
591	15
592	6
593	10
594	10
595	5
596	10
597	8
598	6
599	6
600	8
601	6
602	6
603	17
604	5
605	3
606	10
607	3
608	5
609	10
610	3
611	5
612	3
613	6
614	6
615	9
616	4
617	6
618	3
619	4
620	7
621	8
622	8
623	8
624	3
625	7
626	7
627	6
628	7
629	12
630	4
631	6
632	8
633	4
634	6
635	3
636	7
637	6
638	2
639	6
640	5
641	7
642	4
643	6
644	4
645	7
646	7
647	6
648	7
649	11
650	3
651	4
652	7
653	11
654	5
655	4
656	7
657	3
658	5
659	5
660	4
661	5
662	8
663	5
664	6
665	10
666	3
667	5
668	6
669	5
670	6
671	3
672	10
673	6
674	5
675	4
676	3
677	5
678	7
679	5
680	5
681	11
682	4
683	17
684	5
685	5
686	5
687	4
688	9
689	14
690	5
691	5
692	9
693	5
694	3
695	6
696	7
697	6
698	8
699	4
700	5
701	4
702	4
703	5
704	5
705	6
706	12
707	5
708	4
709	4
710	5
711	4
712	3
713	3
714	7
715	5
716	7
717	8
718	5
719	2
720	4
721	10
722	10
723	3
724	6
725	9
726	10
727	4
728	9
729	9
730	17
731	9
732	2
733	8
734	2
735	5
736	9
737	5
738	6
739	4
740	5
741	5
742	3
743	4
744	3
745	5
746	6
747	5
748	5
749	6
750	9
751	9
752	11
753	10
754	17
755	5
756	7
757	3
758	9
759	7
760	7
761	4
762	8
763	6
764	10
765	4
766	7
767	4
768	12
769	6
770	4
771	3
772	4
773	9
774	5
775	5
776	2
777	19
778	7
779	5
780	6
781	2
782	3
783	4
784	14
785	4
786	10
787	4
788	5
789	3
790	5
791	15
792	4
793	7
794	10
795	5
796	12
797	6
798	15
799	10
800	7
801	4
802	4
803	10
804	3
805	6
806	16
807	6
808	9
809	11
810	6
811	5
DEPOT_SECTION
1
-1
SERVICE_TIME_SECTION
1	0
2	420
3	1260
4	660
5	300
6	660
7	660
8	720
9	360
10	300
11	1140
12	300
13	840
14	960
15	780
16	780
17	300
18	900
19	780
20	600
21	540
22	600
23	600
24	300
25	300
26	480
27	600
28	480
29	420
30	1080
31	720
32	1080
33	420
34	1140
35	480
36	1140
37	420
38	780
39	1200
40	240
41	420
42	660
43	1020
44	360
45	540
46	660
47	960
48	900
49	360
50	480
51	660
52	480
53	240
54	1140
55	540
56	840
57	900
58	300
59	960
60	660
61	540
62	960
63	480
64	540
65	540
66	480
67	600
68	780
69	240
70	420
71	480
72	300
73	720
74	420
75	540
76	600
77	600
78	1200
79	240
80	420
81	1200
82	120
83	420
84	720
85	840
86	360
87	300
88	900
89	960
90	840
91	240
92	900
93	540
94	720
95	1080
96	1560
97	600
98	600
99	1380
100	720
101	360
102	360
103	300
104	720
105	300
106	720
107	360
108	900
109	660
110	960
111	540
112	960
113	300
114	720
115	480
116	420
117	360
118	600
119	360
120	480
121	420
122	420
123	300
124	720
125	840
126	660
127	600
128	300
129	780
130	840
131	660
132	480
133	780
134	420
135	300
136	360
137	480
138	420
139	420
140	1140
141	660
142	360
143	840
144	420
145	540
146	660
147	600
148	840
149	540
150	420
151	600
152	720
153	600
154	420
155	300
156	420
157	480
158	600
159	660
160	780
161	900
162	540
163	660
164	660
165	420
166	600
167	240
168	180
169	240
170	600
171	960
172	1080
173	300
174	1320
175	480
176	660
177	300
178	660
179	540
180	840
181	420
182	240
183	660
184	420
185	360
186	480
187	1080
188	540
189	600
190	600
191	300
192	660
193	420
194	540
195	540
196	1020
197	660
198	480
199	600
200	300
201	540
202	240
203	720
204	240
205	600
206	600
207	900
208	600
209	840
210	660
211	420
212	300
213	660
214	420
215	420
216	660
217	480
218	600
219	660
220	540
221	540
222	600
223	960
224	960
225	600
226	360
227	600
228	480
229	360
230	780
231	600
232	240
233	780
234	540
235	660
236	480
237	720
238	660
239	600
240	840
241	540
242	540
243	420
244	840
245	420
246	900
247	300
248	480
249	540
250	600
251	780
252	780
253	600
254	960
255	960
256	960
257	960
258	540
259	540
260	540
261	660
262	780
263	900
264	720
265	540
266	480
267	660
268	420
269	300
270	720
271	780
272	960
273	960
274	960
275	360
276	420
277	660
278	480
279	300
280	600
281	660
282	600
283	480
284	420
285	420
286	360
287	600
288	420
289	600
290	420
291	1020
292	720
293	1200
294	540
295	540
296	540
297	960
298	720
299	660
300	780
301	660
302	540
303	540
304	480
305	600
306	900
307	360
308	960
309	840
310	600
311	540
312	660
313	120
314	300
315	660
316	300
317	780
318	1080
319	1380
320	660
321	360
322	1080
323	360
324	540
325	360
326	360
327	480
328	240
329	540
330	240
331	1140
332	960
333	660
334	600
335	540
336	720
337	600
338	480
339	660
340	360
341	540
342	660
343	540
344	840
345	660
346	540
347	720
348	420
349	360
350	480
351	660
352	960
353	780
354	300
355	540
356	360
357	720
358	720
359	540
360	420
361	780
362	960
363	480
364	480
365	420
366	540
367	480
368	960
369	420
370	180
371	540
372	1140
373	480
374	480
375	300
376	720
377	300
378	420
379	480
380	300
381	300
382	540
383	540
384	660
385	540
386	660
387	420
388	360
389	780
390	660
391	360
392	780
393	960
394	660
395	540
396	660
397	780
398	420
399	600
400	960
401	240
402	480
403	360
404	480
405	1080
406	240
407	360
408	480
409	840
410	360
411	720
412	540
413	720
414	960
415	540
416	420
417	840
418	600
419	480
420	480
421	360
422	960
423	540
424	540
425	420
426	660
427	540
428	480
429	900
430	600
431	660
432	900
433	1020
434	420
435	540
436	840
437	660
438	600
439	840
440	480
441	240
442	600
443	660
444	720
445	420
446	360
447	780
448	420
449	660
450	420
451	660
452	1140
453	600
454	660
455	360
456	480
457	480
458	1020
459	540
460	240
461	420
462	540
463	960
464	480
465	360
466	780
467	780
468	660
469	1080
470	660
471	240
472	300
473	600
474	660
475	1080
476	480
477	780
478	540
479	360
480	480
481	420
482	600
483	660
484	240
485	540
486	900
487	480
488	660
489	1020
490	300
491	660
492	540
493	420
494	840
495	480
496	960
497	480
498	960
499	840
500	360
501	1020
502	600
503	540
504	660
505	540
506	780
507	360
508	300
509	420
510	900
511	720
512	660
513	840
514	600
515	300
516	420
517	720
518	300
519	300
520	540
521	300
522	300
523	360
524	600
525	480
526	480
527	600
528	420
529	660
530	720
531	240
532	300
533	540
534	660
535	420
536	540
537	600
538	840
539	540
540	720
541	840
542	660
543	480
544	780
545	420
546	780
547	660
548	240
549	480
550	900
551	420
552	840
553	360
554	480
555	300
556	780
557	300
558	600
559	720
560	780
561	900
562	420
563	360
564	420
565	420
566	300
567	600
568	840
569	360
570	480
571	420
572	600
573	540
574	900
575	1080
576	420
577	840
578	360
579	420
580	900
581	240
582	420
583	660
584	360
585	240
586	480
587	420
588	540
589	540
590	420
591	540
592	1020
593	1200
594	660
595	420
596	180
597	360
598	360
599	1080
600	780
601	300
602	600
603	420
604	360
605	960
606	660
607	600
608	960
609	600
610	660
611	360
612	540
613	660
614	660
615	600
616	480
617	1140
618	600
619	360
620	600
621	420
622	300
623	660
624	1080
625	240
626	780
627	840
628	840
629	540
630	360
631	420
632	1080
633	540
634	360
635	780
636	360
637	1020
638	720
639	600
640	420
641	540
642	960
643	420
644	600
645	660
646	660
647	540
648	480
649	360
650	480
651	300
652	660
653	480
654	720
655	240
656	360
657	600
658	480
659	600
660	960
661	660
662	420
663	660
664	360
665	660
666	420
667	420
668	840
669	480
670	480
671	540
672	840
673	360
674	1140
675	540
676	420
677	540
678	480
679	480
680	540
681	720
682	960
683	420
684	540
685	540
686	780
687	540
688	420
689	960
690	300
691	660
692	540
693	420
694	360
695	720
696	600
697	600
698	420
699	600
700	660
701	600
702	360
703	960
704	900
705	840
706	480
707	360
708	480
709	240
710	600
711	480
712	360
713	720
714	420
715	900
716	360
717	360
718	360
719	540
720	420
721	780
722	420
723	600
724	420
725	720
726	480
727	600
728	660
729	420
730	540
731	660
732	480
733	540
734	1200
735	900
736	540
737	180
738	600
739	240
740	840
741	660
742	360
743	1080
744	540
745	480
746	840
747	300
748	360
749	360
750	540
751	1200
752	540
753	240
754	420
755	1560
756	360
757	780
758	540
759	360
760	480
761	600
762	720
763	540
764	600
765	1020
766	660
767	840
768	840
769	780
770	360
771	540
772	240
773	300
774	840
775	420
776	540
777	540
778	420
779	480
780	600
781	480
782	360
783	300
784	240
785	720
786	600
787	360
788	900
789	480
790	420
791	540
792	900
793	840
794	540
795	240
796	420
797	660
798	720
799	720
800	840
801	300
802	960
803	360
804	300
805	480
806	540
807	960
808	480
809	540
810	600
811	660
TIME_WINDOW_SECTION
1	0	41340
2	9000	16200
3	23400	30600
4	23400	30600
5	9000	16200
6	14400	34200
7	16200	23400
8	23400	30600
9	19800	27000
10	19800	27000
11	27000	34200
12	14400	34200
13	16200	23400
14	16200	23400
15	12600	19800
16	9000	16200
17	16200	22500
18	19800	27000
19	14400	34200
20	12600	19800
21	14400	34200
22	16200	22500
23	9000	15300
24	12600	19800
25	14400	34200
26	14400	34200
27	14400	34200
28	16200	23400
29	10800	34200
30	12600	19800
31	9000	16200
32	9000	16200
33	19800	27000
34	23400	30600
35	14400	34200
36	19800	27000
37	12600	19800
38	23400	30600
39	19800	27000
40	23400	30600
41	14400	34200
42	12600	19800
43	16200	23400
44	9000	16200
45	12600	19800
46	12600	19800
47	27000	34200
48	14400	34200
49	9000	16200
50	9000	16200
51	9000	16200
52	14400	34200
53	16200	23400
54	14400	34200
55	9000	16200
56	12600	19800
57	12600	19800
58	14400	34200
59	12600	19800
60	19800	27000
61	14400	34200
62	14400	33300
63	19800	27000
64	14400	34200
65	14400	34200
66	14400	33300
67	14400	34200
68	14400	34200
69	23400	30600
70	9000	15300
71	16200	23400
72	23400	30600
73	10800	34200
74	12600	19800
75	14400	34200
76	10800	34200
77	23400	30600
78	16200	23400
79	19800	27000
80	12600	19800
81	12600	19800
82	16200	23400
83	12600	19800
84	19800	27000
85	19800	27000
86	19800	27000
87	19800	27000
88	16200	23400
89	16200	23400
90	19800	27000
91	16200	23400
92	14400	33300
93	12600	19800
94	14400	34200
95	16200	23400
96	27000	34200
97	19800	27000
98	9000	16200
99	23400	30600
100	14400	34200
101	16200	23400
102	12600	19800
103	16200	22500
104	12600	19800
105	9000	15300
106	27000	34200
107	12600	19800
108	19800	27000
109	16200	23400
110	19800	27000
111	12600	19800
112	12600	19800
113	19800	27000
114	23400	30600
115	16200	23400
116	16200	23400
117	12600	19800
118	23400	30600
119	14400	34200
120	9000	16200
121	12600	19800
122	9000	16200
123	9000	16200
124	27000	34200
125	9000	16200
126	16200	23400
127	16200	22500
128	16200	23400
129	14400	33300
130	14400	34200
131	14400	34200
132	27000	34200
133	14400	33300
134	14400	33300
135	16200	23400
136	23400	30600
137	27000	34200
138	12600	19800
139	14400	34200
140	14400	34200
141	14400	33300
142	10800	34200
143	14400	33300
144	14400	34200
145	9000	16200
146	14400	34200
147	16200	23400
148	12600	19800
149	14400	34200
150	9000	16200
151	16200	23400
152	9000	16200
153	16200	23400
154	23400	30600
155	14400	34200
156	12600	19800
157	16200	23400
158	16200	23400
159	16200	23400
160	10800	34200
161	14400	34200
162	16200	23400
163	12600	19800
164	12600	19800
165	9000	16200
166	12600	19800
167	14400	34200
168	9000	16200
169	16200	22500
170	23400	30600
171	12600	19800
172	16200	23400
173	14400	34200
174	14400	34200
175	14400	34200
176	16200	23400
177	12600	19800
178	14400	34200
179	16200	22500
180	19800	27000
181	16200	23400
182	9000	16200
183	9000	16200
184	12600	19800
185	9000	16200
186	23400	30600
187	16200	22500
188	19800	27000
189	16200	23400
190	9000	16200
191	16200	23400
192	23400	30600
193	14400	34200
194	16200	23400
195	14400	34200
196	9000	15300
197	9000	16200
198	14400	34200
199	14400	34200
200	16200	23400
201	14400	34200
202	23400	30600
203	14400	34200
204	16200	23400
205	14400	34200
206	9000	16200
207	12600	19800
208	19800	27000
209	9000	16200
210	9000	16200
211	16200	23400
212	14400	34200
213	12600	19800
214	9000	16200
215	14400	33300
216	9000	16200
217	14400	34200
218	14400	34200
219	9000	16200
220	14400	34200
221	16200	23400
222	9000	16200
223	9000	16200
224	27000	34200
225	23400	30600
226	16200	23400
227	14400	34200
228	9000	16200
229	23400	30600
230	19800	27000
231	12600	19800
232	19800	27000
233	16200	23400
234	16200	23400
235	9000	16200
236	9000	16200
237	19800	27000
238	16200	23400
239	10800	34200
240	16200	23400
241	14400	34200
242	12600	19800
243	19800	27000
244	23400	30600
245	9000	16200
246	27000	34200
247	14400	34200
248	12600	19800
249	9000	16200
250	23400	30600
251	16200	23400
252	12600	19800
253	12600	18900
254	14400	34200
255	16200	23400
256	12600	19800
257	12600	19800
258	12600	19800
259	14400	34200
260	14400	34200
261	12600	19800
262	19800	27000
263	14400	34200
264	12600	19800
265	23400	30600
266	10800	34200
267	14400	34200
268	9000	16200
269	14400	34200
270	27000	34200
271	23400	30600
272	12600	19800
273	12600	19800
274	27000	33300
275	27000	34200
276	12600	19800
277	14400	34200
278	9000	16200
279	14400	33300
280	23400	30600
281	14400	34200
282	14400	34200
283	19800	27000
284	10800	34200
285	19800	27000
286	19800	27000
287	16200	23400
288	19800	27000
289	27000	34200
290	9000	16200
291	16200	23400
292	16200	23400
293	14400	34200
294	16200	23400
295	16200	23400
296	27000	34200
297	16200	23400
298	16200	23400
299	16200	23400
300	9000	16200
301	9000	16200
302	19800	27000
303	16200	23400
304	16200	22500
305	14400	34200
306	16200	23400
307	16200	23400
308	12600	19800
309	14400	34200
310	23400	30600
311	9000	16200
312	14400	34200
313	12600	19800
314	19800	27000
315	19800	27000
316	16200	23400
317	14400	33300
318	23400	30600
319	14400	34200
320	16200	23400
321	14400	34200
322	16200	23400
323	12600	19800
324	16200	23400
325	14400	34200
326	16200	22500
327	27000	34200
328	27000	33300
329	12600	19800
330	9000	16200
331	14400	34200
332	16200	22500
333	14400	33300
334	14400	34200
335	27000	34200
336	14400	34200
337	19800	27000
338	14400	33300
339	14400	34200
340	14400	34200
341	14400	34200
342	14400	34200
343	12600	19800
344	23400	30600
345	14400	34200
346	12600	19800
347	9000	16200
348	16200	23400
349	9000	16200
350	23400	30600
351	10800	34200
352	14400	34200
353	12600	19800
354	14400	34200
355	16200	23400
356	12600	18900
357	16200	22500
358	12600	19800
359	12600	19800
360	12600	19800
361	14400	34200
362	14400	33300
363	16200	23400
364	14400	34200
365	16200	22500
366	9000	16200
367	16200	23400
368	16200	23400
369	10800	34200
370	16200	23400
371	16200	23400
372	16200	22500
373	16200	23400
374	14400	33300
375	23400	30600
376	12600	19800
377	12600	19800
378	12600	19800
379	14400	33300
380	14400	33300
381	23400	30600
382	14400	34200
383	9000	16200
384	9000	16200
385	12600	19800
386	12600	19800
387	9000	16200
388	19800	27000
389	27000	34200
390	9000	16200
391	10800	34200
392	14400	34200
393	9000	16200
394	9000	15300
395	16200	23400
396	27000	33300
397	12600	19800
398	12600	19800
399	10800	34200
400	23400	30600
401	12600	19800
402	16200	23400
403	23400	30600
404	10800	33300
405	27000	34200
406	14400	33300
407	14400	33300
408	14400	34200
409	14400	33300
410	27000	34200
411	16200	22500
412	16200	22500
413	12600	19800
414	12600	19800
415	14400	34200
416	14400	34200
417	12600	19800
418	19800	27000
419	12600	19800
420	16200	23400
421	27000	34200
422	12600	19800
423	14400	34200
424	19800	27000
425	12600	19800
426	16200	22500
427	12600	19800
428	12600	19800
429	16200	23400
430	12600	19800
431	14400	34200
432	16200	23400
433	12600	19800
434	10800	33300
435	14400	34200
436	16200	23400
437	14400	34200
438	12600	19800
439	12600	19800
440	27000	34200
441	10800	34200
442	14400	34200
443	14400	34200
444	14400	34200
445	14400	34200
446	27000	34200
447	14400	34200
448	23400	30600
449	12600	19800
450	27000	34200
451	14400	34200
452	27000	34200
453	16200	23400
454	12600	19800
455	16200	23400
456	10800	34200
457	16200	23400
458	12600	19800
459	14400	33300
460	10800	34200
461	19800	27000
462	14400	33300
463	14400	34200
464	14400	34200
465	16200	23400
466	14400	34200
467	19800	27000
468	14400	34200
469	14400	34200
470	23400	30600
471	10800	34200
472	27000	34200
473	23400	30600
474	27000	34200
475	23400	30600
476	14400	34200
477	14400	34200
478	14400	34200
479	10800	34200
480	14400	34200
481	12600	19800
482	14400	34200
483	19800	27000
484	16200	23400
485	12600	19800
486	23400	30600
487	16200	23400
488	27000	34200
489	16200	23400
490	23400	30600
491	16200	23400
492	16200	23400
493	14400	34200
494	10800	34200
495	19800	27000
496	14400	34200
497	16200	23400
498	23400	30600
499	14400	34200
500	12600	19800
501	16200	23400
502	16200	23400
503	19800	27000
504	27000	34200
505	19800	27000
506	14400	34200
507	14400	34200
508	23400	30600
509	16200	23400
510	12600	19800
511	14400	34200
512	23400	30600
513	14400	33300
514	14400	33300
515	14400	33300
516	16200	23400
517	19800	27000
518	14400	34200
519	19800	27000
520	19800	27000
521	14400	34200
522	14400	34200
523	14400	34200
524	14400	34200
525	16200	23400
526	12600	19800
527	23400	30600
528	16200	23400
529	19800	27000
530	14400	34200
531	14400	34200
532	12600	19800
533	23400	30600
534	14400	33300
535	12600	19800
536	27000	34200
537	12600	19800
538	12600	19800
539	16200	23400
540	19800	27000
541	27000	33300
542	14400	34200
543	14400	34200
544	14400	34200
545	19800	27000
546	19800	27000
547	12600	18900
548	16200	22500
549	19800	27000
550	19800	27000
551	23400	30600
552	16200	23400
553	16200	22500
554	14400	34200
555	19800	27000
556	23400	30600
557	23400	30600
558	23400	30600
559	14400	33300
560	16200	23400
561	16200	23400
562	16200	23400
563	16200	23400
564	14400	34200
565	16200	23400
566	14400	34200
567	19800	27000
568	19800	27000
569	27000	34200
570	14400	33300
571	10800	34200
572	19800	27000
573	23400	30600
574	19800	27000
575	14400	34200
576	14400	34200
577	16200	23400
578	14400	33300
579	27000	34200
580	19800	27000
581	14400	33300
582	27000	34200
583	10800	34200
584	14400	34200
585	14400	34200
586	14400	34200
587	27000	33300
588	19800	27000
589	14400	34200
590	14400	34200
591	19800	27000
592	14400	34200
593	23400	30600
594	16200	23400
595	14400	34200
596	23400	30600
597	16200	23400
598	10800	34200
599	27000	34200
600	23400	30600
601	16200	23400
602	23400	30600
603	16200	23400
604	16200	22500
605	14400	34200
606	19800	27000
607	23400	30600
608	19800	27000
609	16200	22500
610	14400	34200
611	14400	34200
612	16200	23400
613	27000	34200
614	14400	34200
615	16200	23400
616	16200	23400
617	14400	34200
618	14400	33300
619	19800	27000
620	27000	34200
621	23400	30600
622	23400	30600
623	10800	34200
624	16200	23400
625	14400	34200
626	23400	30600
627	14400	34200
628	19800	27000
629	14400	34200
630	19800	27000
631	27000	34200
632	10800	34200
633	19800	27000
634	19800	27000
635	14400	34200
636	14400	33300
637	16200	23400
638	19800	27000
639	23400	30600
640	14400	33300
641	14400	34200
642	19800	27000
643	14400	34200
644	14400	34200
645	16200	23400
646	14400	34200
647	16200	23400
648	27000	34200
649	14400	33300
650	27000	34200
651	14400	34200
652	19800	27000
653	16200	23400
654	14400	34200
655	27000	34200
656	14400	34200
657	14400	33300
658	19800	27000
659	14400	34200
660	14400	34200
661	27000	33300
662	14400	34200
663	14400	34200
664	27000	34200
665	16200	23400
666	10800	34200
667	23400	30600
668	16200	23400
669	14400	34200
670	19800	27000
671	16200	23400
672	27000	34200
673	23400	30600
674	10800	34200
675	14400	34200
676	16200	23400
677	14400	34200
678	14400	34200
679	23400	30600
680	14400	34200
681	14400	34200
682	14400	34200
683	19800	27000
684	23400	30600
685	14400	34200
686	19800	27000
687	14400	34200
688	23400	30600
689	19800	27000
690	19800	27000
691	19800	27000
692	14400	34200
693	10800	34200
694	23400	30600
695	10800	34200
696	14400	33300
697	19800	27000
698	14400	34200
699	23400	30600
700	14400	33300
701	14400	34200
702	27000	34200
703	14400	33300
704	19800	27000
705	23400	30600
706	14400	34200
707	14400	34200
708	23400	30600
709	14400	34200
710	14400	34200
711	27000	34200
712	19800	27000
713	27000	34200
714	27000	34200
715	19800	27000
716	23400	30600
717	14400	33300
718	19800	27000
719	14400	34200
720	19800	27000
721	14400	34200
722	14400	34200
723	19800	27000
724	10800	34200
725	23400	30600
726	23400	30600
727	14400	34200
728	23400	30600
729	19800	27000
730	14400	33300
731	10800	34200
732	14400	33300
733	14400	34200
734	19800	27000
735	23400	30600
736	14400	34200
737	10800	34200
738	14400	34200
739	14400	33300
740	14400	34200
741	14400	34200
742	27000	34200
743	27000	34200
744	14400	34200
745	23400	30600
746	14400	34200
747	19800	27000
748	27000	33300
749	10800	34200
750	14400	34200
751	14400	34200
752	14400	33300
753	14400	34200
754	14400	34200
755	23400	30600
756	27000	34200
757	14400	33300
758	14400	34200
759	14400	34200
760	14400	34200
761	23400	30600
762	23400	30600
763	14400	34200
764	14400	33300
765	19800	27000
766	14400	33300
767	10800	34200
768	14400	34200
769	23400	30600
770	14400	34200
771	19800	27000
772	23400	30600
773	19800	27000
774	23400	30600
775	23400	30600
776	14400	34200
777	14400	33300
778	27000	33300
779	14400	34200
780	23400	30600
781	14400	34200
782	14400	34200
783	27000	34200
784	23400	30600
785	14400	34200
786	14400	33300
787	14400	34200
788	14400	34200
789	10800	34200
790	14400	34200
791	14400	34200
792	14400	33300
793	14400	33300
794	23400	30600
795	23400	30600
796	10800	34200
797	14400	34200
798	23400	30600
799	14400	34200
800	14400	34200
801	27000	33300
802	23400	30600
803	27000	34200
804	27000	34200
805	27000	34200
806	27000	33300
807	27000	33300
808	23400	30600
809	27000	33300
810	14400	34200
811	14400	33300
RELEASE_TIME_SECTION
1	0
2	9000
3	9000
4	9000
5	9000
6	9000
7	9000
8	9000
9	9000
10	9000
11	9000
12	9000
13	9000
14	9000
15	9000
16	9000
17	9000
18	9000
19	9000
20	9000
21	9000
22	9000
23	9000
24	9000
25	9000
26	9000
27	9000
28	9000
29	9000
30	9000
31	9000
32	9000
33	9000
34	9000
35	9000
36	9000
37	9000
38	9000
39	9000
40	9000
41	9000
42	9000
43	9000
44	9000
45	9000
46	9000
47	9000
48	9000
49	9000
50	9000
51	9000
52	9000
53	9000
54	9000
55	9000
56	9000
57	9000
58	9000
59	9000
60	9000
61	9000
62	9000
63	9000
64	9000
65	9000
66	9000
67	9000
68	9000
69	9000
70	9000
71	9000
72	9000
73	9000
74	9000
75	9000
76	9000
77	9000
78	9000
79	9000
80	9000
81	9000
82	9000
83	9000
84	9000
85	9000
86	9000
87	9000
88	9000
89	9000
90	9000
91	9000
92	9000
93	9000
94	9000
95	9000
96	9000
97	9000
98	9000
99	9000
100	9000
101	9000
102	10800
103	10800
104	10800
105	10800
106	10800
107	10800
108	10800
109	10800
110	10800
111	10800
112	10800
113	10800
114	10800
115	10800
116	10800
117	10800
118	10800
119	10800
120	10800
121	10800
122	10800
123	10800
124	10800
125	10800
126	10800
127	10800
128	10800
129	10800
130	10800
131	10800
132	10800
133	10800
134	10800
135	10800
136	10800
137	10800
138	10800
139	10800
140	10800
141	10800
142	10800
143	10800
144	10800
145	10800
146	10800
147	10800
148	10800
149	10800
150	10800
151	10800
152	10800
153	10800
154	10800
155	10800
156	10800
157	10800
158	10800
159	10800
160	10800
161	10800
162	10800
163	10800
164	10800
165	10800
166	10800
167	10800
168	10800
169	10800
170	10800
171	10800
172	10800
173	10800
174	10800
175	10800
176	10800
177	10800
178	10800
179	10800
180	10800
181	10800
182	10800
183	10800
184	10800
185	10800
186	10800
187	10800
188	10800
189	10800
190	10800
191	10800
192	10800
193	10800
194	10800
195	10800
196	10800
197	10800
198	10800
199	10800
200	10800
201	10800
202	12600
203	12600
204	12600
205	12600
206	12600
207	12600
208	12600
209	12600
210	12600
211	12600
212	12600
213	12600
214	12600
215	12600
216	12600
217	12600
218	12600
219	12600
220	12600
221	12600
222	12600
223	12600
224	12600
225	12600
226	12600
227	12600
228	12600
229	12600
230	12600
231	12600
232	12600
233	12600
234	12600
235	12600
236	12600
237	12600
238	12600
239	12600
240	12600
241	12600
242	12600
243	12600
244	12600
245	12600
246	12600
247	12600
248	12600
249	12600
250	12600
251	12600
252	12600
253	12600
254	12600
255	12600
256	12600
257	12600
258	12600
259	12600
260	12600
261	12600
262	12600
263	12600
264	12600
265	12600
266	12600
267	12600
268	12600
269	12600
270	12600
271	12600
272	12600
273	12600
274	12600
275	12600
276	12600
277	12600
278	12600
279	12600
280	12600
281	12600
282	12600
283	12600
284	12600
285	12600
286	12600
287	12600
288	12600
289	12600
290	12600
291	12600
292	12600
293	12600
294	12600
295	12600
296	12600
297	12600
298	12600
299	12600
300	12600
301	12600
302	14400
303	14400
304	14400
305	14400
306	14400
307	14400
308	14400
309	14400
310	14400
311	14400
312	14400
313	14400
314	14400
315	14400
316	14400
317	14400
318	14400
319	14400
320	14400
321	14400
322	14400
323	14400
324	14400
325	14400
326	14400
327	14400
328	14400
329	14400
330	14400
331	14400
332	14400
333	14400
334	14400
335	14400
336	14400
337	14400
338	14400
339	14400
340	14400
341	14400
342	14400
343	14400
344	14400
345	14400
346	14400
347	14400
348	14400
349	14400
350	14400
351	14400
352	14400
353	14400
354	14400
355	14400
356	14400
357	14400
358	14400
359	14400
360	14400
361	14400
362	14400
363	14400
364	14400
365	14400
366	14400
367	14400
368	14400
369	14400
370	14400
371	14400
372	14400
373	14400
374	14400
375	14400
376	14400
377	14400
378	14400
379	14400
380	14400
381	14400
382	14400
383	14400
384	14400
385	14400
386	14400
387	14400
388	14400
389	14400
390	14400
391	14400
392	14400
393	14400
394	14400
395	14400
396	16200
397	16200
398	16200
399	16200
400	16200
401	16200
402	16200
403	16200
404	16200
405	16200
406	16200
407	16200
408	16200
409	16200
410	16200
411	16200
412	16200
413	16200
414	16200
415	16200
416	16200
417	16200
418	16200
419	16200
420	16200
421	16200
422	16200
423	16200
424	16200
425	16200
426	16200
427	16200
428	16200
429	16200
430	16200
431	16200
432	16200
433	16200
434	16200
435	16200
436	16200
437	16200
438	16200
439	16200
440	16200
441	16200
442	16200
443	16200
444	16200
445	16200
446	16200
447	16200
448	16200
449	16200
450	16200
451	16200
452	16200
453	16200
454	16200
455	16200
456	16200
457	16200
458	16200
459	16200
460	16200
461	16200
462	16200
463	16200
464	16200
465	16200
466	16200
467	16200
468	16200
469	16200
470	16200
471	16200
472	16200
473	16200
474	18000
475	18000
476	18000
477	18000
478	18000
479	18000
480	18000
481	18000
482	18000
483	18000
484	18000
485	18000
486	18000
487	18000
488	18000
489	18000
490	18000
491	18000
492	18000
493	18000
494	18000
495	18000
496	18000
497	18000
498	18000
499	18000
500	18000
501	18000
502	18000
503	18000
504	18000
505	18000
506	18000
507	18000
508	18000
509	18000
510	18000
511	18000
512	18000
513	18000
514	18000
515	18000
516	18000
517	18000
518	18000
519	18000
520	18000
521	18000
522	18000
523	18000
524	18000
525	18000
526	18000
527	18000
528	18000
529	18000
530	18000
531	18000
532	18000
533	18000
534	18000
535	18000
536	18000
537	18000
538	18000
539	18000
540	18000
541	18000
542	18000
543	18000
544	18000
545	18000
546	18000
547	18000
548	19800
549	19800
550	19800
551	19800
552	19800
553	19800
554	19800
555	19800
556	19800
557	19800
558	19800
559	19800
560	19800
561	19800
562	19800
563	19800
564	19800
565	19800
566	19800
567	19800
568	19800
569	19800
570	19800
571	19800
572	19800
573	19800
574	19800
575	19800
576	19800
577	19800
578	19800
579	19800
580	19800
581	19800
582	19800
583	19800
584	19800
585	19800
586	19800
587	19800
588	19800
589	19800
590	19800
591	19800
592	19800
593	19800
594	19800
595	19800
596	19800
597	19800
598	19800
599	19800
600	19800
601	19800
602	19800
603	19800
604	19800
605	19800
606	19800
607	19800
608	19800
609	19800
610	19800
611	19800
612	19800
613	19800
614	19800
615	19800
616	21600
617	21600
618	21600
619	21600
620	21600
621	21600
622	21600
623	21600
624	21600
625	21600
626	21600
627	21600
628	21600
629	21600
630	21600
631	21600
632	21600
633	21600
634	21600
635	21600
636	21600
637	21600
638	21600
639	21600
640	21600
641	21600
642	21600
643	21600
644	21600
645	21600
646	21600
647	21600
648	21600
649	21600
650	21600
651	21600
652	21600
653	21600
654	21600
655	21600
656	21600
657	21600
658	21600
659	21600
660	21600
661	21600
662	21600
663	21600
664	21600
665	21600
666	21600
667	21600
668	21600
669	21600
670	21600
671	21600
672	21600
673	21600
674	21600
675	21600
676	21600
677	21600
678	23400
679	23400
680	23400
681	23400
682	23400
683	23400
684	23400
685	23400
686	23400
687	23400
688	23400
689	23400
690	23400
691	23400
692	23400
693	23400
694	23400
695	23400
696	23400
697	23400
698	23400
699	23400
700	23400
701	23400
702	23400
703	23400
704	23400
705	23400
706	23400
707	23400
708	23400
709	23400
710	23400
711	23400
712	23400
713	23400
714	23400
715	23400
716	23400
717	23400
718	23400
719	23400
720	23400
721	23400
722	23400
723	23400
724	23400
725	23400
726	23400
727	23400
728	23400
729	23400
730	23400
731	25200
732	25200
733	25200
734	25200
735	25200
736	25200
737	25200
738	25200
739	25200
740	25200
741	25200
742	25200
743	25200
744	25200
745	25200
746	25200
747	25200
748	25200
749	25200
750	25200
751	25200
752	25200
753	25200
754	25200
755	25200
756	25200
757	25200
758	25200
759	25200
760	25200
761	25200
762	25200
763	25200
764	25200
765	25200
766	25200
767	25200
768	25200
769	25200
770	25200
771	25200
772	25200
773	25200
774	27000
775	27000
776	27000
777	27000
778	27000
779	27000
780	27000
781	27000
782	27000
783	27000
784	27000
785	27000
786	27000
787	27000
788	27000
789	27000
790	27000
791	27000
792	27000
793	27000
794	27000
795	27000
796	27000
797	27000
798	27000
799	27000
800	27000
801	27000
802	27000
803	27000
804	27000
805	27000
806	27000
807	27000
808	27000
809	27000
810	27000
811	27000
EOF
