NAME : ORTEC-VRPTW-ASYM-97d6ff30-d1-n1029
TYPE : VRPTW-RT
DIMENSION : 1030
EDGE_WEIGHT_TYPE : EUC_2D
CAPACITY : 145
NODE_COORD_SECTION
1	1172	2889
2	840	3411
3	390	3870
4	422	3848
5	2192	1311
6	3051	967
7	1058	3614
8	1319	3056
9	135	4056
10	682	3986
11	2708	1570
12	720	3859
13	3266	886
14	153	4062
15	2533	1072
16	3295	1260
17	3347	1880
18	1494	1810
19	1233	3602
20	400	3901
21	607	3885
22	3144	879
23	887	3597
24	1498	2028
25	514	3756
26	3534	1547
27	2248	2005
28	3077	538
29	2453	1704
30	3007	1336
31	3347	1880
32	2791	1517
33	682	3986
34	490	4003
35	2736	1630
36	3587	1296
37	3340	130
38	294	3566
39	3921	382
40	2421	1370
41	2374	1409
42	594	4038
43	1202	3148
44	822	3500
45	1042	3748
46	2891	679
47	1437	2765
48	1852	1436
49	464	3816
50	1369	3095
51	2377	1185
52	3007	1336
53	3386	1822
54	1891	2006
55	2947	696
56	2209	1076
57	199	3904
58	3196	1832
59	1001	3657
60	481	4102
61	720	3859
62	1792	1316
63	911	3724
64	80	4020
65	2841	973
66	2736	1122
67	3278	612
68	2223	1193
69	1172	2959
70	2791	1517
71	1852	1436
72	3133	903
73	2016	2311
74	2374	1409
75	2457	2114
76	3070	1187
77	183	4138
78	417	3923
79	607	3885
80	1419	1713
81	829	3777
82	1498	2028
83	1209	3700
84	446	3660
85	506	3687
86	3070	1187
87	273	4120
88	153	4062
89	608	3629
90	445	3963
91	432	4068
92	3236	754
93	4040	243
94	449	3732
95	2978	786
96	583	3645
97	1133	3281
98	321	4006
99	2871	866
100	3133	903
101	417	4122
102	403	3761
103	537	4177
104	3816	328
105	2156	1908
106	597	3764
107	1498	2028
108	666	3831
109	2160	1279
110	3404	1583
111	2223	1193
112	1967	1304
113	1280	2279
114	1634	1608
115	1185	3263
116	1480	1710
117	417	3923
118	2490	1288
119	1740	3052
120	239	3913
121	656	3370
122	472	3977
123	1669	1782
124	1268	3345
125	2841	973
126	1082	3701
127	2193	2314
128	3782	424
129	1313	3449
130	2192	1311
131	1480	1710
132	537	4177
133	3534	1547
134	199	3904
135	1119	3626
136	486	3932
137	2405	1288
138	245	4015
139	3266	886
140	3278	612
141	3951	5
142	453	3974
143	3216	993
144	3144	879
145	416	3985
146	273	4120
147	1319	3056
148	1135	3134
149	417	3923
150	474	4012
151	2752	885
152	1498	2028
153	1494	1810
154	386	4166
155	1248	3355
156	1058	3614
157	478	3981
158	378	3936
159	1498	2028
160	829	3777
161	537	4177
162	993	3277
163	1494	3238
164	1394	3138
165	1435	2327
166	656	3370
167	1471	2257
168	911	3724
169	518	3439
170	435	3902
171	333	3922
172	1493	1765
173	2223	1193
174	449	3732
175	4067	501
176	575	3752
177	197	3946
178	3416	1926
179	392	4032
180	1260	2900
181	3668	846
182	153	4062
183	2525	1329
184	446	3660
185	1185	3263
186	92	4033
187	1851	1660
188	464	3816
189	2421	1370
190	417	4122
191	2708	1570
192	3907	0
193	1280	2279
194	3007	1336
195	274	3933
196	2457	2114
197	3266	886
198	769	3852
199	1102	3222
200	1253	3506
201	417	4122
202	1967	1304
203	2193	2110
204	2260	1431
205	2574	1220
206	982	3225
207	2237	1422
208	1295	3135
209	822	3500
210	607	3885
211	506	3687
212	1419	1713
213	3668	846
214	1792	1316
215	449	3732
216	3482	1547
217	3112	555
218	1248	3355
219	3292	662
220	246	4010
221	135	4050
222	783	3287
223	288	3967
224	567	4093
225	3070	1187
226	2248	2005
227	199	3904
228	2164	2380
229	2267	1190
230	1437	2765
231	982	3225
232	1965	1205
233	938	3682
234	1295	2359
235	224	3813
236	993	3277
237	183	4138
238	1244	3545
239	1494	1810
240	666	3784
241	696	3465
242	2237	1422
243	1345	2224
244	386	4166
245	2978	786
246	2192	1311
247	224	3813
248	2156	1908
249	1196	3580
250	2269	1644
251	2223	1193
252	153	4062
253	373	4012
254	1394	3138
255	1498	2028
256	1156	3593
257	445	3963
258	417	4122
259	993	3277
260	1976	2435
261	1133	3281
262	682	3986
263	625	3921
264	873	3918
265	2377	1185
266	1045	3692
267	103	4002
268	537	4177
269	135	4050
270	3014	1409
271	3259	1224
272	1524	2611
273	908	3563
274	666	3831
275	1891	2006
276	567	4093
277	1143	3312
278	1435	2327
279	486	3932
280	153	4062
281	2760	981
282	3930	41
283	2760	981
284	682	3986
285	4067	501
286	3482	1547
287	3295	1260
288	1202	3148
289	1498	2028
290	1976	2435
291	1419	1713
292	1480	1710
293	1792	1316
294	1119	3626
295	2457	2114
296	224	3813
297	3053	767
298	1313	3449
299	1369	3095
300	537	4177
301	935	3901
302	1577	3331
303	2891	679
304	1338	3062
305	1172	2959
306	1185	3263
307	918	3339
308	416	3985
309	2026	1328
310	583	3645
311	911	3724
312	498	3683
313	135	4050
314	2841	973
315	869	3143
316	982	3225
317	1437	2765
318	1792	1316
319	2891	679
320	1426	3051
321	1553	3343
322	2588	1207
323	2374	1409
324	1626	3270
325	3196	1832
326	607	3885
327	3617	295
328	1135	3134
329	897	3661
330	1605	2437
331	1133	3281
332	2752	885
333	3133	903
334	481	4102
335	3782	424
336	2267	1190
337	486	3932
338	1045	3692
339	1295	3135
340	1493	1765
341	46	4111
342	1194	3009
343	1437	2765
344	794	3173
345	897	3661
346	1592	2212
347	3278	612
348	3051	967
349	1626	3270
350	3196	1832
351	46	4111
352	924	3589
353	478	3981
354	636	3647
355	2997	1053
356	446	3660
357	696	3465
358	3266	886
359	3216	993
360	453	3974
361	2424	1411
362	321	4006
363	3218	1042
364	1494	1810
365	2574	1220
366	1369	3095
367	1394	3138
368	289	3819
369	2525	1329
370	769	3852
371	1194	3009
372	416	3985
373	3259	1224
374	784	3537
375	1852	1436
376	3295	1260
377	3615	1786
378	1464	2596
379	2073	1728
380	1248	3355
381	3450	1611
382	3259	1224
383	906	3162
384	273	4120
385	1203	3259
386	1338	3062
387	2209	1076
388	309	3874
389	3107	901
390	1203	3259
391	2736	1122
392	313	3703
393	1280	2279
394	720	3852
395	1524	2611
396	3534	1547
397	2156	1908
398	481	4102
399	472	3977
400	2997	1053
401	3133	903
402	386	4166
403	2248	2005
404	1471	2257
405	1577	3331
406	2193	2110
407	2160	1279
408	197	3946
409	911	3724
410	1740	3052
411	3450	1611
412	1669	1782
413	1319	3056
414	1471	2257
415	3196	1832
416	486	3932
417	3236	754
418	486	3932
419	1209	3700
420	3907	0
421	274	3933
422	3587	1296
423	1553	3343
424	1338	3062
425	2405	1288
426	2708	1570
427	2778	899
428	437	3953
429	135	4056
430	311	4118
431	2588	1207
432	1969	1532
433	197	3946
434	317	4092
435	1526	2060
436	1196	3580
437	2342	1770
438	1194	3009
439	769	3852
440	597	3764
441	2267	1190
442	321	4006
443	582	3937
444	1196	3580
445	1813	1379
446	498	3683
447	309	3874
448	4040	243
449	243	4083
450	2490	1288
451	474	4012
452	2463	1158
453	1135	3134
454	1435	2327
455	416	3985
456	368	3876
457	585	4127
458	1435	2327
459	594	4038
460	1049	3728
461	1432	2078
462	2421	1370
463	2510	1289
464	1295	2359
465	2978	786
466	3171	1013
467	957	3106
468	514	3756
469	1553	3343
470	537	4177
471	481	3930
472	1338	3062
473	135	4056
474	3555	460
475	2463	1158
476	1364	3346
477	636	3647
478	540	3751
479	3951	5
480	1626	3270
481	2421	1370
482	435	3902
483	2253	1985
484	3007	1336
485	1976	2435
486	3907	0
487	1592	2212
488	321	4007
489	390	3870
490	197	3946
491	1493	1765
492	2588	1207
493	2533	1072
494	2424	1411
495	1969	1532
496	1248	3355
497	414	3783
498	373	3663
499	1045	3692
500	1364	3346
501	775	3603
502	1585	2239
503	783	3287
504	1248	3355
505	1658	2099
506	1280	2279
507	540	3751
508	3347	1880
509	2426	1447
510	2533	1072
511	1571	1863
512	0	3859
513	2192	1311
514	1571	1863
515	464	3816
516	1102	3222
517	932	3394
518	1058	3614
519	2160	1279
520	3077	538
521	2525	1329
522	656	3370
523	1319	3056
524	3966	627
525	368	3876
526	2708	1570
527	1435	2327
528	3295	1260
529	2405	1288
530	321	4007
531	3266	886
532	1313	3449
533	3587	1296
534	794	3173
535	3617	295
536	417	3923
537	1257	3571
538	720	3852
539	897	3661
540	432	4068
541	2791	1517
542	3278	612
543	869	3143
544	2891	679
545	3720	482
546	908	3563
547	2525	1329
548	2377	1185
549	1471	2257
550	2736	1122
551	153	4062
552	311	4118
553	3025	948
554	1369	3095
555	486	3932
556	1233	3602
557	1965	1205
558	287	3971
559	3278	612
560	1058	3614
561	1196	3580
562	2776	953
563	1969	1532
564	400	3901
565	1001	3657
566	3816	328
567	1346	2629
568	720	3859
569	435	3902
570	1592	2212
571	1024	3641
572	993	3277
573	498	3683
574	1464	2596
575	2405	1288
576	1203	3259
577	490	4003
578	2760	981
579	80	4020
580	472	3977
581	1626	3270
582	2533	1072
583	720	3859
584	1437	2765
585	3930	41
586	1280	2279
587	1976	2435
588	3266	886
589	1493	1765
590	1133	3281
591	3019	1282
592	1510	3474
593	1253	3506
594	274	3933
595	2026	1328
596	775	3603
597	435	4001
598	1605	2437
599	957	3106
600	720	3859
601	1740	3052
602	1526	2060
603	2791	736
604	3077	538
605	432	3887
606	1280	2279
607	288	3967
608	3051	967
609	478	3981
610	287	3971
611	1480	1710
612	3051	967
613	537	4177
614	2118	2469
615	398	3806
616	608	3629
617	2086	2180
618	1592	2212
619	103	4002
620	3668	846
621	2342	1770
622	245	4015
623	417	4122
624	1164	3600
625	1592	2212
626	1133	3281
627	2776	953
628	3340	130
629	2156	1908
630	417	3923
631	1781	2117
632	432	3887
633	2453	1704
634	794	3173
635	763	3503
636	481	3930
637	1494	3238
638	2421	1370
639	537	4177
640	4067	501
641	2192	1311
642	1058	3614
643	2947	696
644	666	3831
645	311	4118
646	582	3937
647	1280	2279
648	1524	2611
649	1419	1713
650	222	3624
651	1426	3051
652	3093	688
653	3088	1431
654	1464	2596
655	1058	3614
656	982	3225
657	3816	328
658	1319	3056
659	403	3761
660	1394	3138
661	1345	2224
662	1119	3626
663	1851	1660
664	1295	2359
665	1605	2437
666	2339	1379
667	1295	2359
668	1471	2257
669	3019	847
670	3295	1260
671	194	4018
672	1571	1863
673	1203	3259
674	3404	1583
675	575	3752
676	368	3876
677	1969	1532
678	1526	2060
679	1058	3614
680	153	4062
681	1257	3571
682	1135	3134
683	183	4138
684	869	3143
685	924	3589
686	506	3988
687	1553	3343
688	1850	1405
689	417	4122
690	2398	1260
691	2736	1630
692	2453	1704
693	1172	2959
694	720	3859
695	1338	3062
696	897	3661
697	373	3663
698	1072	3103
699	170	3897
700	1172	2959
701	1244	3545
702	873	3918
703	1967	1304
704	3617	295
705	1494	3238
706	3014	1409
707	2160	1279
708	1658	2099
709	537	4177
710	1313	3449
711	1202	3148
712	398	3806
713	289	3819
714	1298	2335
715	373	4012
716	321	4006
717	2160	1279
718	2026	1328
719	1471	2257
720	2545	1182
721	1102	3222
722	2791	1517
723	2978	786
724	486	3932
725	3019	847
726	514	3756
727	222	3624
728	3587	1296
729	2160	1279
730	2795	1099
731	1792	1316
732	2267	1190
733	582	3937
734	3966	627
735	3404	1583
736	3416	1926
737	2350	1628
738	1049	3728
739	246	4010
740	567	4093
741	1419	1713
742	2405	1288
743	919	3317
744	2453	1704
745	656	3370
746	199	3904
747	1965	1205
748	1592	2212
749	2118	2469
750	3007	1336
751	1185	3263
752	2339	1379
753	887	3597
754	567	4093
755	112	4116
756	1792	1316
757	783	3287
758	869	3143
759	1464	2596
760	957	3106
761	1965	1205
762	873	3918
763	224	3813
764	938	3682
765	2405	1288
766	313	3703
767	993	3277
768	245	4015
769	2891	679
770	1345	2224
771	3404	1583
772	1498	2028
773	1976	2435
774	666	3831
775	572	4159
776	666	3784
777	449	3732
778	1092	3197
779	3720	482
780	1435	2327
781	1682	3192
782	2871	866
783	1042	3748
784	583	3645
785	1082	3701
786	993	3277
787	2350	1628
788	666	3784
789	1443	2765
790	3482	1547
791	2978	786
792	627	3341
793	603	3663
794	435	4001
795	3617	295
796	1510	3474
797	474	4012
798	2253	1985
799	3266	886
800	2374	1409
801	906	3162
802	1202	3148
803	435	3902
804	794	3173
805	317	4092
806	3093	688
807	422	3848
808	3107	901
809	1969	1532
810	2193	2314
811	1049	3728
812	1426	3051
813	3587	1296
814	822	3500
815	3259	1224
816	506	3687
817	897	3661
818	481	4102
819	4040	243
820	2457	2114
821	603	3663
822	135	4056
823	3259	1224
824	3386	1822
825	3278	612
826	1156	3593
827	112	4116
828	294	3566
829	1209	3700
830	243	4083
831	1582	3158
832	294	3566
833	763	3503
834	993	3277
835	2267	1190
836	2339	1379
837	1781	2117
838	453	3974
839	313	3703
840	3088	1431
841	1260	2900
842	2525	1329
843	92	4033
844	2374	1417
845	3236	754
846	2374	1417
847	720	3859
848	506	3988
849	2193	2110
850	3482	1547
851	627	3341
852	2891	679
853	2209	1076
854	1792	1316
855	422	3848
856	1001	3657
857	194	4018
858	696	3465
859	414	3783
860	2350	1628
861	763	3503
862	2118	2469
863	514	3756
864	1209	3700
865	2510	1289
866	449	3732
867	3720	482
868	1156	3593
869	317	4092
870	153	4062
871	390	3870
872	506	3988
873	1172	2959
874	4040	243
875	932	3394
876	2209	1076
877	572	4159
878	3266	886
879	840	3411
880	2350	1628
881	2791	1517
882	3266	886
883	3019	847
884	2871	866
885	982	3225
886	3587	1296
887	656	3370
888	2374	1417
889	3450	1611
890	720	3852
891	1443	2765
892	373	3663
893	46	4111
894	1092	3197
895	321	4006
896	2237	1422
897	1498	2028
898	1295	2359
899	516	3990
900	1582	3158
901	2791	736
902	935	3901
903	2016	2311
904	3088	1431
905	2778	899
906	2267	1190
907	784	3537
908	3133	903
909	2269	1644
910	1295	2359
911	1369	3095
912	769	3852
913	537	4177
914	594	4038
915	2457	2114
916	2398	1260
917	2545	1182
918	2891	679
919	720	3859
920	373	4012
921	2086	2180
922	422	3848
923	2118	2469
924	1553	3343
925	1092	3197
926	1582	3158
927	2891	679
928	2192	1311
929	636	3647
930	490	4003
931	3416	1926
932	2016	2311
933	1394	3138
934	368	3876
935	317	4092
936	2778	899
937	1577	3331
938	582	3937
939	3236	754
940	445	3963
941	246	4010
942	1494	1810
943	222	3624
944	183	4138
945	1319	3056
946	1042	3748
947	2490	1288
948	311	4118
949	911	3724
950	3555	460
951	567	4093
952	309	3874
953	1194	3009
954	3236	754
955	1494	3238
956	585	4127
957	3196	1832
958	3555	460
959	392	4032
960	993	3277
961	3007	1336
962	2118	2469
963	1553	3343
964	887	3597
965	1135	3134
966	273	4120
967	3347	1880
968	2795	1099
969	1592	2212
970	1319	3056
971	199	3904
972	392	4032
973	1553	3343
974	1295	2359
975	170	3897
976	377	3624
977	2164	2380
978	918	3339
979	1577	3331
980	1049	3728
981	274	3933
982	575	3752
983	3107	901
984	3025	948
985	2791	736
986	1295	2359
987	1172	2959
988	432	4068
989	2588	1207
990	1493	1765
991	908	3563
992	3158	740
993	3088	1431
994	3347	1880
995	1740	3052
996	769	3852
997	2947	696
998	1688	2521
999	1524	2611
1000	1164	3600
1001	932	3394
1002	478	3981
1003	2778	899
1004	1233	3602
1005	1440	3374
1006	1976	2435
1007	3534	1547
1008	294	3566
1009	3216	993
1010	1058	3614
1011	829	3777
1012	666	3831
1013	245	4015
1014	2463	1158
1015	2871	866
1016	287	3971
1017	3404	1583
1018	1233	3602
1019	1682	3192
1020	80	4020
1021	3907	0
1022	775	3603
1023	583	3645
1024	432	3887
1025	2736	1630
1026	696	3465
1027	453	3974
1028	287	3971
1029	514	3756
1030	2680	1002
DEMAND_SECTION
1	0
2	9
3	9
4	9
5	5
6	7
7	9
8	8
9	7
10	11
11	5
12	2
13	5
14	4
15	4
16	3
17	5
18	6
19	7
20	14
21	4
22	8
23	8
24	5
25	7
26	11
27	7
28	4
29	11
30	5
31	9
32	3
33	7
34	6
35	11
36	5
37	5
38	5
39	7
40	9
41	5
42	6
43	5
44	6
45	10
46	6
47	11
48	8
49	5
50	11
51	6
52	6
53	11
54	5
55	6
56	11
57	6
58	5
59	3
60	6
61	9
62	9
63	5
64	5
65	5
66	10
67	8
68	7
69	8
70	7
71	9
72	8
73	3
74	8
75	3
76	4
77	7
78	7
79	12
80	10
81	3
82	6
83	5
84	9
85	3
86	2
87	8
88	4
89	2
90	3
91	3
92	7
93	6
94	6
95	4
96	3
97	7
98	5
99	6
100	10
101	9
102	4
103	6
104	12
105	4
106	9
107	7
108	8
109	5
110	12
111	6
112	5
113	4
114	10
115	5
116	9
117	10
118	7
119	7
120	4
121	5
122	9
123	3
124	9
125	5
126	5
127	10
128	4
129	10
130	8
131	5
132	7
133	5
134	4
135	5
136	9
137	4
138	3
139	6
140	7
141	7
142	5
143	8
144	7
145	13
146	8
147	6
148	5
149	8
150	4
151	8
152	3
153	9
154	5
155	4
156	5
157	7
158	6
159	4
160	6
161	8
162	10
163	4
164	4
165	7
166	7
167	7
168	9
169	6
170	3
171	7
172	4
173	13
174	8
175	4
176	4
177	9
178	4
179	6
180	7
181	9
182	5
183	3
184	14
185	5
186	3
187	7
188	13
189	6
190	10
191	8
192	7
193	3
194	8
195	5
196	8
197	7
198	8
199	10
200	4
201	3
202	5
203	6
204	8
205	17
206	4
207	6
208	6
209	9
210	5
211	3
212	5
213	13
214	8
215	4
216	19
217	11
218	5
219	6
220	7
221	13
222	4
223	4
224	7
225	7
226	13
227	7
228	2
229	6
230	9
231	6
232	4
233	6
234	6
235	10
236	3
237	7
238	8
239	5
240	4
241	8
242	5
243	10
244	8
245	7
246	4
247	8
248	6
249	3
250	4
251	7
252	8
253	10
254	9
255	8
256	5
257	7
258	7
259	7
260	3
261	13
262	4
263	7
264	6
265	5
266	5
267	9
268	6
269	9
270	7
271	4
272	5
273	7
274	3
275	10
276	7
277	7
278	6
279	8
280	6
281	6
282	6
283	8
284	7
285	7
286	9
287	6
288	4
289	3
290	4
291	3
292	4
293	3
294	8
295	4
296	9
297	8
298	6
299	6
300	3
301	6
302	6
303	6
304	5
305	3
306	8
307	7
308	7
309	5
310	2
311	6
312	3
313	7
314	5
315	11
316	4
317	7
318	6
319	5
320	6
321	6
322	7
323	5
324	8
325	4
326	7
327	9
328	7
329	7
330	4
331	4
332	5
333	7
334	7
335	5
336	6
337	4
338	5
339	9
340	7
341	3
342	5
343	3
344	4
345	10
346	5
347	18
348	5
349	7
350	3
351	4
352	7
353	11
354	4
355	7
356	7
357	12
358	9
359	6
360	6
361	10
362	5
363	5
364	2
365	3
366	5
367	8
368	7
369	8
370	8
371	3
372	6
373	5
374	4
375	9
376	4
377	6
378	5
379	4
380	4
381	7
382	8
383	6
384	8
385	8
386	7
387	6
388	7
389	7
390	8
391	4
392	6
393	9
394	3
395	3
396	10
397	3
398	7
399	8
400	5
401	6
402	5
403	6
404	4
405	3
406	5
407	7
408	9
409	9
410	5
411	10
412	6
413	10
414	7
415	3
416	5
417	4
418	7
419	7
420	17
421	5
422	8
423	4
424	5
425	6
426	7
427	6
428	11
429	10
430	4
431	5
432	6
433	4
434	3
435	7
436	6
437	5
438	8
439	7
440	6
441	2
442	6
443	4
444	5
445	13
446	4
447	8
448	7
449	6
450	9
451	11
452	3
453	9
454	9
455	7
456	4
457	8
458	7
459	14
460	4
461	5
462	6
463	4
464	3
465	7
466	7
467	10
468	6
469	4
470	6
471	3
472	13
473	7
474	5
475	4
476	7
477	5
478	9
479	4
480	5
481	5
482	6
483	9
484	6
485	6
486	4
487	12
488	7
489	8
490	6
491	8
492	6
493	7
494	4
495	7
496	7
497	6
498	7
499	8
500	5
501	9
502	8
503	13
504	7
505	9
506	6
507	6
508	6
509	7
510	5
511	6
512	3
513	8
514	9
515	5
516	9
517	5
518	5
519	9
520	7
521	8
522	9
523	7
524	7
525	3
526	10
527	7
528	6
529	18
530	9
531	10
532	4
533	6
534	5
535	4
536	8
537	11
538	3
539	9
540	7
541	11
542	7
543	5
544	7
545	3
546	3
547	9
548	6
549	6
550	4
551	3
552	12
553	9
554	3
555	4
556	5
557	7
558	6
559	9
560	4
561	4
562	9
563	3
564	7
565	1
566	3
567	9
568	6
569	6
570	5
571	11
572	3
573	4
574	5
575	8
576	5
577	3
578	5
579	7
580	10
581	9
582	7
583	6
584	4
585	5
586	8
587	4
588	9
589	6
590	11
591	6
592	8
593	13
594	13
595	5
596	8
597	4
598	4
599	6
600	5
601	7
602	8
603	4
604	9
605	3
606	7
607	5
608	10
609	8
610	5
611	9
612	6
613	5
614	4
615	4
616	9
617	3
618	11
619	13
620	5
621	8
622	4
623	6
624	5
625	5
626	4
627	10
628	5
629	9
630	7
631	9
632	7
633	6
634	3
635	8
636	17
637	5
638	5
639	5
640	5
641	3
642	7
643	3
644	5
645	6
646	4
647	5
648	5
649	5
650	5
651	3
652	6
653	8
654	5
655	8
656	8
657	11
658	8
659	5
660	11
661	11
662	7
663	8
664	4
665	5
666	3
667	7
668	9
669	10
670	6
671	11
672	3
673	7
674	4
675	3
676	4
677	5
678	4
679	5
680	6
681	7
682	3
683	4
684	9
685	7
686	5
687	3
688	8
689	6
690	5
691	5
692	6
693	8
694	4
695	11
696	6
697	7
698	6
699	5
700	8
701	9
702	13
703	13
704	4
705	4
706	6
707	5
708	11
709	4
710	4
711	5
712	6
713	5
714	7
715	9
716	5
717	8
718	5
719	4
720	8
721	6
722	3
723	5
724	5
725	5
726	3
727	10
728	4
729	9
730	7
731	5
732	6
733	5
734	7
735	12
736	6
737	12
738	8
739	11
740	8
741	8
742	4
743	8
744	9
745	6
746	6
747	8
748	6
749	6
750	18
751	5
752	6
753	7
754	3
755	6
756	6
757	5
758	7
759	19
760	5
761	4
762	8
763	6
764	10
765	6
766	6
767	4
768	6
769	9
770	3
771	3
772	4
773	5
774	5
775	8
776	4
777	10
778	2
779	5
780	6
781	3
782	8
783	7
784	6
785	6
786	5
787	8
788	7
789	5
790	12
791	5
792	3
793	4
794	4
795	14
796	8
797	7
798	5
799	3
800	3
801	6
802	5
803	6
804	4
805	9
806	11
807	5
808	9
809	8
810	6
811	6
812	7
813	8
814	6
815	10
816	6
817	4
818	5
819	4
820	6
821	7
822	10
823	7
824	11
825	8
826	6
827	7
828	11
829	6
830	7
831	3
832	5
833	10
834	8
835	5
836	6
837	6
838	9
839	4
840	5
841	4
842	10
843	3
844	9
845	17
846	10
847	6
848	7
849	13
850	10
851	7
852	5
853	8
854	8
855	7
856	6
857	9
858	9
859	6
860	7
861	10
862	5
863	7
864	5
865	9
866	7
867	14
868	3
869	8
870	19
871	5
872	7
873	6
874	5
875	14
876	4
877	9
878	7
879	9
880	6
881	7
882	4
883	8
884	6
885	5
886	10
887	5
888	7
889	4
890	9
891	10
892	9
893	5
894	4
895	5
896	4
897	5
898	4
899	10
900	3
901	6
902	8
903	3
904	9
905	6
906	5
907	4
908	5
909	4
910	5
911	4
912	6
913	5
914	3
915	14
916	14
917	14
918	9
919	5
920	7
921	4
922	6
923	8
924	6
925	7
926	7
927	3
928	4
929	4
930	5
931	3
932	8
933	6
934	5
935	9
936	6
937	12
938	5
939	6
940	5
941	5
942	9
943	6
944	5
945	2
946	14
947	5
948	6
949	3
950	4
951	4
952	5
953	6
954	5
955	3
956	5
957	7
958	5
959	6
960	7
961	3
962	11
963	5
964	3
965	9
966	5
967	8
968	6
969	10
970	6
971	3
972	7
973	6
974	6
975	4
976	6
977	6
978	3
979	9
980	10
981	6
982	7
983	4
984	5
985	5
986	6
987	4
988	6
989	6
990	9
991	8
992	9
993	4
994	4
995	5
996	3
997	3
998	6
999	6
1000	8
1001	7
1002	5
1003	6
1004	10
1005	6
1006	3
1007	6
1008	8
1009	10
1010	5
1011	10
1012	7
1013	5
1014	5
1015	6
1016	9
1017	11
1018	7
1019	8
1020	3
1021	6
1022	9
1023	6
1024	4
1025	5
1026	11
1027	3
1028	5
1029	7
1030	7
DEPOT_SECTION
1
-1
SERVICE_TIME_SECTION
1	0
2	360
3	540
4	360
5	420
6	360
7	420
8	840
9	540
10	480
11	540
12	600
13	240
14	1020
15	300
16	300
17	480
18	540
19	540
20	240
21	720
22	480
23	300
24	660
25	240
26	600
27	600
28	540
29	360
30	420
31	420
32	300
33	360
34	1080
35	1140
36	900
37	540
38	720
39	960
40	600
41	900
42	1020
43	300
44	480
45	420
46	480
47	600
48	540
49	540
50	540
51	540
52	1140
53	660
54	540
55	480
56	360
57	720
58	660
59	1080
60	1320
61	240
62	240
63	600
64	420
65	360
66	420
67	540
68	660
69	480
70	420
71	480
72	420
73	600
74	480
75	900
76	420
77	420
78	360
79	420
80	300
81	360
82	600
83	540
84	600
85	360
86	1080
87	480
88	480
89	420
90	360
91	1080
92	420
93	360
94	480
95	300
96	540
97	660
98	720
99	360
100	360
101	660
102	780
103	600
104	480
105	360
106	420
107	660
108	600
109	600
110	660
111	780
112	300
113	780
114	660
115	480
116	240
117	480
118	600
119	300
120	480
121	540
122	600
123	420
124	360
125	240
126	540
127	480
128	300
129	840
130	360
131	780
132	420
133	720
134	360
135	420
136	600
137	480
138	480
139	420
140	1080
141	360
142	660
143	480
144	240
145	900
146	360
147	420
148	240
149	240
150	240
151	960
152	360
153	360
154	660
155	420
156	360
157	420
158	960
159	480
160	900
161	420
162	600
163	480
164	480
165	540
166	720
167	300
168	780
169	600
170	240
171	420
172	300
173	420
174	540
175	420
176	540
177	480
178	240
179	780
180	300
181	480
182	540
183	360
184	540
185	780
186	480
187	480
188	900
189	360
190	540
191	420
192	360
193	360
194	720
195	240
196	600
197	720
198	600
199	420
200	600
201	360
202	1080
203	480
204	360
205	240
206	240
207	480
208	720
209	720
210	960
211	540
212	300
213	300
214	660
215	600
216	480
217	1140
218	540
219	540
220	480
221	360
222	660
223	240
224	240
225	420
226	780
227	660
228	420
229	360
230	300
231	540
232	1080
233	420
234	600
235	300
236	420
237	600
238	660
239	660
240	360
241	600
242	600
243	960
244	480
245	360
246	360
247	660
248	1140
249	1260
250	420
251	420
252	480
253	240
254	540
255	780
256	480
257	480
258	540
259	600
260	1260
261	840
262	720
263	300
264	540
265	840
266	1140
267	420
268	240
269	420
270	420
271	480
272	420
273	420
274	540
275	660
276	480
277	480
278	540
279	420
280	720
281	1020
282	660
283	780
284	480
285	360
286	600
287	420
288	360
289	360
290	360
291	660
292	300
293	420
294	480
295	540
296	540
297	420
298	600
299	540
300	360
301	420
302	660
303	360
304	360
305	660
306	480
307	780
308	480
309	420
310	660
311	780
312	300
313	240
314	960
315	300
316	300
317	480
318	660
319	480
320	300
321	420
322	360
323	1020
324	480
325	480
326	540
327	360
328	600
329	300
330	360
331	420
332	360
333	780
334	660
335	420
336	840
337	360
338	360
339	420
340	660
341	480
342	300
343	360
344	600
345	420
346	420
347	1260
348	240
349	480
350	480
351	300
352	360
353	360
354	360
355	840
356	1080
357	300
358	480
359	900
360	540
361	540
362	480
363	1260
364	540
365	540
366	600
367	360
368	420
369	540
370	420
371	1140
372	420
373	240
374	780
375	600
376	300
377	420
378	240
379	660
380	720
381	780
382	240
383	360
384	480
385	420
386	540
387	420
388	960
389	480
390	540
391	540
392	960
393	960
394	600
395	900
396	420
397	480
398	540
399	600
400	420
401	420
402	600
403	480
404	300
405	300
406	660
407	480
408	480
409	420
410	1320
411	540
412	300
413	540
414	840
415	540
416	420
417	420
418	480
419	840
420	480
421	480
422	840
423	720
424	300
425	300
426	780
427	240
428	420
429	660
430	300
431	600
432	300
433	600
434	900
435	780
436	300
437	480
438	1020
439	600
440	1020
441	240
442	900
443	420
444	420
445	540
446	360
447	660
448	480
449	300
450	660
451	300
452	540
453	540
454	360
455	540
456	420
457	660
458	660
459	420
460	540
461	420
462	480
463	420
464	360
465	480
466	780
467	360
468	540
469	420
470	720
471	300
472	480
473	480
474	720
475	300
476	540
477	660
478	1080
479	480
480	660
481	300
482	540
483	660
484	660
485	540
486	540
487	600
488	300
489	480
490	600
491	480
492	420
493	540
494	720
495	300
496	600
497	660
498	300
499	360
500	720
501	360
502	660
503	360
504	720
505	480
506	480
507	420
508	360
509	600
510	600
511	360
512	840
513	660
514	660
515	540
516	1020
517	600
518	600
519	420
520	720
521	480
522	780
523	660
524	300
525	360
526	300
527	420
528	300
529	960
530	780
531	360
532	480
533	660
534	300
535	300
536	600
537	420
538	660
539	540
540	1020
541	720
542	360
543	480
544	900
545	540
546	240
547	480
548	900
549	480
550	1140
551	540
552	540
553	1140
554	420
555	360
556	300
557	300
558	720
559	420
560	540
561	360
562	300
563	240
564	660
565	240
566	780
567	360
568	840
569	660
570	360
571	480
572	600
573	420
574	660
575	540
576	720
577	420
578	360
579	540
580	480
581	480
582	480
583	480
584	360
585	360
586	960
587	540
588	720
589	600
590	240
591	540
592	540
593	360
594	480
595	300
596	540
597	660
598	240
599	420
600	300
601	540
602	240
603	540
604	300
605	480
606	480
607	420
608	480
609	720
610	600
611	300
612	840
613	360
614	420
615	540
616	660
617	600
618	600
619	780
620	720
621	480
622	480
623	360
624	420
625	780
626	540
627	900
628	360
629	600
630	600
631	420
632	540
633	420
634	1080
635	420
636	240
637	780
638	600
639	360
640	240
641	660
642	480
643	540
644	300
645	540
646	300
647	540
648	420
649	480
650	600
651	660
652	420
653	480
654	360
655	420
656	600
657	1320
658	300
659	360
660	420
661	540
662	360
663	420
664	540
665	540
666	600
667	780
668	360
669	780
670	660
671	1020
672	300
673	600
674	180
675	180
676	720
677	360
678	540
679	360
680	660
681	300
682	420
683	600
684	1320
685	420
686	240
687	360
688	840
689	420
690	540
691	360
692	480
693	540
694	660
695	420
696	1080
697	360
698	480
699	600
700	660
701	540
702	540
703	480
704	300
705	480
706	600
707	540
708	300
709	300
710	780
711	420
712	480
713	360
714	600
715	480
716	600
717	420
718	420
719	300
720	360
721	600
722	420
723	480
724	360
725	600
726	420
727	840
728	900
729	600
730	540
731	360
732	600
733	420
734	540
735	420
736	180
737	660
738	600
739	420
740	840
741	300
742	720
743	660
744	660
745	480
746	600
747	480
748	540
749	540
750	360
751	360
752	420
753	420
754	1020
755	600
756	900
757	300
758	480
759	360
760	420
761	420
762	420
763	840
764	660
765	900
766	300
767	600
768	360
769	600
770	600
771	360
772	660
773	420
774	600
775	660
776	660
777	480
778	420
779	480
780	420
781	420
782	360
783	540
784	360
785	660
786	360
787	600
788	480
789	360
790	540
791	1080
792	660
793	480
794	540
795	480
796	540
797	480
798	960
799	600
800	300
801	540
802	600
803	540
804	780
805	600
806	360
807	540
808	420
809	300
810	360
811	420
812	360
813	480
814	540
815	300
816	300
817	480
818	360
819	600
820	420
821	540
822	360
823	360
824	300
825	780
826	420
827	660
828	300
829	660
830	660
831	540
832	600
833	960
834	540
835	480
836	420
837	540
838	240
839	300
840	480
841	540
842	360
843	420
844	360
845	540
846	480
847	480
848	420
849	600
850	540
851	660
852	240
853	420
854	1020
855	420
856	420
857	600
858	660
859	540
860	240
861	840
862	420
863	780
864	480
865	480
866	660
867	600
868	480
869	720
870	540
871	600
872	600
873	540
874	780
875	900
876	540
877	420
878	540
879	360
880	960
881	840
882	780
883	780
884	420
885	240
886	540
887	300
888	660
889	720
890	480
891	360
892	720
893	540
894	1080
895	360
896	600
897	360
898	660
899	360
900	300
901	300
902	480
903	540
904	420
905	360
906	360
907	420
908	420
909	780
910	300
911	300
912	540
913	420
914	540
915	420
916	420
917	660
918	600
919	660
920	300
921	300
922	240
923	360
924	540
925	540
926	540
927	780
928	420
929	420
930	360
931	420
932	300
933	840
934	360
935	540
936	180
937	660
938	480
939	900
940	300
941	480
942	360
943	420
944	540
945	300
946	360
947	600
948	600
949	600
950	420
951	600
952	480
953	720
954	300
955	540
956	480
957	360
958	360
959	360
960	660
961	720
962	360
963	420
964	180
965	540
966	600
967	300
968	540
969	660
970	180
971	540
972	660
973	420
974	300
975	660
976	240
977	360
978	240
979	540
980	600
981	480
982	180
983	840
984	660
985	300
986	480
987	360
988	420
989	540
990	420
991	420
992	600
993	360
994	780
995	480
996	780
997	420
998	660
999	900
1000	420
1001	360
1002	540
1003	240
1004	420
1005	480
1006	480
1007	660
1008	600
1009	600
1010	420
1011	360
1012	360
1013	300
1014	360
1015	780
1016	540
1017	360
1018	360
1019	420
1020	360
1021	960
1022	600
1023	600
1024	600
1025	480
1026	480
1027	540
1028	420
1029	1020
1030	360
TIME_WINDOW_SECTION
1	0	45000
2	4800	12300
3	12000	19500
4	8400	15300
5	8400	15900
6	15600	23100
7	22800	30300
8	12000	19500
9	6600	30300
10	22800	30300
11	13800	33900
12	15600	23100
13	30000	37500
14	8400	15900
15	26400	33900
16	15600	23100
17	22800	30300
18	8400	19500
19	6600	30300
20	8400	15900
21	12000	19500
22	19200	26700
23	8400	15900
24	15600	23100
25	12000	19500
26	4800	12300
27	8400	15900
28	15600	23100
29	19200	26700
30	26400	33900
31	15600	26700
32	4800	12300
33	22800	30300
34	15600	23100
35	12000	19500
36	4800	12300
37	19200	26700
38	12000	19500
39	15600	23100
40	22800	30300
41	15600	23100
42	19200	26700
43	19200	26700
44	12000	19500
45	4800	12300
46	4800	12300
47	8400	15900
48	15600	23100
49	4800	12300
50	6600	30300
51	26400	33900
52	22800	30300
53	19200	26700
54	4800	12300
55	15600	23100
56	12000	19500
57	15600	23100
58	19200	26700
59	8400	15900
60	22800	30300
61	12000	19500
62	22800	30300
63	4800	12300
64	12000	19500
65	26400	33900
66	19200	26700
67	4800	12300
68	6600	30300
69	15600	22500
70	22800	30300
71	15600	23100
72	4800	12300
73	6600	30300
74	19200	26700
75	26400	33900
76	6600	30300
77	12000	19500
78	8400	15900
79	19200	26700
80	15600	23100
81	8400	15900
82	15600	23100
83	4800	12300
84	15600	26700
85	6600	30300
86	12000	19500
87	12000	19500
88	12000	19500
89	8400	15900
90	4800	12300
91	13800	33300
92	15600	26700
93	4800	12300
94	22800	30300
95	13800	33900
96	12000	19500
97	15600	23100
98	13800	33300
99	13800	33300
100	6600	30300
101	26400	33900
102	4800	12300
103	6600	30300
104	4800	12300
105	12000	19500
106	15600	23100
107	15600	23100
108	15600	23100
109	26400	33900
110	19200	26700
111	12000	19500
112	12000	19500
113	19200	26700
114	12000	19500
115	22800	30300
116	6600	30300
117	8400	15900
118	15600	23100
119	8400	15900
120	8400	15900
121	12000	19500
122	30000	37500
123	12000	19500
124	15600	23100
125	22800	30300
126	19200	26700
127	22800	30300
128	13800	33900
129	8400	15900
130	15600	23100
131	22800	30300
132	15600	23100
133	15600	23100
134	19200	26700
135	4800	12300
136	19200	26700
137	15600	23100
138	6600	30300
139	12000	19500
140	12000	19500
141	22800	30300
142	15600	23100
143	13800	33900
144	15600	26700
145	26400	33900
146	12000	19500
147	26400	33900
148	6600	30300
149	30000	37500
150	8400	15900
151	26400	33900
152	12000	19500
153	19200	26700
154	12000	19500
155	19200	26700
156	12000	19500
157	19200	26700
158	19200	26700
159	13800	33300
160	19200	26700
161	15600	23100
162	15600	23100
163	15600	23100
164	8400	15900
165	15600	23100
166	19200	26700
167	19200	26700
168	8400	15900
169	22800	30300
170	8400	19500
171	8400	15900
172	26400	33900
173	30000	37500
174	19200	26700
175	15600	23100
176	8400	19500
177	8400	15900
178	6600	30300
179	8400	15900
180	8400	15900
181	13800	33900
182	12000	19500
183	6600	30300
184	12000	19500
185	15600	23100
186	8400	15900
187	22800	30300
188	12000	19500
189	26400	33900
190	12000	19500
191	19200	26700
192	12000	19500
193	13800	33900
194	13800	33300
195	15600	23100
196	4800	12300
197	26400	33900
198	15600	26700
199	4800	12300
200	15600	23100
201	4800	12300
202	8400	15900
203	26400	33900
204	26400	33900
205	19200	26700
206	8400	15900
207	19200	26700
208	4800	12300
209	13800	33300
210	4800	12300
211	15600	23100
212	13800	33900
213	4800	12300
214	13800	33900
215	8400	15900
216	26400	33900
217	8400	15900
218	8400	15900
219	12000	19500
220	22800	30300
221	22800	30300
222	4800	12300
223	15600	23100
224	15600	23100
225	12000	19500
226	22800	30300
227	12000	19500
228	8400	15900
229	22800	30300
230	6600	30300
231	12000	19500
232	19200	26700
233	19200	26700
234	19200	26700
235	8400	15900
236	4800	12300
237	19200	26700
238	13800	33300
239	15600	23100
240	13800	33900
241	26400	33900
242	12000	19500
243	19200	26700
244	4800	12300
245	15600	23100
246	26400	33900
247	4800	12300
248	12000	19500
249	8400	15900
250	15600	26100
251	26400	33300
252	15600	23100
253	6600	30300
254	8400	15900
255	26400	33900
256	12000	19500
257	19200	26700
258	26400	33900
259	15600	23100
260	6600	30300
261	8400	15900
262	22800	30300
263	22800	30300
264	15600	23100
265	8400	15900
266	12000	19500
267	4800	12300
268	22800	30300
269	4800	12300
270	4800	12300
271	15600	23100
272	26400	33900
273	12000	19500
274	15600	23100
275	12000	19500
276	15600	23100
277	8400	15900
278	6600	30300
279	15600	23100
280	8400	15300
281	8400	15900
282	26400	33900
283	4800	12300
284	4800	12300
285	12000	19500
286	19200	26700
287	22800	30300
288	26400	33900
289	4800	12300
290	15600	23100
291	4800	12300
292	15600	23100
293	6600	30300
294	19200	26700
295	8400	15900
296	12000	19500
297	4800	12300
298	26400	33900
299	26400	33900
300	13800	33900
301	19200	26700
302	15600	23100
303	13800	33900
304	19200	26700
305	22800	30300
306	15600	23100
307	26400	33900
308	4800	12300
309	12000	19500
310	4800	12300
311	26400	33900
312	8400	15900
313	13800	33300
314	30000	37500
315	15600	23100
316	19200	26700
317	26400	33900
318	13800	33900
319	15600	23100
320	8400	15900
321	4800	12300
322	12000	19500
323	15600	23100
324	8400	15900
325	22800	30300
326	12000	19500
327	26400	33900
328	22800	30300
329	15600	23100
330	12000	19500
331	19200	26700
332	26400	33900
333	13800	33300
334	15600	23100
335	19200	26700
336	22800	30300
337	19200	26100
338	15600	23100
339	15600	23100
340	26400	33900
341	19200	26700
342	22800	30300
343	30000	37500
344	12000	19500
345	12000	19500
346	12000	19500
347	8400	15900
348	12000	19500
349	12000	19500
350	8400	15900
351	13800	33900
352	19200	26700
353	13800	33900
354	4800	12300
355	12000	19500
356	19200	26700
357	15600	23100
358	12000	19500
359	8400	15900
360	15600	23100
361	26400	33900
362	15600	23100
363	12000	19500
364	4800	12300
365	8400	19500
366	4800	12300
367	22800	30300
368	12000	19500
369	22800	30300
370	12000	19500
371	13800	33900
372	12000	19500
373	8400	15900
374	26400	33300
375	22800	30300
376	19200	26700
377	8400	15900
378	15600	26700
379	15600	23100
380	6600	30300
381	19200	26700
382	19200	26700
383	15600	26700
384	8400	15900
385	22800	30300
386	8400	15900
387	8400	15900
388	12000	19500
389	26400	33900
390	26400	33900
391	8400	15900
392	26400	33900
393	12000	19500
394	4800	12300
395	15600	23100
396	13800	33300
397	15600	23100
398	15600	26700
399	19200	26700
400	8400	15900
401	26400	33900
402	15600	23100
403	12000	19500
404	22800	29700
405	12000	19500
406	4800	12300
407	8400	15900
408	13800	33900
409	8400	15900
410	4800	12300
411	22800	30300
412	12000	19500
413	22800	30300
414	4800	12300
415	12000	19500
416	15600	23100
417	8400	15900
418	4800	12300
419	19200	26700
420	12000	19500
421	19200	26700
422	6600	30300
423	8400	15900
424	19200	26700
425	19200	26700
426	15600	23100
427	13800	33900
428	12000	19500
429	15600	23100
430	8400	15900
431	26400	33900
432	15600	23100
433	12000	19500
434	8400	19500
435	8400	19500
436	19200	26700
437	8400	15900
438	19200	26700
439	12000	19500
440	22800	30300
441	22800	30300
442	19200	26700
443	12000	19500
444	6600	30300
445	19200	26100
446	19200	26700
447	19200	26700
448	15600	23100
449	6600	30300
450	26400	33900
451	4800	12300
452	15600	23100
453	15600	23100
454	12000	19500
455	8400	15900
456	15600	26700
457	19200	26700
458	15600	23100
459	15600	23100
460	26400	33900
461	26400	33900
462	8400	15900
463	8400	15900
464	12000	19500
465	15600	23100
466	15600	23100
467	19200	26700
468	8400	15900
469	8400	15900
470	22800	30300
471	12000	19500
472	15600	26700
473	12000	19500
474	15600	23100
475	13800	33300
476	19200	26700
477	13800	33300
478	12000	19500
479	19200	26700
480	15600	23100
481	15600	23100
482	19200	26700
483	4800	12300
484	22800	30300
485	26400	33900
486	8400	19500
487	12000	19500
488	15600	26700
489	12000	19500
490	26400	33900
491	26400	33900
492	19200	26700
493	13800	33900
494	15600	23100
495	22800	30300
496	4800	12300
497	15600	23100
498	15600	23100
499	12000	19500
500	19200	26700
501	30000	37500
502	26400	33900
503	15600	23100
504	19200	26100
505	26400	33900
506	15600	23100
507	8400	15900
508	8400	19500
509	15600	23100
510	15600	23100
511	15600	23100
512	15600	23100
513	15600	23100
514	15600	23100
515	26400	33900
516	12000	19500
517	8400	19500
518	8400	15900
519	19200	26700
520	12000	19500
521	12000	19500
522	15600	26700
523	12000	19500
524	19200	26700
525	12000	19500
526	15600	23100
527	15600	23100
528	15600	23100
529	6600	30300
530	15600	26100
531	26400	33900
532	6600	30300
533	12000	19500
534	26400	33900
535	19200	26700
536	26400	33900
537	13800	33900
538	26400	33900
539	19200	26700
540	22800	30300
541	15600	23100
542	15600	23100
543	15600	23100
544	12000	19500
545	19200	26700
546	15600	23100
547	6600	30300
548	13800	33900
549	26400	33900
550	13800	33300
551	15600	23100
552	13800	33900
553	19200	26700
554	13800	33900
555	12000	19500
556	15600	23100
557	13800	33300
558	15600	26100
559	15600	23100
560	6600	30300
561	19200	26700
562	8400	15900
563	8400	15900
564	6600	30300
565	22800	30300
566	26400	33900
567	19200	26700
568	12000	19500
569	19200	26700
570	12000	19500
571	19200	26700
572	22800	30300
573	8400	15900
574	8400	15900
575	19200	26700
576	8400	19500
577	19200	26700
578	26400	33900
579	30000	37500
580	30000	37500
581	12000	19500
582	22800	30300
583	12000	19500
584	26400	33900
585	12000	19500
586	12000	19500
587	22800	30300
588	26400	33300
589	19200	26700
590	12000	19500
591	30000	37500
592	26400	33900
593	12000	19500
594	26400	33900
595	12000	19500
596	15600	23100
597	26400	33900
598	26400	33900
599	12000	19500
600	15600	23100
601	15600	26700
602	6600	30300
603	22800	29700
604	15600	26700
605	6600	30300
606	13800	33900
607	15600	23100
608	15600	23100
609	8400	15900
610	12000	19500
611	15600	23100
612	22800	30300
613	26400	33900
614	15600	22500
615	12000	19500
616	15600	23100
617	15600	23100
618	13800	33900
619	12000	19500
620	19200	26700
621	15600	23100
622	26400	33900
623	8400	15900
624	19200	26700
625	12000	19500
626	19200	26700
627	26400	33900
628	22800	30300
629	15600	26700
630	8400	15900
631	15600	23100
632	15600	22500
633	13800	33300
634	6600	30300
635	8400	15900
636	12000	19500
637	15600	23100
638	19200	26700
639	15600	23100
640	15600	23100
641	19200	26700
642	12000	19500
643	15600	23100
644	8400	15900
645	12000	19500
646	19200	26700
647	8400	19500
648	22800	30300
649	15600	23100
650	22800	30300
651	12000	19500
652	12000	19500
653	26400	33900
654	22800	30300
655	8400	15900
656	6600	30300
657	15600	23100
658	26400	33900
659	6600	30300
660	8400	15900
661	26400	33900
662	15600	23100
663	15600	26700
664	15600	26700
665	12000	19500
666	6600	30300
667	12000	19500
668	12000	19500
669	12000	19500
670	15600	23100
671	6600	30300
672	19200	26700
673	12000	19500
674	19200	26700
675	13800	33900
676	26400	33900
677	15600	23100
678	6600	30300
679	12000	19500
680	12000	19500
681	19200	26700
682	13800	33900
683	26400	33900
684	19200	26700
685	13800	33900
686	22800	30300
687	12000	19500
688	12000	19500
689	12000	19500
690	19200	26700
691	22800	30300
692	15600	23100
693	6600	30300
694	15600	23100
695	26400	33900
696	12000	19500
697	19200	26700
698	15600	23100
699	15600	23100
700	19200	26700
701	15600	23100
702	26400	33900
703	19200	26700
704	19200	26700
705	6600	30300
706	26400	33900
707	15600	23100
708	15600	23100
709	22800	30300
710	19200	26700
711	15600	23100
712	12000	19500
713	15600	23100
714	15600	23100
715	15600	23100
716	22800	30300
717	26400	33900
718	19200	26700
719	22800	30300
720	15600	23100
721	13800	33900
722	15600	23100
723	12000	19500
724	15600	23100
725	6600	30300
726	13800	33300
727	19200	26700
728	26400	33900
729	12000	19500
730	15600	23100
731	30000	37500
732	15600	26700
733	19200	26700
734	22800	30300
735	12000	19500
736	15600	23100
737	8400	19500
738	12000	19500
739	12000	19500
740	12000	19500
741	12000	19500
742	26400	33900
743	12000	19500
744	15600	23100
745	8400	19500
746	15600	23100
747	22800	30300
748	12000	19500
749	22800	30300
750	26400	33900
751	15600	23100
752	26400	33900
753	12000	19500
754	22800	30300
755	22800	30300
756	26400	33900
757	19200	26700
758	13800	33900
759	6600	30300
760	13800	33900
761	13800	33900
762	22800	30300
763	12000	19500
764	12000	19500
765	19200	26700
766	13800	33900
767	8400	19500
768	15600	23100
769	15600	23100
770	12000	19500
771	13800	33900
772	6600	30300
773	12000	19500
774	12000	19500
775	19200	26700
776	12000	19500
777	6600	30300
778	12000	19500
779	19200	26700
780	15600	23100
781	22800	30300
782	22800	30300
783	15600	22500
784	13800	33900
785	15600	23100
786	13800	33900
787	19200	26700
788	12000	19500
789	22800	30300
790	19200	26700
791	22800	30300
792	6600	30300
793	12000	19500
794	19200	26700
795	15600	26700
796	22800	30300
797	12000	19500
798	12000	19500
799	19200	26700
800	19200	26700
801	26400	33900
802	12000	19500
803	12000	19500
804	15600	22500
805	12000	19500
806	15600	23100
807	15600	23100
808	15600	23100
809	6600	30300
810	15600	23100
811	13800	33900
812	15600	23100
813	15600	23100
814	15600	23100
815	15600	26700
816	19200	26700
817	26400	33900
818	15600	23100
819	26400	33900
820	26400	33900
821	6600	30300
822	19200	26700
823	26400	33900
824	13800	33900
825	15600	23100
826	15600	23100
827	19200	26700
828	19200	26700
829	13800	33900
830	19200	26100
831	13800	33900
832	26400	33900
833	22800	30300
834	19200	26700
835	26400	33900
836	15600	23100
837	15600	23100
838	15600	26700
839	6600	30300
840	13800	33900
841	19200	26700
842	26400	33900
843	15600	23100
844	30000	37500
845	22800	30300
846	22800	30300
847	26400	33900
848	15600	22500
849	26400	33900
850	15600	23100
851	15600	23100
852	13800	33900
853	22800	30300
854	15600	23100
855	22800	30300
856	22800	30300
857	6600	30300
858	22800	30300
859	13800	33900
860	13800	33300
861	6600	30300
862	15600	23100
863	15600	23100
864	19200	26700
865	26400	33900
866	13800	33900
867	26400	33900
868	26400	33900
869	22800	30300
870	26400	33900
871	22800	30300
872	15600	26100
873	15600	23100
874	26400	33900
875	19200	26700
876	22800	30300
877	26400	33900
878	19200	26700
879	26400	33300
880	19200	26700
881	6600	30300
882	26400	33900
883	19200	26700
884	22800	30300
885	13800	33300
886	13800	33900
887	6600	30300
888	6600	30300
889	22800	30300
890	19200	26700
891	15600	23100
892	15600	26700
893	13800	33900
894	22800	30300
895	15600	23100
896	22800	30300
897	26400	33900
898	15600	23100
899	22800	30300
900	15600	23100
901	13800	33300
902	26400	33900
903	22800	30300
904	19200	26700
905	19200	26700
906	26400	33900
907	15600	23100
908	19200	26700
909	6600	30300
910	26400	33900
911	22800	30300
912	15600	23100
913	22800	30300
914	30000	37500
915	22800	30300
916	22800	30300
917	13800	33900
918	6600	30300
919	15600	26700
920	13800	33900
921	26400	33900
922	30000	37500
923	19200	26700
924	15600	26700
925	19200	26700
926	26400	33900
927	26400	33900
928	26400	33900
929	15600	26700
930	13800	33900
931	19200	26700
932	6600	30300
933	19200	26700
934	22800	30300
935	30000	37500
936	19200	26700
937	13800	33300
938	6600	30300
939	19200	26700
940	15600	26700
941	6600	30300
942	22800	30300
943	22800	30300
944	15600	26700
945	19200	26700
946	19200	26700
947	19200	26100
948	22800	30300
949	22800	30300
950	30000	37500
951	13800	33900
952	15600	26700
953	26400	33900
954	22800	30300
955	19200	26700
956	13800	33900
957	26400	33900
958	26400	33900
959	19200	26700
960	19200	26700
961	26400	33900
962	6600	30300
963	15600	26700
964	6600	30300
965	26400	33900
966	13800	33900
967	13800	33900
968	26400	33900
969	19200	26700
970	19200	26100
971	19200	26700
972	15600	26700
973	13800	33900
974	15600	26100
975	15600	26700
976	26400	33300
977	13800	33900
978	13800	33900
979	6600	30300
980	22800	30300
981	22800	30300
982	22800	30300
983	22800	30300
984	22800	30300
985	6600	30300
986	26400	33900
987	22800	30300
988	6600	30300
989	26400	33900
990	22800	30300
991	26400	33900
992	13800	33900
993	26400	33900
994	22800	30300
995	22800	30300
996	22800	30300
997	13800	33900
998	26400	33900
999	13800	33900
1000	22800	30300
1001	13800	33900
1002	6600	30300
1003	13800	33900
1004	13800	33900
1005	26400	33900
1006	26400	33900
1007	13800	33900
1008	6600	30300
1009	26400	33900
1010	26400	33900
1011	13800	33900
1012	26400	33900
1013	26400	33900
1014	26400	33900
1015	13800	33900
1016	6600	30300
1017	13800	33900
1018	6600	30300
1019	13800	33300
1020	30000	37500
1021	26400	33900
1022	26400	33900
1023	26400	33900
1024	6600	30300
1025	26400	33900
1026	22800	30300
1027	13800	33900
1028	13800	33900
1029	13800	33900
1030	26400	33900
RELEASE_TIME_SECTION
1	0
2	3600
3	3600
4	3600
5	3600
6	3600
7	3600
8	3600
9	3600
10	3600
11	3600
12	3600
13	3600
14	3600
15	3600
16	3600
17	3600
18	3600
19	3600
20	3600
21	3600
22	3600
23	3600
24	3600
25	3600
26	3600
27	3600
28	3600
29	3600
30	3600
31	3600
32	3600
33	3600
34	3600
35	3600
36	3600
37	3600
38	3600
39	3600
40	3600
41	3600
42	3600
43	3600
44	3600
45	3600
46	3600
47	3600
48	3600
49	3600
50	3600
51	3600
52	3600
53	3600
54	3600
55	3600
56	3600
57	3600
58	3600
59	3600
60	3600
61	3600
62	3600
63	3600
64	3600
65	3600
66	3600
67	3600
68	3600
69	3600
70	3600
71	3600
72	3600
73	3600
74	3600
75	3600
76	3600
77	3600
78	3600
79	3600
80	3600
81	3600
82	3600
83	3600
84	3600
85	3600
86	3600
87	3600
88	3600
89	3600
90	3600
91	3600
92	3600
93	3600
94	3600
95	3600
96	3600
97	3600
98	3600
99	3600
100	3600
101	3600
102	5400
103	5400
104	5400
105	5400
106	5400
107	5400
108	5400
109	5400
110	5400
111	5400
112	5400
113	5400
114	5400
115	5400
116	5400
117	5400
118	5400
119	5400
120	5400
121	5400
122	5400
123	5400
124	5400
125	5400
126	5400
127	5400
128	5400
129	5400
130	5400
131	5400
132	5400
133	5400
134	5400
135	5400
136	5400
137	5400
138	5400
139	5400
140	5400
141	5400
142	5400
143	5400
144	5400
145	5400
146	5400
147	5400
148	5400
149	5400
150	5400
151	5400
152	5400
153	5400
154	5400
155	5400
156	5400
157	5400
158	5400
159	5400
160	5400
161	5400
162	5400
163	5400
164	5400
165	5400
166	5400
167	5400
168	5400
169	5400
170	5400
171	5400
172	5400
173	5400
174	5400
175	5400
176	5400
177	5400
178	5400
179	5400
180	5400
181	5400
182	5400
183	5400
184	5400
185	5400
186	5400
187	5400
188	5400
189	5400
190	5400
191	5400
192	5400
193	5400
194	5400
195	5400
196	5400
197	5400
198	5400
199	5400
200	5400
201	5400
202	7200
203	7200
204	7200
205	7200
206	7200
207	7200
208	7200
209	7200
210	7200
211	7200
212	7200
213	7200
214	7200
215	7200
216	7200
217	7200
218	7200
219	7200
220	7200
221	7200
222	7200
223	7200
224	7200
225	7200
226	7200
227	7200
228	7200
229	7200
230	7200
231	7200
232	7200
233	7200
234	7200
235	7200
236	7200
237	7200
238	7200
239	7200
240	7200
241	7200
242	7200
243	7200
244	7200
245	7200
246	7200
247	7200
248	7200
249	7200
250	7200
251	7200
252	7200
253	7200
254	7200
255	7200
256	7200
257	7200
258	7200
259	7200
260	7200
261	7200
262	7200
263	7200
264	7200
265	7200
266	7200
267	7200
268	7200
269	7200
270	7200
271	7200
272	7200
273	7200
274	7200
275	7200
276	7200
277	7200
278	7200
279	7200
280	7200
281	7200
282	7200
283	7200
284	7200
285	7200
286	7200
287	7200
288	7200
289	7200
290	7200
291	7200
292	7200
293	7200
294	7200
295	7200
296	7200
297	7200
298	7200
299	7200
300	7200
301	7200
302	9000
303	9000
304	9000
305	9000
306	9000
307	9000
308	9000
309	9000
310	9000
311	9000
312	9000
313	9000
314	9000
315	9000
316	9000
317	9000
318	9000
319	9000
320	9000
321	9000
322	9000
323	9000
324	9000
325	9000
326	9000
327	9000
328	9000
329	9000
330	9000
331	9000
332	9000
333	9000
334	9000
335	9000
336	9000
337	9000
338	9000
339	9000
340	9000
341	9000
342	9000
343	9000
344	9000
345	9000
346	9000
347	9000
348	9000
349	9000
350	9000
351	9000
352	9000
353	9000
354	9000
355	9000
356	9000
357	9000
358	9000
359	9000
360	9000
361	9000
362	9000
363	9000
364	9000
365	9000
366	9000
367	9000
368	9000
369	9000
370	9000
371	9000
372	9000
373	9000
374	9000
375	9000
376	9000
377	9000
378	9000
379	9000
380	9000
381	9000
382	9000
383	9000
384	9000
385	9000
386	9000
387	9000
388	9000
389	9000
390	9000
391	9000
392	9000
393	9000
394	9000
395	9000
396	9000
397	9000
398	9000
399	9000
400	9000
401	9000
402	10800
403	10800
404	10800
405	10800
406	10800
407	10800
408	10800
409	10800
410	10800
411	10800
412	10800
413	10800
414	10800
415	10800
416	10800
417	10800
418	10800
419	10800
420	10800
421	10800
422	10800
423	10800
424	10800
425	10800
426	10800
427	10800
428	10800
429	10800
430	10800
431	10800
432	10800
433	10800
434	10800
435	10800
436	10800
437	10800
438	10800
439	10800
440	10800
441	10800
442	10800
443	10800
444	10800
445	10800
446	10800
447	10800
448	10800
449	10800
450	10800
451	10800
452	10800
453	10800
454	10800
455	10800
456	10800
457	10800
458	10800
459	10800
460	10800
461	10800
462	10800
463	10800
464	10800
465	10800
466	10800
467	10800
468	10800
469	10800
470	10800
471	10800
472	10800
473	10800
474	10800
475	10800
476	10800
477	10800
478	10800
479	10800
480	10800
481	10800
482	10800
483	10800
484	10800
485	10800
486	10800
487	10800
488	10800
489	10800
490	10800
491	10800
492	10800
493	10800
494	10800
495	10800
496	10800
497	10800
498	10800
499	12600
500	12600
501	12600
502	12600
503	12600
504	12600
505	12600
506	12600
507	12600
508	12600
509	12600
510	12600
511	12600
512	12600
513	12600
514	12600
515	12600
516	12600
517	12600
518	12600
519	12600
520	12600
521	12600
522	12600
523	12600
524	12600
525	12600
526	12600
527	12600
528	12600
529	12600
530	12600
531	12600
532	12600
533	12600
534	12600
535	12600
536	12600
537	12600
538	12600
539	12600
540	12600
541	12600
542	12600
543	12600
544	12600
545	12600
546	12600
547	12600
548	12600
549	12600
550	12600
551	12600
552	12600
553	12600
554	12600
555	12600
556	12600
557	12600
558	12600
559	12600
560	12600
561	12600
562	12600
563	12600
564	12600
565	12600
566	12600
567	12600
568	12600
569	12600
570	12600
571	12600
572	12600
573	12600
574	12600
575	14400
576	14400
577	14400
578	14400
579	14400
580	14400
581	14400
582	14400
583	14400
584	14400
585	14400
586	14400
587	14400
588	14400
589	14400
590	14400
591	14400
592	14400
593	14400
594	14400
595	14400
596	14400
597	14400
598	14400
599	14400
600	14400
601	14400
602	14400
603	14400
604	14400
605	14400
606	14400
607	14400
608	14400
609	14400
610	14400
611	14400
612	14400
613	14400
614	14400
615	14400
616	14400
617	14400
618	14400
619	14400
620	14400
621	14400
622	14400
623	14400
624	14400
625	14400
626	14400
627	14400
628	14400
629	14400
630	14400
631	14400
632	14400
633	14400
634	14400
635	14400
636	14400
637	14400
638	14400
639	14400
640	14400
641	14400
642	14400
643	14400
644	14400
645	14400
646	14400
647	14400
648	14400
649	14400
650	14400
651	14400
652	14400
653	14400
654	14400
655	14400
656	14400
657	14400
658	14400
659	14400
660	14400
661	16200
662	16200
663	16200
664	16200
665	16200
666	16200
667	16200
668	16200
669	16200
670	16200
671	16200
672	16200
673	16200
674	16200
675	16200
676	16200
677	16200
678	16200
679	16200
680	16200
681	16200
682	16200
683	16200
684	16200
685	16200
686	16200
687	16200
688	16200
689	16200
690	16200
691	16200
692	16200
693	16200
694	16200
695	16200
696	16200
697	16200
698	16200
699	16200
700	16200
701	16200
702	16200
703	16200
704	16200
705	16200
706	16200
707	16200
708	16200
709	16200
710	16200
711	16200
712	16200
713	16200
714	16200
715	16200
716	16200
717	16200
718	16200
719	16200
720	16200
721	16200
722	16200
723	16200
724	16200
725	16200
726	16200
727	16200
728	16200
729	16200
730	16200
731	16200
732	16200
733	16200
734	16200
735	16200
736	16200
737	16200
738	16200
739	16200
740	18000
741	18000
742	18000
743	18000
744	18000
745	18000
746	18000
747	18000
748	18000
749	18000
750	18000
751	18000
752	18000
753	18000
754	18000
755	18000
756	18000
757	18000
758	18000
759	18000
760	18000
761	18000
762	18000
763	18000
764	18000
765	18000
766	18000
767	18000
768	18000
769	18000
770	18000
771	18000
772	18000
773	18000
774	18000
775	18000
776	18000
777	18000
778	18000
779	18000
780	18000
781	18000
782	18000
783	18000
784	18000
785	18000
786	18000
787	18000
788	18000
789	18000
790	18000
791	18000
792	18000
793	18000
794	18000
795	18000
796	18000
797	18000
798	18000
799	18000
800	18000
801	18000
802	18000
803	18000
804	18000
805	18000
806	18000
807	18000
808	18000
809	18000
810	19800
811	19800
812	19800
813	19800
814	19800
815	19800
816	19800
817	19800
818	19800
819	19800
820	19800
821	19800
822	19800
823	19800
824	19800
825	19800
826	19800
827	19800
828	19800
829	19800
830	19800
831	19800
832	19800
833	19800
834	19800
835	19800
836	19800
837	19800
838	19800
839	19800
840	19800
841	19800
842	19800
843	19800
844	19800
845	19800
846	19800
847	19800
848	19800
849	19800
850	19800
851	19800
852	19800
853	19800
854	19800
855	19800
856	19800
857	19800
858	19800
859	19800
860	21600
861	21600
862	21600
863	21600
864	21600
865	21600
866	21600
867	21600
868	21600
869	21600
870	21600
871	21600
872	21600
873	21600
874	21600
875	21600
876	21600
877	21600
878	21600
879	21600
880	21600
881	21600
882	21600
883	21600
884	21600
885	21600
886	21600
887	21600
888	21600
889	21600
890	21600
891	21600
892	21600
893	21600
894	21600
895	21600
896	21600
897	21600
898	21600
899	21600
900	21600
901	21600
902	21600
903	21600
904	21600
905	21600
906	21600
907	21600
908	21600
909	21600
910	21600
911	21600
912	21600
913	23400
914	23400
915	23400
916	23400
917	23400
918	23400
919	23400
920	23400
921	23400
922	23400
923	23400
924	23400
925	23400
926	23400
927	23400
928	23400
929	23400
930	23400
931	23400
932	23400
933	23400
934	23400
935	23400
936	23400
937	23400
938	23400
939	23400
940	23400
941	23400
942	23400
943	23400
944	23400
945	23400
946	23400
947	23400
948	23400
949	23400
950	25200
951	25200
952	25200
953	25200
954	25200
955	25200
956	25200
957	25200
958	25200
959	25200
960	25200
961	25200
962	25200
963	25200
964	25200
965	25200
966	25200
967	25200
968	25200
969	25200
970	25200
971	25200
972	25200
973	25200
974	25200
975	25200
976	25200
977	25200
978	25200
979	27000
980	27000
981	27000
982	27000
983	27000
984	27000
985	27000
986	27000
987	27000
988	27000
989	27000
990	27000
991	27000
992	27000
993	27000
994	27000
995	27000
996	27000
997	27000
998	27000
999	27000
1000	27000
1001	27000
1002	27000
1003	27000
1004	27000
1005	27000
1006	28800
1007	28800
1008	28800
1009	28800
1010	28800
1011	28800
1012	28800
1013	28800
1014	28800
1015	28800
1016	28800
1017	28800
1018	28800
1019	28800
1020	28800
1021	28800
1022	28800
1023	28800
1024	28800
1025	28800
1026	28800
1027	28800
1028	28800
1029	28800
1030	28800
EOF
