NAME : ORTEC-VRPTW-ASYM-bda861e7-d1-n804
TYPE : VRPTW-RT
DIMENSION : 805
EDGE_WEIGHT_TYPE : EUC_2D
CAPACITY : 145
NODE_COORD_SECTION
1	1437	1165
2	564	2204
3	853	2160
4	906	1215
5	830	4695
6	722	772
7	747	1144
8	483	2167
9	621	2281
10	682	2789
11	923	1269
12	894	1201
13	1233	3343
14	1043	3657
15	520	2762
16	588	1524
17	1166	3681
18	1012	3927
19	562	945
20	1138	3573
21	488	2270
22	985	2423
23	923	1269
24	995	1219
25	915	3794
26	492	3063
27	1238	5392
28	752	3455
29	418	2173
30	803	1049
31	1166	3681
32	630	1734
33	682	2789
34	1017	2297
35	580	1948
36	702	2138
37	562	945
38	514	2023
39	913	1166
40	251	3160
41	892	2360
42	1036	2447
43	600	2205
44	892	3682
45	624	2600
46	276	951
47	995	1219
48	840	1470
49	856	2159
50	297	740
51	444	2945
52	803	1049
53	259	2937
54	534	850
55	742	1243
56	1189	3541
57	992	231
58	350	2905
59	1241	3508
60	582	2273
61	894	1201
62	763	384
63	1091	2009
64	360	3041
65	732	400
66	224	1196
67	517	2299
68	857	1417
69	933	1249
70	673	2157
71	840	1470
72	674	620
73	722	772
74	892	2360
75	738	3271
76	897	974
77	174	1215
78	47	2429
79	188	3036
80	959	1062
81	452	315
82	995	1219
83	365	3013
84	865	629
85	937	2404
86	897	974
87	1283	3621
88	1043	3657
89	411	2892
90	1372	3746
91	944	2466
92	509	3081
93	799	1918
94	681	3772
95	1018	1259
96	873	1098
97	912	324
98	693	329
99	525	2242
100	1095	3478
101	1110	4945
102	777	1612
103	517	278
104	852	1979
105	855	4931
106	996	3365
107	995	1219
108	857	1417
109	822	545
110	699	2549
111	857	1417
112	970	3895
113	716	3709
114	222	3038
115	181	1133
116	868	1430
117	47	2429
118	842	308
119	876	3691
120	491	2975
121	453	1466
122	500	2843
123	303	1900
124	953	845
125	732	400
126	215	3055
127	997	1815
128	1275	3605
129	1035	3812
130	830	4695
131	868	1430
132	743	450
133	492	3063
134	985	3601
135	613	1010
136	535	3098
137	1033	5339
138	546	166
139	1233	3343
140	517	2299
141	803	1049
142	904	1161
143	514	2276
144	985	2423
145	860	549
146	1283	3621
147	47	2429
148	252	2141
149	218	2442
150	855	3530
151	256	1149
152	995	1219
153	1012	3927
154	192	2706
155	932	2017
156	747	1144
157	654	2837
158	373	2424
159	824	907
160	762	497
161	743	450
162	292	1945
163	1275	3605
164	702	2138
165	534	850
166	453	1466
167	651	280
168	1091	2009
169	811	1820
170	961	1189
171	828	252
172	777	622
173	857	1417
174	681	3772
175	822	545
176	330	735
177	1218	3766
178	563	1904
179	1310	5133
180	708	164
181	282	2543
182	1043	3657
183	1014	5582
184	297	740
185	181	1133
186	795	4751
187	883	2096
188	856	2159
189	251	3160
190	1110	4945
191	923	1269
192	1325	5511
193	716	3709
194	211	3034
195	667	2720
196	738	3271
197	1233	3343
198	222	3038
199	224	2489
200	1266	3467
201	1110	4945
202	552	2057
203	885	963
204	1205	2437
205	250	3171
206	192	2706
207	977	1259
208	445	2224
209	892	3682
210	488	2270
211	937	2404
212	959	1062
213	943	440
214	763	384
215	681	3772
216	607	624
217	602	2225
218	932	2017
219	682	2789
220	482	2116
221	914	3706
222	662	2067
223	218	1072
224	1224	3464
225	772	1419
226	1238	5392
227	985	3601
228	951	1119
229	1034	1723
230	1001	1545
231	992	231
232	260	3069
233	800	2055
234	1015	3384
235	1182	3627
236	292	1945
237	174	1215
238	439	3052
239	427	3064
240	479	2302
241	762	497
242	977	1259
243	1134	3535
244	282	2543
245	1018	1259
246	809	573
247	1182	3627
248	855	4931
249	795	654
250	449	1533
251	857	1417
252	1043	3657
253	951	1119
254	447	1944
255	995	1219
256	500	2843
257	1372	3746
258	1110	4945
259	409	527
260	689	608
261	744	0
262	682	2789
263	318	825
264	782	353
265	1014	2317
266	453	1466
267	876	2032
268	743	450
269	914	3706
270	883	2096
271	1113	2071
272	941	1713
273	978	3804
274	894	2132
275	234	3066
276	1224	3464
277	909	1313
278	534	850
279	630	3087
280	1043	3657
281	1033	2049
282	162	1114
283	1033	2049
284	682	2789
285	822	545
286	674	620
287	588	1524
288	600	2205
289	995	1219
290	689	608
291	959	1062
292	868	1430
293	803	2035
294	613	1010
295	1310	5133
296	1182	3627
297	692	209
298	1035	3812
299	373	2424
300	743	450
301	628	2761
302	912	324
303	663	2159
304	269	2758
305	933	1249
306	181	1133
307	1157	3579
308	624	2600
309	1128	3904
310	772	1419
311	1091	2009
312	853	3471
313	914	3706
314	732	400
315	498	1946
316	192	2706
317	1001	1545
318	763	384
319	663	2159
320	1083	2426
321	1014	5582
322	611	1963
323	892	2360
324	291	3055
325	152	2263
326	252	2141
327	976	3561
328	942	1048
329	912	324
330	535	2229
331	1095	3478
332	582	2273
333	950	2108
334	365	3013
335	535	3098
336	453	1466
337	445	2224
338	777	622
339	734	2093
340	903	3809
341	1001	1545
342	1218	3533
343	1144	3397
344	840	848
345	517	2299
346	1024	279
347	291	3055
348	734	2093
349	808	678
350	654	2837
351	523	2282
352	1091	2009
353	865	629
354	762	497
355	501	2905
356	514	2276
357	904	1161
358	928	807
359	693	329
360	962	1320
361	250	3171
362	297	740
363	447	1944
364	1019	4843
365	708	5140
366	222	3038
367	903	3809
368	860	549
369	1113	2071
370	840	1470
371	588	1524
372	171	3268
373	689	608
374	961	1189
375	1303	3472
376	1199	3694
377	330	735
378	420	2097
379	798	2322
380	304	811
381	269	2758
382	1189	3541
383	527	2361
384	260	3069
385	304	811
386	493	350
387	648	3741
388	716	3709
389	811	1820
390	492	3063
391	582	2273
392	743	450
393	1091	2009
394	282	2543
395	1238	5392
396	954	2329
397	885	963
398	1166	3428
399	1218	3766
400	1091	2009
401	876	3691
402	1372	3746
403	588	1627
404	483	2167
405	350	2905
406	630	3087
407	571	454
408	1007	2161
409	589	2198
410	1014	5582
411	269	2758
412	793	1009
413	722	1993
414	978	605
415	501	2194
416	440	1952
417	602	2225
418	607	624
419	1109	1218
420	1218	3766
421	847	762
422	256	1149
423	249	2969
424	903	3809
425	222	3038
426	1034	1723
427	693	329
428	215	3041
429	682	620
430	853	3471
431	799	1918
432	842	308
433	440	1549
434	1326	3439
435	252	2141
436	624	2600
437	820	3804
438	611	1963
439	1309	3448
440	1036	2447
441	1339	3464
442	251	3160
443	1077	475
444	532	3189
445	1018	1259
446	799	1667
447	640	1084
448	915	3794
449	588	1627
450	781	1722
451	269	2758
452	440	1952
453	1036	2447
454	1326	3439
455	630	2060
456	523	2282
457	713	2170
458	1271	5197
459	845	271
460	961	1189
461	211	3034
462	810	809
463	1325	5511
464	1309	3448
465	429	792
466	997	5541
467	853	2160
468	1218	3766
469	777	622
470	611	1963
471	520	2762
472	928	807
473	1109	1218
474	932	2017
475	859	1035
476	453	1466
477	630	2060
478	781	1722
479	713	2170
480	564	2204
481	1166	3681
482	810	809
483	520	2762
484	809	573
485	763	1382
486	809	573
487	681	3772
488	856	2159
489	847	762
490	450	3221
491	795	4751
492	1166	3428
493	752	3455
494	946	1853
495	483	2167
496	252	2141
497	514	2276
498	1060	501
499	669	2922
500	923	1269
501	977	1259
502	588	1524
503	429	792
504	1035	3812
505	1326	3439
506	218	2442
507	675	2099
508	803	2035
509	803	2035
510	321	3196
511	976	3561
512	944	2466
513	673	2157
514	517	2299
515	653	2072
516	517	278
517	708	164
518	276	951
519	1046	3482
520	1014	5582
521	1014	2317
522	954	2329
523	493	350
524	978	3804
525	350	2905
526	427	3064
527	297	740
528	535	3098
529	1044	4927
530	517	2299
531	1325	5511
532	1019	4843
533	747	1144
534	795	654
535	256	1149
536	1017	2297
537	1109	1218
538	1241	3508
539	852	1979
540	894	1201
541	291	3055
542	961	1189
543	840	848
544	163	1153
545	409	527
546	853	3471
547	689	608
548	1033	5339
549	1024	279
550	894	3570
551	674	620
552	1017	2297
553	1120	5624
554	291	3055
555	520	2762
556	848	2206
557	941	1713
558	810	809
559	777	622
560	912	324
561	720	1338
562	861	2185
563	0	1363
564	493	350
565	848	2206
566	1128	3904
567	1046	3482
568	1049	3681
569	894	1201
570	256	1149
571	716	3709
572	1024	279
573	1017	2297
574	793	1009
575	1024	279
576	743	450
577	360	3041
578	840	848
579	1033	2049
580	546	166
581	1110	4945
582	718	639
583	840	848
584	912	324
585	1283	3621
586	0	1363
587	855	4931
588	47	2429
589	298	3105
590	527	3114
591	1218	3533
592	1048	4947
593	781	1722
594	162	1114
595	873	1098
596	251	3160
597	822	545
598	360	3041
599	514	1762
600	215	3041
601	716	3709
602	959	1062
603	630	2060
604	162	1114
605	906	322
606	852	1979
607	483	2167
608	777	1612
609	447	1944
610	1134	3535
611	1015	3384
612	1060	501
613	770	5132
614	681	3772
615	304	811
616	859	1035
617	1372	3746
618	820	3804
619	1339	3464
620	218	1072
621	860	549
622	420	2097
623	1014	5582
624	450	3221
625	1110	4945
626	713	248
627	452	315
628	1188	3690
629	211	3034
630	770	2924
631	803	2035
632	933	1249
633	527	3114
634	552	2057
635	1109	1218
636	906	322
637	1166	3428
638	571	454
639	873	1098
640	517	278
641	600	2205
642	982	916
643	514	2276
644	951	1119
645	693	329
646	667	2720
647	1060	501
648	224	2489
649	630	1734
650	1018	1259
651	648	3741
652	702	2138
653	1166	3428
654	742	1243
655	523	2030
656	1034	1723
657	976	3561
658	252	2141
659	699	2549
660	892	3682
661	563	1904
662	286	2696
663	978	3804
664	482	2116
665	959	1062
666	171	3268
667	1208	3602
668	799	1918
669	1014	2317
670	1033	5339
671	946	1853
672	985	3601
673	840	848
674	663	2159
675	925	2076
676	211	3034
677	962	1320
678	175	1095
679	286	2696
680	673	2157
681	675	2099
682	1012	3927
683	763	384
684	298	3105
685	662	2067
686	959	1025
687	840	848
688	527	3114
689	509	3081
690	292	1945
691	663	2159
692	1060	501
693	304	811
694	699	2549
695	1028	3547
696	995	1219
697	894	2132
698	982	916
699	703	1231
700	1266	3541
701	1309	3448
702	959	1062
703	985	2423
704	873	1098
705	224	1196
706	576	2082
707	292	1945
708	548	2198
709	682	2789
710	1029	2022
711	894	3570
712	674	620
713	630	3087
714	812	1353
715	1209	3419
716	1049	3681
717	152	2263
718	389	2059
719	440	1549
720	1266	3467
721	1233	3343
722	611	1963
723	847	762
724	767	2085
725	963	3650
726	1109	1218
727	1060	501
728	1138	3573
729	339	2050
730	621	2281
731	175	1095
732	1083	2426
733	777	1612
734	868	1430
735	1372	3746
736	702	2138
737	892	3682
738	250	3171
739	1113	2071
740	937	2404
741	1188	3690
742	738	3271
743	621	2281
744	517	2299
745	757	384
746	514	2023
747	162	1114
748	339	2050
749	1048	4947
750	292	1945
751	640	1084
752	1034	1723
753	564	2204
754	904	1161
755	708	164
756	894	1201
757	674	620
758	812	1353
759	1233	3343
760	906	1215
761	977	1259
762	852	2874
763	923	1269
764	1303	3472
765	1157	3579
766	854	4576
767	588	1627
768	588	1627
769	1048	4947
770	839	1584
771	941	1713
772	552	2057
773	915	3794
774	365	3013
775	903	3809
776	1003	678
777	1143	3621
778	1266	3541
779	918	3523
780	845	271
781	613	1010
782	1043	3657
783	933	1249
784	552	2057
785	1077	475
786	532	3189
787	1015	3384
788	355	3118
789	673	2157
790	222	3038
791	852	2874
792	946	1853
793	1144	3397
794	799	1918
795	734	2093
796	824	907
797	743	450
798	388	3230
799	483	2167
800	976	3561
801	897	3419
802	897	3419
803	1095	3478
804	747	1144
805	1015	3384
DEMAND_SECTION
1	0
2	7
3	7
4	2
5	5
6	17
7	7
8	3
9	4
10	7
11	4
12	10
13	5
14	9
15	5
16	3
17	8
18	5
19	10
20	4
21	5
22	6
23	5
24	2
25	4
26	4
27	8
28	10
29	8
30	10
31	7
32	3
33	4
34	4
35	8
36	8
37	9
38	3
39	14
40	2
41	9
42	8
43	6
44	4
45	5
46	8
47	5
48	8
49	2
50	10
51	3
52	5
53	4
54	5
55	8
56	5
57	4
58	13
59	13
60	5
61	8
62	7
63	3
64	5
65	4
66	3
67	5
68	7
69	2
70	7
71	8
72	7
73	4
74	6
75	5
76	6
77	6
78	4
79	5
80	4
81	3
82	6
83	4
84	5
85	5
86	6
87	3
88	8
89	8
90	5
91	4
92	4
93	5
94	5
95	4
96	5
97	3
98	6
99	11
100	6
101	5
102	3
103	2
104	9
105	8
106	12
107	10
108	5
109	4
110	9
111	4
112	5
113	6
114	8
115	10
116	7
117	4
118	8
119	5
120	6
121	9
122	8
123	3
124	10
125	6
126	4
127	7
128	5
129	4
130	5
131	6
132	4
133	6
134	7
135	4
136	9
137	2
138	9
139	5
140	4
141	6
142	8
143	3
144	10
145	4
146	9
147	4
148	8
149	8
150	8
151	6
152	3
153	5
154	3
155	4
156	7
157	11
158	4
159	6
160	5
161	7
162	4
163	8
164	7
165	6
166	8
167	4
168	3
169	5
170	7
171	5
172	8
173	5
174	10
175	6
176	6
177	3
178	8
179	8
180	9
181	5
182	5
183	6
184	9
185	2
186	5
187	4
188	5
189	5
190	6
191	7
192	5
193	6
194	5
195	12
196	6
197	6
198	7
199	3
200	8
201	7
202	4
203	6
204	6
205	5
206	5
207	5
208	10
209	11
210	5
211	6
212	6
213	6
214	7
215	6
216	4
217	7
218	2
219	2
220	4
221	5
222	4
223	7
224	4
225	8
226	5
227	5
228	4
229	6
230	5
231	15
232	10
233	5
234	9
235	4
236	5
237	4
238	6
239	2
240	6
241	6
242	12
243	5
244	7
245	6
246	4
247	8
248	6
249	8
250	7
251	5
252	4
253	10
254	2
255	5
256	5
257	10
258	6
259	8
260	8
261	4
262	12
263	4
264	5
265	11
266	4
267	5
268	4
269	3
270	9
271	7
272	4
273	6
274	6
275	5
276	3
277	4
278	6
279	10
280	6
281	5
282	7
283	4
284	4
285	7
286	8
287	3
288	6
289	5
290	5
291	7
292	9
293	7
294	5
295	6
296	9
297	6
298	4
299	5
300	7
301	4
302	8
303	7
304	13
305	8
306	7
307	8
308	5
309	6
310	3
311	9
312	3
313	6
314	2
315	8
316	6
317	6
318	8
319	2
320	9
321	6
322	8
323	5
324	8
325	5
326	14
327	6
328	12
329	10
330	4
331	4
332	3
333	12
334	5
335	8
336	4
337	8
338	8
339	6
340	6
341	13
342	6
343	7
344	8
345	8
346	10
347	13
348	4
349	9
350	10
351	4
352	6
353	4
354	8
355	5
356	2
357	7
358	3
359	9
360	6
361	7
362	2
363	5
364	9
365	5
366	8
367	9
368	8
369	5
370	3
371	6
372	11
373	4
374	6
375	6
376	9
377	5
378	8
379	6
380	3
381	6
382	5
383	6
384	6
385	6
386	6
387	6
388	3
389	5
390	3
391	13
392	3
393	5
394	5
395	5
396	6
397	5
398	5
399	7
400	8
401	3
402	3
403	6
404	10
405	2
406	3
407	4
408	13
409	7
410	5
411	6
412	7
413	8
414	12
415	7
416	5
417	4
418	5
419	5
420	8
421	11
422	5
423	9
424	8
425	4
426	3
427	5
428	15
429	6
430	7
431	3
432	7
433	9
434	12
435	8
436	6
437	4
438	3
439	5
440	4
441	10
442	5
443	5
444	7
445	5
446	4
447	4
448	5
449	6
450	6
451	5
452	5
453	6
454	4
455	14
456	8
457	5
458	5
459	8
460	7
461	4
462	5
463	6
464	3
465	5
466	6
467	7
468	5
469	7
470	5
471	8
472	6
473	6
474	6
475	3
476	5
477	3
478	8
479	4
480	9
481	2
482	7
483	15
484	7
485	7
486	3
487	4
488	8
489	5
490	10
491	5
492	5
493	7
494	7
495	9
496	3
497	4
498	4
499	3
500	4
501	3
502	7
503	5
504	5
505	4
506	3
507	5
508	7
509	12
510	4
511	5
512	7
513	5
514	8
515	6
516	7
517	5
518	5
519	6
520	5
521	5
522	2
523	3
524	12
525	12
526	2
527	6
528	8
529	8
530	2
531	5
532	3
533	6
534	6
535	9
536	5
537	4
538	7
539	8
540	5
541	5
542	3
543	5
544	4
545	13
546	5
547	6
548	7
549	11
550	4
551	3
552	7
553	10
554	3
555	5
556	6
557	5
558	10
559	5
560	7
561	2
562	7
563	3
564	5
565	4
566	6
567	8
568	4
569	12
570	3
571	6
572	5
573	7
574	9
575	15
576	7
577	13
578	4
579	7
580	8
581	5
582	12
583	7
584	9
585	4
586	12
587	7
588	10
589	9
590	2
591	2
592	3
593	11
594	5
595	10
596	4
597	5
598	8
599	13
600	4
601	4
602	4
603	10
604	5
605	3
606	5
607	5
608	4
609	6
610	5
611	6
612	5
613	5
614	6
615	9
616	5
617	5
618	12
619	9
620	5
621	12
622	12
623	4
624	5
625	9
626	8
627	6
628	7
629	9
630	4
631	6
632	5
633	5
634	2
635	5
636	4
637	8
638	5
639	5
640	4
641	5
642	3
643	4
644	6
645	12
646	11
647	5
648	12
649	6
650	4
651	15
652	2
653	6
654	12
655	9
656	6
657	2
658	5
659	10
660	2
661	7
662	10
663	7
664	8
665	5
666	3
667	3
668	3
669	7
670	5
671	7
672	4
673	12
674	7
675	4
676	8
677	8
678	5
679	6
680	4
681	4
682	4
683	15
684	3
685	5
686	4
687	12
688	8
689	4
690	9
691	8
692	4
693	5
694	8
695	3
696	6
697	10
698	9
699	6
700	6
701	8
702	7
703	12
704	8
705	5
706	9
707	5
708	8
709	5
710	6
711	5
712	5
713	8
714	2
715	2
716	8
717	5
718	5
719	7
720	6
721	6
722	6
723	7
724	9
725	3
726	8
727	4
728	13
729	5
730	8
731	12
732	6
733	13
734	8
735	5
736	3
737	2
738	9
739	7
740	4
741	4
742	5
743	8
744	7
745	6
746	9
747	9
748	9
749	5
750	4
751	8
752	12
753	7
754	7
755	4
756	5
757	9
758	12
759	15
760	4
761	8
762	6
763	2
764	3
765	3
766	13
767	13
768	5
769	8
770	3
771	12
772	7
773	7
774	5
775	3
776	7
777	5
778	5
779	6
780	5
781	6
782	4
783	5
784	5
785	3
786	4
787	2
788	8
789	5
790	6
791	8
792	3
793	6
794	7
795	2
796	2
797	5
798	3
799	6
800	3
801	5
802	3
803	12
804	5
805	5
DEPOT_SECTION
1
-1
SERVICE_TIME_SECTION
1	0
2	420
3	900
4	540
5	420
6	960
7	480
8	660
9	900
10	1020
11	660
12	1080
13	600
14	840
15	900
16	480
17	360
18	540
19	360
20	540
21	900
22	900
23	480
24	600
25	600
26	840
27	720
28	840
29	480
30	720
31	660
32	420
33	840
34	360
35	480
36	420
37	360
38	1200
39	480
40	480
41	420
42	600
43	600
44	840
45	540
46	720
47	720
48	660
49	780
50	660
51	480
52	480
53	540
54	660
55	720
56	720
57	840
58	780
59	540
60	180
61	360
62	540
63	900
64	540
65	660
66	540
67	720
68	660
69	720
70	1200
71	660
72	840
73	660
74	840
75	780
76	360
77	420
78	660
79	540
80	360
81	660
82	540
83	1140
84	900
85	720
86	1140
87	1020
88	720
89	360
90	720
91	660
92	540
93	660
94	300
95	420
96	540
97	420
98	780
99	1080
100	900
101	360
102	840
103	540
104	660
105	720
106	420
107	360
108	780
109	780
110	480
111	840
112	360
113	540
114	600
115	660
116	900
117	540
118	840
119	600
120	720
121	660
122	360
123	240
124	540
125	600
126	720
127	900
128	540
129	540
130	660
131	360
132	960
133	900
134	480
135	480
136	480
137	900
138	660
139	480
140	660
141	960
142	660
143	600
144	660
145	780
146	660
147	540
148	600
149	360
150	480
151	660
152	360
153	540
154	780
155	300
156	540
157	840
158	660
159	1020
160	420
161	720
162	540
163	780
164	660
165	1140
166	780
167	900
168	840
169	480
170	540
171	720
172	420
173	240
174	360
175	600
176	540
177	660
178	600
179	240
180	480
181	840
182	240
183	660
184	360
185	840
186	540
187	420
188	780
189	780
190	240
191	240
192	540
193	600
194	660
195	360
196	420
197	540
198	900
199	720
200	1080
201	720
202	660
203	540
204	240
205	540
206	600
207	720
208	600
209	540
210	960
211	1020
212	1380
213	480
214	780
215	900
216	780
217	480
218	600
219	1140
220	360
221	780
222	420
223	540
224	540
225	360
226	960
227	600
228	660
229	360
230	900
231	660
232	660
233	300
234	540
235	660
236	900
237	660
238	660
239	1020
240	1200
241	600
242	840
243	540
244	600
245	480
246	660
247	480
248	480
249	780
250	360
251	1020
252	720
253	600
254	360
255	600
256	300
257	840
258	600
259	1260
260	780
261	900
262	1200
263	360
264	900
265	720
266	480
267	300
268	900
269	480
270	360
271	780
272	720
273	660
274	480
275	360
276	540
277	660
278	900
279	300
280	780
281	840
282	420
283	600
284	540
285	480
286	780
287	360
288	420
289	780
290	420
291	660
292	360
293	720
294	840
295	540
296	600
297	720
298	660
299	720
300	720
301	480
302	360
303	1140
304	1020
305	420
306	720
307	840
308	300
309	600
310	1020
311	840
312	660
313	360
314	660
315	900
316	480
317	660
318	600
319	780
320	900
321	600
322	480
323	840
324	780
325	900
326	780
327	660
328	540
329	540
330	600
331	660
332	960
333	360
334	900
335	780
336	660
337	420
338	720
339	1080
340	660
341	540
342	960
343	600
344	480
345	780
346	480
347	780
348	360
349	420
350	600
351	480
352	900
353	600
354	480
355	960
356	780
357	660
358	660
359	300
360	840
361	660
362	480
363	480
364	720
365	360
366	540
367	480
368	360
369	540
370	660
371	480
372	840
373	960
374	600
375	480
376	720
377	600
378	480
379	960
380	420
381	720
382	300
383	840
384	660
385	240
386	660
387	960
388	840
389	540
390	1140
391	360
392	360
393	480
394	600
395	840
396	360
397	780
398	420
399	1080
400	600
401	180
402	900
403	420
404	780
405	840
406	600
407	480
408	180
409	540
410	600
411	480
412	1140
413	600
414	840
415	420
416	900
417	900
418	660
419	840
420	600
421	780
422	240
423	840
424	840
425	660
426	540
427	420
428	1020
429	240
430	420
431	840
432	1140
433	600
434	360
435	480
436	660
437	300
438	720
439	540
440	600
441	420
442	960
443	600
444	480
445	540
446	840
447	660
448	480
449	540
450	720
451	1020
452	840
453	600
454	360
455	540
456	420
457	660
458	420
459	840
460	660
461	900
462	600
463	540
464	720
465	360
466	540
467	840
468	540
469	780
470	480
471	720
472	780
473	360
474	660
475	600
476	660
477	780
478	780
479	420
480	900
481	660
482	660
483	660
484	480
485	900
486	600
487	900
488	420
489	600
490	660
491	1080
492	660
493	900
494	660
495	480
496	1380
497	600
498	660
499	600
500	660
501	840
502	600
503	660
504	600
505	720
506	600
507	720
508	540
509	720
510	1140
511	360
512	840
513	540
514	780
515	540
516	480
517	660
518	480
519	360
520	360
521	480
522	540
523	720
524	1020
525	600
526	720
527	1380
528	540
529	600
530	420
531	660
532	660
533	600
534	480
535	420
536	480
537	600
538	720
539	720
540	900
541	900
542	1140
543	480
544	840
545	780
546	840
547	660
548	720
549	180
550	540
551	780
552	360
553	540
554	1080
555	720
556	960
557	780
558	900
559	480
560	600
561	360
562	540
563	360
564	420
565	540
566	600
567	720
568	720
569	360
570	900
571	360
572	900
573	720
574	600
575	840
576	420
577	840
578	360
579	660
580	420
581	1020
582	420
583	660
584	540
585	1200
586	420
587	720
588	780
589	720
590	540
591	600
592	600
593	660
594	660
595	840
596	480
597	720
598	360
599	1020
600	360
601	840
602	840
603	600
604	420
605	300
606	780
607	540
608	720
609	360
610	900
611	900
612	780
613	600
614	420
615	780
616	1080
617	900
618	540
619	480
620	660
621	420
622	180
623	600
624	420
625	1140
626	780
627	420
628	780
629	600
630	840
631	720
632	600
633	540
634	840
635	720
636	720
637	360
638	600
639	360
640	360
641	420
642	540
643	1380
644	840
645	360
646	720
647	660
648	480
649	480
650	360
651	480
652	660
653	480
654	660
655	420
656	900
657	600
658	600
659	720
660	840
661	480
662	360
663	600
664	420
665	1080
666	540
667	480
668	600
669	840
670	900
671	480
672	840
673	300
674	720
675	780
676	1140
677	660
678	540
679	420
680	840
681	420
682	780
683	480
684	360
685	660
686	780
687	660
688	720
689	540
690	480
691	360
692	480
693	960
694	720
695	660
696	1020
697	480
698	360
699	960
700	1080
701	360
702	480
703	540
704	480
705	720
706	360
707	420
708	420
709	1140
710	660
711	660
712	540
713	1140
714	720
715	300
716	1140
717	840
718	600
719	840
720	720
721	1080
722	900
723	540
724	480
725	480
726	600
727	660
728	360
729	660
730	660
731	660
732	360
733	480
734	780
735	720
736	540
737	600
738	660
739	480
740	660
741	840
742	420
743	780
744	660
745	1200
746	480
747	660
748	540
749	720
750	720
751	540
752	840
753	360
754	480
755	720
756	300
757	660
758	360
759	420
760	600
761	900
762	840
763	300
764	840
765	420
766	360
767	660
768	540
769	720
770	720
771	720
772	660
773	720
774	840
775	360
776	720
777	600
778	360
779	780
780	1200
781	780
782	540
783	480
784	540
785	540
786	420
787	360
788	360
789	180
790	900
791	420
792	540
793	900
794	720
795	420
796	480
797	480
798	900
799	540
800	780
801	480
802	540
803	360
804	600
805	660
TIME_WINDOW_SECTION
1	0	41340
2	12600	19800
3	12600	19800
4	9000	16200
5	9000	16200
6	14400	33300
7	12600	19800
8	9000	16200
9	27000	34200
10	19800	27000
11	19800	27000
12	9000	16200
13	14400	34200
14	14400	34200
15	16200	23400
16	14400	34200
17	9000	16200
18	12600	18900
19	14400	34200
20	10800	34200
21	9000	16200
22	14400	34200
23	27000	34200
24	23400	30600
25	19800	27000
26	12600	19800
27	9000	16200
28	14400	34200
29	9000	16200
30	9000	16200
31	14400	34200
32	9000	16200
33	19800	27000
34	19800	27000
35	19800	27000
36	19800	27000
37	19800	27000
38	27000	34200
39	9000	16200
40	12600	19800
41	12600	19800
42	14400	34200
43	12600	19800
44	12600	19800
45	14400	34200
46	14400	34200
47	12600	19800
48	12600	19800
49	12600	19800
50	16200	23400
51	14400	34200
52	9000	16200
53	14400	34200
54	12600	19800
55	12600	19800
56	12600	19800
57	23400	30600
58	19800	27000
59	16200	23400
60	9000	16200
61	16200	22500
62	27000	34200
63	12600	19800
64	14400	34200
65	14400	34200
66	19800	27000
67	19800	26040
68	14400	34200
69	12600	19800
70	9000	16200
71	16200	23400
72	12600	19800
73	14400	34200
74	9000	16200
75	16200	23400
76	23400	30600
77	16200	23400
78	16200	23400
79	14400	34200
80	16200	23400
81	14400	34200
82	16200	23400
83	14400	34200
84	12600	19800
85	12600	19800
86	14400	34200
87	9000	16200
88	14400	34200
89	9000	16200
90	12600	19800
91	16200	23400
92	12600	19800
93	16200	23400
94	12600	19800
95	14400	34200
96	16200	23400
97	14400	34200
98	19800	27000
99	12600	19800
100	23400	30600
101	12600	19800
102	14400	34200
103	27000	34200
104	14400	34200
105	14400	33300
106	19800	27000
107	14400	34200
108	9000	16200
109	14400	34200
110	12600	19800
111	12600	19800
112	14400	34200
113	14400	34200
114	9000	16200
115	12600	19800
116	12600	19800
117	9000	16200
118	16200	23400
119	14400	34200
120	14400	34200
121	14400	34200
122	14400	34200
123	14400	34200
124	27000	34200
125	27000	34200
126	14400	34200
127	9000	16200
128	9000	16200
129	9000	16200
130	14400	34200
131	12600	19800
132	27000	34200
133	16200	23400
134	19800	27000
135	16200	23400
136	14400	33300
137	14400	34200
138	23400	30600
139	14400	34200
140	16200	23400
141	12600	19800
142	9000	16200
143	14400	34200
144	23400	30600
145	16200	23400
146	19800	27000
147	16200	22500
148	23400	30600
149	12600	18900
150	14400	34200
151	14400	34200
152	12600	19800
153	16200	23400
154	27000	34200
155	23400	30600
156	14400	34200
157	14400	34200
158	14400	34200
159	12600	19800
160	9000	16200
161	14400	34200
162	16200	23400
163	16200	23400
164	9000	16200
165	12600	19800
166	14400	34200
167	16200	23400
168	12600	19800
169	14400	34200
170	14400	34200
171	9000	16200
172	14400	34200
173	12600	19800
174	23400	30600
175	16200	23400
176	14400	34200
177	10800	34200
178	19800	27000
179	14400	34200
180	14400	34200
181	16200	23400
182	23400	30600
183	23400	30600
184	23400	30600
185	14400	34200
186	16200	23400
187	14400	34200
188	9000	16200
189	19800	27000
190	19800	26100
191	14400	34200
192	16200	23400
193	14400	34200
194	16200	23400
195	14400	33300
196	12600	19800
197	16200	23400
198	23400	30600
199	14400	34200
200	12600	19800
201	12600	19800
202	14400	34200
203	14400	33300
204	14400	34200
205	23400	30600
206	12600	19800
207	9000	16200
208	9000	16200
209	9000	16200
210	9000	16200
211	14400	34200
212	12600	19800
213	23400	29700
214	19800	26100
215	14400	34200
216	16200	23400
217	14400	34200
218	9000	16200
219	14400	34200
220	12600	19800
221	12600	19800
222	14400	34200
223	14400	34200
224	16200	22500
225	27000	34200
226	27000	34200
227	19800	27000
228	12600	19800
229	12600	19800
230	27000	34200
231	14400	34200
232	14400	34200
233	14400	34200
234	19800	27000
235	12600	19800
236	12600	19800
237	12600	19800
238	16200	23400
239	14400	33300
240	19800	27000
241	14400	34200
242	14400	34200
243	19800	27000
244	12600	18900
245	9000	16200
246	9000	16200
247	9000	16200
248	12600	19800
249	12600	19800
250	14400	34200
251	9000	16200
252	14400	34200
253	9000	16200
254	16200	23400
255	14400	34200
256	19800	27000
257	19800	27000
258	16200	23400
259	23400	30600
260	14400	34200
261	14400	34200
262	12600	19800
263	12600	19800
264	23400	30600
265	14400	34200
266	9000	16200
267	19800	26040
268	14400	34200
269	9000	15300
270	9000	16200
271	12600	19800
272	27000	34200
273	12600	18900
274	14400	34200
275	16200	23400
276	12600	19800
277	12600	19800
278	14400	34200
279	16200	23400
280	9000	16200
281	19800	27000
282	14400	34200
283	12600	18900
284	14400	33300
285	14400	34200
286	16200	23400
287	9000	15300
288	16200	23400
289	9000	16200
290	19800	27000
291	9000	16200
292	14400	34200
293	23400	30600
294	14400	34200
295	23400	29700
296	16200	23400
297	9000	16200
298	14400	34200
299	19800	27000
300	14400	34200
301	14400	34200
302	16200	23400
303	14400	33300
304	14400	34200
305	16200	23400
306	14400	34200
307	12600	19800
308	14400	34200
309	16200	23400
310	12600	18900
311	16200	23400
312	23400	30600
313	12600	19800
314	9000	16200
315	9000	16200
316	14400	34200
317	12600	19800
318	9000	16200
319	16200	23400
320	14400	33300
321	12600	19800
322	14400	34200
323	16200	23400
324	14400	34200
325	14400	34200
326	12600	19800
327	14400	34200
328	16200	23400
329	9000	16200
330	16200	23400
331	19800	27000
332	16200	23400
333	27000	34200
334	12600	19800
335	12600	18900
336	27000	34200
337	23400	30600
338	12600	19800
339	19800	27000
340	12600	19800
341	14400	34200
342	19800	27000
343	16200	22500
344	27000	34200
345	16200	23400
346	19800	27000
347	23400	30600
348	9000	16200
349	19800	27000
350	14400	34200
351	16200	23400
352	9000	16200
353	23400	30600
354	23400	30600
355	14400	34200
356	14400	34200
357	9000	16200
358	9000	16200
359	23400	30600
360	12600	19800
361	14400	34200
362	12600	19800
363	23400	30600
364	16200	22500
365	14400	34200
366	19800	26100
367	14400	34200
368	23400	30600
369	9000	16200
370	27000	34200
371	27000	34200
372	14400	34200
373	9000	16200
374	19800	27000
375	16200	23400
376	14400	34200
377	16200	23400
378	9000	16200
379	16200	23400
380	9000	16200
381	14400	34200
382	14400	34200
383	14400	33300
384	16200	23400
385	14400	34200
386	19800	26100
387	16200	23400
388	23400	30600
389	12600	19800
390	19800	27000
391	14400	34200
392	16200	23400
393	27000	34200
394	16200	23400
395	14400	34200
396	16200	23400
397	12600	19800
398	10800	34200
399	12600	19800
400	14400	33300
401	16200	23400
402	16200	23400
403	14400	34200
404	12600	19800
405	14400	33300
406	14400	34200
407	14400	34200
408	12600	19800
409	23400	30600
410	14400	34200
411	27000	34200
412	16200	23400
413	14400	34200
414	12600	18900
415	16200	22500
416	12600	19800
417	14400	34200
418	14400	34200
419	14400	34200
420	16200	23400
421	12600	19800
422	14400	34200
423	16200	23400
424	14400	34200
425	19800	27000
426	27000	34200
427	27000	34200
428	12600	19800
429	12600	18900
430	12600	18900
431	19800	27000
432	23400	30600
433	14400	34200
434	12600	19800
435	14400	34200
436	12600	19800
437	12600	19800
438	12600	19800
439	16200	23400
440	19800	27000
441	14400	33300
442	14400	34200
443	16200	23400
444	14400	34200
445	14400	34200
446	12600	19800
447	14400	34200
448	14400	34200
449	14400	33300
450	14400	33300
451	12600	19800
452	16200	23400
453	12600	19800
454	12600	19800
455	14400	34200
456	19800	27000
457	14400	34200
458	14400	34200
459	16200	23400
460	19800	27000
461	12600	19800
462	16200	23400
463	19800	27000
464	19800	27000
465	12600	19800
466	19800	26040
467	12600	19800
468	16200	23400
469	14400	34200
470	14400	34200
471	12600	19800
472	12600	19800
473	27000	34200
474	23400	30600
475	27000	34200
476	14400	33300
477	14400	34200
478	12600	19800
479	10800	34200
480	23400	30600
481	19800	27000
482	14400	34200
483	16200	23400
484	19800	27000
485	14400	34200
486	16200	23400
487	10800	34200
488	14400	34200
489	12600	19800
490	14400	34200
491	14400	34200
492	14400	34200
493	14400	34200
494	12600	19800
495	16200	23400
496	12600	19800
497	19800	27000
498	16200	23400
499	19800	27000
500	12600	19800
501	19800	27000
502	12600	19800
503	16200	23400
504	16200	23400
505	16200	23400
506	16200	23400
507	14400	34200
508	14400	34200
509	14400	34200
510	27000	34200
511	16200	23400
512	16200	23400
513	19800	27000
514	14400	34200
515	14400	33300
516	14400	34200
517	16200	23400
518	27000	34200
519	16200	23400
520	14400	34200
521	19800	27000
522	14400	34200
523	19800	27000
524	14400	34200
525	14400	34200
526	19800	27000
527	19800	27000
528	14400	33300
529	14400	34200
530	16200	23400
531	16200	23400
532	14400	34200
533	14400	34200
534	12600	18900
535	12600	19800
536	16200	23400
537	10800	34200
538	16200	23400
539	14400	34200
540	27000	34200
541	16200	23400
542	14400	34200
543	14400	34200
544	14400	34200
545	27000	34200
546	14400	34200
547	12600	19800
548	14400	34200
549	16200	23400
550	19800	27000
551	14400	34200
552	14400	34200
553	14400	34200
554	23400	30600
555	27000	34200
556	19800	27000
557	16200	23400
558	23400	30600
559	14400	34200
560	19800	27000
561	14400	34200
562	23400	30600
563	14400	34200
564	16200	23400
565	27000	34200
566	14400	33300
567	23400	30600
568	14400	34200
569	23400	30600
570	14400	34200
571	19800	27000
572	14400	34200
573	19800	27000
574	14400	34200
575	14400	34200
576	16200	23400
577	19800	27000
578	19800	27000
579	19800	27000
580	19800	27000
581	19800	27000
582	23400	30600
583	16200	22500
584	14400	33300
585	16200	23400
586	19800	27000
587	19800	27000
588	14400	34200
589	10800	34200
590	16200	22500
591	14400	34200
592	14400	34200
593	23400	30600
594	23400	30600
595	14400	34200
596	14400	34200
597	23400	30600
598	14400	34200
599	19800	27000
600	14400	34200
601	14400	34200
602	14400	34200
603	16200	23400
604	14400	34200
605	14400	34200
606	16200	22500
607	16200	23400
608	16200	23400
609	14400	34200
610	14400	34200
611	14400	34200
612	23400	30600
613	14400	34200
614	14400	34200
615	19800	27000
616	16200	23400
617	14400	33300
618	14400	34200
619	19800	27000
620	14400	33300
621	14400	34200
622	14400	34200
623	14400	33300
624	19800	27000
625	19800	27000
626	14400	34200
627	14400	34200
628	19800	27000
629	19800	27000
630	14400	33300
631	14400	34200
632	27000	34200
633	14400	34200
634	16200	23400
635	14400	34200
636	19800	27000
637	27000	34200
638	14400	33300
639	14400	34200
640	16200	23400
641	14400	34200
642	23400	30600
643	14400	34200
644	14400	34200
645	23400	30600
646	16200	23400
647	14400	34200
648	16200	23400
649	14400	34200
650	14400	33300
651	14400	34200
652	19800	27000
653	14400	34200
654	19800	26100
655	16200	23400
656	23400	30600
657	14400	34200
658	23400	30600
659	23400	30600
660	14400	33300
661	19800	27000
662	23400	30600
663	19800	27000
664	14400	34200
665	14400	34200
666	14400	34200
667	14400	34200
668	19800	27000
669	14400	34200
670	27000	34200
671	14400	34200
672	19800	26100
673	23400	30600
674	14400	34200
675	27000	34200
676	19800	27000
677	14400	34200
678	10800	34200
679	27000	34200
680	14400	34200
681	14400	34200
682	14400	33300
683	14400	34200
684	14400	34200
685	14400	33300
686	23400	30600
687	14400	34200
688	27000	34200
689	14400	34200
690	19800	27000
691	14400	34200
692	27000	34200
693	23400	30600
694	14400	34200
695	14400	34200
696	14400	34200
697	27000	34200
698	14400	34200
699	14400	34200
700	14400	34200
701	19800	27000
702	14400	34200
703	23400	29700
704	14400	34200
705	14400	34200
706	19800	27000
707	14400	34200
708	14400	34200
709	14400	34200
710	14400	34200
711	19800	27000
712	14400	34200
713	23400	30600
714	27000	34200
715	23400	30600
716	14400	34200
717	14400	34200
718	19800	27000
719	14400	33300
720	19800	27000
721	23400	30600
722	10800	34200
723	27000	34200
724	14400	34200
725	19800	27000
726	27000	34200
727	23400	30600
728	14400	33300
729	14400	34200
730	14400	33300
731	14400	34200
732	14400	34200
733	14400	33300
734	19800	26040
735	14400	34200
736	14400	34200
737	14400	34200
738	14400	34200
739	14400	34200
740	14400	34200
741	14400	34200
742	14400	34200
743	19800	27000
744	19800	27000
745	14400	34200
746	14400	34200
747	14400	34200
748	27000	34200
749	27000	34200
750	14400	34200
751	23400	30600
752	23400	30600
753	23400	30600
754	14400	34200
755	14400	34200
756	14400	34200
757	14400	34200
758	19800	27000
759	14400	34200
760	14400	34200
761	14400	34200
762	14400	34200
763	23400	30600
764	14400	34200
765	14400	34200
766	23400	30600
767	19800	27000
768	14400	33300
769	27000	34200
770	14400	34200
771	14400	34200
772	14400	34200
773	14400	34200
774	23400	30600
775	14400	34200
776	23400	30600
777	14400	34200
778	14400	34200
779	23400	30600
780	14400	34200
781	14400	34200
782	14400	34200
783	23400	30600
784	14400	34200
785	14400	34200
786	14400	34200
787	14400	34200
788	14400	34200
789	23400	30600
790	14400	33300
791	14400	34200
792	23400	30600
793	27000	34200
794	14400	34200
795	14400	34200
796	14400	33300
797	27000	34200
798	14400	34200
799	14400	34200
800	23400	30600
801	14400	34200
802	14400	34200
803	23400	30600
804	14400	34200
805	14400	34200
RELEASE_TIME_SECTION
1	0
2	9000
3	9000
4	9000
5	9000
6	9000
7	9000
8	9000
9	9000
10	9000
11	9000
12	9000
13	9000
14	9000
15	9000
16	9000
17	9000
18	9000
19	9000
20	9000
21	9000
22	9000
23	9000
24	9000
25	9000
26	9000
27	9000
28	9000
29	9000
30	9000
31	9000
32	9000
33	9000
34	9000
35	9000
36	9000
37	9000
38	9000
39	9000
40	9000
41	9000
42	9000
43	9000
44	9000
45	9000
46	9000
47	9000
48	9000
49	9000
50	9000
51	9000
52	9000
53	9000
54	9000
55	9000
56	9000
57	9000
58	9000
59	9000
60	9000
61	9000
62	9000
63	9000
64	9000
65	9000
66	9000
67	9000
68	9000
69	9000
70	9000
71	9000
72	9000
73	9000
74	9000
75	9000
76	9000
77	9000
78	9000
79	9000
80	9000
81	9000
82	9000
83	9000
84	9000
85	9000
86	9000
87	9000
88	9000
89	9000
90	9000
91	9000
92	9000
93	9000
94	9000
95	9000
96	9000
97	9000
98	9000
99	9000
100	9000
101	9000
102	10800
103	10800
104	10800
105	10800
106	10800
107	10800
108	10800
109	10800
110	10800
111	10800
112	10800
113	10800
114	10800
115	10800
116	10800
117	10800
118	10800
119	10800
120	10800
121	10800
122	10800
123	10800
124	10800
125	10800
126	10800
127	10800
128	10800
129	10800
130	10800
131	10800
132	10800
133	10800
134	10800
135	10800
136	10800
137	10800
138	10800
139	10800
140	10800
141	10800
142	10800
143	10800
144	10800
145	10800
146	10800
147	10800
148	10800
149	10800
150	10800
151	10800
152	10800
153	10800
154	10800
155	10800
156	10800
157	10800
158	10800
159	10800
160	10800
161	10800
162	10800
163	10800
164	10800
165	10800
166	10800
167	10800
168	10800
169	10800
170	10800
171	10800
172	10800
173	10800
174	10800
175	10800
176	10800
177	10800
178	10800
179	10800
180	10800
181	10800
182	10800
183	10800
184	10800
185	10800
186	10800
187	10800
188	10800
189	10800
190	10800
191	10800
192	10800
193	10800
194	10800
195	10800
196	10800
197	10800
198	10800
199	10800
200	10800
201	10800
202	12600
203	12600
204	12600
205	12600
206	12600
207	12600
208	12600
209	12600
210	12600
211	12600
212	12600
213	12600
214	12600
215	12600
216	12600
217	12600
218	12600
219	12600
220	12600
221	12600
222	12600
223	12600
224	12600
225	12600
226	12600
227	12600
228	12600
229	12600
230	12600
231	12600
232	12600
233	12600
234	12600
235	12600
236	12600
237	12600
238	12600
239	12600
240	12600
241	12600
242	12600
243	12600
244	12600
245	12600
246	12600
247	12600
248	12600
249	12600
250	12600
251	12600
252	12600
253	12600
254	12600
255	12600
256	12600
257	12600
258	12600
259	12600
260	12600
261	12600
262	12600
263	12600
264	12600
265	12600
266	12600
267	12600
268	12600
269	12600
270	12600
271	12600
272	12600
273	12600
274	12600
275	12600
276	12600
277	12600
278	12600
279	12600
280	12600
281	12600
282	12600
283	12600
284	12600
285	12600
286	12600
287	12600
288	12600
289	12600
290	12600
291	12600
292	12600
293	12600
294	12600
295	12600
296	12600
297	12600
298	12600
299	12600
300	12600
301	12600
302	14400
303	14400
304	14400
305	14400
306	14400
307	14400
308	14400
309	14400
310	14400
311	14400
312	14400
313	14400
314	14400
315	14400
316	14400
317	14400
318	14400
319	14400
320	14400
321	14400
322	14400
323	14400
324	14400
325	14400
326	14400
327	14400
328	14400
329	14400
330	14400
331	14400
332	14400
333	14400
334	14400
335	14400
336	14400
337	14400
338	14400
339	14400
340	14400
341	14400
342	14400
343	14400
344	14400
345	14400
346	14400
347	14400
348	14400
349	14400
350	14400
351	14400
352	14400
353	14400
354	14400
355	14400
356	14400
357	14400
358	14400
359	14400
360	14400
361	14400
362	14400
363	14400
364	14400
365	14400
366	14400
367	14400
368	14400
369	14400
370	14400
371	14400
372	14400
373	14400
374	14400
375	14400
376	14400
377	14400
378	14400
379	14400
380	14400
381	14400
382	14400
383	14400
384	14400
385	14400
386	14400
387	14400
388	14400
389	14400
390	14400
391	14400
392	14400
393	14400
394	16200
395	16200
396	16200
397	16200
398	16200
399	16200
400	16200
401	16200
402	16200
403	16200
404	16200
405	16200
406	16200
407	16200
408	16200
409	16200
410	16200
411	16200
412	16200
413	16200
414	16200
415	16200
416	16200
417	16200
418	16200
419	16200
420	16200
421	16200
422	16200
423	16200
424	16200
425	16200
426	16200
427	16200
428	16200
429	16200
430	16200
431	16200
432	16200
433	16200
434	16200
435	16200
436	16200
437	16200
438	16200
439	16200
440	16200
441	16200
442	16200
443	16200
444	16200
445	16200
446	16200
447	16200
448	16200
449	16200
450	16200
451	16200
452	16200
453	16200
454	16200
455	16200
456	16200
457	16200
458	16200
459	16200
460	16200
461	16200
462	16200
463	16200
464	16200
465	16200
466	16200
467	16200
468	16200
469	16200
470	16200
471	16200
472	16200
473	16200
474	16200
475	16200
476	18000
477	18000
478	18000
479	18000
480	18000
481	18000
482	18000
483	18000
484	18000
485	18000
486	18000
487	18000
488	18000
489	18000
490	18000
491	18000
492	18000
493	18000
494	18000
495	18000
496	18000
497	18000
498	18000
499	18000
500	18000
501	18000
502	18000
503	18000
504	18000
505	18000
506	18000
507	18000
508	18000
509	18000
510	18000
511	18000
512	18000
513	18000
514	18000
515	18000
516	18000
517	18000
518	18000
519	18000
520	18000
521	18000
522	18000
523	18000
524	18000
525	18000
526	18000
527	18000
528	18000
529	18000
530	18000
531	18000
532	18000
533	18000
534	18000
535	18000
536	18000
537	18000
538	18000
539	18000
540	18000
541	18000
542	18000
543	18000
544	18000
545	18000
546	18000
547	18000
548	19800
549	19800
550	19800
551	19800
552	19800
553	19800
554	19800
555	19800
556	19800
557	19800
558	19800
559	19800
560	19800
561	19800
562	19800
563	19800
564	19800
565	19800
566	19800
567	19800
568	19800
569	19800
570	19800
571	19800
572	19800
573	19800
574	19800
575	19800
576	19800
577	19800
578	19800
579	19800
580	19800
581	19800
582	19800
583	19800
584	19800
585	19800
586	19800
587	19800
588	19800
589	19800
590	19800
591	19800
592	19800
593	19800
594	19800
595	19800
596	19800
597	19800
598	19800
599	19800
600	19800
601	19800
602	19800
603	19800
604	19800
605	19800
606	19800
607	19800
608	19800
609	19800
610	21600
611	21600
612	21600
613	21600
614	21600
615	21600
616	21600
617	21600
618	21600
619	21600
620	21600
621	21600
622	21600
623	21600
624	21600
625	21600
626	21600
627	21600
628	21600
629	21600
630	21600
631	21600
632	21600
633	21600
634	21600
635	21600
636	21600
637	21600
638	21600
639	21600
640	21600
641	21600
642	21600
643	21600
644	21600
645	21600
646	21600
647	21600
648	21600
649	21600
650	21600
651	21600
652	21600
653	21600
654	21600
655	21600
656	21600
657	21600
658	21600
659	21600
660	21600
661	21600
662	21600
663	21600
664	21600
665	21600
666	23400
667	23400
668	23400
669	23400
670	23400
671	23400
672	23400
673	23400
674	23400
675	23400
676	23400
677	23400
678	23400
679	23400
680	23400
681	23400
682	23400
683	23400
684	23400
685	23400
686	23400
687	23400
688	23400
689	23400
690	23400
691	23400
692	23400
693	23400
694	23400
695	23400
696	23400
697	23400
698	23400
699	23400
700	23400
701	23400
702	23400
703	23400
704	23400
705	23400
706	23400
707	23400
708	23400
709	23400
710	23400
711	23400
712	23400
713	23400
714	23400
715	23400
716	23400
717	23400
718	23400
719	23400
720	23400
721	23400
722	23400
723	23400
724	23400
725	23400
726	23400
727	23400
728	25200
729	25200
730	25200
731	25200
732	25200
733	25200
734	25200
735	25200
736	25200
737	25200
738	25200
739	25200
740	25200
741	25200
742	25200
743	25200
744	25200
745	25200
746	25200
747	25200
748	25200
749	25200
750	25200
751	25200
752	25200
753	25200
754	25200
755	25200
756	25200
757	25200
758	25200
759	25200
760	25200
761	25200
762	25200
763	25200
764	25200
765	25200
766	25200
767	25200
768	25200
769	27000
770	27000
771	27000
772	27000
773	27000
774	27000
775	27000
776	27000
777	27000
778	27000
779	27000
780	27000
781	27000
782	27000
783	27000
784	27000
785	27000
786	27000
787	27000
788	27000
789	27000
790	27000
791	27000
792	27000
793	27000
794	27000
795	27000
796	27000
797	27000
798	27000
799	27000
800	27000
801	27000
802	27000
803	27000
804	27000
805	27000
EOF
