NAME : ORTEC-VRPTW-ASYM-1bdf25a7-d1-n870
TYPE : VRPTW-RT
DIMENSION : 871
EDGE_WEIGHT_TYPE : EUC_2D
CAPACITY : 160
NODE_COORD_SECTION
1	4070	1496
2	4131	1022
3	1072	1866
4	3091	1747
5	5186	1404
6	4520	1159
7	5362	1056
8	3906	1590
9	62	1449
10	4602	1364
11	2228	1612
12	5495	1573
13	5857	1440
14	5114	442
15	6556	746
16	6227	610
17	5559	679
18	5616	1288
19	5586	1518
20	4556	985
21	6799	825
22	5629	1455
23	1609	1529
24	2652	1437
25	3540	1035
26	5494	1497
27	5724	1488
28	6437	1229
29	6411	769
30	1227	1605
31	5559	679
32	4813	1561
33	4602	1364
34	3325	1515
35	5095	488
36	5449	886
37	2557	1202
38	3358	1087
39	4968	284
40	4076	1491
41	4040	935
42	4714	1480
43	6118	769
44	5872	890
45	5039	1585
46	4303	83
47	2652	1437
48	4822	1149
49	5788	1245
50	5542	824
51	129	1818
52	1580	1695
53	3627	1164
54	4664	1598
55	2049	1384
56	6500	366
57	2000	1387
58	5667	628
59	5252	1517
60	5683	718
61	5092	1471
62	1218	1488
63	4782	1494
64	5901	512
65	1528	1369
66	2116	1777
67	5100	1504
68	3888	937
69	3881	1072
70	2203	1439
71	3684	1185
72	532	1463
73	2994	1831
74	4040	935
75	4798	1476
76	174	1585
77	5470	1646
78	6293	866
79	5908	809
80	6583	665
81	6158	1194
82	2991	1514
83	4997	1497
84	2482	1142
85	4570	902
86	6003	1264
87	6203	1214
88	5114	442
89	6130	1491
90	2917	1385
91	5190	1459
92	3303	1172
93	5470	1646
94	2936	1363
95	2241	1521
96	1148	1598
97	5569	437
98	5826	1450
99	4663	210
100	4996	425
101	5981	1466
102	4933	372
103	6232	522
104	4061	1101
105	4664	285
106	3639	834
107	2991	1514
108	3888	937
109	4545	1072
110	5939	1488
111	1994	1138
112	6153	1153
113	4146	736
114	4444	945
115	4668	1407
116	7124	666
117	6293	866
118	255	1525
119	1373	1478
120	6437	1229
121	4297	951
122	2842	1590
123	5116	546
124	4837	1454
125	1528	1369
126	2165	1590
127	2991	1781
128	2329	1533
129	4215	684
130	5186	1404
131	7124	666
132	6874	561
133	5494	1497
134	2000	1387
135	1528	1216
136	4595	1014
137	5153	1492
138	5044	766
139	5857	1440
140	5100	1504
141	1227	1605
142	6035	857
143	3493	1626
144	5629	1455
145	1386	1436
146	6203	1214
147	3906	1590
148	4949	628
149	4553	1049
150	5320	548
151	5488	1094
152	2991	1514
153	5503	1445
154	1038	1287
155	4926	1429
156	5362	1056
157	4943	1694
158	5624	1427
159	2991	1514
160	6158	1194
161	6874	561
162	3805	1581
163	705	1328
164	3968	1124
165	4664	1598
166	4297	951
167	5145	770
168	5252	1517
169	279	1601
170	3369	1265
171	5189	1495
172	5185	1590
173	3888	937
174	2936	1363
175	943	1362
176	4130	0
177	1953	1665
178	6884	764
179	6645	487
180	4682	1469
181	4629	1497
182	5114	442
183	5954	1391
184	2482	1142
185	4668	1407
186	5864	738
187	4495	961
188	5788	1245
189	4076	1491
190	5981	1466
191	2228	1612
192	5760	1388
193	2400	1515
194	1580	1695
195	5492	1630
196	4798	1476
197	2285	1399
198	2190	1312
199	4826	272
200	2567	1297
201	3481	1145
202	6153	1153
203	3999	1761
204	2420	1095
205	5757	731
206	2148	1164
207	3608	1750
208	6134	461
209	5872	890
210	6799	825
211	4001	1691
212	5576	1506
213	4522	1392
214	5482	1466
215	2936	1363
216	3458	1227
217	2085	1617
218	407	1489
219	1665	1696
220	2025	1213
221	5306	1299
222	2863	1557
223	5705	615
224	4386	633
225	4673	257
226	982	1566
227	2000	1387
228	5323	638
229	5069	398
230	3914	1358
231	2148	1164
232	1979	1176
233	2636	1554
234	5629	1455
235	5883	1383
236	3805	1581
237	3649	1095
238	5275	1465
239	5616	1288
240	6319	651
241	6158	1194
242	3608	1750
243	4559	1482
244	1038	1287
245	2241	1521
246	2909	1155
247	2863	1557
248	5958	1386
249	5107	1526
250	3847	697
251	1994	1138
252	5114	442
253	5036	1492
254	1378	1829
255	2652	1437
256	5621	1528
257	2917	1385
258	5981	1466
259	7006	277
260	5609	420
261	4736	9
262	3799	1210
263	5175	1466
264	3856	794
265	129	1818
266	4338	218
267	5397	1541
268	6874	561
269	484	1365
270	4495	961
271	1054	1403
272	5045	410
273	3833	1095
274	5865	1405
275	3978	19
276	5352	1487
277	6546	753
278	4664	1598
279	5247	1385
280	5114	442
281	1533	1666
282	746	1364
283	1533	1666
284	3799	1210
285	4545	1072
286	3458	1227
287	4671	491
288	1378	1829
289	2652	1437
290	5609	420
291	6583	665
292	7124	666
293	1218	1488
294	1528	1216
295	656	1548
296	3569	1197
297	6011	556
298	1499	1654
299	5724	1648
300	6874	561
301	2042	1424
302	6381	418
303	3759	952
304	4914	1509
305	6003	1264
306	4668	1407
307	201	1529
308	6500	616
309	1148	1598
310	4782	1494
311	6528	821
312	5306	1299
313	1528	1369
314	5565	1448
315	2148	1164
316	3914	1358
317	1218	1488
318	3759	952
319	3525	855
320	5954	1391
321	6006	421
322	2766	1557
323	3789	939
324	4996	425
325	5908	809
326	4933	540
327	5053	1318
328	4768	990
329	484	1365
330	4736	9
331	594	1267
332	4996	425
333	5683	718
334	2329	1533
335	5692	1399
336	4595	1014
337	5190	1547
338	6364	559
339	5877	1371
340	4249	1183
341	7040	326
342	3914	1358
343	4796	1063
344	2089	1322
345	5874	1482
346	2307	1550
347	6460	640
348	3789	939
349	5667	628
350	5596	1510
351	2695	1630
352	3996	1745
353	4394	584
354	5058	469
355	2482	1142
356	6626	601
357	5857	1440
358	2285	1399
359	3486	975
360	6084	948
361	5826	1450
362	877	1410
363	5616	1288
364	5757	731
365	5542	824
366	3968	1124
367	4791	779
368	4528	949
369	2190	1312
370	4834	1611
371	3705	1240
372	2365	1198
373	4822	1149
374	6227	610
375	6098	412
376	5121	1488
377	5552	1413
378	407	1489
379	1778	1451
380	1054	1403
381	6559	401
382	4533	890
383	3919	1244
384	4914	1509
385	5298	1586
386	1979	1176
387	3919	1244
388	2928	1637
389	493	1441
390	4146	736
391	6351	1160
392	279	1601
393	5494	1497
394	4664	285
395	5683	718
396	2842	1590
397	4782	1494
398	4996	425
399	5724	1488
400	5775	326
401	6381	418
402	2445	1305
403	1953	1665
404	4782	1494
405	6301	1293
406	2917	1385
407	5482	1441
408	3810	1106
409	5775	326
410	5667	628
411	5247	1385
412	5666	1000
413	4595	1014
414	5760	1388
415	5793	1474
416	5449	886
417	4893	512
418	4914	1509
419	4486	988
420	2228	1612
421	4954	1390
422	62	1449
423	2085	1617
424	5323	1412
425	1059	1571
426	2027	1679
427	1953	1665
428	5697	1383
429	4140	1547
430	5488	1094
431	4181	1497
432	4585	920
433	4834	1611
434	2190	1312
435	5069	398
436	4442	994
437	5107	1526
438	1909	1456
439	5448	1551
440	5470	1646
441	5721	1565
442	255	1525
443	4458	1544
444	4949	628
445	7044	597
446	201	1529
447	3375	1341
448	1059	1571
449	7044	597
450	4714	1480
451	3078	1181
452	2716	1117
453	4076	1491
454	2670	1136
455	3852	846
456	2241	1521
457	3901	1259
458	6411	769
459	3540	1035
460	5482	1441
461	6232	522
462	2247	1236
463	3741	827
464	62	1449
465	6852	610
466	4458	1544
467	751	1470
468	4394	584
469	896	1456
470	2188	1093
471	6666	410
472	5674	1369
473	3369	1265
474	1500	1671
475	1580	1695
476	2175	1622
477	5760	1388
478	3189	1373
479	4924	1063
480	4874	1445
481	6467	659
482	1953	1665
483	5185	1590
484	6006	421
485	2346	1450
486	6084	948
487	320	1306
488	4926	1429
489	662	1414
490	2203	1439
491	4338	218
492	751	1470
493	2614	1787
494	3762	845
495	3930	1623
496	972	1486
497	4458	1544
498	4146	736
499	896	1456
500	4131	1022
501	5559	679
502	2346	1450
503	2909	1155
504	4921	1393
505	2909	1155
506	1071	1371
507	5788	1245
508	4140	1547
509	5864	738
510	2445	1305
511	5336	1458
512	3946	1668
513	5954	1391
514	109	1599
515	3906	1590
516	4949	628
517	3493	1626
518	3375	1341
519	2228	1612
520	4664	1598
521	4486	988
522	4924	1063
523	4458	1544
524	1910	1699
525	4553	1049
526	5494	775
527	1538	1301
528	1218	1488
529	2089	1322
530	4322	799
531	2203	1439
532	5100	1504
533	2891	1203
534	4303	83
535	2237	1429
536	3540	1035
537	5954	1391
538	5352	1487
539	5775	326
540	6948	391
541	3833	1095
542	5114	442
543	5323	1412
544	5667	628
545	5542	824
546	4595	1014
547	5586	1518
548	4556	985
549	5271	1458
550	2307	1550
551	4774	472
552	4791	779
553	5362	1056
554	5107	1526
555	4664	285
556	5488	1094
557	6416	1309
558	6203	1214
559	2027	1679
560	4556	985
561	5996	1378
562	2034	1738
563	5092	1471
564	3369	1265
565	5874	1482
566	6536	729
567	7006	277
568	5121	1488
569	5153	1492
570	3919	1244
571	3458	1227
572	3325	1515
573	1533	1666
574	6874	561
575	3789	939
576	5576	1506
577	2346	1450
578	5092	1471
579	746	1364
580	4146	736
581	2175	1622
582	5857	1440
583	4736	9
584	2557	1202
585	2614	1787
586	6556	746
587	93	1537
588	6301	1293
589	3292	1820
590	7119	635
591	2400	1515
592	2018	1199
593	4520	1159
594	4943	1694
595	3855	1119
596	3398	767
597	462	1310
598	5621	508
599	5186	1404
600	6130	1491
601	5860	689
602	5874	1482
603	1533	1666
604	4629	1497
605	4585	920
606	5044	766
607	4001	1691
608	3189	1373
609	1127	1129
610	4664	285
611	775	1434
612	7119	635
613	4954	1390
614	4458	1544
615	3996	1745
616	3508	1772
617	2247	1236
618	4456	631
619	4076	1491
620	6874	561
621	2936	1363
622	5186	1404
623	5860	689
624	5864	738
625	3242	1032
626	5710	611
627	4442	994
628	2400	1515
629	2136	1197
630	5045	410
631	6583	665
632	3525	855
633	4456	631
634	4810	1617
635	5121	1488
636	5362	1056
637	4893	512
638	4934	1391
639	2034	1738
640	3906	1590
641	4933	372
642	3968	1124
643	4559	1482
644	4495	961
645	5697	1383
646	3852	846
647	5145	770
648	982	1566
649	5046	1334
650	1071	1371
651	5069	1471
652	2917	1385
653	2917	1385
654	2027	1679
655	3292	1820
656	6022	1277
657	5053	1318
658	5470	1646
659	2147	1401
660	3481	1145
661	1889	1271
662	2147	1401
663	6003	1264
664	5495	1573
665	6158	1194
666	3741	827
667	2089	1322
668	5306	1299
669	5250	587
670	543	1329
671	4938	1029
672	6352	409
673	3881	1072
674	2716	1117
675	5275	1465
676	7119	635
677	5849	1453
678	4933	540
679	320	1306
680	5109	1355
681	2165	1590
682	4545	1072
683	1499	1654
684	6118	769
685	272	1686
686	5849	1453
687	5036	1492
688	5826	1450
689	2445	1305
690	6500	616
691	5145	770
692	4005	789
693	6481	807
694	4813	1561
695	2241	1521
696	5247	1385
697	4582	198
698	4089	809
699	3540	1035
700	751	1470
701	1893	1583
702	4545	1072
703	4938	1029
704	1227	1415
705	1218	1488
706	4768	990
707	4949	628
708	5872	890
709	4965	943
710	6583	665
711	6816	536
712	2329	1533
713	5352	1487
714	1453	1585
715	6411	769
716	5503	1445
717	5874	1482
718	877	1410
719	4934	1583
720	5190	1547
721	5352	1487
722	5177	1334
723	5616	1288
724	4130	0
725	6645	487
726	1046	1286
727	3921	915
728	493	1441
729	5044	766
730	6411	769
731	4303	83
732	4559	1482
733	3919	1244
734	5619	821
735	2652	1437
736	5121	1488
737	5865	1405
738	3258	1406
739	6319	651
740	3946	1668
741	3939	1476
742	5127	1399
743	5576	1506
744	5752	714
745	4485	1442
746	982	1566
747	1148	1598
748	2116	1777
749	5315	1702
750	7006	277
751	4065	349
752	3799	1210
753	543	1329
754	4965	943
755	6319	651
756	532	1463
757	6556	746
758	4933	540
759	1500	1671
760	1927	1381
761	5552	1413
762	4458	1544
763	1059	1571
764	3569	1197
765	5775	326
766	4005	789
767	5749	1255
768	2991	1781
769	5671	1149
770	2013	1543
771	4469	104
772	1059	1571
773	2018	1199
774	4871	1192
775	1946	1653
776	3464	1109
777	1274	1277
778	1893	1583
779	5306	1299
780	4261	509
781	5757	731
782	4001	1691
783	5438	1606
784	3946	1668
785	896	1456
786	4798	1476
787	397	1586
788	5668	536
789	4160	987
790	2307	1550
791	5177	1334
792	3358	1087
793	5277	474
794	5524	1612
795	6305	1076
796	6546	753
797	3078	1181
798	1927	1381
799	5069	398
800	5697	1383
801	2595	1538
802	6305	1076
803	4582	198
804	2936	1363
805	4001	1691
806	4682	1469
807	5776	1442
808	4874	1445
809	2495	1798
810	2991	1781
811	2470	1634
812	2165	1590
813	3458	1227
814	5724	1392
815	1218	1488
816	3091	1747
817	3608	1750
818	784	1673
819	5996	1378
820	4502	172
821	6352	409
822	6481	807
823	5116	546
824	5270	1459
825	5482	1441
826	3901	1259
827	3508	1772
828	5045	410
829	5849	1453
830	3852	846
831	2616	1089
832	4736	9
833	2670	1136
834	4914	1509
835	3946	1668
836	5127	1399
837	1528	1216
838	5157	476
839	2300	1341
840	2470	1634
841	4444	945
842	3881	1072
843	6153	1153
844	4173	1066
845	6773	506
846	3852	846
847	5100	1504
848	2285	1399
849	2190	1312
850	784	1673
851	833	1520
852	2000	1060
853	4423	937
854	6351	1160
855	2991	1514
856	6874	561
857	877	1410
858	2695	1630
859	3810	1106
860	543	1329
861	4520	1159
862	1054	1403
863	3996	1745
864	2365	1198
865	5692	1399
866	3615	1157
867	543	1329
868	1992	1581
869	4602	1364
870	4798	1476
871	5542	824
DEMAND_SECTION
1	0
2	7
3	8
4	6
5	8
6	4
7	8
8	7
9	5
10	6
11	8
12	6
13	6
14	3
15	7
16	4
17	5
18	4
19	9
20	6
21	7
22	5
23	3
24	7
25	8
26	6
27	5
28	14
29	17
30	6
31	7
32	4
33	8
34	8
35	4
36	5
37	5
38	6
39	7
40	12
41	5
42	4
43	17
44	8
45	8
46	6
47	4
48	7
49	11
50	9
51	6
52	16
53	8
54	6
55	4
56	7
57	4
58	3
59	3
60	8
61	8
62	8
63	5
64	5
65	7
66	9
67	4
68	11
69	3
70	4
71	8
72	5
73	12
74	12
75	8
76	9
77	6
78	14
79	9
80	4
81	5
82	5
83	9
84	3
85	4
86	8
87	6
88	5
89	4
90	8
91	3
92	5
93	8
94	6
95	5
96	4
97	5
98	9
99	8
100	6
101	11
102	4
103	5
104	4
105	6
106	10
107	9
108	7
109	14
110	5
111	7
112	8
113	9
114	12
115	7
116	8
117	5
118	10
119	7
120	5
121	5
122	5
123	6
124	4
125	6
126	6
127	7
128	5
129	13
130	3
131	5
132	6
133	11
134	3
135	6
136	8
137	5
138	7
139	6
140	7
141	9
142	2
143	5
144	7
145	3
146	8
147	8
148	5
149	9
150	7
151	6
152	15
153	7
154	4
155	4
156	6
157	5
158	8
159	7
160	4
161	3
162	4
163	5
164	6
165	6
166	5
167	4
168	10
169	6
170	6
171	8
172	3
173	4
174	4
175	9
176	5
177	10
178	5
179	5
180	5
181	8
182	9
183	9
184	10
185	7
186	12
187	4
188	14
189	3
190	4
191	5
192	6
193	4
194	7
195	5
196	7
197	6
198	8
199	5
200	3
201	10
202	9
203	5
204	12
205	4
206	7
207	8
208	6
209	4
210	6
211	9
212	6
213	4
214	4
215	5
216	6
217	6
218	6
219	5
220	5
221	14
222	5
223	6
224	5
225	10
226	4
227	6
228	7
229	8
230	4
231	4
232	6
233	11
234	10
235	13
236	15
237	5
238	3
239	6
240	15
241	5
242	3
243	2
244	6
245	21
246	3
247	5
248	5
249	7
250	6
251	7
252	4
253	9
254	6
255	3
256	6
257	5
258	6
259	4
260	6
261	3
262	12
263	7
264	8
265	7
266	5
267	8
268	4
269	6
270	7
271	3
272	4
273	6
274	4
275	6
276	6
277	4
278	8
279	7
280	5
281	7
282	5
283	9
284	7
285	7
286	8
287	8
288	9
289	4
290	5
291	4
292	7
293	4
294	5
295	5
296	8
297	7
298	6
299	6
300	7
301	8
302	4
303	7
304	3
305	7
306	5
307	8
308	3
309	8
310	8
311	6
312	6
313	7
314	4
315	5
316	5
317	4
318	11
319	10
320	7
321	5
322	5
323	8
324	3
325	5
326	11
327	7
328	11
329	12
330	4
331	12
332	4
333	6
334	4
335	4
336	8
337	5
338	8
339	7
340	7
341	4
342	3
343	4
344	5
345	7
346	16
347	6
348	10
349	4
350	3
351	5
352	9
353	5
354	12
355	7
356	3
357	8
358	5
359	7
360	5
361	5
362	9
363	4
364	14
365	7
366	7
367	7
368	13
369	8
370	7
371	20
372	5
373	4
374	4
375	8
376	5
377	6
378	5
379	5
380	4
381	16
382	6
383	13
384	4
385	3
386	5
387	12
388	5
389	4
390	4
391	6
392	8
393	5
394	7
395	7
396	6
397	6
398	6
399	6
400	11
401	9
402	8
403	6
404	8
405	4
406	9
407	7
408	9
409	10
410	9
411	4
412	3
413	6
414	4
415	5
416	5
417	9
418	6
419	8
420	5
421	6
422	2
423	7
424	4
425	6
426	6
427	3
428	8
429	4
430	8
431	6
432	7
433	6
434	8
435	4
436	7
437	5
438	3
439	6
440	5
441	5
442	6
443	4
444	5
445	6
446	7
447	5
448	7
449	7
450	6
451	5
452	5
453	5
454	6
455	7
456	7
457	7
458	13
459	11
460	3
461	4
462	7
463	3
464	8
465	17
466	5
467	7
468	8
469	4
470	7
471	5
472	8
473	9
474	5
475	8
476	6
477	8
478	5
479	8
480	4
481	4
482	5
483	5
484	6
485	12
486	7
487	10
488	6
489	6
490	3
491	4
492	5
493	9
494	3
495	4
496	5
497	17
498	8
499	7
500	4
501	5
502	6
503	6
504	4
505	5
506	12
507	4
508	8
509	3
510	3
511	7
512	8
513	5
514	8
515	5
516	5
517	9
518	6
519	4
520	8
521	4
522	8
523	7
524	7
525	7
526	6
527	4
528	5
529	8
530	7
531	4
532	6
533	3
534	8
535	8
536	5
537	8
538	4
539	5
540	4
541	5
542	7
543	9
544	4
545	7
546	10
547	5
548	12
549	7
550	6
551	9
552	10
553	5
554	15
555	3
556	10
557	6
558	6
559	7
560	6
561	5
562	7
563	6
564	6
565	6
566	8
567	9
568	10
569	5
570	4
571	4
572	10
573	7
574	5
575	7
576	9
577	7
578	5
579	4
580	3
581	14
582	7
583	6
584	3
585	8
586	5
587	7
588	6
589	13
590	8
591	6
592	4
593	7
594	8
595	9
596	5
597	8
598	4
599	4
600	9
601	3
602	8
603	3
604	4
605	4
606	5
607	8
608	10
609	5
610	6
611	8
612	6
613	7
614	9
615	11
616	12
617	7
618	8
619	12
620	6
621	4
622	9
623	5
624	10
625	9
626	9
627	3
628	6
629	12
630	6
631	6
632	7
633	6
634	9
635	3
636	4
637	4
638	7
639	4
640	8
641	10
642	7
643	4
644	12
645	9
646	6
647	12
648	7
649	4
650	6
651	5
652	7
653	6
654	4
655	7
656	3
657	7
658	5
659	8
660	10
661	4
662	9
663	6
664	12
665	7
666	7
667	7
668	3
669	5
670	3
671	5
672	6
673	4
674	3
675	7
676	14
677	14
678	3
679	8
680	3
681	4
682	7
683	3
684	6
685	3
686	8
687	11
688	5
689	5
690	11
691	4
692	4
693	5
694	7
695	6
696	9
697	12
698	5
699	4
700	2
701	5
702	7
703	5
704	7
705	5
706	7
707	8
708	6
709	5
710	5
711	10
712	12
713	5
714	7
715	8
716	18
717	8
718	5
719	6
720	6
721	12
722	4
723	6
724	6
725	7
726	7
727	4
728	7
729	4
730	4
731	5
732	5
733	8
734	4
735	5
736	9
737	7
738	9
739	4
740	5
741	4
742	7
743	8
744	5
745	3
746	3
747	4
748	11
749	3
750	8
751	8
752	5
753	5
754	3
755	7
756	9
757	7
758	8
759	7
760	4
761	3
762	4
763	6
764	8
765	8
766	6
767	5
768	6
769	12
770	6
771	7
772	4
773	6
774	9
775	7
776	6
777	9
778	6
779	4
780	9
781	7
782	7
783	6
784	6
785	4
786	5
787	7
788	3
789	4
790	4
791	5
792	8
793	12
794	10
795	9
796	11
797	4
798	8
799	5
800	6
801	3
802	5
803	11
804	7
805	5
806	5
807	4
808	7
809	7
810	7
811	6
812	7
813	3
814	3
815	7
816	4
817	5
818	5
819	7
820	2
821	5
822	18
823	11
824	8
825	5
826	21
827	5
828	10
829	5
830	10
831	8
832	8
833	6
834	7
835	14
836	8
837	5
838	7
839	4
840	3
841	4
842	6
843	8
844	5
845	6
846	5
847	4
848	9
849	6
850	4
851	6
852	7
853	5
854	4
855	9
856	6
857	6
858	4
859	7
860	6
861	6
862	4
863	13
864	4
865	7
866	4
867	7
868	5
869	6
870	7
871	9
DEPOT_SECTION
1
-1
SERVICE_TIME_SECTION
1	0
2	480
3	720
4	660
5	660
6	660
7	540
8	360
9	660
10	840
11	540
12	540
13	420
14	660
15	480
16	480
17	660
18	660
19	540
20	900
21	540
22	540
23	600
24	540
25	540
26	420
27	900
28	720
29	780
30	720
31	720
32	1020
33	840
34	600
35	240
36	420
37	540
38	600
39	600
40	720
41	540
42	300
43	960
44	540
45	480
46	840
47	480
48	720
49	360
50	960
51	600
52	240
53	540
54	540
55	600
56	540
57	360
58	1200
59	600
60	780
61	480
62	360
63	720
64	660
65	540
66	1140
67	480
68	540
69	660
70	540
71	660
72	360
73	240
74	540
75	420
76	780
77	600
78	300
79	1140
80	780
81	480
82	780
83	600
84	300
85	540
86	660
87	720
88	300
89	300
90	840
91	480
92	660
93	420
94	660
95	720
96	480
97	540
98	420
99	600
100	600
101	300
102	600
103	540
104	780
105	420
106	420
107	300
108	360
109	360
110	420
111	540
112	360
113	600
114	780
115	360
116	600
117	780
118	300
119	240
120	600
121	480
122	480
123	420
124	480
125	240
126	780
127	540
128	420
129	480
130	540
131	420
132	360
133	600
134	480
135	480
136	900
137	420
138	1080
139	780
140	600
141	360
142	660
143	300
144	480
145	480
146	480
147	480
148	240
149	480
150	480
151	540
152	720
153	660
154	420
155	540
156	360
157	480
158	660
159	960
160	540
161	720
162	600
163	1080
164	720
165	600
166	600
167	480
168	660
169	780
170	900
171	600
172	1020
173	420
174	660
175	480
176	540
177	480
178	600
179	660
180	540
181	540
182	600
183	480
184	780
185	600
186	1020
187	720
188	480
189	420
190	900
191	420
192	660
193	420
194	360
195	480
196	540
197	540
198	540
199	720
200	540
201	420
202	480
203	660
204	600
205	240
206	360
207	300
208	360
209	780
210	420
211	420
212	540
213	780
214	420
215	720
216	1080
217	240
218	780
219	600
220	540
221	600
222	540
223	360
224	360
225	600
226	600
227	540
228	660
229	300
230	480
231	600
232	480
233	360
234	600
235	420
236	540
237	240
238	480
239	720
240	600
241	540
242	420
243	480
244	600
245	480
246	300
247	480
248	240
249	780
250	900
251	300
252	540
253	360
254	780
255	780
256	660
257	660
258	480
259	780
260	780
261	420
262	600
263	480
264	660
265	420
266	240
267	540
268	600
269	420
270	420
271	300
272	360
273	1020
274	900
275	480
276	300
277	480
278	720
279	540
280	420
281	960
282	540
283	780
284	300
285	780
286	540
287	600
288	360
289	480
290	840
291	600
292	480
293	600
294	300
295	660
296	540
297	420
298	240
299	780
300	540
301	540
302	420
303	540
304	780
305	540
306	300
307	660
308	300
309	480
310	540
311	420
312	780
313	480
314	960
315	480
316	600
317	540
318	660
319	360
320	540
321	780
322	960
323	720
324	360
325	540
326	600
327	480
328	480
329	360
330	480
331	900
332	600
333	420
334	300
335	600
336	420
337	780
338	720
339	480
340	720
341	420
342	480
343	540
344	480
345	420
346	780
347	420
348	300
349	720
350	540
351	480
352	1020
353	360
354	660
355	600
356	420
357	480
358	360
359	540
360	780
361	660
362	480
363	360
364	720
365	900
366	360
367	600
368	300
369	780
370	240
371	540
372	660
373	540
374	420
375	600
376	300
377	540
378	1020
379	600
380	540
381	780
382	660
383	660
384	480
385	540
386	540
387	600
388	360
389	480
390	720
391	540
392	420
393	600
394	360
395	540
396	900
397	540
398	480
399	420
400	780
401	600
402	540
403	720
404	540
405	540
406	720
407	720
408	660
409	540
410	720
411	540
412	420
413	540
414	540
415	720
416	360
417	360
418	420
419	420
420	780
421	360
422	540
423	540
424	600
425	1080
426	600
427	840
428	360
429	360
430	660
431	540
432	540
433	960
434	540
435	300
436	540
437	360
438	600
439	360
440	600
441	480
442	480
443	300
444	900
445	600
446	660
447	540
448	480
449	420
450	600
451	900
452	600
453	420
454	660
455	660
456	300
457	600
458	480
459	420
460	840
461	540
462	540
463	960
464	540
465	360
466	660
467	540
468	300
469	660
470	600
471	480
472	600
473	540
474	780
475	780
476	360
477	360
478	600
479	360
480	1140
481	1200
482	300
483	300
484	540
485	360
486	600
487	420
488	720
489	660
490	420
491	480
492	600
493	360
494	420
495	840
496	360
497	480
498	300
499	540
500	1020
501	480
502	540
503	480
504	660
505	780
506	540
507	780
508	300
509	480
510	360
511	480
512	540
513	960
514	540
515	420
516	540
517	420
518	1020
519	540
520	480
521	540
522	660
523	540
524	360
525	840
526	360
527	420
528	420
529	840
530	960
531	780
532	420
533	480
534	660
535	300
536	540
537	660
538	660
539	780
540	360
541	720
542	600
543	660
544	300
545	900
546	360
547	540
548	480
549	300
550	780
551	660
552	600
553	600
554	780
555	480
556	300
557	420
558	480
559	600
560	480
561	600
562	480
563	420
564	540
565	480
566	420
567	480
568	480
569	960
570	780
571	540
572	300
573	540
574	660
575	600
576	840
577	540
578	480
579	420
580	480
581	660
582	600
583	420
584	480
585	780
586	600
587	240
588	480
589	600
590	540
591	300
592	540
593	360
594	360
595	720
596	360
597	540
598	240
599	540
600	420
601	540
602	660
603	360
604	420
605	780
606	300
607	600
608	600
609	660
610	600
611	600
612	480
613	420
614	600
615	720
616	300
617	960
618	540
619	480
620	600
621	660
622	480
623	540
624	720
625	360
626	480
627	540
628	360
629	420
630	300
631	480
632	360
633	660
634	660
635	600
636	540
637	360
638	600
639	780
640	420
641	480
642	780
643	720
644	300
645	540
646	420
647	600
648	540
649	300
650	1020
651	660
652	300
653	540
654	900
655	600
656	1080
657	720
658	600
659	300
660	540
661	1080
662	420
663	480
664	420
665	420
666	420
667	600
668	540
669	300
670	540
671	300
672	480
673	600
674	420
675	480
676	540
677	720
678	1020
679	600
680	1320
681	900
682	360
683	480
684	540
685	540
686	360
687	540
688	480
689	360
690	360
691	300
692	600
693	420
694	360
695	840
696	420
697	720
698	540
699	300
700	540
701	540
702	540
703	720
704	780
705	480
706	360
707	840
708	660
709	600
710	780
711	420
712	840
713	660
714	480
715	540
716	360
717	300
718	660
719	360
720	960
721	300
722	420
723	540
724	300
725	300
726	600
727	300
728	540
729	660
730	540
731	540
732	540
733	420
734	600
735	720
736	300
737	720
738	720
739	540
740	660
741	720
742	420
743	360
744	360
745	540
746	360
747	1560
748	420
749	420
750	420
751	660
752	600
753	300
754	600
755	1080
756	360
757	240
758	540
759	660
760	660
761	600
762	480
763	660
764	480
765	480
766	420
767	420
768	480
769	480
770	360
771	480
772	600
773	480
774	420
775	600
776	780
777	780
778	1080
779	720
780	420
781	960
782	960
783	540
784	420
785	660
786	600
787	480
788	600
789	1020
790	780
791	600
792	420
793	360
794	480
795	660
796	1200
797	360
798	600
799	600
800	720
801	660
802	840
803	360
804	480
805	360
806	480
807	660
808	1140
809	480
810	1200
811	420
812	420
813	600
814	660
815	840
816	300
817	300
818	540
819	300
820	240
821	840
822	540
823	300
824	480
825	1140
826	420
827	420
828	600
829	480
830	540
831	600
832	360
833	1020
834	480
835	600
836	540
837	660
838	660
839	960
840	480
841	780
842	840
843	1140
844	480
845	420
846	660
847	360
848	480
849	240
850	300
851	660
852	600
853	600
854	420
855	480
856	480
857	720
858	240
859	420
860	660
861	780
862	540
863	780
864	660
865	780
866	360
867	480
868	720
869	540
870	540
871	660
TIME_WINDOW_SECTION
1	0	45000
2	9000	16200
3	16200	23400
4	7200	29700
5	16200	23400
6	5400	12600
7	5400	12600
8	19800	27000
9	12600	19800
10	5400	12600
11	23400	30600
12	7200	30600
13	23400	30600
14	23400	30600
15	12600	19800
16	16200	23400
17	7200	30600
18	9000	16200
19	7200	29700
20	16200	23400
21	7200	30600
22	19800	27000
23	23400	30600
24	9000	16200
25	7200	29700
26	5400	12600
27	19800	27000
28	12600	19800
29	19800	27000
30	12600	19800
31	5400	12600
32	19800	27000
33	5400	12600
34	12600	19800
35	7200	29700
36	23400	30600
37	12600	18900
38	9000	16200
39	19800	27000
40	9000	16200
41	19800	27000
42	16200	23400
43	23400	30600
44	12600	19800
45	23400	30600
46	12600	19800
47	16200	23400
48	23400	30600
49	12600	19800
50	5400	12600
51	9000	16200
52	19800	27000
53	19800	27000
54	5400	12600
55	7200	29700
56	16200	23400
57	23400	30600
58	9000	16200
59	7200	30600
60	9000	16200
61	7200	30600
62	7200	30600
63	23400	30600
64	9000	16200
65	12600	19800
66	12600	19800
67	7200	30600
68	7200	29700
69	16200	23400
70	5400	12600
71	19800	27000
72	5400	12600
73	19800	27000
74	23400	30600
75	16200	23400
76	12600	19800
77	23400	30600
78	5400	12600
79	5400	12600
80	23400	29700
81	23400	30600
82	19800	27000
83	23400	30600
84	23400	30600
85	12600	19800
86	7200	30600
87	16200	23400
88	5400	12600
89	16200	23400
90	16200	23400
91	7200	30600
92	16200	23400
93	19800	27000
94	16200	23400
95	23400	30600
96	16200	23400
97	12600	19800
98	12600	19800
99	12600	19800
100	12600	19800
101	5400	12600
102	23400	30600
103	7200	30600
104	16200	23400
105	7200	30600
106	23400	30600
107	23400	30600
108	19800	27000
109	16200	23400
110	23400	30600
111	9000	16200
112	19800	27000
113	7200	30600
114	16200	23400
115	5400	12600
116	16200	23400
117	23400	30600
118	9000	16200
119	9000	16200
120	12600	19800
121	12600	19800
122	5400	12600
123	7200	30600
124	19800	27000
125	12600	19800
126	19800	27000
127	19800	27000
128	7200	29700
129	23400	30600
130	5400	12600
131	19800	27000
132	23400	30600
133	12600	19800
134	23400	30600
135	5400	12600
136	19800	27000
137	7200	30600
138	7200	30600
139	9000	16200
140	19800	27000
141	7200	30600
142	16200	23400
143	9000	16200
144	9000	15300
145	12600	19800
146	7200	29700
147	16200	23400
148	19800	27000
149	12600	19800
150	12600	19800
151	5400	12600
152	9000	16200
153	7200	30600
154	9000	16200
155	23400	30600
156	16200	23400
157	19800	27000
158	23400	30600
159	12600	19800
160	16200	23400
161	23400	30600
162	19800	27000
163	9000	16200
164	16200	23400
165	16200	23400
166	16200	23400
167	23400	30600
168	19800	27000
169	23400	30600
170	7200	30600
171	16200	23400
172	16200	23400
173	23400	30600
174	16200	23400
175	7200	30600
176	9000	16200
177	16200	23400
178	7200	30600
179	16200	23400
180	19800	27000
181	23400	30600
182	7200	30600
183	19800	27000
184	16200	23400
185	9000	16200
186	23400	30600
187	23400	30600
188	16200	23400
189	23400	30600
190	16200	23400
191	19800	27000
192	12600	19800
193	9000	16200
194	12600	19800
195	5400	12600
196	7200	30600
197	16200	27000
198	9000	15300
199	9000	16200
200	19800	27000
201	19800	27000
202	5400	12600
203	16200	23400
204	16200	23400
205	23400	30600
206	19800	27000
207	19800	27000
208	12600	19800
209	12600	19800
210	9000	16200
211	19800	27000
212	19800	27000
213	23400	30600
214	7200	30600
215	5400	12600
216	12600	19800
217	19800	27000
218	16200	23400
219	9000	16200
220	9000	16200
221	5400	12600
222	23400	30600
223	16200	23400
224	5400	12600
225	9000	16200
226	5400	12600
227	7200	29700
228	12600	19800
229	9000	16200
230	12600	19800
231	23400	30600
232	19800	27000
233	19800	27000
234	23400	30600
235	19800	27000
236	9000	16200
237	23400	30600
238	12600	19800
239	12600	19800
240	23400	30600
241	9000	16200
242	19800	27000
243	5400	12600
244	23400	30600
245	9000	16200
246	5400	11700
247	9000	16200
248	12600	19800
249	19800	27000
250	5400	12600
251	16200	23400
252	19800	27000
253	7200	30600
254	9000	16200
255	5400	12600
256	12600	19800
257	16200	23400
258	9000	16200
259	7200	30600
260	23400	29700
261	16200	23400
262	23400	30600
263	16200	23400
264	9000	16200
265	23400	30600
266	16200	23400
267	16200	23400
268	19800	27000
269	19800	27000
270	9000	15300
271	9000	16200
272	7200	30600
273	23400	30600
274	23400	30600
275	23400	30600
276	5400	12600
277	19800	27000
278	19800	27000
279	19800	27000
280	23400	30600
281	5400	12600
282	12600	19800
283	23400	30600
284	16200	23400
285	9000	16200
286	5400	12600
287	9000	16200
288	19800	27000
289	9000	15300
290	12600	19800
291	5400	12600
292	23400	29700
293	12600	19800
294	19800	27000
295	9000	16200
296	23400	30600
297	23400	30600
298	19800	27000
299	23400	30600
300	7200	30600
301	9000	16200
302	12600	19800
303	7200	30600
304	19800	27000
305	23400	30600
306	19800	27000
307	16200	23400
308	9000	16200
309	23400	30600
310	12600	19800
311	7200	30600
312	12600	19800
313	12600	19800
314	16200	23400
315	12600	19800
316	12600	19800
317	16200	23400
318	7200	30600
319	19800	27000
320	9000	16200
321	9000	16200
322	19800	27000
323	9000	16200
324	5400	12600
325	19800	27000
326	16200	23400
327	19800	27000
328	23400	30600
329	16200	23400
330	5400	12600
331	9000	16200
332	12600	19800
333	19800	27000
334	7200	30600
335	16200	23400
336	5400	12600
337	19800	27000
338	7200	30600
339	19800	27000
340	23400	30600
341	19800	27000
342	5400	12600
343	12600	19800
344	7200	30600
345	7200	30600
346	23400	30600
347	23400	30600
348	19800	27000
349	16200	23400
350	16200	23400
351	23400	30600
352	16200	23400
353	7200	30600
354	16200	23400
355	23400	30600
356	9000	16200
357	9000	16200
358	23400	30600
359	7200	30600
360	7200	30600
361	23400	30600
362	7200	30600
363	9000	16200
364	9000	16200
365	23400	30600
366	12600	19800
367	7200	30600
368	23400	30600
369	16200	23400
370	23400	30600
371	23400	30600
372	12600	19800
373	5400	12600
374	12600	19800
375	23400	30600
376	12600	19800
377	12600	19800
378	23400	30600
379	16200	23400
380	19800	27000
381	9000	16200
382	7200	30600
383	23400	30600
384	12600	19800
385	23400	30600
386	12600	19800
387	23400	30600
388	16200	23400
389	12600	19800
390	7200	30600
391	12600	19800
392	7200	30600
393	12600	19800
394	16200	23400
395	9000	15300
396	7200	30600
397	5400	12600
398	23400	30600
399	19800	27000
400	16200	23400
401	16200	23400
402	16200	23400
403	7200	30600
404	23400	30600
405	7200	30600
406	16200	23400
407	7200	30600
408	7200	30600
409	12600	19800
410	19800	27000
411	19800	27000
412	12600	19800
413	19800	27000
414	12600	19800
415	9000	16200
416	12600	19800
417	7200	30600
418	7200	30600
419	12600	19800
420	12600	19800
421	7200	30600
422	12600	19800
423	16200	23400
424	12600	19800
425	16200	23400
426	23400	29700
427	16200	23400
428	9000	16200
429	19800	27000
430	9000	16200
431	19800	27000
432	12600	19800
433	19800	27000
434	12600	19800
435	12600	19800
436	12600	19800
437	7200	30600
438	12600	19800
439	16200	23400
440	23400	30600
441	23400	30600
442	19800	27000
443	9000	16200
444	7200	29700
445	16200	23400
446	23400	30600
447	16200	22500
448	9000	16200
449	23400	29700
450	23400	30600
451	9000	16200
452	12600	19800
453	23400	30600
454	9000	16200
455	16200	23400
456	23400	30600
457	7200	30600
458	9000	16200
459	23400	30600
460	23400	30600
461	9000	16200
462	16200	23400
463	16200	22500
464	16200	23400
465	16200	23400
466	12600	19800
467	9000	16200
468	12600	19800
469	19800	27000
470	9000	16200
471	19800	27000
472	12600	19800
473	23400	30600
474	16200	23400
475	7200	30600
476	9000	16200
477	19800	27000
478	16200	23400
479	16200	23400
480	16200	23400
481	9000	16200
482	12600	19800
483	12600	19800
484	19800	27000
485	19800	27000
486	23400	30600
487	19800	27000
488	12600	19800
489	19800	27000
490	19800	27000
491	16200	23400
492	16200	23400
493	12600	19800
494	16200	23400
495	9000	16200
496	12600	19800
497	23400	30600
498	16200	23400
499	16200	23400
500	23400	30600
501	9000	16200
502	23400	29700
503	12600	18900
504	7200	30600
505	12600	19800
506	19800	27000
507	12600	19800
508	9000	16200
509	12600	19800
510	16200	23400
511	7200	30600
512	19800	27000
513	16200	23400
514	16200	23400
515	16200	27000
516	9000	16200
517	7200	30600
518	7200	30600
519	12600	19800
520	19800	27000
521	16200	23400
522	7200	30600
523	12600	19800
524	12600	19800
525	9000	16200
526	7200	30600
527	16200	23400
528	16200	23400
529	16200	23400
530	16200	23400
531	12600	19800
532	12600	19800
533	23400	30600
534	7200	30600
535	7200	30600
536	12600	19800
537	16200	23400
538	23400	30600
539	19800	27000
540	12600	19800
541	9000	16200
542	23400	30600
543	16200	23400
544	19800	26040
545	23400	30600
546	9000	16200
547	7200	30600
548	19800	27000
549	23400	30600
550	7200	30600
551	7200	30600
552	7200	30600
553	19800	27000
554	7200	30600
555	7200	30600
556	7200	29700
557	7200	30600
558	16200	23400
559	16200	23400
560	19800	27000
561	7200	30600
562	12600	19800
563	7200	30600
564	9000	16200
565	7200	30600
566	12600	19800
567	12600	19800
568	9000	16200
569	19800	27000
570	19800	27000
571	16200	23400
572	19800	27000
573	7200	30600
574	7200	30600
575	12600	19800
576	23400	30600
577	19800	27000
578	16200	23400
579	23400	30600
580	16200	23400
581	12600	19800
582	12600	19800
583	23400	30600
584	7200	30600
585	23400	30600
586	16200	23400
587	16200	23400
588	16200	23400
589	16200	23400
590	23400	30600
591	23400	30600
592	19800	27000
593	23400	30600
594	19800	27000
595	12600	19800
596	16200	23400
597	19800	26040
598	12600	19800
599	23400	30600
600	16200	23400
601	12600	19800
602	23400	30600
603	12600	19800
604	19800	27000
605	19800	27000
606	12600	19800
607	23400	30600
608	7200	30600
609	16200	27000
610	12600	19800
611	19800	27000
612	19800	27000
613	7200	30600
614	23400	30600
615	16200	23400
616	23400	30600
617	19800	27000
618	12600	19800
619	23400	30600
620	16200	23400
621	16200	23400
622	16200	23400
623	16200	23400
624	16200	22500
625	12600	19800
626	19800	27000
627	16200	23400
628	16200	23400
629	16200	23400
630	7200	30600
631	23400	30600
632	16200	23400
633	19800	27000
634	12600	19800
635	7200	30600
636	7200	30600
637	19800	27000
638	7200	30600
639	19800	27000
640	12600	19800
641	23400	30600
642	7200	30600
643	16200	23400
644	16200	23400
645	16200	23400
646	19800	27000
647	12600	19800
648	19800	27000
649	16200	23400
650	19800	27000
651	7200	30600
652	7200	30600
653	19800	27000
654	19800	27000
655	16200	23400
656	16200	23400
657	12600	19800
658	19800	27000
659	19800	27000
660	12600	19800
661	23400	30600
662	7200	30600
663	16200	23400
664	19800	27000
665	19800	27000
666	23400	30600
667	19800	27000
668	12600	19800
669	7200	30600
670	19800	27000
671	12600	19800
672	19800	27000
673	12600	19800
674	7200	30600
675	16200	23400
676	16200	23400
677	23400	30600
678	7200	30600
679	16200	23400
680	19800	27000
681	16200	23400
682	23400	30600
683	16200	27000
684	16200	23400
685	19800	27000
686	16200	23400
687	23400	30600
688	12600	19800
689	19800	27000
690	16200	23400
691	16200	23400
692	23400	30600
693	19800	27000
694	23400	30600
695	16200	23400
696	19800	27000
697	23400	30600
698	12600	19800
699	7200	30600
700	19800	27000
701	7200	30600
702	12600	19800
703	16200	23400
704	19800	27000
705	7200	30600
706	19800	27000
707	12600	19800
708	16200	23400
709	12600	19800
710	19800	27000
711	23400	30600
712	19800	27000
713	7200	30600
714	7200	30600
715	19800	27000
716	23400	30600
717	19800	27000
718	16200	23400
719	19800	27000
720	23400	30600
721	19800	27000
722	7200	30600
723	16200	23400
724	16200	23400
725	23400	30600
726	7200	30600
727	7200	30600
728	16200	23400
729	19800	27000
730	16200	23400
731	23400	30600
732	16200	23400
733	7200	30600
734	23400	30600
735	7200	29700
736	23400	30600
737	19800	27000
738	16200	23400
739	16200	23400
740	7200	30600
741	16200	23400
742	23400	30600
743	19800	26040
744	19800	27000
745	19800	27000
746	19800	27000
747	7200	30600
748	19800	27000
749	7200	30600
750	16200	23400
751	16200	23400
752	23400	30600
753	7200	30600
754	7200	30600
755	16200	23400
756	16200	23400
757	7200	30600
758	7200	30600
759	7200	30600
760	19800	27000
761	23400	30600
762	16200	23400
763	16200	23400
764	23400	30600
765	19800	27000
766	23400	30600
767	23400	30600
768	16200	23400
769	19800	27000
770	7200	30600
771	7200	30600
772	7200	30600
773	7200	30600
774	19800	27000
775	23400	30600
776	16200	23400
777	19800	27000
778	23400	30600
779	7200	30600
780	16200	23400
781	7200	30600
782	23400	30600
783	7200	29700
784	7200	30600
785	7200	30600
786	23400	30600
787	23400	30600
788	19800	27000
789	23400	30600
790	16200	23400
791	19800	27000
792	7200	30600
793	16200	23400
794	19800	27000
795	19800	27000
796	7200	30600
797	7200	29700
798	19800	27000
799	19800	27000
800	16200	23400
801	16200	23400
802	23400	29700
803	7200	30600
804	7200	30600
805	16200	23400
806	16200	23400
807	7200	29700
808	7200	30600
809	23400	30600
810	16200	23400
811	19800	27000
812	7200	30600
813	19800	27000
814	23400	30600
815	23400	30600
816	19800	27000
817	19800	27000
818	23400	30600
819	23400	30600
820	16200	23400
821	23400	30600
822	19800	27000
823	7200	29700
824	23400	30600
825	19800	27000
826	7200	30600
827	19800	27000
828	7200	30600
829	7200	30600
830	23400	30600
831	19800	27000
832	23400	30600
833	19800	27000
834	23400	30600
835	23400	30600
836	23400	30600
837	23400	30600
838	19800	26100
839	23400	30600
840	7200	30600
841	7200	29700
842	23400	30600
843	19800	27000
844	19800	26100
845	19800	27000
846	19800	27000
847	7200	29700
848	23400	30600
849	7200	30600
850	23400	30600
851	7200	30600
852	23400	30600
853	23400	30600
854	7200	30600
855	7200	30600
856	19800	27000
857	19800	27000
858	7200	29700
859	23400	30600
860	19800	27000
861	23400	30600
862	19800	27000
863	7200	30600
864	7200	30600
865	23400	30600
866	23400	30600
867	19800	27000
868	23400	30600
869	7200	30600
870	19800	27000
871	23400	30600
RELEASE_TIME_SECTION
1	0
2	5400
3	5400
4	5400
5	5400
6	5400
7	5400
8	5400
9	5400
10	5400
11	5400
12	5400
13	5400
14	5400
15	5400
16	5400
17	5400
18	5400
19	5400
20	5400
21	5400
22	5400
23	5400
24	5400
25	5400
26	5400
27	5400
28	5400
29	5400
30	5400
31	5400
32	5400
33	5400
34	5400
35	5400
36	5400
37	5400
38	5400
39	5400
40	5400
41	5400
42	5400
43	5400
44	5400
45	5400
46	5400
47	5400
48	5400
49	5400
50	5400
51	5400
52	5400
53	5400
54	5400
55	5400
56	5400
57	5400
58	5400
59	5400
60	5400
61	5400
62	5400
63	5400
64	5400
65	5400
66	5400
67	5400
68	5400
69	5400
70	5400
71	5400
72	5400
73	5400
74	5400
75	5400
76	5400
77	5400
78	5400
79	5400
80	5400
81	5400
82	5400
83	5400
84	5400
85	5400
86	5400
87	5400
88	5400
89	5400
90	5400
91	5400
92	5400
93	5400
94	5400
95	5400
96	5400
97	5400
98	5400
99	5400
100	5400
101	5400
102	7200
103	7200
104	7200
105	7200
106	7200
107	7200
108	7200
109	7200
110	7200
111	7200
112	7200
113	7200
114	7200
115	7200
116	7200
117	7200
118	7200
119	7200
120	7200
121	7200
122	7200
123	7200
124	7200
125	7200
126	7200
127	7200
128	7200
129	7200
130	7200
131	7200
132	7200
133	7200
134	7200
135	7200
136	7200
137	7200
138	7200
139	7200
140	7200
141	7200
142	7200
143	7200
144	7200
145	7200
146	7200
147	7200
148	7200
149	7200
150	7200
151	7200
152	7200
153	7200
154	7200
155	7200
156	7200
157	7200
158	7200
159	7200
160	7200
161	7200
162	7200
163	7200
164	7200
165	7200
166	7200
167	7200
168	7200
169	7200
170	7200
171	7200
172	7200
173	7200
174	7200
175	7200
176	7200
177	7200
178	7200
179	7200
180	7200
181	7200
182	7200
183	7200
184	7200
185	7200
186	7200
187	7200
188	7200
189	7200
190	7200
191	7200
192	7200
193	7200
194	7200
195	7200
196	7200
197	7200
198	7200
199	7200
200	7200
201	7200
202	9000
203	9000
204	9000
205	9000
206	9000
207	9000
208	9000
209	9000
210	9000
211	9000
212	9000
213	9000
214	9000
215	9000
216	9000
217	9000
218	9000
219	9000
220	9000
221	9000
222	9000
223	9000
224	9000
225	9000
226	9000
227	9000
228	9000
229	9000
230	9000
231	9000
232	9000
233	9000
234	9000
235	9000
236	9000
237	9000
238	9000
239	9000
240	9000
241	9000
242	9000
243	9000
244	9000
245	9000
246	9000
247	9000
248	9000
249	9000
250	9000
251	9000
252	9000
253	9000
254	9000
255	9000
256	9000
257	9000
258	9000
259	9000
260	9000
261	9000
262	9000
263	9000
264	9000
265	9000
266	9000
267	9000
268	9000
269	9000
270	9000
271	9000
272	9000
273	9000
274	9000
275	9000
276	9000
277	9000
278	9000
279	9000
280	9000
281	9000
282	9000
283	9000
284	9000
285	9000
286	9000
287	9000
288	9000
289	9000
290	9000
291	9000
292	9000
293	9000
294	9000
295	9000
296	9000
297	9000
298	9000
299	9000
300	9000
301	9000
302	10800
303	10800
304	10800
305	10800
306	10800
307	10800
308	10800
309	10800
310	10800
311	10800
312	10800
313	10800
314	10800
315	10800
316	10800
317	10800
318	10800
319	10800
320	10800
321	10800
322	10800
323	10800
324	10800
325	10800
326	10800
327	10800
328	10800
329	10800
330	10800
331	10800
332	10800
333	10800
334	10800
335	10800
336	10800
337	10800
338	10800
339	10800
340	10800
341	10800
342	10800
343	10800
344	10800
345	10800
346	10800
347	10800
348	10800
349	10800
350	10800
351	10800
352	10800
353	10800
354	10800
355	10800
356	10800
357	10800
358	10800
359	10800
360	10800
361	10800
362	10800
363	10800
364	10800
365	10800
366	10800
367	10800
368	10800
369	10800
370	10800
371	10800
372	10800
373	10800
374	10800
375	10800
376	10800
377	10800
378	10800
379	10800
380	10800
381	10800
382	10800
383	10800
384	10800
385	10800
386	10800
387	10800
388	10800
389	10800
390	10800
391	10800
392	10800
393	10800
394	10800
395	10800
396	10800
397	10800
398	10800
399	12600
400	12600
401	12600
402	12600
403	12600
404	12600
405	12600
406	12600
407	12600
408	12600
409	12600
410	12600
411	12600
412	12600
413	12600
414	12600
415	12600
416	12600
417	12600
418	12600
419	12600
420	12600
421	12600
422	12600
423	12600
424	12600
425	12600
426	12600
427	12600
428	12600
429	12600
430	12600
431	12600
432	12600
433	12600
434	12600
435	12600
436	12600
437	12600
438	12600
439	12600
440	12600
441	12600
442	12600
443	12600
444	12600
445	12600
446	12600
447	12600
448	12600
449	12600
450	12600
451	12600
452	12600
453	12600
454	12600
455	12600
456	12600
457	12600
458	12600
459	12600
460	12600
461	12600
462	12600
463	12600
464	12600
465	12600
466	12600
467	12600
468	12600
469	12600
470	12600
471	12600
472	12600
473	12600
474	12600
475	12600
476	12600
477	12600
478	12600
479	12600
480	12600
481	12600
482	12600
483	12600
484	12600
485	12600
486	12600
487	12600
488	12600
489	12600
490	12600
491	14400
492	14400
493	14400
494	14400
495	14400
496	14400
497	14400
498	14400
499	14400
500	14400
501	14400
502	14400
503	14400
504	14400
505	14400
506	14400
507	14400
508	14400
509	14400
510	14400
511	14400
512	14400
513	14400
514	14400
515	14400
516	14400
517	14400
518	14400
519	14400
520	14400
521	14400
522	14400
523	14400
524	14400
525	14400
526	14400
527	14400
528	14400
529	14400
530	14400
531	14400
532	14400
533	14400
534	14400
535	14400
536	14400
537	14400
538	14400
539	14400
540	14400
541	14400
542	14400
543	14400
544	14400
545	14400
546	14400
547	14400
548	14400
549	14400
550	14400
551	14400
552	14400
553	14400
554	14400
555	14400
556	14400
557	14400
558	14400
559	14400
560	14400
561	14400
562	14400
563	14400
564	14400
565	14400
566	14400
567	14400
568	14400
569	16200
570	16200
571	16200
572	16200
573	16200
574	16200
575	16200
576	16200
577	16200
578	16200
579	16200
580	16200
581	16200
582	16200
583	16200
584	16200
585	16200
586	16200
587	16200
588	16200
589	16200
590	16200
591	16200
592	16200
593	16200
594	16200
595	16200
596	16200
597	16200
598	16200
599	16200
600	16200
601	16200
602	16200
603	16200
604	16200
605	16200
606	16200
607	16200
608	16200
609	16200
610	16200
611	16200
612	16200
613	16200
614	16200
615	16200
616	16200
617	16200
618	16200
619	16200
620	16200
621	16200
622	16200
623	16200
624	16200
625	16200
626	16200
627	16200
628	16200
629	16200
630	16200
631	16200
632	16200
633	16200
634	16200
635	16200
636	16200
637	16200
638	16200
639	16200
640	16200
641	16200
642	16200
643	18000
644	18000
645	18000
646	18000
647	18000
648	18000
649	18000
650	18000
651	18000
652	18000
653	18000
654	18000
655	18000
656	18000
657	18000
658	18000
659	18000
660	18000
661	18000
662	18000
663	18000
664	18000
665	18000
666	18000
667	18000
668	18000
669	18000
670	18000
671	18000
672	18000
673	18000
674	18000
675	18000
676	18000
677	18000
678	18000
679	18000
680	18000
681	18000
682	18000
683	18000
684	18000
685	18000
686	18000
687	18000
688	18000
689	18000
690	18000
691	18000
692	18000
693	18000
694	18000
695	18000
696	18000
697	18000
698	18000
699	18000
700	18000
701	18000
702	18000
703	18000
704	18000
705	18000
706	18000
707	18000
708	18000
709	18000
710	18000
711	19800
712	19800
713	19800
714	19800
715	19800
716	19800
717	19800
718	19800
719	19800
720	19800
721	19800
722	19800
723	19800
724	19800
725	19800
726	19800
727	19800
728	19800
729	19800
730	19800
731	19800
732	19800
733	19800
734	19800
735	19800
736	19800
737	19800
738	19800
739	19800
740	19800
741	19800
742	19800
743	19800
744	19800
745	19800
746	19800
747	19800
748	19800
749	19800
750	19800
751	19800
752	19800
753	19800
754	19800
755	19800
756	19800
757	19800
758	19800
759	19800
760	19800
761	19800
762	19800
763	19800
764	19800
765	19800
766	19800
767	21600
768	21600
769	21600
770	21600
771	21600
772	21600
773	21600
774	21600
775	21600
776	21600
777	21600
778	21600
779	21600
780	21600
781	21600
782	21600
783	21600
784	21600
785	21600
786	21600
787	21600
788	21600
789	21600
790	21600
791	21600
792	21600
793	21600
794	21600
795	21600
796	21600
797	21600
798	21600
799	21600
800	21600
801	21600
802	21600
803	21600
804	21600
805	21600
806	21600
807	21600
808	21600
809	21600
810	21600
811	21600
812	21600
813	21600
814	21600
815	21600
816	21600
817	21600
818	21600
819	21600
820	21600
821	21600
822	21600
823	21600
824	21600
825	21600
826	21600
827	23400
828	23400
829	23400
830	23400
831	23400
832	23400
833	23400
834	23400
835	23400
836	23400
837	23400
838	23400
839	23400
840	23400
841	23400
842	23400
843	23400
844	23400
845	23400
846	23400
847	23400
848	23400
849	23400
850	23400
851	23400
852	23400
853	23400
854	23400
855	23400
856	23400
857	23400
858	23400
859	23400
860	23400
861	23400
862	23400
863	23400
864	23400
865	23400
866	23400
867	23400
868	23400
869	23400
870	23400
871	23400
EOF
