NAME : ORTEC-VRPTW-ASYM-5fa16580-d1-n949
TYPE : VRPTW-RT
DIMENSION : 950
EDGE_WEIGHT_TYPE : EUC_2D
CAPACITY : 135
NODE_COORD_SECTION
1	886	4565
2	789	4431
3	1432	4771
4	1161	6703
5	1323	2918
6	1154	6182
7	2150	3765
8	1765	8518
9	927	7157
10	915	7228
11	1730	7526
12	575	4573
13	1627	5331
14	2013	3386
15	2106	3921
16	670	4224
17	650	4277
18	566	4674
19	727	4994
20	663	2200
21	1219	6933
22	429	6994
23	732	4609
24	1132	6168
25	1201	2477
26	1317	6918
27	609	6313
28	926	2673
29	623	2800
30	1368	6819
31	650	4277
32	473	4125
33	915	7228
34	1975	3951
35	893	6890
36	414	4396
37	727	4994
38	483	4346
39	1818	4030
40	1378	7379
41	2276	3693
42	595	6584
43	445	4681
44	644	6532
45	0	4241
46	881	6750
47	1132	6168
48	979	6872
49	1636	3872
50	314	6157
51	1406	4390
52	1368	6819
53	1149	5391
54	816	7847
55	1878	3687
56	717	5379
57	1624	5894
58	1604	4588
59	1383	6707
60	1746	3592
61	1566	4698
62	1719	4619
63	937	5538
64	242	6221
65	1888	4017
66	1274	4909
67	629	5442
68	732	2004
69	851	5362
70	473	4125
71	979	6872
72	1106	6792
73	827	7570
74	2276	3693
75	314	4780
76	612	4460
77	1120	6158
78	609	6734
79	1219	6933
80	726	6096
81	738	6297
82	1038	5131
83	376	4721
84	661	5614
85	403	2523
86	612	4460
87	681	2426
88	2013	3386
89	1155	7362
90	1934	3917
91	846	5681
92	1146	7279
93	1120	6158
94	1567	8434
95	1273	5044
96	550	4168
97	1993	3571
98	374	6296
99	2091	3624
100	1604	4588
101	609	5393
102	414	5110
103	403	2523
104	769	5506
105	1615	2620
106	1176	5203
107	1038	5131
108	732	2004
109	1328	2743
110	858	4939
111	732	2004
112	1285	6788
113	458	5029
114	1010	2823
115	1909	3105
116	1310	2999
117	609	6734
118	2013	3386
119	1812	3477
120	926	2673
121	176	3989
122	1577	4834
123	1338	2620
124	805	5192
125	1888	4017
126	922	7105
127	487	4152
128	602	2620
129	610	2556
130	1283	9112
131	1310	2999
132	1710	3729
133	1317	6918
134	1624	5894
135	1274	4909
136	669	5105
137	953	6816
138	670	2654
139	1627	5331
140	629	5442
141	1368	6819
142	1085	7067
143	596	4654
144	429	6994
145	682	5657
146	681	2426
147	1765	8518
148	635	7431
149	609	6734
150	1962	3399
151	450	2220
152	1038	5131
153	566	4674
154	261	4792
155	1251	5379
156	2150	3765
157	1187	2628
158	1305	2398
159	1038	5131
160	738	6297
161	1710	3729
162	1101	7739
163	602	2620
164	552	4533
165	816	7847
166	176	3989
167	1411	6443
168	937	5538
169	810	4731
170	1363	6254
171	900	5774
172	514	6958
173	732	2004
174	1567	8434
175	1328	2743
176	732	4577
177	812	2259
178	916	6963
179	518	5023
180	1303	7227
181	1162	5787
182	2013	3386
183	1208	2557
184	314	6157
185	1909	3105
186	334	4591
187	784	5303
188	575	4573
189	1378	7379
190	810	2228
191	1730	7526
192	274	5990
193	458	5029
194	1368	6819
195	1865	4608
196	314	4780
197	1627	5331
198	1010	2823
199	257	6319
200	236	5854
201	810	2228
202	1285	6788
203	753	5212
204	903	6829
205	356	5918
206	347	6079
207	1973	3843
208	1821	5091
209	644	6532
210	1219	6933
211	1663	3607
212	726	6096
213	1162	5787
214	859	2474
215	1691	3297
216	557	5659
217	609	5393
218	1822	6888
219	2065	4002
220	147	6557
221	684	2011
222	384	5409
223	874	3760
224	461	4562
225	736	4534
226	609	6313
227	1624	5894
228	819	5125
229	1210	2553
230	1132	6168
231	347	6079
232	410	4968
233	859	2474
234	429	6994
235	1377	5235
236	1101	7739
237	1120	6158
238	1155	7362
239	820	2044
240	1150	6820
241	738	6297
242	1973	3843
243	639	2130
244	261	4792
245	1273	5044
246	1323	2918
247	384	5409
248	1358	2634
249	1311	2721
250	1642	4749
251	1210	2553
252	2013	3386
253	819	5125
254	445	4681
255	1038	5131
256	1577	4834
257	1934	3917
258	810	2228
259	1101	7739
260	633	7221
261	1993	3571
262	915	7228
263	1439	5994
264	1575	3340
265	1406	4390
266	176	3989
267	299	4096
268	1710	3729
269	684	2011
270	784	5303
271	732	4577
272	810	4731
273	1303	7227
274	884	7963
275	1796	3293
276	461	4562
277	986	5954
278	816	7847
279	1357	6824
280	2013	3386
281	299	4096
282	659	2272
283	299	4096
284	915	7228
285	1328	2743
286	557	5659
287	670	4224
288	445	4681
289	1132	6168
290	633	7221
291	726	6096
292	1310	2999
293	1719	4619
294	1274	4909
295	518	5023
296	1377	5235
297	1041	7017
298	1620	3619
299	314	6157
300	1710	3729
301	2152	2827
302	1106	5801
303	881	6750
304	1310	8024
305	851	5362
306	1909	3105
307	720	1884
308	682	5657
309	858	4939
310	736	4534
311	937	5538
312	1921	4426
313	684	2011
314	846	5681
315	660	7459
316	347	6079
317	1132	6168
318	1719	4619
319	881	6750
320	1533	4538
321	1208	2557
322	773	6951
323	830	5901
324	665	2257
325	1604	4588
326	1219	6933
327	1131	2960
328	635	7431
329	1002	6376
330	684	2011
331	1993	3571
332	450	2220
333	1604	4588
334	1746	3592
335	602	2620
336	376	4721
337	176	3989
338	1821	5091
339	514	6958
340	630	4158
341	394	6577
342	1132	6168
343	663	2200
344	1235	2974
345	1841	3397
346	629	5442
347	554	5771
348	665	2257
349	895	4979
350	630	4158
351	366	4984
352	1187	2628
353	937	5538
354	661	5614
355	738	6297
356	1627	5331
357	596	4654
358	1085	7067
359	918	2026
360	374	6296
361	820	2044
362	356	5918
363	314	6157
364	552	4533
365	1444	5119
366	1208	2557
367	1010	2823
368	1497	8556
369	682	5657
370	650	4277
371	1122	6134
372	639	2130
373	670	4224
374	1796	3293
375	1017	5690
376	1363	6254
377	674	5952
378	732	4577
379	421	6960
380	940	5050
381	563	5468
382	1310	8024
383	812	2259
384	1606	7463
385	410	4968
386	563	5468
387	752	4289
388	969	6765
389	670	2654
390	1533	4538
391	810	4731
392	1317	6918
393	1615	2620
394	1746	3592
395	1710	3729
396	937	5538
397	1106	6792
398	261	4792
399	609	6313
400	897	6272
401	1106	5801
402	753	5212
403	2122	4422
404	810	4651
405	937	5538
406	1571	3425
407	1765	8518
408	897	6272
409	1604	4588
410	1357	6824
411	1146	7279
412	1357	6824
413	722	2410
414	274	5990
415	1566	4698
416	414	4396
417	1350	2818
418	1310	8024
419	761	6145
420	1730	7526
421	1156	7215
422	536	4127
423	927	7157
424	609	5393
425	773	6951
426	1016	6122
427	810	4651
428	374	4918
429	450	2220
430	1311	2721
431	274	5990
432	1010	2823
433	374	6296
434	1311	2721
435	661	5614
436	1921	4426
437	540	2126
438	1120	6158
439	1418	7841
440	2013	3386
441	1962	3399
442	1135	6978
443	635	7431
444	816	7847
445	682	5657
446	746	7067
447	754	6755
448	952	2189
449	595	6584
450	1215	6348
451	550	3959
452	1378	7379
453	1318	5235
454	1030	6407
455	1371	6047
456	903	5952
457	1201	2477
458	1350	2818
459	1710	3729
460	1330	6156
461	1071	5489
462	927	7157
463	595	6584
464	1135	6978
465	1191	5788
466	1358	2634
467	916	6963
468	217	3672
469	581	2591
470	1588	7224
471	1363	6254
472	1215	7178
473	1368	6819
474	633	7221
475	274	5990
476	952	2189
477	765	6961
478	374	6296
479	566	4674
480	810	4651
481	514	6958
482	773	6951
483	2106	3921
484	918	2026
485	1016	6122
486	1784	4588
487	1352	7038
488	176	3989
489	1191	5788
490	958	6222
491	1677	4405
492	1330	6156
493	1232	6643
494	1135	6978
495	670	2654
496	916	6963
497	789	4431
498	650	4277
499	2106	3921
500	1323	2918
501	960	6305
502	1792	3436
503	1323	2918
504	1691	3297
505	1636	3872
506	257	6319
507	2122	4422
508	803	5405
509	1208	2557
510	451	4366
511	1765	8518
512	1858	4311
513	596	4654
514	651	3675
515	746	7067
516	1730	7526
517	1973	3843
518	670	4224
519	761	6145
520	765	6961
521	754	6755
522	610	2556
523	1135	6978
524	550	3959
525	1719	4619
526	1719	4619
527	473	4125
528	629	5442
529	1851	4878
530	660	7459
531	1710	3729
532	1303	7227
533	881	6750
534	1201	2477
535	644	5202
536	1208	2557
537	461	4562
538	897	6272
539	752	4289
540	2013	3386
541	1071	5489
542	1604	4588
543	820	2044
544	314	6157
545	669	5105
546	727	4994
547	663	2200
548	410	4968
549	795	4926
550	629	5442
551	1444	5119
552	2150	3765
553	1615	2620
554	998	6110
555	681	2426
556	1016	6122
557	769	5506
558	940	5050
559	575	4573
560	581	2591
561	1363	6254
562	1841	3397
563	2096	3711
564	1101	7739
565	1921	4426
566	1017	5690
567	1154	6182
568	563	5468
569	1975	3951
570	299	4096
571	242	6221
572	1710	3729
573	665	2257
574	726	6096
575	2106	3921
576	1566	4698
577	659	2272
578	633	7221
579	1627	5331
580	514	6958
581	1993	3571
582	982	5693
583	1130	2651
584	236	5854
585	1808	4489
586	752	4289
587	858	4939
588	2106	3921
589	884	7963
590	903	5952
591	1566	4698
592	1483	8666
593	926	2673
594	1670	6194
595	458	5029
596	874	3760
597	1154	6182
598	1187	2628
599	795	4926
600	1975	3951
601	554	5771
602	1710	3729
603	1418	7841
604	1176	5203
605	1323	2918
606	1155	7362
607	1282	4909
608	1841	3397
609	1162	5787
610	274	5990
611	670	2654
612	1663	3607
613	1841	3397
614	1993	3571
615	681	2426
616	609	6734
617	1177	6597
618	1670	6194
619	623	2800
620	1135	6978
621	319	6169
622	533	4234
623	1330	6156
624	2131	3814
625	550	4168
626	1710	3729
627	1328	2743
628	1691	3297
629	2150	3765
630	1878	3687
631	557	5659
632	2276	3693
633	858	4939
634	726	6096
635	1533	4538
636	2131	3814
637	1575	3340
638	2150	3765
639	347	6079
640	1765	8518
641	552	4533
642	1274	4909
643	374	4918
644	429	6994
645	897	6272
646	670	4224
647	1691	3297
648	610	5158
649	581	2591
650	958	4722
651	1571	3425
652	746	7067
653	808	5320
654	550	3959
655	1120	6158
656	1311	2721
657	1208	2557
658	1602	6138
659	810	2228
660	366	4984
661	851	5362
662	575	4573
663	1235	2974
664	219	6502
665	1934	3917
666	2152	2827
667	1352	7038
668	535	2524
669	851	5362
670	540	2126
671	1155	7362
672	1670	6194
673	1131	2960
674	717	5379
675	922	7105
676	2122	4422
677	1663	3607
678	550	4168
679	445	4681
680	1176	5203
681	819	5125
682	1792	3436
683	2122	4422
684	1411	6443
685	257	6319
686	473	4125
687	1571	3425
688	1273	5044
689	969	6765
690	893	6890
691	1201	2477
692	414	4396
693	2122	4422
694	535	2524
695	300	5681
696	1719	4619
697	1210	2553
698	1002	6376
699	1858	4311
700	507	2478
701	861	2216
702	962	6742
703	861	2216
704	960	6305
705	566	4674
706	1841	3397
707	1909	3105
708	374	4918
709	1784	4588
710	732	4609
711	953	6816
712	732	4577
713	859	2474
714	518	5023
715	384	5409
716	1818	4030
717	623	2800
718	1670	6194
719	859	2474
720	1483	8666
721	761	6145
722	969	6765
723	623	2800
724	881	6750
725	651	3675
726	858	4939
727	890	5273
728	1132	6168
729	1017	5690
730	1176	5203
731	1567	8434
732	374	4918
733	983	6007
734	722	2410
735	952	2189
736	726	6096
737	0	4241
738	922	7105
739	2152	2827
740	1106	6792
741	1357	6824
742	1420	2945
743	585	4546
744	1642	4749
745	1215	7178
746	1627	5331
747	830	5901
748	421	6960
749	445	4681
750	773	6951
751	997	2876
752	613	2369
753	808	5320
754	1215	6348
755	1761	4566
756	954	5117
757	874	3760
758	414	5110
759	1571	3425
760	219	6502
761	211	6239
762	644	6532
763	356	5918
764	650	4277
765	1663	3607
766	1071	5489
767	223	3796
768	1567	8434
769	1235	2974
770	1404	5012
771	414	4396
772	314	4780
773	927	7157
774	732	4577
775	629	5442
776	827	7570
777	1041	7017
778	1808	4489
779	2131	3814
780	376	4721
781	1636	3872
782	1069	2600
783	986	5954
784	1215	6348
785	1177	6597
786	903	5952
787	1210	2553
788	374	4918
789	1177	6597
790	1085	7067
791	1663	3607
792	1575	3340
793	1208	2557
794	1282	4909
795	334	4591
796	1215	6348
797	986	5954
798	487	4152
799	2150	3765
800	915	7228
801	1215	6348
802	1566	4698
803	1311	2721
804	753	5212
805	1106	6792
806	1420	2945
807	881	6750
808	789	4431
809	1627	5331
810	812	2259
811	1973	3843
812	1730	7526
813	1177	6597
814	720	1884
815	540	2126
816	1338	2620
817	251	6797
818	1350	2818
819	738	6297
820	916	6963
821	958	4722
822	994	5259
823	533	4234
824	952	2896
825	810	4731
826	596	4654
827	1898	4318
828	429	6994
829	1201	2477
830	1069	2600
831	1993	3571
832	1318	5235
833	451	4366
834	1310	8024
835	1106	5801
836	1670	6194
837	771	5579
838	903	6829
839	319	6169
840	851	5362
841	1285	6788
842	629	5442
843	1067	6276
844	1627	5331
845	574	4605
846	1307	6558
847	473	4125
848	1627	5331
849	2091	3624
850	1114	5642
851	347	6079
852	1010	2823
853	1973	3843
854	736	4534
855	1404	5012
856	1533	4538
857	394	6577
858	630	4158
859	903	6829
860	1710	3729
861	1851	4878
862	1114	5642
863	861	2216
864	1483	8666
865	2152	2827
866	251	6797
867	1002	6376
868	1156	7215
869	376	4721
870	820	2044
871	466	2416
872	1588	7224
873	314	6157
874	518	5023
875	651	3675
876	1566	4698
877	1577	4834
878	861	2216
879	1282	4909
880	903	5952
881	952	2189
882	1069	2600
883	1719	4619
884	1210	2553
885	223	3796
886	1975	3951
887	1761	4566
888	299	4096
889	1934	3917
890	1710	3729
891	900	5774
892	507	2478
893	1106	6792
894	1328	2743
895	1307	6558
896	575	4573
897	1146	7279
898	1371	6047
899	1571	3425
900	147	6557
901	994	5259
902	2131	3814
903	1719	4619
904	1765	8518
905	1122	6134
906	0	4241
907	1812	3477
908	219	6502
909	960	6305
910	1383	6707
911	958	6222
912	944	6698
913	1636	3872
914	1085	7067
915	1411	6443
916	979	6872
917	602	2620
918	1161	6703
919	483	4346
920	374	6296
921	1670	6194
922	1604	4588
923	518	5023
924	629	5442
925	1316	5424
926	903	6829
927	518	5023
928	1383	6707
929	1350	2818
930	726	6096
931	635	7431
932	1038	5131
933	1154	6182
934	681	2426
935	300	5681
936	429	6994
937	1285	6788
938	1841	3397
939	1069	2600
940	958	6222
941	1624	5894
942	1710	3729
943	429	6994
944	1222	5430
945	944	6698
946	1439	5994
947	394	6577
948	810	2228
949	667	5288
950	812	2259
DEMAND_SECTION
1	0
2	7
3	4
4	4
5	9
6	3
7	4
8	4
9	15
10	6
11	7
12	4
13	4
14	7
15	4
16	3
17	5
18	11
19	7
20	11
21	8
22	13
23	8
24	12
25	8
26	5
27	6
28	7
29	6
30	7
31	4
32	11
33	5
34	6
35	5
36	6
37	5
38	5
39	6
40	8
41	5
42	3
43	5
44	8
45	7
46	11
47	6
48	4
49	4
50	5
51	6
52	4
53	7
54	8
55	6
56	6
57	8
58	8
59	5
60	7
61	3
62	4
63	8
64	5
65	4
66	6
67	7
68	4
69	4
70	6
71	3
72	9
73	6
74	4
75	3
76	9
77	4
78	13
79	5
80	5
81	4
82	11
83	9
84	9
85	4
86	4
87	5
88	3
89	10
90	3
91	6
92	7
93	6
94	4
95	9
96	4
97	3
98	3
99	4
100	5
101	7
102	8
103	6
104	5
105	10
106	7
107	7
108	10
109	4
110	4
111	5
112	13
113	9
114	5
115	3
116	5
117	11
118	6
119	6
120	7
121	5
122	6
123	8
124	8
125	6
126	8
127	4
128	3
129	5
130	8
131	3
132	6
133	8
134	7
135	8
136	9
137	7
138	8
139	6
140	6
141	5
142	4
143	6
144	5
145	8
146	6
147	6
148	5
149	8
150	2
151	7
152	6
153	4
154	8
155	10
156	6
157	6
158	8
159	7
160	3
161	5
162	3
163	3
164	12
165	7
166	3
167	5
168	4
169	7
170	6
171	11
172	8
173	7
174	9
175	3
176	12
177	5
178	4
179	5
180	5
181	5
182	8
183	4
184	5
185	4
186	6
187	5
188	8
189	6
190	3
191	7
192	5
193	8
194	7
195	9
196	10
197	5
198	6
199	5
200	8
201	5
202	4
203	7
204	13
205	11
206	4
207	4
208	7
209	6
210	6
211	4
212	6
213	6
214	5
215	13
216	7
217	6
218	8
219	6
220	8
221	8
222	9
223	5
224	7
225	4
226	7
227	7
228	3
229	8
230	6
231	9
232	4
233	5
234	6
235	5
236	6
237	6
238	5
239	8
240	5
241	13
242	9
243	4
244	4
245	5
246	10
247	10
248	6
249	5
250	5
251	7
252	5
253	5
254	4
255	8
256	8
257	5
258	4
259	5
260	4
261	8
262	7
263	6
264	6
265	11
266	6
267	7
268	8
269	6
270	5
271	7
272	8
273	7
274	8
275	7
276	6
277	5
278	6
279	6
280	11
281	7
282	7
283	6
284	3
285	9
286	4
287	4
288	12
289	4
290	4
291	5
292	6
293	3
294	10
295	7
296	9
297	8
298	8
299	4
300	5
301	9
302	7
303	7
304	8
305	5
306	6
307	6
308	15
309	8
310	6
311	8
312	8
313	7
314	4
315	5
316	7
317	7
318	7
319	4
320	6
321	5
322	6
323	5
324	8
325	7
326	3
327	7
328	6
329	6
330	7
331	4
332	3
333	5
334	4
335	9
336	7
337	6
338	4
339	6
340	5
341	10
342	5
343	4
344	8
345	6
346	4
347	8
348	5
349	5
350	10
351	5
352	5
353	6
354	6
355	5
356	7
357	5
358	7
359	5
360	5
361	10
362	4
363	4
364	8
365	4
366	4
367	8
368	8
369	4
370	7
371	7
372	9
373	9
374	4
375	6
376	13
377	5
378	7
379	4
380	5
381	4
382	6
383	6
384	6
385	7
386	5
387	12
388	8
389	9
390	5
391	7
392	5
393	5
394	14
395	4
396	8
397	4
398	9
399	4
400	9
401	9
402	8
403	15
404	6
405	4
406	6
407	6
408	5
409	9
410	6
411	10
412	4
413	14
414	11
415	6
416	3
417	4
418	4
419	6
420	6
421	6
422	6
423	4
424	5
425	8
426	4
427	8
428	10
429	9
430	4
431	6
432	8
433	6
434	3
435	6
436	7
437	6
438	3
439	7
440	5
441	7
442	6
443	6
444	9
445	6
446	4
447	14
448	21
449	11
450	2
451	5
452	4
453	7
454	5
455	5
456	5
457	5
458	5
459	5
460	5
461	7
462	11
463	5
464	10
465	6
466	7
467	4
468	7
469	5
470	7
471	17
472	6
473	9
474	7
475	8
476	10
477	15
478	6
479	7
480	7
481	7
482	4
483	5
484	12
485	6
486	6
487	5
488	19
489	9
490	19
491	4
492	7
493	4
494	5
495	4
496	5
497	6
498	16
499	8
500	5
501	4
502	3
503	11
504	11
505	9
506	7
507	9
508	5
509	3
510	4
511	9
512	11
513	11
514	3
515	8
516	5
517	5
518	7
519	6
520	7
521	5
522	7
523	4
524	6
525	5
526	7
527	6
528	7
529	9
530	8
531	17
532	10
533	15
534	5
535	5
536	5
537	11
538	4
539	6
540	6
541	5
542	4
543	8
544	5
545	9
546	9
547	4
548	6
549	11
550	4
551	5
552	12
553	5
554	5
555	9
556	4
557	5
558	5
559	11
560	4
561	4
562	4
563	7
564	4
565	8
566	5
567	5
568	9
569	5
570	10
571	5
572	11
573	4
574	4
575	6
576	7
577	9
578	7
579	5
580	6
581	6
582	5
583	6
584	5
585	5
586	7
587	3
588	4
589	12
590	4
591	9
592	7
593	3
594	12
595	4
596	5
597	6
598	8
599	6
600	11
601	5
602	12
603	11
604	4
605	11
606	19
607	8
608	7
609	4
610	5
611	4
612	5
613	3
614	6
615	3
616	7
617	9
618	8
619	7
620	9
621	12
622	14
623	4
624	8
625	8
626	8
627	5
628	7
629	4
630	4
631	8
632	10
633	14
634	6
635	5
636	11
637	4
638	19
639	3
640	5
641	4
642	4
643	4
644	5
645	11
646	7
647	5
648	9
649	3
650	4
651	8
652	8
653	13
654	5
655	6
656	6
657	8
658	8
659	7
660	17
661	7
662	7
663	11
664	5
665	5
666	6
667	5
668	7
669	9
670	4
671	6
672	8
673	7
674	8
675	7
676	6
677	6
678	8
679	7
680	5
681	5
682	9
683	7
684	4
685	9
686	5
687	6
688	7
689	7
690	7
691	8
692	2
693	6
694	7
695	4
696	5
697	7
698	4
699	11
700	4
701	4
702	4
703	5
704	7
705	4
706	4
707	6
708	8
709	7
710	5
711	11
712	7
713	5
714	4
715	6
716	7
717	8
718	4
719	5
720	3
721	11
722	9
723	5
724	19
725	3
726	6
727	15
728	12
729	16
730	6
731	4
732	2
733	9
734	3
735	11
736	4
737	4
738	6
739	6
740	5
741	10
742	6
743	5
744	7
745	12
746	5
747	5
748	6
749	11
750	5
751	6
752	6
753	7
754	4
755	5
756	3
757	4
758	14
759	4
760	3
761	5
762	4
763	4
764	4
765	5
766	5
767	8
768	4
769	7
770	14
771	4
772	5
773	5
774	3
775	7
776	5
777	5
778	9
779	5
780	7
781	5
782	5
783	8
784	10
785	11
786	6
787	6
788	5
789	7
790	4
791	19
792	8
793	5
794	4
795	5
796	6
797	5
798	14
799	5
800	4
801	4
802	11
803	4
804	8
805	7
806	5
807	3
808	5
809	5
810	4
811	6
812	6
813	4
814	8
815	7
816	16
817	5
818	3
819	4
820	11
821	7
822	7
823	5
824	4
825	7
826	6
827	4
828	5
829	17
830	6
831	6
832	6
833	8
834	5
835	11
836	7
837	7
838	5
839	5
840	4
841	4
842	10
843	19
844	6
845	6
846	5
847	3
848	5
849	7
850	8
851	6
852	5
853	9
854	13
855	7
856	4
857	5
858	8
859	2
860	6
861	3
862	8
863	7
864	6
865	9
866	6
867	9
868	7
869	4
870	6
871	12
872	8
873	9
874	7
875	5
876	6
877	6
878	11
879	4
880	6
881	5
882	4
883	6
884	8
885	7
886	7
887	6
888	5
889	5
890	3
891	7
892	3
893	6
894	4
895	4
896	12
897	5
898	8
899	6
900	4
901	6
902	3
903	7
904	15
905	11
906	5
907	7
908	6
909	6
910	8
911	6
912	8
913	6
914	5
915	8
916	4
917	7
918	8
919	8
920	4
921	6
922	5
923	9
924	5
925	7
926	3
927	3
928	7
929	9
930	5
931	4
932	7
933	3
934	5
935	7
936	7
937	5
938	3
939	7
940	12
941	4
942	7
943	11
944	5
945	4
946	11
947	5
948	4
949	3
950	7
DEPOT_SECTION
1
-1
SERVICE_TIME_SECTION
1	0
2	480
3	480
4	480
5	660
6	780
7	300
8	540
9	720
10	480
11	420
12	360
13	360
14	720
15	240
16	600
17	480
18	360
19	540
20	660
21	1020
22	480
23	420
24	600
25	600
26	540
27	420
28	240
29	720
30	660
31	720
32	720
33	540
34	420
35	360
36	540
37	540
38	420
39	300
40	480
41	720
42	300
43	420
44	420
45	1080
46	780
47	540
48	600
49	780
50	360
51	300
52	360
53	600
54	420
55	360
56	420
57	540
58	360
59	420
60	540
61	240
62	240
63	540
64	1080
65	660
66	480
67	360
68	780
69	360
70	540
71	360
72	240
73	480
74	540
75	480
76	240
77	540
78	900
79	420
80	900
81	600
82	540
83	540
84	480
85	420
86	240
87	480
88	540
89	720
90	480
91	420
92	1020
93	300
94	840
95	720
96	900
97	480
98	720
99	720
100	660
101	300
102	360
103	900
104	300
105	420
106	420
107	300
108	660
109	420
110	600
111	360
112	480
113	420
114	300
115	360
116	540
117	840
118	420
119	660
120	300
121	300
122	480
123	240
124	420
125	540
126	300
127	480
128	840
129	360
130	600
131	300
132	780
133	480
134	180
135	600
136	420
137	420
138	720
139	300
140	420
141	660
142	240
143	780
144	420
145	360
146	540
147	540
148	540
149	240
150	300
151	480
152	720
153	480
154	1380
155	600
156	420
157	780
158	360
159	540
160	240
161	360
162	480
163	420
164	420
165	540
166	420
167	240
168	360
169	600
170	660
171	240
172	720
173	240
174	420
175	480
176	540
177	420
178	420
179	600
180	420
181	540
182	360
183	540
184	900
185	360
186	420
187	660
188	360
189	540
190	420
191	240
192	480
193	180
194	360
195	240
196	360
197	480
198	540
199	360
200	360
201	480
202	420
203	840
204	360
205	360
206	660
207	540
208	240
209	540
210	360
211	720
212	420
213	600
214	1380
215	540
216	420
217	360
218	420
219	420
220	420
221	360
222	480
223	240
224	240
225	960
226	360
227	300
228	300
229	600
230	240
231	300
232	420
233	300
234	480
235	240
236	480
237	480
238	540
239	1020
240	360
241	1020
242	480
243	540
244	780
245	420
246	600
247	900
248	360
249	420
250	600
251	300
252	660
253	660
254	420
255	420
256	480
257	480
258	780
259	360
260	780
261	720
262	420
263	240
264	420
265	300
266	360
267	600
268	540
269	720
270	300
271	780
272	540
273	360
274	480
275	240
276	420
277	420
278	480
279	600
280	720
281	420
282	480
283	960
284	420
285	420
286	240
287	960
288	480
289	600
290	600
291	540
292	480
293	480
294	480
295	900
296	480
297	540
298	480
299	600
300	660
301	600
302	600
303	660
304	420
305	480
306	540
307	360
308	480
309	240
310	1020
311	360
312	240
313	540
314	660
315	540
316	900
317	240
318	600
319	480
320	420
321	240
322	720
323	420
324	540
325	420
326	540
327	420
328	240
329	360
330	480
331	360
332	480
333	600
334	420
335	720
336	720
337	480
338	480
339	240
340	540
341	420
342	420
343	420
344	360
345	780
346	420
347	360
348	780
349	540
350	300
351	480
352	660
353	540
354	420
355	660
356	480
357	780
358	240
359	600
360	840
361	540
362	480
363	420
364	960
365	240
366	300
367	600
368	360
369	540
370	540
371	360
372	360
373	360
374	420
375	780
376	600
377	300
378	600
379	720
380	420
381	660
382	360
383	600
384	360
385	420
386	660
387	360
388	360
389	300
390	360
391	420
392	420
393	660
394	540
395	420
396	600
397	1080
398	1020
399	660
400	900
401	300
402	600
403	360
404	540
405	540
406	240
407	360
408	480
409	300
410	240
411	540
412	300
413	480
414	240
415	540
416	360
417	240
418	360
419	660
420	960
421	360
422	300
423	480
424	900
425	420
426	480
427	900
428	480
429	240
430	300
431	360
432	360
433	240
434	660
435	420
436	840
437	660
438	420
439	300
440	1260
441	660
442	300
443	480
444	660
445	900
446	600
447	240
448	840
449	660
450	420
451	540
452	360
453	480
454	480
455	360
456	660
457	540
458	360
459	480
460	540
461	540
462	420
463	240
464	600
465	360
466	360
467	240
468	840
469	240
470	480
471	420
472	420
473	420
474	420
475	540
476	1020
477	480
478	480
479	900
480	420
481	480
482	300
483	300
484	360
485	600
486	480
487	420
488	600
489	360
490	840
491	660
492	540
493	300
494	900
495	540
496	540
497	480
498	540
499	360
500	420
501	360
502	540
503	420
504	600
505	900
506	300
507	720
508	600
509	540
510	300
511	600
512	420
513	360
514	900
515	660
516	360
517	480
518	660
519	480
520	600
521	480
522	780
523	540
524	420
525	840
526	360
527	540
528	540
529	840
530	420
531	180
532	540
533	540
534	900
535	240
536	480
537	540
538	840
539	360
540	300
541	420
542	240
543	300
544	1200
545	600
546	360
547	300
548	960
549	720
550	540
551	660
552	420
553	780
554	300
555	300
556	360
557	420
558	660
559	540
560	420
561	1260
562	180
563	660
564	360
565	720
566	540
567	660
568	480
569	480
570	660
571	540
572	840
573	540
574	480
575	660
576	480
577	600
578	420
579	420
580	540
581	600
582	300
583	300
584	660
585	240
586	840
587	480
588	360
589	540
590	300
591	300
592	600
593	240
594	480
595	720
596	1020
597	420
598	240
599	540
600	540
601	480
602	600
603	1020
604	540
605	600
606	420
607	300
608	540
609	300
610	840
611	360
612	420
613	660
614	360
615	540
616	420
617	480
618	540
619	180
620	420
621	420
622	240
623	300
624	540
625	360
626	360
627	360
628	540
629	660
630	420
631	360
632	300
633	600
634	300
635	660
636	540
637	480
638	300
639	540
640	960
641	960
642	540
643	300
644	420
645	660
646	600
647	720
648	540
649	600
650	720
651	240
652	540
653	900
654	960
655	1020
656	360
657	660
658	300
659	240
660	600
661	600
662	600
663	420
664	900
665	600
666	540
667	420
668	480
669	780
670	360
671	240
672	540
673	720
674	240
675	660
676	300
677	480
678	600
679	300
680	480
681	240
682	480
683	660
684	960
685	480
686	300
687	600
688	360
689	600
690	540
691	420
692	720
693	240
694	660
695	900
696	420
697	540
698	660
699	780
700	960
701	600
702	360
703	360
704	540
705	360
706	900
707	420
708	540
709	300
710	540
711	360
712	360
713	780
714	300
715	420
716	660
717	540
718	240
719	300
720	360
721	240
722	480
723	360
724	420
725	420
726	720
727	600
728	1020
729	360
730	600
731	420
732	240
733	360
734	720
735	480
736	840
737	300
738	300
739	480
740	360
741	240
742	480
743	300
744	300
745	420
746	480
747	660
748	300
749	420
750	420
751	240
752	780
753	300
754	540
755	240
756	780
757	600
758	900
759	540
760	480
761	900
762	240
763	360
764	420
765	540
766	720
767	1020
768	300
769	420
770	480
771	480
772	540
773	540
774	480
775	600
776	420
777	360
778	780
779	420
780	600
781	540
782	540
783	900
784	480
785	360
786	900
787	420
788	540
789	540
790	360
791	660
792	420
793	300
794	900
795	420
796	420
797	300
798	360
799	420
800	480
801	540
802	300
803	180
804	360
805	300
806	540
807	240
808	1200
809	300
810	360
811	480
812	300
813	300
814	600
815	1020
816	300
817	780
818	420
819	840
820	420
821	300
822	360
823	300
824	300
825	480
826	780
827	540
828	540
829	360
830	240
831	360
832	240
833	540
834	780
835	660
836	600
837	360
838	540
839	540
840	540
841	420
842	660
843	960
844	600
845	240
846	480
847	480
848	360
849	540
850	300
851	300
852	540
853	360
854	720
855	660
856	600
857	900
858	900
859	720
860	780
861	480
862	480
863	720
864	480
865	480
866	540
867	300
868	660
869	660
870	540
871	420
872	480
873	600
874	540
875	420
876	360
877	300
878	360
879	960
880	480
881	360
882	420
883	660
884	240
885	960
886	600
887	660
888	360
889	420
890	300
891	900
892	420
893	540
894	600
895	300
896	660
897	240
898	300
899	660
900	360
901	300
902	480
903	660
904	240
905	420
906	420
907	600
908	780
909	600
910	360
911	300
912	540
913	600
914	540
915	900
916	600
917	600
918	540
919	420
920	600
921	300
922	300
923	660
924	660
925	480
926	360
927	480
928	600
929	600
930	540
931	660
932	540
933	660
934	480
935	540
936	420
937	720
938	780
939	960
940	600
941	300
942	660
943	480
944	720
945	660
946	900
947	600
948	420
949	360
950	780
TIME_WINDOW_SECTION
1	0	45000
2	23400	30300
3	9000	15900
4	9000	19500
5	10800	30300
6	12600	19500
7	19800	26700
8	16200	26700
9	10800	29700
10	9000	15900
11	12600	19500
12	12600	18900
13	19800	26700
14	9000	19500
15	19800	26700
16	19800	26700
17	12600	19500
18	16200	26700
19	19800	26700
20	10800	30300
21	16200	23100
22	9000	15900
23	19800	26700
24	23400	30300
25	19800	26700
26	19800	26700
27	23400	30300
28	23400	30300
29	10800	30300
30	9000	19500
31	10800	30300
32	12600	19500
33	9000	15900
34	23400	30300
35	19800	26700
36	19800	26700
37	19800	26700
38	19800	26700
39	12600	19500
40	9000	19500
41	12600	19500
42	9000	15900
43	9000	18900
44	5400	12300
45	16200	23100
46	10800	30300
47	10800	30300
48	12600	19500
49	9000	15900
50	5400	12300
51	10800	30300
52	16200	26700
53	23400	30300
54	19800	26700
55	10800	30300
56	10800	29700
57	23400	30300
58	12600	19500
59	5400	12300
60	9000	15900
61	16200	23100
62	5400	11700
63	19800	26700
64	10800	30300
65	10800	30300
66	23400	30300
67	12600	19500
68	19800	26700
69	9000	15900
70	10800	30300
71	12600	19500
72	9000	15900
73	5400	12300
74	16200	26700
75	10800	30300
76	23400	30300
77	23400	30300
78	18000	37500
79	12600	19500
80	16200	26700
81	19800	26700
82	12600	19500
83	16200	23100
84	10800	29700
85	10800	30300
86	23400	30300
87	12600	19500
88	12600	18840
89	10800	30300
90	12600	19500
91	23400	30300
92	5400	12300
93	9000	15900
94	23400	30300
95	9000	15300
96	9000	15900
97	12600	19500
98	12600	19500
99	23400	30300
100	5400	12300
101	12600	19500
102	12600	19500
103	16200	23100
104	9000	15900
105	19800	26100
106	19800	26700
107	23400	30300
108	9000	18900
109	23400	30300
110	23400	30300
111	16200	26700
112	12600	19500
113	23400	30300
114	12600	19500
115	19800	26700
116	10800	30300
117	16200	26700
118	23400	30300
119	10800	30300
120	10800	30300
121	10800	30300
122	12600	19500
123	9000	15900
124	12600	19500
125	16200	26700
126	12600	19500
127	9000	15900
128	19800	26700
129	19800	26700
130	19800	26700
131	9000	18900
132	19800	26700
133	19800	26700
134	19800	26700
135	12600	19500
136	10800	30300
137	12600	19500
138	23400	30300
139	19800	26700
140	5400	12300
141	16200	26700
142	9000	15900
143	19800	26700
144	10800	30300
145	23400	30300
146	19800	26700
147	12600	19500
148	5400	12300
149	9000	18900
150	10800	30300
151	12600	19500
152	10800	30300
153	23400	30300
154	19800	26700
155	23400	30300
156	12600	19500
157	23400	30300
158	10800	30300
159	23400	30300
160	5400	12300
161	12600	19500
162	12600	19500
163	9000	19500
164	9000	19500
165	12600	18900
166	9000	15900
167	5400	12300
168	5400	12300
169	12600	19500
170	12600	19500
171	10800	30300
172	12600	19500
173	23400	30300
174	5400	12300
175	12600	19500
176	5400	12300
177	10800	30300
178	9000	15300
179	9000	15900
180	19800	26700
181	5400	12300
182	23400	29700
183	5400	12300
184	16200	26700
185	9000	15900
186	19800	26700
187	12600	19500
188	12600	19500
189	9000	15900
190	23400	30300
191	23400	30300
192	9000	19500
193	16200	23100
194	23400	30300
195	16200	26700
196	10800	29700
197	23400	30300
198	10800	30300
199	10800	30300
200	10800	29700
201	16200	23100
202	10800	30300
203	23400	30300
204	23400	30300
205	23400	30300
206	9000	19500
207	10800	30300
208	12600	19500
209	9000	15900
210	9000	15900
211	16200	26700
212	9000	19500
213	19800	26700
214	10800	30300
215	9000	18900
216	23400	30300
217	19800	26700
218	12600	18900
219	16200	26700
220	9000	19500
221	19800	26700
222	16200	23100
223	19800	26700
224	9000	15900
225	19800	26700
226	12600	18840
227	19800	26700
228	9000	19500
229	9000	19500
230	10800	29700
231	10800	30300
232	12600	18900
233	12600	19500
234	10800	30300
235	5400	12300
236	23400	30300
237	23400	30300
238	23400	30300
239	9000	15900
240	9000	15300
241	9000	15900
242	10800	30300
243	19800	26700
244	16200	23100
245	9000	15900
246	16200	26700
247	23400	29700
248	16200	23100
249	5400	12300
250	10800	30300
251	23400	30300
252	19800	26700
253	16200	22500
254	10800	30300
255	12600	19500
256	16200	23100
257	23400	30300
258	10800	30300
259	12600	19500
260	16200	26700
261	5400	12300
262	12600	19500
263	23400	30300
264	23400	30300
265	16200	26700
266	9000	15300
267	9000	15900
268	9000	15900
269	5400	12300
270	9000	19500
271	9000	19500
272	10800	30300
273	10800	30300
274	9000	15900
275	16200	26700
276	9000	15900
277	19800	26700
278	10800	30300
279	23400	30300
280	16200	26700
281	9000	15300
282	10800	30300
283	16200	23100
284	9000	15900
285	27000	37500
286	19800	26700
287	10800	30300
288	19800	26700
289	9000	19500
290	12600	19500
291	19800	26700
292	19800	26700
293	16200	23100
294	23400	30300
295	12600	18900
296	16200	26700
297	10800	30300
298	23400	30300
299	9000	15900
300	9000	19500
301	23400	30300
302	12600	19500
303	23400	30300
304	9000	15900
305	12600	19500
306	19800	26700
307	12600	19500
308	9000	19500
309	10800	30300
310	16200	23100
311	23400	30300
312	10800	30300
313	23400	30300
314	5400	12300
315	9000	15900
316	23400	30300
317	16200	26700
318	10800	30300
319	12600	19500
320	10800	30300
321	23400	30300
322	10800	30300
323	12600	19500
324	9000	19500
325	16200	23100
326	9000	15900
327	23400	30300
328	23400	30300
329	12600	19500
330	9000	15900
331	9000	15900
332	19800	26700
333	12600	19500
334	19800	26700
335	16200	23100
336	16200	26700
337	12600	19500
338	12600	19500
339	19800	26700
340	23400	30300
341	9000	18900
342	12600	19500
343	19800	26700
344	23400	30300
345	23400	30300
346	5400	12300
347	23400	30300
348	19800	26700
349	9000	19500
350	10800	30300
351	9000	15900
352	12600	19500
353	10800	29700
354	23400	30300
355	9000	15900
356	10800	30300
357	16200	26700
358	9000	19500
359	12600	19500
360	23400	30300
361	12600	19500
362	5400	12300
363	16200	23100
364	16200	23100
365	16200	23100
366	12600	19500
367	16200	23100
368	19800	26700
369	19800	26700
370	16200	26700
371	23400	30300
372	12600	18840
373	16200	23100
374	10800	30300
375	16200	23100
376	23400	30300
377	9000	15900
378	5400	12300
379	9000	18900
380	10800	30300
381	19800	26700
382	10800	30300
383	10800	30300
384	23400	30300
385	23400	30300
386	19800	26700
387	23400	30300
388	19800	26700
389	9000	15300
390	23400	29700
391	23400	30300
392	12600	19500
393	9000	15900
394	10800	30300
395	23400	30300
396	19800	26700
397	10800	30300
398	23400	30300
399	12600	19500
400	12600	19500
401	10800	29700
402	9000	15900
403	10800	30300
404	23400	30300
405	19800	26100
406	16200	23100
407	16200	26700
408	12600	19500
409	10800	30300
410	23400	30300
411	27000	37500
412	12600	19500
413	9000	18900
414	12600	19500
415	10800	30300
416	16200	23100
417	9000	19500
418	16200	23100
419	9000	18900
420	10800	30300
421	10800	30300
422	16200	23100
423	10800	30300
424	9000	15900
425	10800	30300
426	19800	26700
427	23400	30300
428	12600	19500
429	16200	26700
430	23400	30300
431	19800	26700
432	16200	23100
433	12600	19500
434	16200	22500
435	10800	29700
436	23400	30300
437	12600	19500
438	12600	18900
439	23400	30300
440	27000	37500
441	19800	26700
442	9000	19500
443	19800	26700
444	23400	30300
445	9000	19500
446	19800	26700
447	19800	26700
448	16200	26700
449	23400	30300
450	9000	15300
451	23400	30300
452	9000	19500
453	10800	30300
454	23400	30300
455	23400	30300
456	23400	30300
457	9000	19500
458	16200	26700
459	19800	26700
460	23400	30300
461	19800	26700
462	9000	15900
463	12600	19500
464	23400	30300
465	23400	30300
466	12600	19500
467	23400	30300
468	19800	26700
469	23400	30300
470	9000	15900
471	10800	30300
472	16200	26700
473	16200	26700
474	10800	30300
475	12600	19500
476	9000	15900
477	19800	26700
478	9000	15900
479	10800	30300
480	23400	30300
481	10800	30300
482	23400	30300
483	9000	19500
484	12600	19500
485	16200	26700
486	12600	19500
487	9000	19500
488	23400	30300
489	16200	23100
490	9000	18900
491	10800	30300
492	23400	30300
493	16200	23100
494	10800	30300
495	23400	30300
496	10800	30300
497	16200	26100
498	12600	19500
499	16200	26700
500	19800	26700
501	19800	26700
502	10800	30300
503	19800	26700
504	9000	19500
505	10800	30300
506	10800	30300
507	9000	15900
508	23400	30300
509	10800	29700
510	19800	26700
511	23400	30300
512	23400	30300
513	16200	23100
514	19800	26700
515	16200	23100
516	10800	30300
517	23400	30300
518	9000	19500
519	10800	30300
520	23400	30300
521	16200	26700
522	23400	30300
523	23400	30300
524	9000	19500
525	9000	15900
526	9000	19500
527	19800	26700
528	19800	26700
529	16200	23100
530	12600	19500
531	9000	15900
532	19800	26700
533	23400	30300
534	12600	19500
535	23400	30300
536	19800	26700
537	9000	15300
538	27000	37500
539	12600	19500
540	9000	19500
541	19800	26700
542	9000	15300
543	19800	26700
544	12600	19500
545	16200	26700
546	10800	30300
547	16200	23100
548	23400	30300
549	10800	30300
550	12600	19500
551	16200	23100
552	10800	30300
553	23400	30300
554	16200	23100
555	16200	26700
556	10800	30300
557	10800	30300
558	9000	15900
559	23400	30300
560	19800	26700
561	12600	19500
562	23400	30300
563	23400	30300
564	16200	26700
565	10800	30300
566	16200	26700
567	19800	26700
568	23400	30300
569	10800	30300
570	12600	19500
571	12600	19500
572	19800	26700
573	16200	26700
574	16200	23100
575	16200	26700
576	12600	19500
577	23400	30300
578	10800	30300
579	23400	30300
580	23400	30300
581	10800	30300
582	12600	19500
583	12600	19500
584	19800	26700
585	9000	19500
586	19800	26700
587	10800	29700
588	23400	30300
589	16200	26700
590	19800	26700
591	23400	30300
592	10800	30300
593	9000	18900
594	23400	30300
595	12600	19500
596	9000	18900
597	12600	19500
598	9000	19500
599	10800	30300
600	19800	26700
601	16200	26700
602	10800	30300
603	23400	30300
604	16200	23100
605	16200	23100
606	16200	26700
607	23400	30300
608	12600	19500
609	16200	26700
610	12600	19500
611	9000	19500
612	19800	26700
613	16200	23100
614	12600	19500
615	23400	30300
616	10800	30300
617	10800	30300
618	10800	30300
619	23400	30300
620	23400	30300
621	19800	26700
622	19800	26100
623	19800	26700
624	16200	23100
625	23400	30300
626	12600	18900
627	23400	30300
628	9000	19500
629	16200	23100
630	19800	26700
631	16200	26700
632	12600	19500
633	10800	30300
634	12600	19500
635	16200	26700
636	10800	30300
637	10800	30300
638	12600	18900
639	16200	22500
640	23400	30300
641	10800	30300
642	23400	30300
643	9000	19500
644	16200	26700
645	16200	23100
646	23400	30300
647	23400	30300
648	16200	23100
649	23400	30300
650	23400	30300
651	10800	30300
652	10800	30300
653	12600	19500
654	23400	30300
655	19800	26700
656	10800	30300
657	16200	26700
658	10800	30300
659	16200	23100
660	19800	26700
661	10800	30300
662	9000	18900
663	10800	30300
664	10800	29700
665	16200	23100
666	19800	26700
667	23400	30300
668	10800	30300
669	23400	30300
670	19800	26700
671	23400	30300
672	23400	30300
673	23400	30300
674	16200	26700
675	10800	30300
676	19800	26700
677	12600	19500
678	19800	26700
679	12600	19500
680	16200	26700
681	12600	19500
682	10800	30300
683	12600	19500
684	23400	30300
685	23400	30300
686	12600	19500
687	23400	29700
688	23400	30300
689	16200	26700
690	16200	23100
691	23400	30300
692	16200	26700
693	23400	30300
694	16200	26700
695	12600	19500
696	9000	18900
697	10800	30300
698	23400	30300
699	16200	23100
700	10800	29700
701	19800	26700
702	19800	26100
703	23400	30300
704	16200	23100
705	18000	37500
706	19800	26700
707	10800	30300
708	16200	26700
709	10800	30300
710	27000	37500
711	16200	23100
712	16200	23100
713	10800	30300
714	16200	26700
715	23400	30300
716	16200	23100
717	23400	30300
718	10800	30300
719	10800	30300
720	10800	30300
721	23400	30300
722	10800	30300
723	16200	23100
724	19800	26700
725	19800	26700
726	19800	26700
727	10800	30300
728	19800	26700
729	16200	26700
730	10800	30300
731	23400	30300
732	16200	23100
733	16200	26700
734	10800	30300
735	19800	26700
736	10800	30300
737	10800	30300
738	19800	26700
739	23400	30300
740	16200	23100
741	10800	30300
742	10800	29700
743	16200	26700
744	10800	30300
745	16200	23100
746	23400	30300
747	23400	30300
748	10800	30300
749	16200	26700
750	10800	30300
751	19800	26700
752	23400	30300
753	10800	29700
754	23400	30300
755	16200	26700
756	16200	26700
757	23400	30300
758	10800	30300
759	23400	30300
760	23400	30300
761	23400	30300
762	19800	26700
763	10800	30300
764	10800	30300
765	10800	30300
766	27000	37500
767	16200	23100
768	23400	30300
769	16200	26700
770	19800	26700
771	10800	30300
772	23400	30300
773	23400	30300
774	10800	30300
775	19800	26700
776	19800	26700
777	23400	30300
778	10800	30300
779	23400	30300
780	23400	30300
781	10800	29700
782	10800	30300
783	23400	30300
784	23400	30300
785	23400	29700
786	23400	29700
787	27000	37500
788	23400	30300
789	16200	26700
790	10800	30300
791	10800	30300
792	23400	30300
793	23400	30300
794	10800	30300
795	10800	30300
796	23400	30300
797	10800	30300
798	10800	30300
799	16200	23100
800	23400	30300
801	19800	26700
802	10800	30300
803	10800	30300
804	10800	30300
805	23400	30300
806	10800	29700
807	10800	30300
808	16200	23100
809	27000	37500
810	19800	26700
811	10800	30300
812	16200	26700
813	19800	26700
814	16200	26700
815	19800	26700
816	19800	26700
817	23400	30300
818	10800	30300
819	19800	26700
820	23400	29700
821	10800	29700
822	23400	30300
823	10800	29700
824	23400	30300
825	10800	30300
826	10800	30300
827	19800	26700
828	19800	26700
829	23400	30300
830	16200	26700
831	23400	30300
832	27000	37500
833	19800	26700
834	10800	30300
835	10800	30300
836	23400	30300
837	23400	30300
838	16200	26700
839	23400	30300
840	23400	30300
841	16200	26700
842	19800	26700
843	23400	30300
844	19800	26700
845	23400	30300
846	23400	30300
847	23400	30300
848	10800	30300
849	23400	30300
850	19800	26700
851	23400	30300
852	23400	30300
853	23400	30300
854	16200	26100
855	10800	30300
856	23400	30300
857	10800	30300
858	23400	30300
859	10800	30300
860	19800	26700
861	10800	30300
862	23400	30300
863	19800	26700
864	23400	30300
865	19800	26700
866	19800	26700
867	19800	26700
868	23400	30300
869	19800	26700
870	23400	30300
871	23400	30300
872	19800	26700
873	19800	26700
874	16200	26700
875	23400	30300
876	10800	30300
877	16200	26700
878	23400	30300
879	10800	30300
880	19800	26700
881	10800	30300
882	23400	30300
883	23400	30300
884	10800	30300
885	19800	26700
886	16200	26700
887	19800	26700
888	19800	26700
889	23400	30300
890	10800	30300
891	10800	29700
892	23400	30300
893	23400	30300
894	10800	30300
895	23400	30300
896	10800	29700
897	23400	30300
898	23400	30300
899	10800	30300
900	23400	30300
901	10800	30300
902	23400	29700
903	19800	26700
904	23400	30300
905	10800	30300
906	23400	30300
907	10800	29700
908	23400	30300
909	23400	30300
910	23400	30300
911	10800	29700
912	23400	30300
913	10800	30300
914	23400	30300
915	23400	30300
916	10800	30300
917	23400	30300
918	23400	30300
919	10800	30300
920	10800	30300
921	10800	30300
922	10800	30300
923	10800	30300
924	23400	30300
925	23400	30300
926	10800	30300
927	10800	30300
928	10800	30300
929	10800	30300
930	10800	30300
931	23400	30300
932	10800	30300
933	23400	30300
934	23400	30300
935	10800	30300
936	10800	29700
937	10800	30300
938	23400	30300
939	10800	29700
940	23400	30300
941	23400	30300
942	23400	30300
943	23400	30300
944	23400	30300
945	23400	30300
946	10800	29700
947	23400	30300
948	23400	30300
949	23400	29700
950	23400	30300
RELEASE_TIME_SECTION
1	0
2	5400
3	5400
4	5400
5	5400
6	5400
7	5400
8	5400
9	5400
10	5400
11	5400
12	5400
13	5400
14	5400
15	5400
16	5400
17	5400
18	5400
19	5400
20	5400
21	5400
22	5400
23	5400
24	5400
25	5400
26	5400
27	5400
28	5400
29	5400
30	5400
31	5400
32	5400
33	5400
34	5400
35	5400
36	5400
37	5400
38	5400
39	5400
40	5400
41	5400
42	5400
43	5400
44	5400
45	5400
46	5400
47	5400
48	5400
49	5400
50	5400
51	5400
52	5400
53	5400
54	5400
55	5400
56	5400
57	5400
58	5400
59	5400
60	5400
61	5400
62	5400
63	5400
64	5400
65	5400
66	5400
67	5400
68	5400
69	5400
70	5400
71	5400
72	5400
73	5400
74	5400
75	5400
76	5400
77	5400
78	5400
79	5400
80	5400
81	5400
82	5400
83	5400
84	5400
85	5400
86	5400
87	5400
88	5400
89	5400
90	5400
91	5400
92	5400
93	5400
94	5400
95	5400
96	5400
97	5400
98	5400
99	5400
100	5400
101	5400
102	7200
103	7200
104	7200
105	7200
106	7200
107	7200
108	7200
109	7200
110	7200
111	7200
112	7200
113	7200
114	7200
115	7200
116	7200
117	7200
118	7200
119	7200
120	7200
121	7200
122	7200
123	7200
124	7200
125	7200
126	7200
127	7200
128	7200
129	7200
130	7200
131	7200
132	7200
133	7200
134	7200
135	7200
136	7200
137	7200
138	7200
139	7200
140	7200
141	7200
142	7200
143	7200
144	7200
145	7200
146	7200
147	7200
148	7200
149	7200
150	7200
151	7200
152	7200
153	7200
154	7200
155	7200
156	7200
157	7200
158	7200
159	7200
160	7200
161	7200
162	7200
163	7200
164	7200
165	7200
166	7200
167	7200
168	7200
169	7200
170	7200
171	7200
172	7200
173	7200
174	7200
175	7200
176	7200
177	7200
178	7200
179	7200
180	7200
181	7200
182	7200
183	7200
184	7200
185	7200
186	7200
187	7200
188	7200
189	7200
190	7200
191	7200
192	7200
193	7200
194	7200
195	7200
196	7200
197	7200
198	7200
199	7200
200	7200
201	7200
202	9000
203	9000
204	9000
205	9000
206	9000
207	9000
208	9000
209	9000
210	9000
211	9000
212	9000
213	9000
214	9000
215	9000
216	9000
217	9000
218	9000
219	9000
220	9000
221	9000
222	9000
223	9000
224	9000
225	9000
226	9000
227	9000
228	9000
229	9000
230	9000
231	9000
232	9000
233	9000
234	9000
235	9000
236	9000
237	9000
238	9000
239	9000
240	9000
241	9000
242	9000
243	9000
244	9000
245	9000
246	9000
247	9000
248	9000
249	9000
250	9000
251	9000
252	9000
253	9000
254	9000
255	9000
256	9000
257	9000
258	9000
259	9000
260	9000
261	9000
262	9000
263	9000
264	9000
265	9000
266	9000
267	9000
268	9000
269	9000
270	9000
271	9000
272	9000
273	9000
274	9000
275	9000
276	9000
277	9000
278	9000
279	9000
280	9000
281	9000
282	9000
283	9000
284	9000
285	9000
286	9000
287	9000
288	9000
289	9000
290	9000
291	9000
292	9000
293	9000
294	9000
295	9000
296	9000
297	9000
298	9000
299	9000
300	9000
301	9000
302	10800
303	10800
304	10800
305	10800
306	10800
307	10800
308	10800
309	10800
310	10800
311	10800
312	10800
313	10800
314	10800
315	10800
316	10800
317	10800
318	10800
319	10800
320	10800
321	10800
322	10800
323	10800
324	10800
325	10800
326	10800
327	10800
328	10800
329	10800
330	10800
331	10800
332	10800
333	10800
334	10800
335	10800
336	10800
337	10800
338	10800
339	10800
340	10800
341	10800
342	10800
343	10800
344	10800
345	10800
346	10800
347	10800
348	10800
349	10800
350	10800
351	10800
352	10800
353	10800
354	10800
355	10800
356	10800
357	10800
358	10800
359	10800
360	10800
361	10800
362	10800
363	10800
364	10800
365	10800
366	10800
367	10800
368	10800
369	10800
370	10800
371	10800
372	10800
373	10800
374	10800
375	10800
376	10800
377	10800
378	10800
379	10800
380	10800
381	10800
382	10800
383	10800
384	10800
385	10800
386	10800
387	10800
388	10800
389	10800
390	10800
391	10800
392	10800
393	10800
394	10800
395	10800
396	10800
397	10800
398	12600
399	12600
400	12600
401	12600
402	12600
403	12600
404	12600
405	12600
406	12600
407	12600
408	12600
409	12600
410	12600
411	12600
412	12600
413	12600
414	12600
415	12600
416	12600
417	12600
418	12600
419	12600
420	12600
421	12600
422	12600
423	12600
424	12600
425	12600
426	12600
427	12600
428	12600
429	12600
430	12600
431	12600
432	12600
433	12600
434	12600
435	12600
436	12600
437	12600
438	12600
439	12600
440	12600
441	12600
442	12600
443	12600
444	12600
445	12600
446	12600
447	12600
448	12600
449	12600
450	12600
451	12600
452	12600
453	12600
454	12600
455	12600
456	12600
457	12600
458	12600
459	12600
460	12600
461	12600
462	12600
463	12600
464	12600
465	12600
466	12600
467	12600
468	12600
469	12600
470	12600
471	12600
472	12600
473	12600
474	12600
475	12600
476	12600
477	12600
478	12600
479	12600
480	12600
481	12600
482	12600
483	12600
484	12600
485	12600
486	12600
487	12600
488	14400
489	14400
490	14400
491	14400
492	14400
493	14400
494	14400
495	14400
496	14400
497	14400
498	14400
499	14400
500	14400
501	14400
502	14400
503	14400
504	14400
505	14400
506	14400
507	14400
508	14400
509	14400
510	14400
511	14400
512	14400
513	14400
514	14400
515	14400
516	14400
517	14400
518	14400
519	14400
520	14400
521	14400
522	14400
523	14400
524	14400
525	14400
526	14400
527	14400
528	14400
529	14400
530	14400
531	14400
532	14400
533	14400
534	14400
535	14400
536	14400
537	14400
538	14400
539	14400
540	14400
541	14400
542	14400
543	14400
544	14400
545	14400
546	14400
547	14400
548	14400
549	14400
550	14400
551	14400
552	14400
553	14400
554	14400
555	14400
556	14400
557	14400
558	14400
559	14400
560	14400
561	14400
562	14400
563	14400
564	14400
565	14400
566	14400
567	16200
568	16200
569	16200
570	16200
571	16200
572	16200
573	16200
574	16200
575	16200
576	16200
577	16200
578	16200
579	16200
580	16200
581	16200
582	16200
583	16200
584	16200
585	16200
586	16200
587	16200
588	16200
589	16200
590	16200
591	16200
592	16200
593	16200
594	16200
595	16200
596	16200
597	16200
598	16200
599	16200
600	16200
601	16200
602	16200
603	16200
604	16200
605	16200
606	16200
607	16200
608	16200
609	16200
610	16200
611	16200
612	16200
613	16200
614	16200
615	16200
616	16200
617	16200
618	16200
619	16200
620	16200
621	16200
622	16200
623	16200
624	16200
625	16200
626	16200
627	16200
628	16200
629	16200
630	16200
631	16200
632	16200
633	16200
634	16200
635	16200
636	16200
637	16200
638	16200
639	16200
640	16200
641	16200
642	18000
643	18000
644	18000
645	18000
646	18000
647	18000
648	18000
649	18000
650	18000
651	18000
652	18000
653	18000
654	18000
655	18000
656	18000
657	18000
658	18000
659	18000
660	18000
661	18000
662	18000
663	18000
664	18000
665	18000
666	18000
667	18000
668	18000
669	18000
670	18000
671	18000
672	18000
673	18000
674	18000
675	18000
676	18000
677	18000
678	18000
679	18000
680	18000
681	18000
682	18000
683	18000
684	18000
685	18000
686	18000
687	18000
688	18000
689	18000
690	18000
691	18000
692	18000
693	18000
694	18000
695	18000
696	18000
697	18000
698	18000
699	18000
700	18000
701	18000
702	19800
703	19800
704	19800
705	19800
706	19800
707	19800
708	19800
709	19800
710	19800
711	19800
712	19800
713	19800
714	19800
715	19800
716	19800
717	19800
718	19800
719	19800
720	19800
721	19800
722	19800
723	19800
724	19800
725	19800
726	19800
727	19800
728	19800
729	19800
730	19800
731	19800
732	19800
733	19800
734	19800
735	19800
736	19800
737	19800
738	19800
739	19800
740	19800
741	19800
742	19800
743	19800
744	19800
745	19800
746	19800
747	19800
748	19800
749	19800
750	19800
751	19800
752	19800
753	19800
754	21600
755	21600
756	21600
757	21600
758	21600
759	21600
760	21600
761	21600
762	21600
763	21600
764	21600
765	21600
766	21600
767	21600
768	21600
769	21600
770	21600
771	21600
772	21600
773	21600
774	21600
775	21600
776	21600
777	21600
778	21600
779	21600
780	21600
781	21600
782	21600
783	21600
784	21600
785	21600
786	21600
787	21600
788	21600
789	21600
790	21600
791	21600
792	21600
793	21600
794	21600
795	21600
796	21600
797	21600
798	21600
799	21600
800	21600
801	21600
802	21600
803	21600
804	21600
805	21600
806	21600
807	21600
808	21600
809	21600
810	21600
811	21600
812	21600
813	21600
814	21600
815	21600
816	21600
817	21600
818	21600
819	21600
820	21600
821	21600
822	23400
823	23400
824	23400
825	23400
826	23400
827	23400
828	23400
829	23400
830	23400
831	23400
832	23400
833	23400
834	23400
835	23400
836	23400
837	23400
838	23400
839	23400
840	23400
841	23400
842	23400
843	23400
844	23400
845	23400
846	23400
847	23400
848	23400
849	23400
850	23400
851	23400
852	23400
853	23400
854	23400
855	23400
856	23400
857	23400
858	23400
859	23400
860	23400
861	23400
862	23400
863	23400
864	23400
865	23400
866	23400
867	23400
868	23400
869	23400
870	23400
871	23400
872	23400
873	23400
874	25200
875	25200
876	25200
877	25200
878	25200
879	25200
880	25200
881	25200
882	25200
883	25200
884	25200
885	25200
886	25200
887	25200
888	25200
889	25200
890	25200
891	25200
892	25200
893	25200
894	25200
895	25200
896	25200
897	25200
898	25200
899	25200
900	25200
901	25200
902	25200
903	25200
904	25200
905	25200
906	25200
907	25200
908	25200
909	25200
910	25200
911	27000
912	27000
913	27000
914	27000
915	27000
916	27000
917	27000
918	27000
919	27000
920	27000
921	27000
922	27000
923	27000
924	27000
925	27000
926	27000
927	27000
928	27000
929	27000
930	27000
931	27000
932	27000
933	27000
934	27000
935	27000
936	27000
937	27000
938	27000
939	27000
940	27000
941	27000
942	27000
943	27000
944	27000
945	27000
946	27000
947	27000
948	27000
949	27000
950	27000
EOF
