NAME : ORTEC-VRPTW-ASYM-c67b3a3f-d1-n793
TYPE : VRPTW-RT
DIMENSION : 794
EDGE_WEIGHT_TYPE : EUC_2D
CAPACITY : 135
NODE_COORD_SECTION
1	10540	3574
2	6743	3389
3	6932	2989
4	6608	2518
5	7136	2018
6	7107	3522
7	6550	3932
8	5488	3113
9	8187	2046
10	5997	2604
11	6073	3069
12	6996	2954
13	6557	3353
14	7250	2948
15	7011	2975
16	6036	3175
17	5187	3424
18	7199	3283
19	7045	2988
20	6359	3075
21	6397	3193
22	7056	2754
23	6019	3296
24	6273	3098
25	7330	1995
26	6892	2791
27	6799	2338
28	8484	2262
29	5592	3169
30	6429	3312
31	5187	3424
32	7684	2662
33	7145	2405
34	6578	1619
35	6448	3110
36	7714	2356
37	7045	2988
38	8215	1911
39	7190	2226
40	7114	1972
41	6170	2313
42	6815	2602
43	6756	2228
44	5692	3779
45	5913	3940
46	7717	2253
47	6273	3098
48	7186	2965
49	6794	3197
50	7029	2070
51	7116	3184
52	6429	3312
53	6525	2647
54	7042	2860
55	6068	3055
56	6119	2572
57	6105	3981
58	6949	2618
59	6178	3463
60	6971	3634
61	6996	2954
62	6936	3402
63	5960	3165
64	5941	3022
65	6899	2722
66	6826	3346
67	7406	2530
68	7029	2708
69	6972	3321
70	7684	2662
71	7186	2965
72	6957	1719
73	7043	2606
74	6170	2313
75	7117	2128
76	6922	3110
77	7267	3878
78	5754	3281
79	6397	3193
80	6397	2911
81	7171	2645
82	6732	2921
83	6437	2458
84	7029	2070
85	7910	1989
86	6972	3321
87	5377	3066
88	7250	2948
89	6877	2626
90	6392	2913
91	6899	2722
92	5216	3421
93	7267	3878
94	7170	2451
95	6410	2241
96	4853	3315
97	7437	1895
98	7334	3986
99	7124	4080
100	6957	1719
101	7378	2150
102	7016	2438
103	7117	2696
104	7228	2395
105	7686	2046
106	6829	2439
107	6732	2921
108	6325	3285
109	7350	2458
110	6022	2172
111	7029	2708
112	7437	2586
113	7212	2071
114	6618	3265
115	7139	2262
116	5332	2955
117	5754	3281
118	7142	3026
119	6775	2820
120	8484	2262
121	6319	3824
122	7830	1939
123	7145	2405
124	6615	3009
125	7367	2752
126	8067	2150
127	7492	2801
128	6681	3057
129	4940	3203
130	7136	2018
131	6578	1619
132	7778	1924
133	6882	2706
134	6017	3988
135	7263	4130
136	5348	3870
137	5343	2675
138	7212	2071
139	6557	3353
140	7406	2530
141	6429	3312
142	6058	3753
143	7555	2555
144	7056	2754
145	5582	3721
146	5377	3066
147	5488	3113
148	6139	4305
149	5754	3281
150	7184	2704
151	6367	3036
152	6732	2921
153	7199	3283
154	5722	2670
155	7136	3067
156	7119	2247
157	7565	2436
158	7217	2581
159	6732	2921
160	7171	2645
161	7778	1924
162	6326	4085
163	7397	2358
164	7607	2241
165	7042	2860
166	6319	3824
167	6762	2859
168	6178	3463
169	5927	3444
170	7150	2516
171	7173	1671
172	6068	3294
173	7029	2708
174	7170	2451
175	7520	2516
176	5636	3500
177	6809	3338
178	5690	3673
179	5781	3124
180	7013	2991
181	5748	2790
182	7250	2948
183	6300	2555
184	7029	2070
185	7139	2262
186	6550	3932
187	7228	2395
188	6794	3197
189	7114	1972
190	6891	3675
191	6073	3069
192	6485	2949
193	7602	3174
194	6429	3312
195	7232	3294
196	7117	2128
197	6557	3353
198	6518	3374
199	5979	3741
200	7183	3212
201	6891	3675
202	7437	2586
203	6621	2565
204	6990	2689
205	7096	3766
206	6575	3587
207	5770	3175
208	7764	2152
209	5692	3779
210	6397	3193
211	7910	1989
212	6397	2911
213	5748	2790
214	6001	3491
215	7170	2451
216	5146	2782
217	7378	2150
218	7136	3067
219	5997	2604
220	6759	3480
221	7037	3113
222	6672	3306
223	5697	3848
224	6873	1561
225	6922	3110
226	6799	2338
227	6105	3981
228	6053	3119
229	6853	3044
230	5499	3186
231	6575	3587
232	6041	3034
233	6001	3491
234	6843	2743
235	6576	3222
236	6326	4085
237	6401	3018
238	7368	2803
239	7056	3035
240	5727	3741
241	7143	2688
242	5770	3175
243	7475	3305
244	5722	2670
245	6410	2241
246	7217	2390
247	6672	3306
248	7686	2046
249	7158	2671
250	6642	2181
251	7029	2708
252	7250	2948
253	6053	3119
254	6756	2228
255	6273	3098
256	7830	1939
257	6392	2913
258	7378	2150
259	7458	2226
260	7568	1769
261	7437	1895
262	8301	2225
263	7132	2759
264	7116	3184
265	6319	3824
266	6688	1749
267	7778	1924
268	7037	3113
269	6004	3376
270	7365	3225
271	6728	2303
272	6779	2851
273	6325	3285
274	6150	2924
275	6873	1561
276	7003	2385
277	7042	2860
278	6919	2260
279	7250	2948
280	6688	1749
281	7505	2245
282	6688	1749
283	5997	2604
284	7350	2458
285	5146	2782
286	7443	2384
287	6756	2228
288	6273	3098
289	7568	1769
290	6397	2911
291	5332	2955
292	6936	3402
293	7263	4130
294	7117	2128
295	6576	3222
296	7255	3155
297	4940	3203
298	7316	2598
299	7778	1924
300	5083	3107
301	6979	3217
302	7717	2253
303	6519	2315
304	6972	3321
305	7139	2262
306	6012	3058
307	5582	3721
308	7232	3294
309	4853	3315
310	5960	3165
311	7161	2528
312	6899	2722
313	7495	2555
314	6936	3402
315	7717	2253
316	5421	2923
317	6300	2555
318	6867	2409
319	6984	3150
320	6949	2618
321	6397	3193
322	6139	4305
323	6384	1972
324	7036	3220
325	7437	1895
326	7427	1763
327	6949	2618
328	6971	3634
329	6681	3057
330	6853	3044
331	6919	2260
332	5330	3566
333	7764	2152
334	6068	3294
335	6172	2462
336	7574	3016
337	6384	1972
338	7273	3156
339	7406	2530
340	7724	2251
341	6924	2904
342	6086	3215
343	5175	3239
344	7038	1721
345	5960	3165
346	7029	2070
347	7143	2688
348	6058	3753
349	6533	2842
350	7334	3986
351	7574	2564
352	7199	3283
353	7096	3766
354	7316	2598
355	7607	2241
356	7436	2486
357	6837	2736
358	6518	3374
359	6556	2050
360	5582	3721
361	7365	3225
362	7484	2584
363	7186	2965
364	7443	2384
365	6150	2924
366	7659	2697
367	7136	3067
368	7403	2276
369	7365	3225
370	5441	3680
371	6057	2647
372	6119	2572
373	6039	3175
374	6041	3034
375	6057	2647
376	6826	3346
377	6967	2165
378	7212	2071
379	5421	2923
380	5927	3444
381	6892	2791
382	7686	2046
383	6752	3564
384	7778	1924
385	5960	3165
386	6957	1719
387	5722	2670
388	6799	2338
389	6608	2518
390	6979	3217
391	7314	1933
392	6775	2820
393	5371	3213
394	5488	3113
395	6762	2859
396	6949	2618
397	6919	2260
398	6437	2458
399	6485	2949
400	6752	2996
401	7714	2356
402	6300	2555
403	6519	2315
404	6312	1976
405	6073	3069
406	5726	3140
407	5430	3066
408	8187	2046
409	7378	2150
410	7087	3580
411	7266	2902
412	6809	3338
413	7008	2758
414	5979	3741
415	6367	3036
416	6263	3010
417	6556	2050
418	6618	3265
419	7334	3986
420	7594	2396
421	7158	2671
422	7305	2578
423	7161	2528
424	6248	3281
425	7267	3878
426	5976	3293
427	7142	3026
428	7184	2704
429	7574	3016
430	6139	4305
431	7042	2860
432	5913	3940
433	7028	2658
434	7087	3580
435	5288	2911
436	6815	2602
437	5773	2943
438	5923	2962
439	7114	1972
440	6419	3149
441	6843	2743
442	7279	2222
443	5592	3169
444	7330	1995
445	7117	2696
446	5886	2435
447	6519	2315
448	8187	2046
449	6815	2602
450	7677	2890
451	7038	1721
452	6752	3564
453	6295	3283
454	6984	3150
455	6171	2966
456	7150	2516
457	7183	3212
458	6392	2913
459	7568	1769
460	6485	2949
461	5288	2911
462	5499	3186
463	5803	2999
464	6932	2989
465	6809	3338
466	6068	3294
467	7087	3580
468	6533	2842
469	7136	3067
470	5272	3307
471	6471	3186
472	7677	2890
473	7109	3070
474	7423	2423
475	5886	2435
476	7136	3067
477	5807	2840
478	6263	3010
479	7574	3016
480	7212	2071
481	5187	3424
482	7011	2975
483	7217	2390
484	6718	2599
485	7334	3986
486	7217	2390
487	6794	3197
488	5979	3741
489	5151	3550
490	7350	2458
491	8484	2262
492	5488	3113
493	6139	4305
494	7555	2555
495	7028	2658
496	6073	3069
497	7042	2860
498	6036	3175
499	6312	1976
500	5499	3186
501	5606	3680
502	7607	2241
503	7574	3016
504	5754	3281
505	6019	3296
506	6936	3402
507	6936	3402
508	5421	2923
509	6384	1972
510	6892	2791
511	7406	2530
512	6326	4085
513	7117	2696
514	6185	2295
515	7093	3176
516	7330	1995
517	6779	2851
518	6315	3302
519	7013	2991
520	7250	2948
521	7223	2626
522	7056	3035
523	7029	2070
524	5348	3870
525	7724	2251
526	7045	2988
527	6359	3075
528	6146	2404
529	6485	2949
530	7436	2486
531	7119	2247
532	7158	2671
533	7686	2046
534	6367	3036
535	7173	1671
536	5377	3066
537	6178	3463
538	6146	2404
539	6215	3185
540	6996	2954
541	7150	2516
542	7273	3156
543	6535	3251
544	7161	2528
545	7659	2697
546	5343	2675
547	6057	2647
548	5146	2782
549	6578	1619
550	6688	1749
551	7778	1924
552	6397	2911
553	6996	2954
554	5499	3186
555	7505	2245
556	6068	3294
557	7437	1895
558	5389	3657
559	6850	2641
560	6315	3302
561	6752	2996
562	7232	3294
563	7109	3070
564	7565	2404
565	6996	2954
566	6775	2820
567	6367	3036
568	8484	2262
569	7106	2599
570	7602	3174
571	6545	2936
572	7107	3522
573	5930	3314
574	6578	1619
575	6312	1976
576	7724	2251
577	7778	1924
578	5792	3246
579	7314	2160
580	7136	2018
581	6877	2626
582	5748	2790
583	6263	3010
584	7212	2071
585	6891	3675
586	7367	2752
587	7910	1989
588	7273	3156
589	7437	1895
590	5377	3066
591	6850	2641
592	5754	3281
593	7106	2599
594	7574	3016
595	7505	2245
596	7397	2358
597	7778	1924
598	7520	2516
599	7170	2451
600	7136	2018
601	6261	2424
602	6550	3932
603	6068	3055
604	6325	3285
605	7223	2626
606	7594	2396
607	7602	3174
608	6022	2172
609	6728	2303
610	6397	2911
611	5421	2923
612	7012	2603
613	7659	2697
614	7119	2247
615	6575	3587
616	7139	2262
617	7607	2241
618	7475	3305
619	7263	4130
620	7228	2395
621	6843	2743
622	6944	2502
623	7314	1933
624	7170	2451
625	7208	2759
626	6022	2172
627	5371	3213
628	7028	2658
629	7266	2902
630	6367	3036
631	6550	3932
632	7267	3878
633	7495	2555
634	6971	3634
635	6891	3675
636	7109	3070
637	6448	3110
638	5430	3066
639	6805	3643
640	6996	2954
641	7171	2645
642	7223	2626
643	6384	1972
644	7037	3113
645	6471	3186
646	6676	3929
647	6012	3058
648	6972	3321
649	7368	2803
650	7437	2586
651	6004	3376
652	7316	2830
653	8067	2150
654	7350	2458
655	7910	1989
656	4940	3203
657	7565	2404
658	7436	2486
659	7555	2555
660	7350	2458
661	7232	3294
662	6036	3175
663	5923	2962
664	7684	2662
665	7677	2890
666	7607	2241
667	7350	2458
668	6676	3929
669	6853	3044
670	7594	2396
671	6022	2172
672	6779	2851
673	6759	3480
674	6150	2924
675	6873	1561
676	6956	1609
677	6017	3988
678	7106	2599
679	7199	3283
680	5792	3246
681	6392	2913
682	7574	2564
683	6358	2388
684	7684	2662
685	6001	3491
686	6326	4085
687	6576	3222
688	5216	3421
689	6312	1976
690	6967	2165
691	7717	2253
692	7475	3305
693	7016	2438
694	6087	3282
695	7659	2697
696	6325	3285
697	7314	2160
698	7170	2451
699	7008	2758
700	7464	2237
701	7093	3176
702	7056	2754
703	5332	2955
704	5331	3099
705	7028	2658
706	8067	2150
707	7458	2226
708	5737	4098
709	7327	2882
710	6957	1719
711	6597	3079
712	7184	2704
713	6557	3353
714	5441	3680
715	7565	2404
716	7150	2516
717	7574	3016
718	6926	3323
719	7266	2902
720	6036	3175
721	5930	3314
722	7492	2801
723	7087	3580
724	6545	2936
725	5421	2923
726	5332	2955
727	5371	3213
728	7124	4080
729	7037	3113
730	6829	2439
731	7365	3225
732	7910	1989
733	7217	2581
734	7267	3878
735	7197	1832
736	7199	2604
737	7365	3225
738	7406	2530
739	6850	2641
740	6926	3323
741	5976	3293
742	7158	2524
743	8215	1911
744	7003	2385
745	7458	2226
746	7008	2758
747	6482	3119
748	7409	2492
749	6058	3753
750	7170	2451
751	7910	1989
752	5216	3421
753	7492	2801
754	7119	2247
755	5218	3337
756	6223	2388
757	6743	3389
758	6936	3402
759	5770	3175
760	6178	3463
761	7143	2688
762	5792	3246
763	7567	2827
764	6728	2303
765	7555	2555
766	7437	1895
767	6519	2315
768	7106	2599
769	7217	2581
770	7093	3176
771	7043	2606
772	6171	2966
773	7263	4130
774	7250	2948
775	7427	1763
776	6281	3539
777	6809	3338
778	6843	2743
779	7564	1823
780	7684	2662
781	4853	3315
782	6281	3539
783	7107	3043
784	6243	3863
785	6843	2743
786	7684	2662
787	7594	2396
788	7158	2524
789	7365	3225
790	7012	2603
791	6853	3044
792	7484	2584
793	6957	1719
794	7145	2405
DEMAND_SECTION
1	0
2	4
3	6
4	7
5	12
6	4
7	11
8	6
9	6
10	13
11	5
12	6
13	5
14	9
15	4
16	4
17	3
18	8
19	5
20	6
21	10
22	8
23	9
24	4
25	3
26	5
27	4
28	6
29	5
30	5
31	4
32	13
33	10
34	3
35	5
36	5
37	6
38	6
39	5
40	9
41	6
42	7
43	4
44	4
45	7
46	5
47	9
48	10
49	6
50	4
51	4
52	22
53	5
54	5
55	4
56	8
57	4
58	11
59	11
60	3
61	4
62	11
63	7
64	3
65	3
66	7
67	9
68	3
69	3
70	5
71	4
72	4
73	6
74	4
75	6
76	6
77	3
78	5
79	9
80	4
81	4
82	8
83	12
84	12
85	6
86	4
87	4
88	6
89	3
90	6
91	7
92	7
93	7
94	6
95	7
96	6
97	6
98	4
99	6
100	3
101	13
102	7
103	13
104	14
105	8
106	5
107	5
108	5
109	4
110	14
111	4
112	8
113	6
114	12
115	7
116	5
117	6
118	5
119	13
120	5
121	4
122	11
123	4
124	4
125	4
126	3
127	11
128	4
129	7
130	9
131	6
132	5
133	4
134	5
135	3
136	4
137	5
138	7
139	3
140	14
141	6
142	5
143	7
144	4
145	6
146	7
147	3
148	3
149	5
150	9
151	10
152	7
153	3
154	7
155	5
156	13
157	4
158	4
159	6
160	8
161	3
162	5
163	14
164	6
165	4
166	5
167	10
168	4
169	4
170	7
171	7
172	5
173	4
174	6
175	4
176	7
177	4
178	4
179	4
180	4
181	4
182	6
183	7
184	8
185	4
186	7
187	4
188	9
189	3
190	5
191	11
192	4
193	9
194	11
195	6
196	5
197	9
198	7
199	6
200	5
201	5
202	3
203	4
204	5
205	4
206	4
207	14
208	5
209	6
210	6
211	7
212	4
213	6
214	5
215	8
216	6
217	13
218	4
219	3
220	5
221	9
222	7
223	6
224	7
225	4
226	4
227	4
228	3
229	6
230	6
231	12
232	6
233	5
234	4
235	7
236	7
237	5
238	6
239	4
240	6
241	8
242	8
243	4
244	6
245	9
246	5
247	10
248	10
249	7
250	6
251	11
252	5
253	4
254	7
255	9
256	5
257	4
258	3
259	4
260	14
261	6
262	14
263	7
264	4
265	2
266	4
267	6
268	4
269	4
270	7
271	6
272	4
273	9
274	7
275	7
276	10
277	8
278	6
279	8
280	3
281	10
282	5
283	9
284	5
285	6
286	3
287	6
288	6
289	7
290	5
291	8
292	4
293	4
294	6
295	6
296	3
297	3
298	4
299	5
300	3
301	5
302	13
303	4
304	7
305	5
306	4
307	6
308	4
309	3
310	5
311	4
312	4
313	5
314	5
315	6
316	4
317	9
318	3
319	5
320	5
321	6
322	5
323	5
324	12
325	6
326	5
327	4
328	12
329	7
330	5
331	14
332	3
333	11
334	5
335	6
336	8
337	9
338	7
339	5
340	7
341	5
342	5
343	4
344	3
345	4
346	14
347	4
348	13
349	21
350	6
351	4
352	3
353	5
354	4
355	3
356	10
357	7
358	5
359	7
360	4
361	9
362	6
363	5
364	5
365	6
366	3
367	4
368	4
369	9
370	5
371	7
372	3
373	5
374	4
375	4
376	7
377	7
378	5
379	6
380	6
381	6
382	11
383	11
384	4
385	5
386	4
387	12
388	6
389	6
390	12
391	9
392	6
393	7
394	7
395	4
396	12
397	4
398	11
399	4
400	2
401	6
402	9
403	5
404	3
405	5
406	6
407	19
408	4
409	6
410	7
411	4
412	5
413	7
414	6
415	11
416	9
417	5
418	3
419	8
420	4
421	7
422	6
423	5
424	3
425	6
426	5
427	11
428	5
429	14
430	11
431	5
432	5
433	6
434	11
435	12
436	6
437	7
438	6
439	22
440	6
441	5
442	4
443	7
444	14
445	14
446	7
447	7
448	7
449	4
450	5
451	5
452	6
453	6
454	6
455	5
456	3
457	4
458	3
459	4
460	6
461	4
462	6
463	4
464	6
465	5
466	11
467	4
468	3
469	3
470	4
471	4
472	4
473	9
474	7
475	7
476	8
477	5
478	10
479	4
480	4
481	13
482	7
483	6
484	9
485	4
486	4
487	5
488	4
489	7
490	12
491	6
492	4
493	7
494	5
495	4
496	4
497	4
498	5
499	5
500	4
501	6
502	5
503	3
504	11
505	5
506	11
507	5
508	6
509	7
510	12
511	5
512	4
513	3
514	6
515	6
516	4
517	5
518	8
519	4
520	8
521	6
522	9
523	7
524	3
525	6
526	4
527	7
528	5
529	9
530	4
531	7
532	9
533	4
534	4
535	4
536	5
537	7
538	7
539	11
540	8
541	4
542	5
543	5
544	10
545	8
546	5
547	12
548	5
549	5
550	6
551	6
552	6
553	4
554	8
555	11
556	8
557	13
558	5
559	10
560	4
561	6
562	3
563	5
564	4
565	6
566	4
567	7
568	5
569	7
570	3
571	5
572	7
573	4
574	4
575	10
576	4
577	7
578	8
579	6
580	13
581	4
582	6
583	5
584	4
585	8
586	6
587	7
588	11
589	8
590	5
591	10
592	5
593	3
594	12
595	10
596	5
597	5
598	21
599	6
600	7
601	6
602	10
603	4
604	11
605	6
606	5
607	4
608	11
609	6
610	9
611	5
612	6
613	7
614	9
615	6
616	11
617	4
618	8
619	10
620	4
621	4
622	7
623	9
624	9
625	4
626	4
627	7
628	4
629	8
630	7
631	4
632	6
633	5
634	6
635	4
636	2
637	4
638	8
639	3
640	5
641	9
642	13
643	4
644	6
645	13
646	8
647	3
648	3
649	15
650	9
651	5
652	4
653	5
654	7
655	8
656	5
657	5
658	21
659	10
660	5
661	4
662	12
663	7
664	7
665	4
666	9
667	15
668	5
669	13
670	4
671	6
672	5
673	5
674	6
675	4
676	5
677	14
678	6
679	4
680	8
681	5
682	7
683	7
684	6
685	4
686	5
687	6
688	9
689	3
690	3
691	4
692	12
693	5
694	5
695	13
696	12
697	4
698	4
699	9
700	6
701	3
702	10
703	5
704	3
705	6
706	4
707	8
708	4
709	6
710	9
711	9
712	5
713	5
714	4
715	8
716	10
717	8
718	5
719	5
720	4
721	4
722	4
723	5
724	6
725	5
726	4
727	6
728	13
729	10
730	8
731	11
732	4
733	6
734	6
735	8
736	6
737	6
738	6
739	5
740	5
741	7
742	8
743	4
744	4
745	3
746	4
747	12
748	4
749	6
750	4
751	4
752	7
753	11
754	9
755	7
756	4
757	10
758	5
759	4
760	4
761	6
762	6
763	7
764	5
765	5
766	6
767	12
768	4
769	5
770	6
771	12
772	3
773	5
774	6
775	4
776	6
777	3
778	5
779	4
780	6
781	8
782	11
783	5
784	6
785	8
786	6
787	7
788	12
789	18
790	4
791	4
792	8
793	8
794	5
DEPOT_SECTION
1
-1
SERVICE_TIME_SECTION
1	0
2	1080
3	360
4	840
5	540
6	360
7	480
8	540
9	480
10	540
11	1800
12	540
13	720
14	300
15	1020
16	660
17	360
18	480
19	660
20	660
21	600
22	840
23	1140
24	480
25	540
26	540
27	420
28	540
29	300
30	660
31	360
32	360
33	480
34	960
35	540
36	720
37	660
38	900
39	660
40	600
41	720
42	240
43	660
44	720
45	1020
46	780
47	360
48	960
49	720
50	1800
51	960
52	540
53	840
54	1800
55	240
56	420
57	780
58	1200
59	540
60	780
61	600
62	360
63	480
64	1020
65	600
66	660
67	780
68	480
69	360
70	780
71	240
72	720
73	840
74	300
75	1200
76	300
77	600
78	720
79	540
80	600
81	720
82	600
83	720
84	420
85	540
86	840
87	540
88	600
89	420
90	540
91	600
92	480
93	720
94	420
95	360
96	900
97	540
98	300
99	600
100	420
101	480
102	540
103	480
104	240
105	900
106	540
107	480
108	540
109	600
110	540
111	960
112	600
113	600
114	840
115	240
116	360
117	300
118	600
119	600
120	600
121	540
122	360
123	840
124	420
125	480
126	960
127	840
128	300
129	540
130	540
131	660
132	480
133	420
134	540
135	960
136	660
137	540
138	780
139	300
140	960
141	420
142	840
143	360
144	780
145	720
146	840
147	660
148	600
149	480
150	660
151	720
152	240
153	240
154	900
155	660
156	420
157	720
158	720
159	360
160	480
161	780
162	240
163	540
164	420
165	720
166	1140
167	480
168	960
169	780
170	660
171	780
172	360
173	840
174	240
175	720
176	600
177	780
178	1620
179	840
180	480
181	300
182	300
183	840
184	540
185	540
186	600
187	660
188	720
189	660
190	600
191	840
192	480
193	900
194	360
195	600
196	540
197	300
198	480
199	780
200	300
201	1200
202	600
203	480
204	300
205	660
206	480
207	600
208	600
209	660
210	480
211	720
212	660
213	540
214	900
215	480
216	540
217	540
218	540
219	420
220	720
221	360
222	540
223	360
224	360
225	780
226	540
227	600
228	720
229	900
230	480
231	660
232	600
233	480
234	240
235	720
236	660
237	600
238	420
239	540
240	900
241	960
242	420
243	840
244	360
245	300
246	480
247	600
248	540
249	420
250	480
251	480
252	660
253	480
254	660
255	540
256	2100
257	420
258	1320
259	540
260	420
261	720
262	780
263	240
264	660
265	540
266	660
267	360
268	600
269	1020
270	780
271	360
272	840
273	660
274	480
275	600
276	420
277	540
278	660
279	300
280	300
281	540
282	360
283	600
284	300
285	300
286	780
287	840
288	360
289	600
290	840
291	300
292	600
293	420
294	540
295	540
296	360
297	600
298	840
299	360
300	540
301	240
302	600
303	1020
304	540
305	600
306	540
307	2100
308	780
309	720
310	960
311	720
312	360
313	300
314	480
315	780
316	420
317	780
318	300
319	780
320	540
321	540
322	480
323	840
324	600
325	360
326	540
327	720
328	360
329	420
330	720
331	660
332	840
333	540
334	660
335	1620
336	420
337	540
338	780
339	420
340	720
341	420
342	720
343	720
344	540
345	840
346	540
347	660
348	540
349	780
350	480
351	720
352	300
353	660
354	660
355	540
356	780
357	540
358	420
359	540
360	780
361	840
362	960
363	660
364	240
365	720
366	480
367	480
368	600
369	480
370	300
371	540
372	660
373	600
374	660
375	540
376	300
377	480
378	240
379	420
380	780
381	420
382	660
383	660
384	660
385	600
386	1020
387	1080
388	300
389	600
390	840
391	540
392	480
393	540
394	360
395	480
396	480
397	780
398	480
399	540
400	600
401	540
402	300
403	600
404	540
405	360
406	720
407	300
408	1200
409	960
410	600
411	840
412	840
413	780
414	1080
415	840
416	300
417	300
418	660
419	360
420	540
421	540
422	600
423	480
424	300
425	600
426	600
427	720
428	660
429	540
430	660
431	1020
432	780
433	300
434	660
435	480
436	720
437	600
438	600
439	660
440	1620
441	420
442	540
443	420
444	480
445	300
446	240
447	360
448	1800
449	300
450	540
451	360
452	840
453	360
454	480
455	840
456	720
457	660
458	600
459	540
460	1020
461	960
462	780
463	660
464	720
465	540
466	780
467	480
468	540
469	600
470	720
471	600
472	540
473	540
474	420
475	660
476	360
477	360
478	480
479	900
480	240
481	840
482	660
483	360
484	540
485	840
486	660
487	780
488	240
489	660
490	480
491	600
492	420
493	660
494	720
495	720
496	1020
497	540
498	600
499	720
500	840
501	840
502	420
503	240
504	840
505	480
506	300
507	240
508	720
509	900
510	300
511	660
512	540
513	540
514	420
515	660
516	480
517	600
518	600
519	720
520	480
521	240
522	240
523	420
524	600
525	840
526	720
527	420
528	840
529	420
530	720
531	960
532	300
533	540
534	540
535	480
536	840
537	660
538	420
539	600
540	840
541	660
542	540
543	300
544	300
545	420
546	480
547	1620
548	480
549	480
550	720
551	480
552	540
553	840
554	1080
555	660
556	480
557	540
558	540
559	480
560	360
561	600
562	540
563	840
564	1860
565	720
566	360
567	360
568	780
569	540
570	840
571	480
572	540
573	480
574	240
575	360
576	720
577	600
578	480
579	720
580	840
581	360
582	240
583	780
584	360
585	540
586	480
587	300
588	720
589	480
590	780
591	840
592	600
593	300
594	540
595	1860
596	960
597	300
598	360
599	480
600	480
601	420
602	660
603	660
604	300
605	780
606	720
607	300
608	420
609	1860
610	420
611	300
612	2100
613	420
614	480
615	480
616	780
617	300
618	540
619	360
620	780
621	600
622	540
623	240
624	360
625	960
626	600
627	900
628	660
629	420
630	840
631	1020
632	960
633	480
634	480
635	300
636	780
637	660
638	540
639	240
640	420
641	300
642	720
643	960
644	480
645	420
646	600
647	720
648	360
649	360
650	300
651	420
652	600
653	660
654	480
655	720
656	960
657	1320
658	720
659	660
660	720
661	480
662	360
663	540
664	300
665	420
666	720
667	300
668	660
669	480
670	720
671	360
672	540
673	360
674	420
675	720
676	600
677	420
678	300
679	360
680	360
681	600
682	780
683	600
684	420
685	780
686	480
687	540
688	660
689	360
690	840
691	420
692	480
693	780
694	720
695	1020
696	600
697	240
698	420
699	360
700	780
701	300
702	600
703	660
704	420
705	1200
706	480
707	480
708	720
709	420
710	1020
711	540
712	600
713	360
714	540
715	240
716	660
717	960
718	420
719	600
720	720
721	360
722	540
723	480
724	720
725	720
726	420
727	360
728	600
729	420
730	660
731	420
732	300
733	660
734	360
735	600
736	960
737	840
738	900
739	720
740	780
741	900
742	480
743	660
744	720
745	540
746	420
747	240
748	300
749	600
750	720
751	420
752	900
753	1200
754	780
755	540
756	540
757	420
758	360
759	420
760	480
761	480
762	480
763	480
764	600
765	420
766	720
767	1320
768	600
769	600
770	420
771	360
772	300
773	960
774	540
775	360
776	420
777	480
778	360
779	780
780	480
781	480
782	660
783	300
784	960
785	360
786	840
787	420
788	300
789	660
790	540
791	660
792	420
793	420
794	660
TIME_WINDOW_SECTION
1	0	45000
2	19200	26700
3	10200	30300
4	4800	12300
5	22800	30300
6	19200	26100
7	10200	30300
8	22800	30300
9	15600	22500
10	8400	15300
11	8400	15900
12	15600	23100
13	22800	33900
14	10200	30300
15	19200	26700
16	22800	30300
17	15600	23100
18	22800	30300
19	4800	12300
20	4800	12300
21	12000	19500
22	19200	26700
23	12000	19500
24	12000	19500
25	15600	23100
26	4800	12300
27	19200	26700
28	8400	15900
29	19200	26700
30	10200	30300
31	4800	11700
32	4800	12300
33	8400	15300
34	4800	12300
35	15600	23100
36	19200	26700
37	19200	26700
38	4800	12300
39	22800	30300
40	19200	26700
41	15600	24900
42	15600	23100
43	19200	26700
44	8400	15900
45	8400	15900
46	8400	15900
47	8400	15900
48	15600	23100
49	22800	30300
50	10200	30300
51	15600	23100
52	12000	19500
53	4800	12300
54	4800	12300
55	12000	19500
56	8400	15900
57	12000	19500
58	12000	19500
59	10200	30300
60	4800	12300
61	12000	19500
62	4800	12300
63	19200	26700
64	4800	11700
65	15600	23100
66	4800	12300
67	22800	30300
68	4800	12300
69	22800	30300
70	12000	19500
71	10200	30300
72	8400	15900
73	15600	23100
74	22800	30300
75	8400	15900
76	22800	30300
77	12000	19500
78	4800	12300
79	12000	19500
80	19200	26700
81	10200	30300
82	12000	19500
83	8400	15900
84	15600	23100
85	12000	19500
86	10200	30300
87	4800	12300
88	22800	30300
89	12000	19500
90	12000	19500
91	8400	15900
92	15600	24900
93	22800	30300
94	12000	19500
95	8400	15300
96	8400	15900
97	12000	18840
98	10200	30300
99	4800	12300
100	19200	26700
101	15600	24900
102	12000	19500
103	8400	15900
104	12000	19500
105	4800	12300
106	10200	30300
107	8400	15900
108	22800	30300
109	4800	12300
110	22800	30300
111	15600	23100
112	15600	23100
113	10200	29700
114	19200	26100
115	8400	15900
116	12000	19500
117	19200	26700
118	15600	24900
119	15600	23100
120	4800	11700
121	10200	30300
122	4800	12300
123	10200	30300
124	12000	19500
125	8400	15900
126	22800	29700
127	15600	23100
128	15600	23100
129	8400	15900
130	8400	15900
131	12000	19500
132	10200	30300
133	4800	12300
134	4800	12300
135	12000	19500
136	19200	26700
137	12000	19500
138	22800	30300
139	4800	11700
140	10200	30300
141	10200	30300
142	22800	30300
143	12000	19500
144	10200	30300
145	8400	15900
146	15600	23100
147	19200	26100
148	22800	30300
149	15600	23100
150	4800	11700
151	15600	24900
152	15600	23100
153	8400	15900
154	4800	12300
155	19200	26700
156	15600	23100
157	4800	12300
158	10200	30300
159	8400	15900
160	12000	19500
161	12000	19500
162	10200	30300
163	12000	18900
164	8400	15900
165	17400	37500
166	15600	23100
167	15600	23100
168	4800	12300
169	15600	23100
170	10200	30300
171	12000	19500
172	15600	24900
173	15600	24240
174	19200	26700
175	8400	15900
176	12000	19500
177	4800	12300
178	15600	23100
179	19200	26100
180	10200	30300
181	22800	30300
182	12000	18840
183	22800	30300
184	12000	19500
185	4800	12300
186	19200	26700
187	15600	23100
188	19200	26100
189	15600	24900
190	19200	26700
191	10200	29700
192	15600	23100
193	19200	26700
194	8400	15900
195	22800	30300
196	15600	23100
197	22800	30300
198	10200	30300
199	4800	12300
200	15600	23100
201	15600	24900
202	19200	26700
203	8400	15900
204	4800	12300
205	19200	26700
206	4800	12300
207	19200	26700
208	12000	18900
209	15600	23100
210	15600	23100
211	15600	23100
212	4800	12300
213	22800	30300
214	22800	30300
215	12000	19500
216	8400	15900
217	12000	19500
218	19200	26100
219	8400	15900
220	19200	26700
221	10200	30300
222	8400	15900
223	22800	30300
224	12000	18900
225	4800	12300
226	22800	30300
227	15600	23100
228	10200	30300
229	19200	26700
230	15600	22500
231	10200	30300
232	19200	26700
233	22800	29700
234	19200	26700
235	4800	12300
236	19200	26700
237	22800	30300
238	8400	15900
239	12000	19500
240	8400	15300
241	12000	19500
242	22800	30300
243	22800	30300
244	22800	29700
245	4800	12300
246	15600	23100
247	4800	12300
248	12000	18900
249	4800	12300
250	19200	26700
251	4800	12300
252	8400	15300
253	19200	26700
254	15600	23100
255	15600	24900
256	10200	30300
257	22800	30300
258	19200	26700
259	8400	15900
260	15600	23100
261	10200	29700
262	12000	19500
263	12000	19500
264	4800	12300
265	22800	30300
266	22800	30300
267	15600	23100
268	8400	15900
269	15600	23100
270	19200	26700
271	15600	23100
272	19200	26700
273	10200	30300
274	15600	23100
275	12000	18900
276	12000	19500
277	10200	30300
278	8400	15900
279	4800	12300
280	15600	23100
281	15600	23100
282	15600	23100
283	12000	19500
284	4800	12300
285	22800	30300
286	8400	15900
287	19200	26700
288	15600	23100
289	4800	12300
290	22800	30300
291	12000	19500
292	8400	15900
293	10200	29700
294	12000	19500
295	15600	23100
296	15600	23100
297	19200	26700
298	15600	24900
299	15600	23100
300	19200	26700
301	12000	18840
302	8400	15900
303	19200	26700
304	10200	29700
305	10200	30300
306	15600	24900
307	22800	33900
308	8400	15900
309	22800	29700
310	8400	15900
311	12000	19500
312	8400	15900
313	4800	12300
314	22800	30300
315	8400	15900
316	19200	26700
317	19200	26700
318	12000	19500
319	17400	37500
320	15600	23100
321	8400	15900
322	12000	19500
323	15600	23100
324	8400	15900
325	19200	26700
326	19200	26700
327	10200	30300
328	10200	30300
329	8400	15900
330	10200	30300
331	12000	19500
332	12000	19500
333	8400	15900
334	19200	26700
335	12000	19500
336	15600	23100
337	15600	24900
338	12000	19500
339	10200	30300
340	12000	19500
341	8400	15900
342	22800	30300
343	12000	19500
344	8400	15900
345	22800	30300
346	19200	26700
347	19200	26700
348	19200	26700
349	15600	23100
350	12000	19500
351	12000	19500
352	12000	19500
353	10200	30300
354	10200	30300
355	8400	15900
356	12000	19500
357	15600	23100
358	15600	23100
359	22800	33900
360	8400	15900
361	19200	26700
362	4800	12300
363	22800	30300
364	15600	23100
365	10200	30300
366	15600	24900
367	10200	30300
368	15600	23100
369	22800	30300
370	12000	19500
371	8400	15900
372	19200	26700
373	15600	23100
374	8400	15900
375	19200	26700
376	22800	30300
377	19200	26700
378	12000	18840
379	12000	18900
380	15600	23100
381	10200	30300
382	22800	30300
383	10200	30300
384	15600	23100
385	12000	19500
386	15600	24900
387	22800	30300
388	15600	23100
389	12000	19500
390	22800	30300
391	8400	15900
392	15600	23100
393	19200	26700
394	10200	30300
395	12000	18900
396	10200	29700
397	8400	15900
398	19200	26700
399	8400	15900
400	15600	23100
401	8400	15900
402	12000	19500
403	8400	15900
404	19200	26700
405	19200	26100
406	8400	15900
407	12000	19500
408	10200	30300
409	12000	19500
410	15600	23100
411	12000	19500
412	8400	15900
413	12000	19500
414	15600	24900
415	22800	30300
416	19200	26700
417	19200	26700
418	15600	23100
419	19200	26700
420	8400	15900
421	19200	26700
422	12000	19500
423	19200	26700
424	12000	19500
425	17400	37500
426	15600	23100
427	15600	23100
428	8400	15900
429	19200	26700
430	22800	30300
431	10200	30300
432	10200	30300
433	12000	19500
434	8400	15900
435	19200	26700
436	15600	23100
437	22800	30300
438	8400	15900
439	17400	37500
440	15600	23100
441	19200	26700
442	15600	23100
443	19200	26700
444	17400	37500
445	8400	15900
446	8400	15900
447	12000	19500
448	8400	15900
449	12000	19500
450	19200	26700
451	10200	30300
452	10200	30300
453	19200	26700
454	22800	30300
455	12000	18900
456	19200	26700
457	19200	26700
458	10200	30300
459	19200	26700
460	22800	30300
461	15600	23100
462	8400	15900
463	22800	30300
464	12000	19500
465	8400	15900
466	15600	23100
467	19200	26700
468	15600	23100
469	22800	30300
470	12000	19500
471	19200	26700
472	15600	23100
473	15600	23100
474	15600	23100
475	12000	19500
476	12000	19500
477	22800	30300
478	15600	24900
479	15600	23100
480	22800	30300
481	12000	19500
482	19200	26700
483	19200	26700
484	22800	30300
485	12000	19500
486	19200	26700
487	15600	23100
488	12000	19500
489	12000	19500
490	19200	26700
491	10200	30300
492	12000	19500
493	15600	23100
494	8400	15900
495	10200	30300
496	10200	30300
497	19200	26700
498	19200	26700
499	12000	19500
500	15600	24900
501	15600	23100
502	15600	22500
503	8400	15900
504	15600	24900
505	12000	19500
506	15600	24900
507	22800	33900
508	15600	23100
509	15600	23100
510	12000	19500
511	12000	19500
512	10200	30300
513	22800	30300
514	12000	19500
515	15600	23100
516	12000	18900
517	22800	30300
518	10200	30300
519	15600	23100
520	19200	26700
521	15600	23100
522	22800	30300
523	22800	29700
524	22800	30300
525	15600	23100
526	12000	19500
527	15600	24900
528	19200	26700
529	10200	30300
530	8400	15900
531	10200	30300
532	15600	23100
533	15600	23100
534	12000	19500
535	15600	23100
536	19200	26700
537	12000	19500
538	22800	30300
539	19200	26700
540	12000	19500
541	12000	19500
542	10200	30300
543	10200	29700
544	22800	30300
545	15600	23100
546	19200	26700
547	22800	30300
548	15600	24900
549	10200	30300
550	15600	23100
551	22800	33900
552	15600	23100
553	19200	26100
554	15600	23100
555	12000	19500
556	19200	26700
557	19200	26700
558	15600	24900
559	12000	19500
560	15600	23100
561	15600	23100
562	15600	23100
563	22800	30300
564	22800	30300
565	12000	19500
566	15600	24240
567	15600	23100
568	12000	19500
569	15600	23100
570	22800	29700
571	22800	30300
572	12000	19500
573	22800	30300
574	22800	30300
575	22800	30300
576	10200	30300
577	15600	23100
578	22800	30300
579	12000	18900
580	10200	30300
581	12000	19500
582	12000	19500
583	15600	24900
584	22800	30300
585	15600	23100
586	19200	26700
587	19200	26700
588	12000	19500
589	15600	23100
590	22800	30300
591	22800	30300
592	15600	23100
593	10200	30300
594	22800	30300
595	22800	30300
596	15600	24900
597	17400	37500
598	12000	19500
599	22800	30300
600	12000	19500
601	12000	19500
602	12000	19500
603	12000	19500
604	12000	19500
605	22800	30300
606	12000	19500
607	12000	19500
608	19200	26700
609	15600	23100
610	12000	19500
611	22800	30300
612	22800	30300
613	15600	23100
614	19200	26100
615	19200	26700
616	15600	23100
617	10200	30300
618	12000	19500
619	19200	26700
620	15600	24240
621	22800	30300
622	19200	26700
623	22800	30300
624	10200	29700
625	10200	30300
626	19200	26700
627	15600	23100
628	22800	30300
629	22800	30300
630	10200	30300
631	10200	30300
632	19200	26700
633	12000	19500
634	19200	26700
635	15600	23100
636	19200	26700
637	19200	26700
638	10200	30300
639	10200	30300
640	22800	30300
641	19200	26100
642	15600	24900
643	10200	30300
644	15600	23100
645	19200	26700
646	10200	30300
647	10200	30300
648	15600	23100
649	15600	23100
650	15600	23100
651	15600	23100
652	19200	26700
653	12000	19500
654	10200	30300
655	19200	26100
656	15600	23100
657	10200	30300
658	19200	26700
659	10200	29700
660	19200	26100
661	15600	23100
662	10200	30300
663	22800	30300
664	12000	19500
665	19200	26700
666	19200	26100
667	15600	23100
668	22800	30300
669	10200	30300
670	19200	26700
671	19200	26100
672	15600	23100
673	22800	30300
674	22800	30300
675	15600	23100
676	15600	23100
677	10200	30300
678	22800	30300
679	19200	26100
680	19200	26100
681	22800	30300
682	10200	29700
683	19200	26700
684	10200	30300
685	15600	23100
686	15600	23100
687	22800	30300
688	10200	30300
689	15600	23100
690	22800	30300
691	22800	30300
692	10200	30300
693	15600	23100
694	10200	30300
695	15600	23100
696	22800	30300
697	22800	30300
698	22800	30300
699	10200	30300
700	22800	30300
701	10200	30300
702	10200	30300
703	19200	26700
704	10200	30300
705	10200	30300
706	19200	26700
707	15600	23100
708	15600	23100
709	22800	29700
710	15600	23100
711	22800	29700
712	15600	23100
713	19200	26700
714	19200	26700
715	22800	30300
716	15600	23100
717	22800	30300
718	15600	23100
719	15600	22500
720	22800	30300
721	10200	30300
722	22800	30300
723	22800	30300
724	10200	30300
725	22800	29700
726	22800	30300
727	10200	30300
728	22800	30300
729	19200	26700
730	22800	30300
731	10200	30300
732	10200	30300
733	15600	24900
734	19200	26700
735	22800	30300
736	22800	30300
737	19200	26700
738	22800	30300
739	22800	30300
740	10200	30300
741	19200	26700
742	19200	26700
743	19200	26100
744	22800	30300
745	19200	26700
746	22800	30300
747	22800	30300
748	19200	26700
749	10200	30300
750	19200	26100
751	15600	23100
752	19200	26700
753	15600	23100
754	10200	30300
755	10200	30300
756	22800	30300
757	10200	30300
758	10200	30300
759	10200	30300
760	10200	29700
761	10200	30300
762	19200	26700
763	19200	26700
764	10200	30300
765	10200	30300
766	19200	26700
767	19200	26700
768	22800	30300
769	22800	29700
770	22800	30300
771	22800	30300
772	10200	29700
773	17400	37500
774	22800	30300
775	19200	26700
776	22800	30300
777	19200	26700
778	10200	30300
779	19200	26700
780	19200	26700
781	22800	30300
782	10200	30300
783	22800	30300
784	19200	26700
785	10200	30300
786	19200	26100
787	22800	30300
788	10200	30300
789	19200	26700
790	19200	26700
791	19200	26700
792	10200	30300
793	19200	26700
794	22800	30300
RELEASE_TIME_SECTION
1	0
2	3600
3	3600
4	3600
5	3600
6	3600
7	3600
8	3600
9	3600
10	3600
11	3600
12	3600
13	3600
14	3600
15	3600
16	3600
17	3600
18	3600
19	3600
20	3600
21	3600
22	3600
23	3600
24	3600
25	3600
26	3600
27	3600
28	3600
29	3600
30	3600
31	3600
32	3600
33	3600
34	3600
35	3600
36	3600
37	3600
38	3600
39	3600
40	3600
41	3600
42	3600
43	3600
44	3600
45	3600
46	3600
47	3600
48	3600
49	3600
50	3600
51	3600
52	3600
53	3600
54	3600
55	3600
56	3600
57	3600
58	3600
59	3600
60	3600
61	3600
62	3600
63	3600
64	3600
65	3600
66	3600
67	3600
68	3600
69	3600
70	3600
71	3600
72	3600
73	3600
74	3600
75	3600
76	3600
77	3600
78	3600
79	3600
80	3600
81	3600
82	3600
83	3600
84	3600
85	3600
86	3600
87	3600
88	3600
89	3600
90	3600
91	3600
92	3600
93	3600
94	3600
95	3600
96	3600
97	3600
98	3600
99	3600
100	3600
101	3600
102	5400
103	5400
104	5400
105	5400
106	5400
107	5400
108	5400
109	5400
110	5400
111	5400
112	5400
113	5400
114	5400
115	5400
116	5400
117	5400
118	5400
119	5400
120	5400
121	5400
122	5400
123	5400
124	5400
125	5400
126	5400
127	5400
128	5400
129	5400
130	5400
131	5400
132	5400
133	5400
134	5400
135	5400
136	5400
137	5400
138	5400
139	5400
140	5400
141	5400
142	5400
143	5400
144	5400
145	5400
146	5400
147	5400
148	5400
149	5400
150	5400
151	5400
152	5400
153	5400
154	5400
155	5400
156	5400
157	5400
158	5400
159	5400
160	5400
161	5400
162	5400
163	5400
164	5400
165	5400
166	5400
167	5400
168	5400
169	5400
170	5400
171	5400
172	5400
173	5400
174	5400
175	5400
176	5400
177	5400
178	5400
179	5400
180	5400
181	5400
182	5400
183	5400
184	5400
185	5400
186	5400
187	5400
188	5400
189	5400
190	5400
191	5400
192	5400
193	5400
194	5400
195	5400
196	5400
197	5400
198	5400
199	5400
200	5400
201	5400
202	7200
203	7200
204	7200
205	7200
206	7200
207	7200
208	7200
209	7200
210	7200
211	7200
212	7200
213	7200
214	7200
215	7200
216	7200
217	7200
218	7200
219	7200
220	7200
221	7200
222	7200
223	7200
224	7200
225	7200
226	7200
227	7200
228	7200
229	7200
230	7200
231	7200
232	7200
233	7200
234	7200
235	7200
236	7200
237	7200
238	7200
239	7200
240	7200
241	7200
242	7200
243	7200
244	7200
245	7200
246	7200
247	7200
248	7200
249	7200
250	7200
251	7200
252	7200
253	7200
254	7200
255	7200
256	7200
257	7200
258	7200
259	7200
260	7200
261	7200
262	7200
263	7200
264	7200
265	7200
266	7200
267	7200
268	7200
269	7200
270	7200
271	7200
272	7200
273	7200
274	7200
275	7200
276	7200
277	7200
278	7200
279	7200
280	7200
281	7200
282	7200
283	7200
284	7200
285	7200
286	7200
287	7200
288	7200
289	7200
290	7200
291	7200
292	7200
293	7200
294	7200
295	7200
296	7200
297	7200
298	7200
299	7200
300	7200
301	9000
302	9000
303	9000
304	9000
305	9000
306	9000
307	9000
308	9000
309	9000
310	9000
311	9000
312	9000
313	9000
314	9000
315	9000
316	9000
317	9000
318	9000
319	9000
320	9000
321	9000
322	9000
323	9000
324	9000
325	9000
326	9000
327	9000
328	9000
329	9000
330	9000
331	9000
332	9000
333	9000
334	9000
335	9000
336	9000
337	9000
338	9000
339	9000
340	9000
341	9000
342	9000
343	9000
344	9000
345	9000
346	9000
347	9000
348	9000
349	9000
350	9000
351	9000
352	9000
353	9000
354	9000
355	9000
356	9000
357	9000
358	9000
359	9000
360	9000
361	9000
362	9000
363	9000
364	9000
365	9000
366	9000
367	9000
368	9000
369	9000
370	9000
371	9000
372	9000
373	9000
374	9000
375	9000
376	9000
377	9000
378	9000
379	9000
380	9000
381	9000
382	9000
383	9000
384	9000
385	9000
386	9000
387	10800
388	10800
389	10800
390	10800
391	10800
392	10800
393	10800
394	10800
395	10800
396	10800
397	10800
398	10800
399	10800
400	10800
401	10800
402	10800
403	10800
404	10800
405	10800
406	10800
407	10800
408	10800
409	10800
410	10800
411	10800
412	10800
413	10800
414	10800
415	10800
416	10800
417	10800
418	10800
419	10800
420	10800
421	10800
422	10800
423	10800
424	10800
425	10800
426	10800
427	10800
428	10800
429	10800
430	10800
431	10800
432	10800
433	10800
434	10800
435	10800
436	10800
437	10800
438	10800
439	10800
440	10800
441	10800
442	10800
443	10800
444	10800
445	10800
446	10800
447	10800
448	10800
449	10800
450	10800
451	10800
452	10800
453	10800
454	10800
455	10800
456	10800
457	10800
458	10800
459	10800
460	10800
461	10800
462	10800
463	10800
464	10800
465	10800
466	10800
467	10800
468	10800
469	10800
470	10800
471	10800
472	12600
473	12600
474	12600
475	12600
476	12600
477	12600
478	12600
479	12600
480	12600
481	12600
482	12600
483	12600
484	12600
485	12600
486	12600
487	12600
488	12600
489	12600
490	12600
491	12600
492	12600
493	12600
494	12600
495	12600
496	12600
497	12600
498	12600
499	12600
500	12600
501	12600
502	12600
503	12600
504	12600
505	12600
506	12600
507	12600
508	12600
509	12600
510	12600
511	12600
512	12600
513	12600
514	12600
515	12600
516	12600
517	12600
518	12600
519	12600
520	12600
521	12600
522	12600
523	12600
524	12600
525	12600
526	12600
527	12600
528	12600
529	12600
530	12600
531	12600
532	12600
533	12600
534	12600
535	12600
536	12600
537	12600
538	12600
539	12600
540	12600
541	12600
542	12600
543	12600
544	12600
545	12600
546	14400
547	14400
548	14400
549	14400
550	14400
551	14400
552	14400
553	14400
554	14400
555	14400
556	14400
557	14400
558	14400
559	14400
560	14400
561	14400
562	14400
563	14400
564	14400
565	14400
566	14400
567	14400
568	14400
569	14400
570	14400
571	14400
572	14400
573	14400
574	14400
575	14400
576	14400
577	14400
578	14400
579	14400
580	14400
581	14400
582	14400
583	14400
584	14400
585	14400
586	14400
587	14400
588	14400
589	14400
590	14400
591	14400
592	14400
593	14400
594	14400
595	14400
596	14400
597	14400
598	14400
599	14400
600	14400
601	14400
602	14400
603	14400
604	14400
605	14400
606	14400
607	14400
608	14400
609	14400
610	14400
611	14400
612	14400
613	14400
614	14400
615	14400
616	14400
617	14400
618	16200
619	16200
620	16200
621	16200
622	16200
623	16200
624	16200
625	16200
626	16200
627	16200
628	16200
629	16200
630	16200
631	16200
632	16200
633	16200
634	16200
635	16200
636	16200
637	16200
638	16200
639	16200
640	16200
641	16200
642	16200
643	16200
644	16200
645	16200
646	16200
647	16200
648	16200
649	16200
650	16200
651	16200
652	16200
653	16200
654	16200
655	16200
656	16200
657	16200
658	16200
659	16200
660	16200
661	16200
662	16200
663	16200
664	16200
665	16200
666	16200
667	16200
668	16200
669	16200
670	16200
671	16200
672	16200
673	16200
674	18000
675	18000
676	18000
677	18000
678	18000
679	18000
680	18000
681	18000
682	18000
683	18000
684	18000
685	18000
686	18000
687	18000
688	18000
689	18000
690	18000
691	18000
692	18000
693	18000
694	18000
695	18000
696	18000
697	18000
698	18000
699	18000
700	18000
701	18000
702	18000
703	18000
704	18000
705	18000
706	18000
707	18000
708	18000
709	18000
710	18000
711	18000
712	18000
713	18000
714	18000
715	18000
716	18000
717	18000
718	18000
719	18000
720	18000
721	19800
722	19800
723	19800
724	19800
725	19800
726	19800
727	19800
728	19800
729	19800
730	19800
731	19800
732	19800
733	19800
734	19800
735	19800
736	19800
737	19800
738	19800
739	19800
740	19800
741	19800
742	19800
743	19800
744	19800
745	19800
746	19800
747	19800
748	19800
749	19800
750	19800
751	19800
752	19800
753	19800
754	19800
755	19800
756	19800
757	19800
758	19800
759	19800
760	19800
761	19800
762	21600
763	21600
764	21600
765	21600
766	21600
767	21600
768	21600
769	21600
770	21600
771	21600
772	21600
773	21600
774	21600
775	21600
776	21600
777	21600
778	21600
779	21600
780	21600
781	21600
782	21600
783	21600
784	21600
785	21600
786	21600
787	21600
788	21600
789	21600
790	21600
791	21600
792	21600
793	21600
794	21600
EOF
