NAME : ORTEC-VRPTW-ASYM-886856a8-d1-n902
TYPE : VRPTW-RT
DIMENSION : 903
EDGE_WEIGHT_TYPE : EUC_2D
CAPACITY : 145
NODE_COORD_SECTION
1	1931	1424
2	807	4028
3	383	297
4	1277	1693
5	1381	1860
6	961	1223
7	753	2673
8	741	2840
9	1191	718
10	340	1411
11	1198	2716
12	1402	3005
13	846	3098
14	1383	3868
15	1245	1258
16	1075	2819
17	1065	2744
18	1364	2863
19	1141	1391
20	1119	1556
21	1094	2823
22	1506	1841
23	1019	2515
24	1292	2837
25	327	1244
26	878	4080
27	1046	2590
28	1413	3120
29	313	1372
30	1188	2705
31	1065	2744
32	216	1680
33	340	1411
34	489	1800
35	1266	2722
36	1016	3031
37	1351	2949
38	560	3313
39	1458	1598
40	869	443
41	992	4543
42	1735	3310
43	1039	837
44	1288	4391
45	820	2605
46	1292	4240
47	1292	2837
48	1172	374
49	1744	2961
50	1374	1802
51	1872	2618
52	955	2552
53	1637	3261
54	779	580
55	1133	348
56	870	4422
57	1239	2956
58	493	3042
59	1170	2855
60	921	2365
61	1402	3005
62	1129	2728
63	1317	2809
64	1162	2774
65	1348	3806
66	1208	2364
67	349	1138
68	1051	4008
69	1141	2943
70	1212	2672
71	1172	374
72	905	4096
73	837	879
74	992	4543
75	1132	1936
76	1236	2650
77	967	3286
78	832	1017
79	903	2765
80	250	1430
81	896	4160
82	1397	1545
83	1016	4280
84	1038	3843
85	1652	3434
86	1236	2650
87	944	4467
88	1383	3868
89	1613	3258
90	1497	591
91	695	3978
92	924	4206
93	748	4207
94	1305	3989
95	1310	2432
96	1182	3042
97	1275	1731
98	637	2950
99	1163	1734
100	1364	1809
101	833	4056
102	846	3678
103	1741	3441
104	1249	2557
105	681	2330
106	1099	1224
107	1292	2837
108	1051	4008
109	882	3626
110	1162	2750
111	1739	2966
112	958	3041
113	939	4267
114	1163	2844
115	1179	1826
116	700	2780
117	928	2859
118	726	640
119	1227	485
120	1413	3120
121	1210	2498
122	0	2144
123	672	3026
124	1323	3016
125	1348	3806
126	942	2971
127	995	3070
128	1338	2711
129	1183	2813
130	1200	2376
131	700	2780
132	452	642
133	878	4080
134	778	2542
135	1248	596
136	1138	3779
137	1456	1521
138	840	749
139	846	3098
140	349	1138
141	1188	2705
142	533	4217
143	1261	959
144	1506	1841
145	1288	3799
146	944	4467
147	832	1017
148	858	3247
149	1115	644
150	1125	4086
151	1173	2733
152	1397	1545
153	316	1694
154	653	2235
155	933	747
156	753	2673
157	1290	3943
158	863	3808
159	1397	1545
160	896	4160
161	452	642
162	1532	2646
163	1181	3306
164	1063	3084
165	779	580
166	1210	2498
167	1514	3061
168	484	1759
169	1163	2676
170	902	3439
171	313	1352
172	1049	3125
173	1051	4008
174	1305	3989
175	804	2275
176	1078	3586
177	1176	2587
178	1067	2468
179	1315	4150
180	1283	4116
181	1220	100
182	1383	3868
183	1170	4166
184	443	1105
185	1338	1441
186	678	3047
187	1031	2652
188	1744	2961
189	869	443
190	189	1541
191	1198	2716
192	1436	1719
193	939	4267
194	955	2552
195	246	1889
196	1073	4375
197	846	3098
198	1234	1549
199	1072	3022
200	1048	1338
201	189	1541
202	958	3041
203	1035	1214
204	1107	4359
205	860	3013
206	653	2235
207	1512	4130
208	946	3204
209	1288	4391
210	1094	2823
211	1652	3434
212	250	1430
213	989	3105
214	983	2585
215	1305	3989
216	875	4104
217	1399	4277
218	933	747
219	675	3242
220	1141	2942
221	1232	1249
222	1117	3087
223	1047	2863
224	1258	4060
225	1066	2761
226	1046	2590
227	1239	2956
228	1495	2278
229	539	438
230	1061	1060
231	1379	767
232	1070	4543
233	1052	2953
234	1506	1841
235	1291	2807
236	524	2973
237	967	3286
238	1640	3431
239	1364	2863
240	874	3130
241	896	4160
242	1512	4130
243	1078	1516
244	653	2235
245	1310	2432
246	1381	1860
247	1117	3087
248	681	2330
249	158	1084
250	1242	1543
251	1739	2966
252	1383	3868
253	1384	1624
254	1039	837
255	1292	2837
256	1572	3377
257	1497	591
258	189	1541
259	50	2419
260	1275	4351
261	971	4384
262	340	1411
263	1222	4250
264	814	604
265	183	2038
266	1210	2498
267	930	4162
268	452	642
269	1232	1249
270	1031	2652
271	1328	2964
272	1056	3061
273	1554	2872
274	1092	4149
275	1271	3892
276	1258	4060
277	1468	3411
278	779	580
279	874	877
280	1383	3868
281	1148	2662
282	1160	2563
283	1148	2662
284	340	1411
285	882	3626
286	905	4096
287	1251	2952
288	1039	837
289	1292	2837
290	1182	4472
291	250	1430
292	700	2780
293	1129	2728
294	1248	596
295	1132	1936
296	1291	2807
297	1552	3217
298	1183	2813
299	1374	1802
300	452	642
301	205	1255
302	988	4044
303	1288	4391
304	388	332
305	1141	2943
306	1338	1441
307	842	4240
308	1288	3799
309	246	1889
310	1285	1952
311	484	1759
312	867	3148
313	1232	1249
314	1534	3414
315	397	318
316	1379	767
317	1061	1060
318	1129	2728
319	1292	4240
320	1685	3330
321	1325	3222
322	350	2912
323	1530	3201
324	493	3042
325	903	2765
326	824	3243
327	858	3247
328	1460	3426
329	1563	2987
330	1275	1731
331	1106	2683
332	1364	1809
333	1002	2617
334	1338	2711
335	1016	4280
336	1138	3779
337	986	3016
338	1354	3805
339	1177	1728
340	1263	2113
341	452	597
342	1061	1060
343	1315	1751
344	1217	292
345	676	717
346	787	2891
347	1158	1567
348	1530	3201
349	823	4234
350	923	3030
351	1258	3051
352	1290	3943
353	635	2139
354	1317	2809
355	1038	3843
356	738	3987
357	1016	2780
358	1261	959
359	533	4217
360	923	3030
361	969	2816
362	1602	3122
363	1364	2863
364	860	3013
365	1374	1802
366	1063	3084
367	1151	2941
368	895	3399
369	1234	1549
370	452	597
371	1288	3799
372	1328	2964
373	581	2273
374	1172	374
375	1251	2952
376	1634	3205
377	1275	4351
378	1137	1369
379	676	311
380	678	344
381	1328	2964
382	1054	3169
383	469	146
384	1489	1840
385	388	332
386	870	4422
387	418	1791
388	1070	4543
389	1489	1840
390	1208	2364
391	1251	2908
392	289	1150
393	1616	2102
394	1163	2676
395	878	4080
396	681	2330
397	921	2365
398	0	2144
399	1317	2809
400	1364	1809
401	653	2235
402	1046	2590
403	1516	2914
404	988	4044
405	1035	1214
406	882	3626
407	1173	2573
408	1317	2809
409	203	1763
410	1272	1538
411	718	2215
412	741	2840
413	1516	2914
414	874	877
415	1004	4208
416	874	877
417	1456	3091
418	637	4129
419	1414	2969
420	970	2787
421	1156	4245
422	388	332
423	714	595
424	998	3139
425	1152	3217
426	1191	718
427	1399	4277
428	510	409
429	1081	3140
430	974	4082
431	1173	2573
432	791	894
433	1037	3102
434	1173	2733
435	672	372
436	637	4129
437	452	597
438	1234	1549
439	1672	3221
440	539	438
441	969	2816
442	1351	1102
443	158	1084
444	839	816
445	867	3148
446	875	4435
447	748	4207
448	374	1120
449	726	640
450	1302	4523
451	908	0
452	858	3247
453	709	895
454	1288	3799
455	352	3027
456	709	895
457	1735	3310
458	979	1371
459	1219	2654
460	1170	4169
461	813	3226
462	736	806
463	902	3439
464	1220	4258
465	1193	551
466	327	1244
467	1156	4245
468	1183	2950
469	599	372
470	1191	718
471	829	616
472	908	0
473	1388	1678
474	1287	511
475	1188	2705
476	869	443
477	902	3439
478	1249	1467
479	955	2552
480	1182	4472
481	1436	1719
482	1236	539
483	1257	3284
484	316	1694
485	1173	2573
486	1049	3125
487	1325	3222
488	311	1103
489	927	4078
490	1173	1737
491	933	747
492	1111	3041
493	986	3016
494	1102	3421
495	1078	3901
496	1112	2880
497	933	747
498	1004	4208
499	939	4491
500	908	0
501	1287	511
502	807	3452
503	1155	2658
504	1102	4349
505	311	1103
506	818	3658
507	1634	3205
508	637	2950
509	1381	1860
510	818	3658
511	1744	2961
512	1037	3102
513	809	826
514	753	2673
515	1388	1678
516	1283	3124
517	367	1724
518	1170	4166
519	832	1017
520	858	3247
521	512	349
522	1004	2391
523	352	3027
524	1198	2716
525	1512	4130
526	779	580
527	1075	2819
528	714	595
529	1622	3133
530	1016	2780
531	1063	3084
532	908	0
533	333	3234
534	928	2859
535	1219	2399
536	1233	2940
537	1129	2728
538	1460	3426
539	695	3978
540	1212	2672
541	349	1138
542	911	2874
543	1532	2646
544	1741	3441
545	1283	4116
546	813	3060
547	1396	1717
548	327	1244
549	1554	2872
550	1170	4166
551	1063	2729
552	1283	4116
553	1383	3868
554	510	409
555	493	3042
556	1662	2608
557	443	1105
558	1138	3779
559	914	4055
560	1141	1391
561	1315	1751
562	1070	4543
563	923	2967
564	349	1138
565	1436	1719
566	1151	2941
567	753	2673
568	158	1084
569	681	2330
570	1173	2733
571	253	1219
572	944	4467
573	1173	1737
574	1315	1751
575	1170	2855
576	958	2580
577	365	1372
578	1402	3005
579	1530	3201
580	902	3439
581	676	717
582	1141	2942
583	50	2419
584	867	3148
585	1275	4351
586	1489	1840
587	905	4096
588	1148	2662
589	1305	2849
590	452	642
591	1078	1516
592	311	1103
593	957	3908
594	1061	1060
595	1160	2563
596	289	1150
597	1182	4472
598	846	3098
599	1275	1731
600	1365	1472
601	1102	3352
602	1048	1338
603	33	2195
604	1063	2729
605	1563	2987
606	1193	551
607	957	3908
608	203	1763
609	862	3909
610	1216	2383
611	939	4267
612	1047	2863
613	1290	3943
614	489	1800
615	714	595
616	1158	1567
617	452	642
618	1381	1860
619	1161	2990
620	676	717
621	1148	2662
622	1220	100
623	1475	3374
624	1132	4303
625	1275	1731
626	944	4467
627	33	2195
628	681	2330
629	928	2859
630	1123	1518
631	1131	4309
632	809	3177
633	908	0
634	1348	4053
635	796	2542
636	452	642
637	804	2275
638	1381	1860
639	1161	2990
640	678	3047
641	1372	2153
642	510	409
643	1351	1102
644	939	4267
645	1056	3061
646	1102	3421
647	1685	3330
648	870	3954
649	1745	3351
650	1092	3118
651	753	2673
652	1156	4245
653	1379	767
654	741	2840
655	1063	3084
656	1078	1516
657	1248	596
658	1031	2652
659	1563	2987
660	791	894
661	1506	1841
662	957	3028
663	1075	2819
664	1268	4286
665	1305	3989
666	449	2890
667	1162	2750
668	1272	1538
669	1272	1538
670	946	3204
671	974	4082
672	862	3909
673	678	3047
674	1383	3868
675	1219	2399
676	1062	1171
677	1116	552
678	967	3286
679	1002	2617
680	1170	4166
681	371	1219
682	189	1541
683	1547	2968
684	1266	2722
685	809	3177
686	1002	2617
687	1141	2943
688	1402	3005
689	599	372
690	1217	292
691	1497	591
692	205	1255
693	1133	348
694	842	4240
695	1141	2943
696	1219	2654
697	1640	3431
698	958	3041
699	824	3243
700	1192	1737
701	1745	3351
702	1246	3091
703	1132	4303
704	1182	3042
705	1741	3441
706	1065	2744
707	1151	2941
708	512	349
709	637	2950
710	1388	1678
711	246	1889
712	1514	3061
713	1219	2654
714	1272	1538
715	1310	2432
716	874	877
717	327	1244
718	1102	3421
719	1016	3031
720	968	3088
721	966	2852
722	539	438
723	1351	1102
724	858	3247
725	1162	2750
726	1067	2468
727	1082	1459
728	688	2054
729	152	2009
730	1258	4060
731	152	2009
732	1185	2592
733	676	717
734	316	1694
735	1292	4240
736	67	2214
737	1602	3122
738	1179	1826
739	686	662
740	1212	2672
741	986	3016
742	1258	4060
743	638	245
744	1078	3586
745	983	2585
746	1117	3087
747	1532	2646
748	1092	3118
749	313	1372
750	676	717
751	1216	2383
752	1291	2807
753	714	595
754	1251	2908
755	313	1372
756	1292	4240
757	1004	2391
758	1162	2750
759	1085	3266
760	1292	2837
761	1275	4351
762	1097	4238
763	874	3130
764	367	1724
765	791	894
766	1052	3093
767	709	895
768	1471	3862
769	1163	1734
770	1182	3042
771	352	3027
772	524	2973
773	678	2836
774	205	1255
775	1082	1459
776	874	3130
777	149	1297
778	874	877
779	820	2784
780	1245	1258
781	1068	3478
782	1302	4523
783	1118	3024
784	1137	1369
785	908	0
786	1081	3140
787	1115	644
788	1092	2633
789	1277	1693
790	1753	3327
791	974	4082
792	923	2967
793	979	1371
794	1119	1556
795	470	3443
796	1047	2863
797	1222	4250
798	846	3678
799	1272	1538
800	514	3750
801	1016	3031
802	1574	2792
803	327	1244
804	688	2054
805	1008	242
806	1217	292
807	921	2365
808	1016	3031
809	1073	4375
810	1237	4270
811	294	1460
812	823	4234
813	349	1138
814	1572	3377
815	560	3313
816	33	2195
817	374	1120
818	470	3443
819	514	3750
820	796	2542
821	1468	3411
822	979	1371
823	1123	1518
824	979	1371
825	539	438
826	807	4028
827	1305	3989
828	1214	2781
829	1161	2990
830	1593	3131
831	924	4206
832	753	2673
833	672	3026
834	957	3908
835	1035	1214
836	942	2971
837	1008	242
838	1292	4240
839	807	3452
840	1129	2728
841	1277	1693
842	1512	4130
843	1198	2716
844	1131	692
845	718	2215
846	1082	1459
847	796	2542
848	1456	1701
849	736	806
850	1569	2553
851	470	3443
852	1016	4280
853	971	4384
854	452	597
855	1210	2498
856	388	332
857	988	4044
858	1049	3125
859	367	1724
860	1396	1717
861	837	879
862	1184	329
863	1248	596
864	1383	3868
865	1348	4053
866	1163	2844
867	958	3041
868	1246	3050
869	809	826
870	1176	2587
871	679	759
872	846	3098
873	1251	2908
874	1082	1459
875	1212	2672
876	1261	959
877	1163	1734
878	1379	767
879	1234	1549
880	788	3306
881	1016	3031
882	1185	2592
883	1217	292
884	149	1297
885	1263	2113
886	1580	3067
887	788	3306
888	969	2816
889	1460	3426
890	1372	2153
891	216	1680
892	452	642
893	1602	3122
894	1384	1624
895	1328	2964
896	1460	3426
897	814	604
898	1152	3217
899	1348	4053
900	1364	1809
901	1153	3083
902	1662	2608
903	672	3026
DEMAND_SECTION
1	0
2	5
3	3
4	7
5	6
6	7
7	10
8	3
9	4
10	4
11	8
12	6
13	4
14	5
15	5
16	4
17	5
18	3
19	5
20	6
21	11
22	6
23	5
24	3
25	8
26	3
27	7
28	5
29	19
30	3
31	4
32	4
33	8
34	3
35	7
36	8
37	4
38	3
39	5
40	6
41	4
42	6
43	14
44	3
45	4
46	4
47	10
48	2
49	6
50	3
51	3
52	9
53	9
54	4
55	4
56	4
57	3
58	10
59	6
60	5
61	9
62	10
63	4
64	5
65	7
66	5
67	6
68	4
69	6
70	2
71	9
72	6
73	3
74	3
75	6
76	10
77	5
78	10
79	7
80	11
81	3
82	4
83	5
84	6
85	4
86	7
87	3
88	4
89	5
90	6
91	7
92	5
93	6
94	4
95	6
96	8
97	5
98	7
99	5
100	5
101	10
102	4
103	3
104	5
105	5
106	8
107	5
108	8
109	10
110	6
111	3
112	5
113	10
114	11
115	5
116	3
117	6
118	5
119	7
120	6
121	7
122	3
123	5
124	4
125	7
126	5
127	4
128	7
129	7
130	5
131	4
132	6
133	10
134	8
135	5
136	5
137	6
138	5
139	4
140	6
141	7
142	8
143	8
144	4
145	9
146	5
147	3
148	5
149	1
150	8
151	5
152	7
153	4
154	4
155	6
156	5
157	3
158	13
159	4
160	8
161	6
162	6
163	4
164	8
165	7
166	6
167	8
168	7
169	5
170	8
171	5
172	2
173	4
174	6
175	7
176	3
177	6
178	4
179	3
180	6
181	6
182	4
183	5
184	6
185	5
186	5
187	6
188	5
189	8
190	5
191	7
192	6
193	9
194	7
195	6
196	9
197	5
198	5
199	3
200	2
201	9
202	5
203	4
204	1
205	7
206	5
207	4
208	3
209	7
210	4
211	5
212	4
213	11
214	8
215	6
216	3
217	4
218	8
219	3
220	4
221	5
222	6
223	8
224	6
225	5
226	6
227	6
228	4
229	6
230	3
231	1
232	6
233	9
234	4
235	7
236	7
237	6
238	6
239	8
240	6
241	6
242	3
243	5
244	6
245	5
246	6
247	10
248	5
249	6
250	8
251	4
252	8
253	3
254	7
255	5
256	4
257	4
258	5
259	6
260	6
261	9
262	12
263	6
264	6
265	4
266	6
267	10
268	8
269	11
270	6
271	6
272	8
273	7
274	9
275	5
276	4
277	8
278	6
279	6
280	4
281	5
282	6
283	7
284	4
285	4
286	4
287	7
288	8
289	4
290	9
291	9
292	5
293	4
294	8
295	6
296	6
297	7
298	5
299	3
300	9
301	7
302	6
303	11
304	10
305	6
306	5
307	6
308	6
309	8
310	4
311	8
312	5
313	7
314	5
315	7
316	2
317	7
318	6
319	6
320	4
321	6
322	5
323	1
324	6
325	7
326	10
327	5
328	10
329	12
330	9
331	12
332	6
333	5
334	3
335	6
336	4
337	8
338	3
339	7
340	9
341	13
342	6
343	7
344	4
345	6
346	3
347	9
348	6
349	9
350	6
351	6
352	3
353	5
354	7
355	6
356	6
357	6
358	8
359	11
360	3
361	4
362	7
363	5
364	7
365	5
366	7
367	6
368	3
369	1
370	5
371	5
372	4
373	3
374	5
375	5
376	6
377	8
378	6
379	8
380	6
381	7
382	3
383	10
384	3
385	3
386	8
387	5
388	7
389	10
390	3
391	6
392	5
393	8
394	5
395	3
396	6
397	6
398	3
399	7
400	3
401	6
402	4
403	10
404	2
405	4
406	6
407	7
408	4
409	3
410	5
411	6
412	5
413	6
414	3
415	6
416	5
417	6
418	7
419	6
420	9
421	10
422	8
423	8
424	7
425	2
426	5
427	5
428	4
429	9
430	3
431	7
432	4
433	7
434	6
435	4
436	6
437	5
438	8
439	5
440	5
441	6
442	7
443	4
444	11
445	6
446	6
447	5
448	10
449	4
450	8
451	5
452	3
453	3
454	5
455	5
456	6
457	6
458	8
459	5
460	9
461	5
462	5
463	3
464	5
465	7
466	2
467	5
468	6
469	4
470	4
471	14
472	5
473	6
474	3
475	5
476	6
477	4
478	13
479	7
480	4
481	6
482	9
483	3
484	9
485	9
486	7
487	3
488	11
489	6
490	5
491	5
492	3
493	7
494	9
495	3
496	4
497	18
498	5
499	2
500	14
501	5
502	8
503	6
504	4
505	3
506	11
507	5
508	5
509	4
510	5
511	7
512	10
513	9
514	5
515	6
516	7
517	11
518	8
519	5
520	4
521	8
522	6
523	5
524	11
525	3
526	5
527	9
528	3
529	6
530	7
531	6
532	7
533	5
534	3
535	19
536	4
537	4
538	4
539	8
540	10
541	6
542	10
543	8
544	4
545	8
546	6
547	6
548	8
549	3
550	6
551	5
552	5
553	8
554	7
555	8
556	6
557	6
558	13
559	8
560	9
561	6
562	6
563	6
564	7
565	7
566	6
567	3
568	5
569	6
570	7
571	6
572	3
573	8
574	6
575	5
576	6
577	4
578	3
579	4
580	3
581	4
582	9
583	4
584	11
585	5
586	12
587	3
588	10
589	4
590	8
591	3
592	6
593	4
594	5
595	7
596	6
597	5
598	4
599	4
600	8
601	5
602	4
603	7
604	4
605	6
606	3
607	6
608	6
609	3
610	9
611	5
612	8
613	12
614	4
615	6
616	3
617	3
618	7
619	6
620	9
621	4
622	9
623	6
624	4
625	5
626	6
627	14
628	4
629	5
630	5
631	6
632	11
633	2
634	7
635	3
636	7
637	5
638	5
639	4
640	8
641	4
642	6
643	6
644	5
645	3
646	3
647	6
648	3
649	8
650	7
651	7
652	3
653	9
654	3
655	3
656	4
657	6
658	3
659	5
660	5
661	6
662	12
663	5
664	10
665	2
666	5
667	7
668	11
669	6
670	5
671	5
672	9
673	19
674	7
675	4
676	8
677	3
678	7
679	6
680	8
681	5
682	4
683	6
684	5
685	3
686	4
687	6
688	6
689	4
690	4
691	7
692	7
693	10
694	5
695	7
696	3
697	2
698	5
699	6
700	8
701	6
702	7
703	4
704	7
705	5
706	7
707	5
708	8
709	6
710	9
711	8
712	7
713	9
714	8
715	6
716	6
717	9
718	5
719	8
720	4
721	6
722	8
723	5
724	5
725	9
726	10
727	9
728	7
729	4
730	6
731	8
732	11
733	5
734	4
735	4
736	6
737	4
738	5
739	6
740	8
741	5
742	5
743	3
744	3
745	3
746	4
747	4
748	3
749	9
750	5
751	2
752	11
753	4
754	7
755	5
756	8
757	3
758	8
759	5
760	7
761	6
762	8
763	5
764	4
765	8
766	6
767	6
768	6
769	8
770	6
771	6
772	9
773	5
774	6
775	6
776	3
777	4
778	7
779	2
780	8
781	6
782	8
783	3
784	7
785	5
786	5
787	5
788	9
789	3
790	3
791	5
792	6
793	10
794	6
795	7
796	6
797	8
798	3
799	3
800	5
801	4
802	8
803	5
804	6
805	3
806	3
807	3
808	5
809	10
810	5
811	4
812	4
813	9
814	8
815	9
816	1
817	18
818	5
819	5
820	5
821	10
822	10
823	3
824	5
825	6
826	6
827	5
828	4
829	3
830	2
831	6
832	6
833	10
834	3
835	5
836	3
837	4
838	12
839	7
840	9
841	4
842	3
843	10
844	5
845	4
846	8
847	4
848	9
849	6
850	3
851	6
852	5
853	11
854	3
855	6
856	7
857	5
858	2
859	10
860	5
861	6
862	8
863	6
864	3
865	8
866	7
867	4
868	7
869	6
870	5
871	8
872	5
873	3
874	5
875	7
876	6
877	6
878	7
879	9
880	7
881	2
882	8
883	5
884	5
885	3
886	12
887	5
888	8
889	6
890	8
891	9
892	4
893	5
894	4
895	3
896	3
897	6
898	10
899	7
900	3
901	5
902	5
903	7
DEPOT_SECTION
1
-1
SERVICE_TIME_SECTION
1	0
2	660
3	420
4	660
5	720
6	840
7	540
8	360
9	540
10	900
11	720
12	540
13	720
14	720
15	540
16	480
17	960
18	660
19	540
20	420
21	720
22	480
23	480
24	540
25	600
26	660
27	480
28	660
29	720
30	300
31	480
32	1740
33	960
34	480
35	540
36	300
37	540
38	720
39	240
40	480
41	300
42	780
43	840
44	480
45	660
46	720
47	420
48	600
49	360
50	480
51	240
52	480
53	1080
54	720
55	720
56	660
57	720
58	540
59	300
60	900
61	960
62	600
63	840
64	660
65	600
66	720
67	360
68	960
69	900
70	420
71	660
72	480
73	600
74	720
75	360
76	540
77	540
78	660
79	720
80	1020
81	540
82	540
83	600
84	480
85	660
86	300
87	900
88	540
89	840
90	660
91	360
92	660
93	420
94	540
95	480
96	660
97	780
98	600
99	480
100	360
101	660
102	240
103	540
104	840
105	660
106	240
107	660
108	360
109	360
110	840
111	780
112	840
113	660
114	600
115	660
116	360
117	360
118	660
119	720
120	660
121	960
122	300
123	480
124	420
125	240
126	240
127	480
128	360
129	660
130	660
131	780
132	480
133	360
134	540
135	540
136	840
137	480
138	540
139	660
140	480
141	660
142	300
143	600
144	660
145	360
146	600
147	540
148	240
149	960
150	720
151	480
152	420
153	480
154	540
155	360
156	420
157	420
158	600
159	720
160	840
161	360
162	420
163	360
164	240
165	600
166	480
167	540
168	780
169	360
170	420
171	420
172	1740
173	420
174	420
175	720
176	360
177	420
178	720
179	420
180	720
181	720
182	540
183	600
184	1020
185	240
186	600
187	360
188	360
189	360
190	480
191	420
192	660
193	720
194	420
195	960
196	540
197	480
198	840
199	540
200	540
201	540
202	360
203	540
204	540
205	420
206	240
207	540
208	780
209	540
210	600
211	540
212	720
213	420
214	420
215	540
216	360
217	480
218	660
219	1020
220	480
221	780
222	780
223	600
224	600
225	900
226	600
227	480
228	360
229	840
230	540
231	660
232	360
233	600
234	420
235	900
236	660
237	540
238	1140
239	480
240	960
241	840
242	300
243	540
244	600
245	960
246	600
247	300
248	540
249	300
250	600
251	420
252	900
253	240
254	540
255	300
256	660
257	360
258	360
259	540
260	300
261	540
262	720
263	360
264	480
265	420
266	540
267	660
268	360
269	780
270	780
271	900
272	600
273	840
274	720
275	660
276	600
277	1140
278	1020
279	660
280	600
281	480
282	780
283	480
284	600
285	960
286	540
287	900
288	480
289	600
290	1020
291	540
292	660
293	720
294	300
295	720
296	420
297	600
298	540
299	720
300	1080
301	420
302	900
303	600
304	960
305	780
306	540
307	240
308	720
309	660
310	540
311	780
312	600
313	960
314	660
315	420
316	300
317	540
318	540
319	900
320	480
321	720
322	480
323	720
324	900
325	720
326	960
327	660
328	660
329	780
330	600
331	420
332	540
333	420
334	840
335	540
336	360
337	480
338	480
339	600
340	480
341	540
342	420
343	780
344	360
345	540
346	300
347	600
348	900
349	480
350	600
351	480
352	540
353	420
354	600
355	300
356	420
357	960
358	660
359	540
360	360
361	540
362	420
363	660
364	720
365	840
366	420
367	420
368	960
369	480
370	480
371	240
372	540
373	780
374	240
375	540
376	420
377	600
378	540
379	1260
380	660
381	600
382	720
383	540
384	720
385	360
386	660
387	780
388	660
389	480
390	660
391	600
392	300
393	600
394	660
395	1020
396	660
397	540
398	540
399	600
400	660
401	480
402	360
403	1020
404	540
405	840
406	840
407	480
408	720
409	900
410	660
411	1740
412	480
413	600
414	660
415	1260
416	960
417	600
418	1020
419	420
420	360
421	600
422	660
423	600
424	300
425	540
426	660
427	360
428	660
429	660
430	480
431	360
432	840
433	660
434	420
435	600
436	720
437	480
438	780
439	300
440	600
441	840
442	660
443	300
444	480
445	600
446	780
447	600
448	1020
449	540
450	720
451	960
452	720
453	300
454	600
455	660
456	600
457	840
458	480
459	540
460	600
461	360
462	720
463	600
464	240
465	660
466	300
467	1140
468	540
469	720
470	600
471	600
472	780
473	840
474	300
475	480
476	480
477	720
478	840
479	300
480	660
481	660
482	480
483	660
484	480
485	600
486	900
487	540
488	1260
489	360
490	780
491	540
492	780
493	1020
494	360
495	660
496	360
497	660
498	600
499	540
500	660
501	840
502	1260
503	600
504	540
505	780
506	360
507	540
508	600
509	840
510	360
511	720
512	780
513	780
514	300
515	480
516	360
517	660
518	420
519	840
520	720
521	720
522	600
523	540
524	240
525	720
526	600
527	720
528	480
529	840
530	720
531	660
532	540
533	720
534	360
535	660
536	360
537	540
538	720
539	480
540	540
541	360
542	360
543	660
544	540
545	1020
546	540
547	780
548	540
549	960
550	960
551	540
552	540
553	840
554	420
555	300
556	600
557	660
558	420
559	720
560	600
561	780
562	720
563	720
564	480
565	600
566	540
567	660
568	720
569	660
570	600
571	420
572	540
573	720
574	720
575	540
576	660
577	600
578	600
579	840
580	420
581	540
582	360
583	660
584	480
585	1140
586	660
587	840
588	540
589	720
590	540
591	900
592	900
593	960
594	660
595	780
596	240
597	480
598	600
599	600
600	840
601	960
602	780
603	660
604	480
605	240
606	360
607	600
608	420
609	360
610	720
611	660
612	660
613	780
614	540
615	600
616	720
617	1020
618	1080
619	660
620	660
621	720
622	780
623	480
624	660
625	720
626	420
627	480
628	480
629	660
630	720
631	420
632	540
633	300
634	660
635	300
636	540
637	840
638	660
639	540
640	360
641	480
642	360
643	600
644	720
645	360
646	480
647	360
648	660
649	720
650	600
651	540
652	600
653	300
654	360
655	540
656	1020
657	780
658	540
659	480
660	780
661	660
662	360
663	600
664	780
665	1740
666	780
667	360
668	240
669	240
670	540
671	600
672	480
673	300
674	300
675	720
676	540
677	360
678	480
679	420
680	540
681	600
682	540
683	840
684	780
685	360
686	900
687	420
688	840
689	720
690	480
691	540
692	720
693	600
694	660
695	600
696	720
697	360
698	240
699	420
700	480
701	240
702	420
703	780
704	900
705	780
706	780
707	240
708	900
709	300
710	720
711	660
712	720
713	540
714	600
715	720
716	480
717	1020
718	540
719	300
720	720
721	720
722	840
723	720
724	360
725	600
726	480
727	540
728	1140
729	480
730	720
731	660
732	720
733	540
734	660
735	900
736	480
737	600
738	420
739	540
740	360
741	660
742	780
743	780
744	780
745	660
746	540
747	1140
748	660
749	720
750	360
751	600
752	540
753	840
754	480
755	720
756	600
757	480
758	720
759	540
760	540
761	360
762	900
763	720
764	780
765	600
766	360
767	480
768	480
769	720
770	720
771	540
772	900
773	360
774	480
775	540
776	360
777	600
778	300
779	360
780	900
781	360
782	600
783	480
784	720
785	780
786	480
787	780
788	1020
789	660
790	540
791	660
792	780
793	660
794	840
795	360
796	540
797	240
798	660
799	720
800	420
801	360
802	600
803	480
804	480
805	840
806	780
807	660
808	780
809	540
810	540
811	360
812	1740
813	840
814	540
815	480
816	360
817	660
818	300
819	780
820	240
821	660
822	360
823	600
824	360
825	600
826	420
827	540
828	480
829	720
830	960
831	660
832	300
833	360
834	540
835	600
836	900
837	660
838	960
839	660
840	660
841	660
842	780
843	540
844	480
845	720
846	420
847	420
848	1260
849	420
850	720
851	840
852	720
853	480
854	660
855	540
856	540
857	840
858	660
859	300
860	600
861	480
862	420
863	780
864	720
865	780
866	660
867	720
868	420
869	780
870	660
871	900
872	600
873	720
874	600
875	600
876	720
877	420
878	720
879	900
880	840
881	660
882	360
883	360
884	660
885	720
886	1260
887	480
888	720
889	780
890	720
891	600
892	600
893	480
894	600
895	300
896	240
897	720
898	540
899	540
900	840
901	600
902	420
903	240
TIME_WINDOW_SECTION
1	0	45000
2	4800	11700
3	8400	15900
4	22800	30300
5	6600	29700
6	12000	19500
7	4800	12300
8	22800	30300
9	22800	30300
10	6600	30300
11	15600	23100
12	6600	30300
13	6600	29700
14	12000	19500
15	12000	19500
16	15600	23100
17	22800	30300
18	4800	11700
19	15600	23100
20	4800	12300
21	22800	30300
22	4800	12300
23	22800	30300
24	15600	23100
25	8400	15900
26	4800	12300
27	15600	23100
28	19200	26700
29	6600	30300
30	4800	12300
31	8400	15900
32	12000	19500
33	6600	30300
34	22800	30300
35	8400	15900
36	4800	12300
37	15600	23100
38	6600	30300
39	8400	15900
40	6600	30300
41	8400	15900
42	8400	15900
43	22800	30300
44	22800	30300
45	15600	23100
46	12000	19500
47	8400	15300
48	15600	23100
49	8400	15900
50	8400	15900
51	15600	23100
52	6600	30300
53	8400	15900
54	4800	12300
55	15600	23100
56	22800	30300
57	4800	12300
58	8400	15900
59	22800	30300
60	8400	15900
61	4800	12300
62	15600	23100
63	19200	26700
64	19200	26700
65	6600	30300
66	6600	30300
67	8400	15900
68	15600	23100
69	15600	23100
70	4800	12300
71	22800	30300
72	22800	30300
73	15600	23100
74	6600	29700
75	19200	26700
76	12000	19500
77	22800	30300
78	22800	30300
79	8400	15900
80	8400	15300
81	12000	19500
82	12000	18900
83	15600	23100
84	15600	23100
85	19200	26700
86	19200	26700
87	6600	30300
88	6600	30300
89	8400	15900
90	4800	12300
91	22800	30300
92	19200	26700
93	22800	30300
94	15600	23100
95	4800	12300
96	15600	23100
97	8400	15900
98	19200	26700
99	15600	23100
100	15600	23100
101	12000	19500
102	4800	12300
103	19200	26700
104	19200	26700
105	8400	15900
106	4800	12300
107	4800	12300
108	12000	19500
109	4800	12300
110	4800	11700
111	22800	30300
112	15600	23100
113	6600	30300
114	6600	30300
115	4800	12300
116	12000	18900
117	6600	29700
118	4800	12300
119	15600	23100
120	19200	26700
121	12000	19500
122	15600	23100
123	6600	30300
124	6600	30300
125	12000	19500
126	6600	30300
127	22800	30300
128	12000	19500
129	4800	12300
130	15600	23100
131	19200	26700
132	4800	12300
133	12000	19500
134	22800	30300
135	22800	29700
136	19200	26700
137	6600	29700
138	12000	19500
139	19200	26700
140	8400	15900
141	12000	19500
142	4800	12300
143	15600	23100
144	19200	26700
145	12000	19500
146	8400	15900
147	19200	26700
148	4800	12300
149	4800	11700
150	19200	26700
151	4800	12300
152	15600	23100
153	22800	30300
154	12000	19500
155	4800	12300
156	6600	30300
157	6600	30300
158	4800	12300
159	6600	30300
160	15600	22500
161	8400	15300
162	22800	30300
163	22800	30300
164	6600	30300
165	19200	26700
166	19200	26700
167	15600	23100
168	12000	19500
169	12000	19500
170	22800	30300
171	6600	30300
172	6600	30300
173	22800	29700
174	19200	26700
175	19200	26700
176	22800	30300
177	22800	30300
178	8400	15900
179	4800	12300
180	4800	12300
181	12000	19500
182	4800	12300
183	8400	15900
184	19200	26700
185	12000	19500
186	15600	23100
187	12000	19500
188	6600	30300
189	6600	30300
190	8400	15900
191	6600	30300
192	15600	23100
193	19200	26700
194	22800	30300
195	15600	23100
196	8400	15900
197	22800	30300
198	19200	26700
199	12000	19500
200	22800	30300
201	12000	19500
202	19200	26700
203	19200	26700
204	4800	12300
205	8400	15900
206	8400	15900
207	15600	23100
208	8400	15900
209	19200	26700
210	8400	15900
211	6600	30300
212	6600	29700
213	6600	30300
214	4800	12300
215	4800	11700
216	12000	19500
217	6600	30300
218	19200	26700
219	19200	26700
220	12000	19500
221	4800	12300
222	12000	19500
223	15600	23100
224	8400	15900
225	12000	19500
226	8400	15900
227	8400	15900
228	8400	15900
229	6600	30300
230	15600	22500
231	8400	15900
232	12000	19500
233	19200	26700
234	22800	30300
235	12000	19500
236	4800	11700
237	4800	11700
238	22800	30300
239	4800	12300
240	4800	12300
241	22800	30300
242	15600	23100
243	15600	23100
244	22800	30300
245	4800	12300
246	12000	19500
247	6600	30300
248	4800	12300
249	12000	19500
250	19200	26700
251	6600	30300
252	15600	23100
253	8400	15900
254	15600	23100
255	4800	12300
256	19200	26700
257	15600	23100
258	12000	19500
259	19200	26700
260	22800	30300
261	19200	26700
262	15600	23100
263	19200	26700
264	15600	23100
265	8400	15900
266	6600	30300
267	8400	15900
268	22800	30300
269	22800	30300
270	15600	23100
271	6600	29700
272	6600	30300
273	8400	15900
274	8400	15900
275	6600	30300
276	4800	12300
277	6600	30300
278	19200	26700
279	19200	26700
280	22800	30300
281	8400	15900
282	6600	30300
283	22800	30300
284	4800	12300
285	4800	12300
286	15600	23100
287	22800	30300
288	6600	30300
289	15600	23100
290	12000	19500
291	6600	30300
292	8400	15300
293	15600	23100
294	6600	30300
295	8400	15900
296	6600	30300
297	6600	30300
298	12000	19500
299	6600	30300
300	15600	23100
301	4800	12300
302	8400	15900
303	4800	12300
304	4800	12300
305	12000	19500
306	8400	15300
307	12000	19500
308	12000	19500
309	22800	30300
310	22800	30300
311	12000	19500
312	4800	12300
313	15600	23100
314	15600	23100
315	4800	12300
316	6600	30300
317	19200	26700
318	6600	30300
319	19200	26700
320	19200	26700
321	19200	26700
322	12000	18900
323	6600	30300
324	4800	12300
325	22800	30300
326	4800	12300
327	19200	26700
328	12000	19500
329	15600	23100
330	22800	30300
331	12000	19500
332	8400	15900
333	15600	23100
334	19200	26700
335	6600	30300
336	15600	23100
337	6600	30300
338	19200	26700
339	15600	23100
340	6600	30300
341	19200	26700
342	15600	23100
343	8400	15900
344	4800	12300
345	22800	30300
346	8400	15900
347	8400	15900
348	22800	30300
349	6600	30300
350	6600	30300
351	8400	15900
352	12000	19500
353	22800	30300
354	15600	23100
355	4800	12300
356	12000	19500
357	19200	26700
358	8400	15900
359	4800	12300
360	19200	26700
361	15600	23100
362	12000	19500
363	12000	19500
364	12000	19500
365	15600	23100
366	19200	26700
367	4800	12300
368	12000	19500
369	6600	30300
370	4800	12300
371	19200	26700
372	6600	29700
373	6600	30300
374	8400	15900
375	22800	30300
376	12000	19500
377	15600	23100
378	22800	30300
379	8400	15900
380	8400	15900
381	22800	30300
382	4800	12300
383	22800	30300
384	4800	12300
385	19200	26700
386	19200	26700
387	4800	12300
388	12000	19500
389	8400	15900
390	8400	15900
391	12000	19500
392	4800	12300
393	8400	15900
394	12000	19500
395	8400	15900
396	12000	19500
397	8400	15900
398	12000	19500
399	22800	30300
400	12000	19500
401	8400	15900
402	6600	30300
403	8400	15900
404	15600	23100
405	22800	30300
406	22800	30300
407	15600	23100
408	8400	15900
409	15600	23100
410	4800	12300
411	15600	23100
412	12000	19500
413	8400	15900
414	19200	26700
415	19200	26700
416	12000	19500
417	22800	30300
418	15600	23100
419	12000	19500
420	15600	23100
421	15600	23100
422	19200	26700
423	6600	30300
424	12000	19500
425	6600	30300
426	12000	19500
427	19200	26700
428	22800	30300
429	22800	30300
430	8400	15300
431	15600	23100
432	6600	30300
433	8400	15900
434	19200	26700
435	12000	19500
436	15600	23100
437	19200	26100
438	19200	26700
439	19200	26700
440	15600	23100
441	12000	19500
442	22800	30300
443	15600	23100
444	15600	23100
445	12000	19500
446	8400	15900
447	19200	26700
448	6600	29700
449	6600	30300
450	15600	23100
451	12000	19500
452	6600	30300
453	15600	23100
454	12000	19500
455	8400	15900
456	8400	15300
457	19200	26700
458	6600	30300
459	12000	19500
460	6600	30300
461	15600	23100
462	6600	30300
463	15600	22500
464	12000	19500
465	4800	12300
466	6600	30300
467	8400	15900
468	6600	30300
469	8400	15900
470	15600	23100
471	12000	18900
472	15600	23100
473	8400	15900
474	8400	15300
475	4800	12300
476	22800	30300
477	22800	30300
478	4800	12300
479	12000	19500
480	12000	19500
481	8400	15900
482	15600	23100
483	8400	15900
484	15600	23100
485	22800	30300
486	6600	30300
487	12000	19500
488	6600	29700
489	12000	19500
490	6600	30300
491	4800	12300
492	6600	30300
493	6600	30300
494	8400	15900
495	6600	30300
496	8400	15900
497	15600	23100
498	6600	30300
499	15600	23100
500	6600	30300
501	22800	30300
502	8400	15900
503	8400	15900
504	12000	19500
505	8400	15300
506	15600	23100
507	6600	30300
508	19200	26700
509	12000	19500
510	22800	30300
511	15600	23100
512	15600	23100
513	22800	30300
514	15600	23100
515	12000	19500
516	19200	26700
517	22800	30300
518	22800	30300
519	22800	30300
520	15600	23100
521	12000	19500
522	15600	23100
523	19200	26700
524	12000	19500
525	15600	22500
526	12000	19500
527	12000	19500
528	19200	26700
529	6600	30300
530	12000	19500
531	15600	22500
532	12000	19500
533	15600	23100
534	22800	30300
535	15600	23100
536	19200	26700
537	12000	19500
538	15600	23100
539	8400	15900
540	22800	30300
541	15600	23100
542	22800	30300
543	8400	15900
544	6600	30300
545	15600	23100
546	19200	26700
547	22800	30300
548	8400	15900
549	8400	15900
550	15600	23100
551	8400	15900
552	12000	19500
553	12000	19500
554	12000	19500
555	22800	30300
556	12000	19500
557	22800	30300
558	15600	23100
559	19200	26700
560	6600	29700
561	15600	23100
562	15600	23100
563	19200	26700
564	19200	26700
565	22800	30300
566	12000	19500
567	15600	23100
568	15600	23100
569	19200	26700
570	19200	26700
571	15600	23100
572	6600	29700
573	22800	30300
574	12000	19500
575	8400	15900
576	15600	23100
577	22800	30300
578	19200	26700
579	6600	30300
580	6600	30300
581	8400	15300
582	6600	30300
583	12000	19500
584	6600	29700
585	22800	30300
586	8400	15900
587	19200	26700
588	19200	26700
589	15600	23100
590	6600	29700
591	22800	30300
592	6600	30300
593	6600	30300
594	22800	30300
595	8400	15900
596	22800	30300
597	12000	19500
598	6600	30300
599	22800	30300
600	15600	23100
601	12000	19500
602	19200	26700
603	6600	30300
604	15600	23100
605	19200	26700
606	19200	26700
607	15600	23100
608	19200	26700
609	15600	23100
610	6600	29700
611	22800	30300
612	12000	19500
613	12000	19500
614	19200	26700
615	6600	30300
616	6600	30300
617	22800	30300
618	22800	30300
619	12000	19500
620	15600	23100
621	12000	19500
622	12000	19500
623	6600	30300
624	19200	26700
625	19200	26700
626	22800	30300
627	6600	30300
628	6600	30300
629	15600	23100
630	22800	30300
631	12000	19500
632	6600	30300
633	15600	23100
634	6600	30300
635	6600	30300
636	19200	26700
637	15600	23100
638	15600	22500
639	19200	26700
640	12000	19500
641	12000	19500
642	22800	30300
643	12000	19500
644	19200	26700
645	22800	30300
646	22800	30300
647	22800	30300
648	15600	23100
649	15600	23100
650	22800	30300
651	19200	26700
652	22800	30300
653	15600	23100
654	22800	30300
655	12000	19500
656	22800	30300
657	12000	19500
658	19200	26700
659	15600	23100
660	19200	26700
661	22800	30300
662	22800	30300
663	15600	23100
664	12000	19500
665	6600	30300
666	19200	26700
667	15600	23100
668	15600	23100
669	19200	26700
670	15600	23100
671	12000	19500
672	19200	26100
673	12000	19500
674	6600	30300
675	15600	22500
676	15600	23100
677	15600	23100
678	15600	23100
679	15600	23100
680	12000	19500
681	12000	19500
682	19200	26700
683	6600	30300
684	6600	30300
685	6600	30300
686	22800	30300
687	19200	26700
688	12000	19500
689	6600	30300
690	15600	23100
691	12000	19500
692	19200	26700
693	12000	19500
694	22800	30300
695	22800	30300
696	22800	30300
697	12000	19500
698	15600	23100
699	12000	19500
700	12000	19500
701	12000	19500
702	6600	30300
703	12000	19500
704	6600	30300
705	12000	19500
706	15600	23100
707	6600	30300
708	22800	30300
709	6600	30300
710	19200	26700
711	15600	23100
712	15600	23100
713	22800	30300
714	6600	30300
715	6600	30300
716	12000	19500
717	6600	30300
718	6600	30300
719	19200	26700
720	12000	19500
721	12000	18900
722	19200	26700
723	12000	19500
724	19200	26700
725	22800	30300
726	22800	30300
727	12000	19500
728	6600	30300
729	6600	30300
730	6600	30300
731	6600	30300
732	12000	19500
733	12000	19500
734	15600	23100
735	22800	30300
736	22800	30300
737	22800	30300
738	22800	30300
739	6600	30300
740	22800	30300
741	6600	30300
742	19200	26700
743	22800	30300
744	15600	23100
745	15600	23100
746	15600	23100
747	15600	23100
748	19200	26700
749	15600	23100
750	15600	23100
751	12000	19500
752	15600	23100
753	12000	19500
754	6600	30300
755	15600	23100
756	19200	26700
757	12000	19500
758	15600	23100
759	15600	23100
760	15600	23100
761	6600	30300
762	6600	29700
763	22800	30300
764	15600	23100
765	22800	30300
766	22800	30300
767	12000	19500
768	19200	26700
769	6600	30300
770	22800	30300
771	22800	30300
772	19200	26700
773	6600	30300
774	19200	26700
775	6600	30300
776	15600	23100
777	6600	30300
778	6600	30300
779	15600	22500
780	6600	30300
781	6600	30300
782	22800	30300
783	22800	30300
784	6600	30300
785	15600	23100
786	22800	30300
787	22800	30300
788	12000	19500
789	12000	19500
790	22800	30300
791	22800	30300
792	22800	30300
793	15600	23100
794	22800	30300
795	6600	30300
796	19200	26700
797	19200	26700
798	19200	26700
799	6600	30300
800	22800	30300
801	15600	23100
802	22800	30300
803	15600	23100
804	15600	23100
805	19200	26700
806	19200	26700
807	19200	26700
808	22800	30300
809	19200	26700
810	22800	30300
811	22800	30300
812	15600	23100
813	15600	23100
814	15600	23100
815	6600	30300
816	6600	29700
817	15600	23100
818	22800	30300
819	6600	30300
820	15600	23100
821	22800	30300
822	15600	22500
823	6600	30300
824	19200	26700
825	6600	30300
826	19200	26700
827	19200	26700
828	6600	30300
829	22800	30300
830	22800	29700
831	6600	30300
832	22800	30300
833	19200	26700
834	6600	30300
835	6600	30300
836	19200	26700
837	22800	30300
838	6600	30300
839	15600	23100
840	6600	30300
841	15600	23100
842	6600	30300
843	19200	26700
844	15600	23100
845	19200	26700
846	15600	23100
847	22800	30300
848	6600	30300
849	6600	29700
850	19200	26700
851	22800	30300
852	6600	30300
853	19200	26700
854	22800	30300
855	15600	23100
856	22800	30300
857	19200	26700
858	22800	30300
859	22800	30300
860	19200	26700
861	19200	26700
862	19200	26700
863	6600	30300
864	19200	26700
865	6600	30300
866	19200	26700
867	6600	30300
868	19200	26700
869	19200	26100
870	6600	30300
871	22800	30300
872	22800	30300
873	6600	30300
874	6600	29700
875	19200	26700
876	6600	30300
877	19200	26700
878	15600	23100
879	6600	30300
880	19200	26700
881	6600	30300
882	15600	23100
883	19200	26700
884	22800	30300
885	15600	23100
886	6600	29700
887	6600	30300
888	22800	30300
889	22800	30300
890	22800	29700
891	6600	30300
892	19200	26700
893	6600	29700
894	19200	26700
895	22800	30300
896	19200	26700
897	22800	30300
898	22800	30300
899	22800	30300
900	6600	30300
901	19200	26700
902	6600	29700
903	22800	30300
RELEASE_TIME_SECTION
1	0
2	3600
3	3600
4	3600
5	3600
6	3600
7	3600
8	3600
9	3600
10	3600
11	3600
12	3600
13	3600
14	3600
15	3600
16	3600
17	3600
18	3600
19	3600
20	3600
21	3600
22	3600
23	3600
24	3600
25	3600
26	3600
27	3600
28	3600
29	3600
30	3600
31	3600
32	3600
33	3600
34	3600
35	3600
36	3600
37	3600
38	3600
39	3600
40	3600
41	3600
42	3600
43	3600
44	3600
45	3600
46	3600
47	3600
48	3600
49	3600
50	3600
51	3600
52	3600
53	3600
54	3600
55	3600
56	3600
57	3600
58	3600
59	3600
60	3600
61	3600
62	3600
63	3600
64	3600
65	3600
66	3600
67	3600
68	3600
69	3600
70	3600
71	3600
72	3600
73	3600
74	3600
75	3600
76	3600
77	3600
78	3600
79	3600
80	3600
81	3600
82	3600
83	3600
84	3600
85	3600
86	3600
87	3600
88	3600
89	3600
90	3600
91	3600
92	3600
93	3600
94	3600
95	3600
96	3600
97	3600
98	3600
99	3600
100	3600
101	3600
102	5400
103	5400
104	5400
105	5400
106	5400
107	5400
108	5400
109	5400
110	5400
111	5400
112	5400
113	5400
114	5400
115	5400
116	5400
117	5400
118	5400
119	5400
120	5400
121	5400
122	5400
123	5400
124	5400
125	5400
126	5400
127	5400
128	5400
129	5400
130	5400
131	5400
132	5400
133	5400
134	5400
135	5400
136	5400
137	5400
138	5400
139	5400
140	5400
141	5400
142	5400
143	5400
144	5400
145	5400
146	5400
147	5400
148	5400
149	5400
150	5400
151	5400
152	5400
153	5400
154	5400
155	5400
156	5400
157	5400
158	5400
159	5400
160	5400
161	5400
162	5400
163	5400
164	5400
165	5400
166	5400
167	5400
168	5400
169	5400
170	5400
171	5400
172	5400
173	5400
174	5400
175	5400
176	5400
177	5400
178	5400
179	5400
180	5400
181	5400
182	5400
183	5400
184	5400
185	5400
186	5400
187	5400
188	5400
189	5400
190	5400
191	5400
192	5400
193	5400
194	5400
195	5400
196	5400
197	5400
198	5400
199	5400
200	5400
201	5400
202	7200
203	7200
204	7200
205	7200
206	7200
207	7200
208	7200
209	7200
210	7200
211	7200
212	7200
213	7200
214	7200
215	7200
216	7200
217	7200
218	7200
219	7200
220	7200
221	7200
222	7200
223	7200
224	7200
225	7200
226	7200
227	7200
228	7200
229	7200
230	7200
231	7200
232	7200
233	7200
234	7200
235	7200
236	7200
237	7200
238	7200
239	7200
240	7200
241	7200
242	7200
243	7200
244	7200
245	7200
246	7200
247	7200
248	7200
249	7200
250	7200
251	7200
252	7200
253	7200
254	7200
255	7200
256	7200
257	7200
258	7200
259	7200
260	7200
261	7200
262	7200
263	7200
264	7200
265	7200
266	7200
267	7200
268	7200
269	7200
270	7200
271	7200
272	7200
273	7200
274	7200
275	7200
276	7200
277	7200
278	7200
279	7200
280	7200
281	7200
282	7200
283	7200
284	7200
285	7200
286	7200
287	7200
288	7200
289	7200
290	7200
291	7200
292	7200
293	7200
294	7200
295	7200
296	7200
297	7200
298	7200
299	7200
300	7200
301	7200
302	9000
303	9000
304	9000
305	9000
306	9000
307	9000
308	9000
309	9000
310	9000
311	9000
312	9000
313	9000
314	9000
315	9000
316	9000
317	9000
318	9000
319	9000
320	9000
321	9000
322	9000
323	9000
324	9000
325	9000
326	9000
327	9000
328	9000
329	9000
330	9000
331	9000
332	9000
333	9000
334	9000
335	9000
336	9000
337	9000
338	9000
339	9000
340	9000
341	9000
342	9000
343	9000
344	9000
345	9000
346	9000
347	9000
348	9000
349	9000
350	9000
351	9000
352	9000
353	9000
354	9000
355	9000
356	9000
357	9000
358	9000
359	9000
360	9000
361	9000
362	9000
363	9000
364	9000
365	9000
366	9000
367	9000
368	9000
369	9000
370	9000
371	9000
372	9000
373	9000
374	9000
375	9000
376	9000
377	9000
378	9000
379	9000
380	9000
381	9000
382	9000
383	9000
384	9000
385	9000
386	9000
387	9000
388	9000
389	9000
390	9000
391	9000
392	9000
393	9000
394	9000
395	9000
396	9000
397	9000
398	9000
399	9000
400	9000
401	10800
402	10800
403	10800
404	10800
405	10800
406	10800
407	10800
408	10800
409	10800
410	10800
411	10800
412	10800
413	10800
414	10800
415	10800
416	10800
417	10800
418	10800
419	10800
420	10800
421	10800
422	10800
423	10800
424	10800
425	10800
426	10800
427	10800
428	10800
429	10800
430	10800
431	10800
432	10800
433	10800
434	10800
435	10800
436	10800
437	10800
438	10800
439	10800
440	10800
441	10800
442	10800
443	10800
444	10800
445	10800
446	10800
447	10800
448	10800
449	10800
450	10800
451	10800
452	10800
453	10800
454	10800
455	10800
456	10800
457	10800
458	10800
459	10800
460	10800
461	10800
462	10800
463	10800
464	10800
465	10800
466	10800
467	10800
468	10800
469	10800
470	10800
471	10800
472	10800
473	10800
474	10800
475	10800
476	10800
477	10800
478	10800
479	10800
480	10800
481	10800
482	10800
483	10800
484	10800
485	10800
486	10800
487	10800
488	10800
489	10800
490	10800
491	10800
492	10800
493	12600
494	12600
495	12600
496	12600
497	12600
498	12600
499	12600
500	12600
501	12600
502	12600
503	12600
504	12600
505	12600
506	12600
507	12600
508	12600
509	12600
510	12600
511	12600
512	12600
513	12600
514	12600
515	12600
516	12600
517	12600
518	12600
519	12600
520	12600
521	12600
522	12600
523	12600
524	12600
525	12600
526	12600
527	12600
528	12600
529	12600
530	12600
531	12600
532	12600
533	12600
534	12600
535	12600
536	12600
537	12600
538	12600
539	12600
540	12600
541	12600
542	12600
543	12600
544	12600
545	12600
546	12600
547	12600
548	12600
549	12600
550	12600
551	12600
552	12600
553	12600
554	12600
555	12600
556	12600
557	12600
558	12600
559	12600
560	12600
561	12600
562	12600
563	12600
564	12600
565	12600
566	12600
567	12600
568	12600
569	12600
570	12600
571	12600
572	12600
573	12600
574	12600
575	12600
576	12600
577	12600
578	12600
579	12600
580	12600
581	12600
582	12600
583	12600
584	12600
585	12600
586	14400
587	14400
588	14400
589	14400
590	14400
591	14400
592	14400
593	14400
594	14400
595	14400
596	14400
597	14400
598	14400
599	14400
600	14400
601	14400
602	14400
603	14400
604	14400
605	14400
606	14400
607	14400
608	14400
609	14400
610	14400
611	14400
612	14400
613	14400
614	14400
615	14400
616	14400
617	14400
618	14400
619	14400
620	14400
621	14400
622	14400
623	14400
624	14400
625	14400
626	14400
627	14400
628	14400
629	14400
630	14400
631	14400
632	14400
633	14400
634	14400
635	14400
636	14400
637	14400
638	14400
639	14400
640	14400
641	14400
642	14400
643	14400
644	14400
645	14400
646	14400
647	14400
648	14400
649	14400
650	14400
651	14400
652	14400
653	14400
654	14400
655	14400
656	16200
657	16200
658	16200
659	16200
660	16200
661	16200
662	16200
663	16200
664	16200
665	16200
666	16200
667	16200
668	16200
669	16200
670	16200
671	16200
672	16200
673	16200
674	16200
675	16200
676	16200
677	16200
678	16200
679	16200
680	16200
681	16200
682	16200
683	16200
684	16200
685	16200
686	16200
687	16200
688	16200
689	16200
690	16200
691	16200
692	16200
693	16200
694	16200
695	16200
696	16200
697	16200
698	16200
699	16200
700	16200
701	16200
702	16200
703	16200
704	16200
705	16200
706	16200
707	16200
708	16200
709	16200
710	16200
711	16200
712	16200
713	16200
714	16200
715	16200
716	16200
717	16200
718	16200
719	16200
720	16200
721	16200
722	16200
723	16200
724	16200
725	16200
726	16200
727	16200
728	16200
729	16200
730	18000
731	18000
732	18000
733	18000
734	18000
735	18000
736	18000
737	18000
738	18000
739	18000
740	18000
741	18000
742	18000
743	18000
744	18000
745	18000
746	18000
747	18000
748	18000
749	18000
750	18000
751	18000
752	18000
753	18000
754	18000
755	18000
756	18000
757	18000
758	18000
759	18000
760	18000
761	18000
762	18000
763	18000
764	18000
765	18000
766	18000
767	18000
768	18000
769	18000
770	18000
771	18000
772	18000
773	18000
774	18000
775	18000
776	18000
777	18000
778	18000
779	18000
780	18000
781	18000
782	18000
783	18000
784	18000
785	18000
786	18000
787	18000
788	18000
789	18000
790	18000
791	18000
792	19800
793	19800
794	19800
795	19800
796	19800
797	19800
798	19800
799	19800
800	19800
801	19800
802	19800
803	19800
804	19800
805	19800
806	19800
807	19800
808	19800
809	19800
810	19800
811	19800
812	19800
813	19800
814	19800
815	19800
816	19800
817	19800
818	19800
819	19800
820	19800
821	19800
822	19800
823	19800
824	19800
825	19800
826	19800
827	19800
828	19800
829	19800
830	19800
831	19800
832	19800
833	19800
834	19800
835	19800
836	19800
837	19800
838	19800
839	19800
840	19800
841	19800
842	19800
843	19800
844	19800
845	19800
846	21600
847	21600
848	21600
849	21600
850	21600
851	21600
852	21600
853	21600
854	21600
855	21600
856	21600
857	21600
858	21600
859	21600
860	21600
861	21600
862	21600
863	21600
864	21600
865	21600
866	21600
867	21600
868	21600
869	21600
870	21600
871	21600
872	21600
873	21600
874	21600
875	21600
876	21600
877	21600
878	21600
879	21600
880	21600
881	21600
882	21600
883	21600
884	21600
885	21600
886	21600
887	21600
888	21600
889	21600
890	21600
891	21600
892	21600
893	21600
894	21600
895	21600
896	21600
897	21600
898	21600
899	21600
900	21600
901	21600
902	21600
903	21600
EOF
