NAME : ORTEC-VRPTW-ASYM-6650f64e-d1-n936
TYPE : VRPTW-RT
DIMENSION : 937
EDGE_WEIGHT_TYPE : EUC_2D
CAPACITY : 160
NODE_COORD_SECTION
1	2515	4476
2	2555	3305
3	2697	6367
4	1982	5176
5	2566	4616
6	2279	3291
7	2625	6274
8	1854	3157
9	640	7684
10	2360	4290
11	1754	2044
12	2687	6414
13	2560	6800
14	2542	4499
15	831	6485
16	2656	6068
17	1301	5489
18	1887	5303
19	1899	5522
20	2565	6532
21	1366	6448
22	782	6209
23	1973	4202
24	2504	3320
25	650	5126
26	2212	2031
27	2655	5547
28	2310	7399
29	2675	5144
30	850	4879
31	1301	5489
32	2817	2144
33	2360	4290
34	1504	5699
35	2008	3071
36	2020	4055
37	258	6112
38	1038	3092
39	989	7128
40	2429	6494
41	2565	6221
42	2727	6173
43	1980	3992
44	2246	3977
45	2611	3904
46	1493	5907
47	1662	5183
48	2669	6328
49	2371	3196
50	1070	3438
51	2801	5677
52	2492	6577
53	2552	1386
54	1986	3631
55	1924	4121
56	2396	1323
57	2428	6890
58	2435	2256
59	879	5672
60	2408	6714
61	2173	1224
62	2869	3523
63	1059	1777
64	2574	7082
65	2635	5647
66	2245	3960
67	2415	3344
68	2568	1903
69	2127	1834
70	2162	2548
71	2683	4627
72	2361	6488
73	2402	2076
74	2565	6221
75	1742	4256
76	1735	4278
77	2440	2267
78	1836	2731
79	1366	6448
80	2430	5317
81	1800	4609
82	1758	2916
83	1658	2564
84	1236	6348
85	2389	6604
86	1735	4278
87	464	4613
88	2542	4499
89	2982	2693
90	2644	6295
91	2691	2716
92	1312	5994
93	2440	2267
94	2735	2688
95	2560	4576
96	2702	2370
97	2462	6073
98	1312	5753
99	2020	2099
100	1859	1145
101	2747	2848
102	1932	1552
103	516	7359
104	2694	6009
105	2536	6359
106	2477	6513
107	1758	2916
108	2568	1903
109	861	6753
110	1825	4440
111	2797	5516
112	2741	4356
113	749	5002
114	2644	2827
115	1523	5093
116	2535	6406
117	1836	2731
118	1749	1942
119	1848	4490
120	2332	6279
121	2694	5523
122	2047	1369
123	1979	4083
124	1459	2906
125	2635	5647
126	2489	6038
127	2046	4349
128	2297	3755
129	2224	6020
130	2566	4616
131	2535	6406
132	195	4505
133	2529	6115
134	1178	3373
135	2448	3410
136	2642	5236
137	1161	4598
138	1537	1804
139	2560	6800
140	2415	3344
141	850	4879
142	2322	7240
143	2383	3523
144	782	6209
145	51	3818
146	1719	3067
147	2664	4190
148	2169	3405
149	2660	1852
150	1774	5110
151	1625	2563
152	1758	2916
153	2469	6368
154	2425	6878
155	1013	4040
156	2033	5135
157	2475	6351
158	1178	3250
159	1758	2916
160	1800	4609
161	195	4505
162	2762	4324
163	2538	1476
164	2958	3013
165	1314	5573
166	2694	5523
167	1254	2826
168	825	4588
169	2452	6864
170	1065	5308
171	2244	3743
172	2122	1619
173	2568	1903
174	2735	2688
175	795	6894
176	1844	1992
177	2265	6834
178	890	7289
179	2021	3788
180	2311	6787
181	2651	5612
182	2542	4499
183	2138	2174
184	1236	6348
185	462	5854
186	566	7860
187	2907	5666
188	2371	3196
189	2110	3774
190	2480	3617
191	1754	2044
192	844	4463
193	851	7457
194	2492	6577
195	2601	2866
196	1742	4256
197	1133	5174
198	2666	1810
199	2791	2064
200	1258	5253
201	1511	2622
202	2627	5622
203	1922	5401
204	1717	3089
205	2836	5683
206	2425	6878
207	2366	5741
208	1581	2662
209	807	8314
210	1366	6448
211	2370	3926
212	2430	5317
213	2536	5121
214	2703	5475
215	2027	2146
216	2664	2284
217	1787	2111
218	1832	2030
219	2007	4893
220	902	6942
221	1912	2501
222	2557	6299
223	1235	5473
224	1358	3015
225	720	7911
226	2495	1741
227	2428	6890
228	2270	6892
229	2362	5030
230	1845	2225
231	644	7664
232	2562	3155
233	2128	2364
234	782	6209
235	2047	2549
236	2762	4324
237	1100	3306
238	2806	4236
239	1887	5303
240	2429	6485
241	2654	4576
242	2732	6232
243	1847	5055
244	2420	6945
245	2355	6997
246	2065	4014
247	2557	6299
248	2391	3215
249	1520	3182
250	802	6948
251	2797	5516
252	2542	4499
253	2270	6892
254	1980	3992
255	2504	3320
256	2805	1886
257	2644	6295
258	2480	3617
259	1611	6129
260	1355	2782
261	662	6258
262	2360	4290
263	1694	3085
264	454	7473
265	2599	6170
266	1840	3582
267	961	5667
268	195	4505
269	1912	2501
270	2907	5666
271	2648	5531
272	2588	6643
273	1058	2979
274	1804	2289
275	2120	1166
276	1358	3015
277	1735	3750
278	1314	5573
279	2415	6638
280	2542	4499
281	2316	2127
282	948	3038
283	2316	2127
284	2360	4290
285	861	6753
286	2361	6488
287	2531	5764
288	1980	3992
289	2504	3320
290	1355	2782
291	2430	5317
292	2017	4000
293	2869	3523
294	2448	3410
295	839	5149
296	1717	2918
297	2497	2715
298	2758	5293
299	1570	4315
300	195	4505
301	2604	5321
302	1361	6073
303	2246	3977
304	2545	5323
305	2127	1834
306	462	5854
307	2702	2543
308	2437	6687
309	2351	6132
310	720	7911
311	825	4588
312	648	4707
313	1912	2501
314	1305	2831
315	988	6818
316	644	7664
317	1662	5183
318	2869	3523
319	2246	3977
320	2336	6710
321	2138	2174
322	2514	6788
323	1514	3262
324	456	7277
325	1859	1145
326	1366	6448
327	1607	4852
328	2169	3405
329	2578	5188
330	2142	2308
331	2462	6073
332	1828	5011
333	1859	1145
334	2408	6714
335	2297	3755
336	2362	5030
337	2642	5236
338	1423	2092
339	2740	6373
340	2122	1619
341	2391	3175
342	2402	5801
343	1845	2225
344	2400	2177
345	2696	5093
346	1260	4102
347	2514	6257
348	1357	2794
349	456	7277
350	2435	2256
351	2535	6005
352	2457	6669
353	2729	2670
354	2777	4402
355	1059	1777
356	1236	6348
357	2654	4576
358	2560	6800
359	2383	3523
360	1317	2849
361	634	8332
362	1312	5753
363	2626	2832
364	1887	5303
365	2836	5683
366	1070	3438
367	2958	3013
368	2098	2399
369	2718	6037
370	2611	1932
371	2220	7239
372	51	3818
373	1891	1497
374	2375	2387
375	2669	6328
376	2531	5764
377	1063	4379
378	2731	1757
379	2146	4109
380	1832	2030
381	1284	5598
382	2648	5531
383	2265	2891
384	877	4639
385	2463	3611
386	2545	5323
387	968	6965
388	86	5472
389	2562	3155
390	2249	7300
391	1544	2620
392	2215	4210
393	749	5002
394	1752	2563
395	2452	6864
396	2212	2031
397	2536	6359
398	2408	6714
399	1435	2596
400	1059	1777
401	922	4038
402	2425	6878
403	2495	1741
404	2745	4153
405	1127	5459
406	1922	5401
407	2196	6845
408	1483	5884
409	1059	1777
410	2571	2011
411	2588	989
412	1895	2584
413	2745	4153
414	2435	2256
415	2415	6638
416	2691	5448
417	2415	6638
418	1658	2564
419	844	4463
420	587	6685
421	2020	4055
422	2295	2370
423	2545	5323
424	2082	2287
425	1754	2044
426	1813	5643
427	1684	4296
428	1787	2111
429	1709	2858
430	1377	5206
431	1355	3174
432	1483	5884
433	684	4664
434	2286	3152
435	1625	2563
436	2172	1401
437	2032	2060
438	2402	5801
439	2666	1810
440	2165	1893
441	1766	4232
442	2874	6487
443	700	7570
444	1520	3182
445	2302	7472
446	648	4707
447	2012	1912
448	2440	2267
449	2385	5794
450	1749	1942
451	1520	2693
452	2287	6678
453	2169	3405
454	2437	6687
455	2094	2807
456	1377	5206
457	1600	4182
458	2727	6173
459	2348	3915
460	1218	6400
461	2110	3774
462	2301	6910
463	1232	5566
464	2355	6997
465	2559	2457
466	2675	5144
467	650	5126
468	195	4505
469	1852	4720
470	1928	1118
471	640	7684
472	2479	3402
473	2287	6678
474	2807	4110
475	2777	4402
476	2769	6072
477	1030	2894
478	2514	6565
479	1006	4144
480	1065	5308
481	1697	5173
482	1463	2710
483	844	4463
484	2359	3607
485	1845	2225
486	1515	2094
487	2469	6368
488	1483	5884
489	1134	3053
490	2514	6788
491	831	6485
492	2350	7411
493	1186	5414
494	1013	4040
495	1451	3120
496	2615	5889
497	1423	2092
498	2807	4110
499	855	4189
500	1702	2649
501	1013	4040
502	2052	4955
503	2215	2857
504	2287	6678
505	749	5002
506	2739	4403
507	2555	3305
508	1301	5489
509	646	5426
510	1178	5317
511	2457	6618
512	1063	4379
513	2596	5606
514	2457	6618
515	2371	3196
516	2791	2064
517	1254	3414
518	2625	6274
519	2196	6845
520	2569	3314
521	2438	3520
522	2138	2174
523	1755	4145
524	2664	4190
525	2169	3405
526	2897	1808
527	2635	3825
528	2481	3503
529	1754	2044
530	1314	5573
531	2656	6068
532	2082	2287
533	1541	3169
534	2560	6800
535	2224	6020
536	2287	6678
537	436	4975
538	2550	6438
539	1643	2176
540	2869	3523
541	2336	6710
542	2578	5188
543	2691	2716
544	2415	3344
545	2320	3489
546	195	4505
547	2311	6787
548	1047	5660
549	2713	3987
550	650	5126
551	2177	2167
552	2138	2174
553	2599	6170
554	2745	4153
555	2704	1675
556	2030	1624
557	2542	4499
558	2430	1802
559	2435	2256
560	2200	4526
561	1070	3438
562	2642	5236
563	1231	5569
564	1899	5522
565	2565	6532
566	1459	2878
567	2919	2659
568	2415	3344
569	2640	5977
570	2033	5135
571	1520	3182
572	2391	3215
573	1625	2563
574	2705	3956
575	464	4613
576	1355	3174
577	2565	6532
578	879	5672
579	2919	2659
580	877	4639
581	2687	6414
582	456	7277
583	1065	5308
584	1260	4102
585	2609	5898
586	1611	6129
587	648	4707
588	2731	1757
589	2082	2287
590	2279	3291
591	2463	3611
592	2361	6488
593	1504	5699
594	2316	2127
595	2831	4223
596	1582	1808
597	2651	6748
598	831	6485
599	2173	1224
600	1845	2225
601	948	3038
602	1355	2782
603	2560	6800
604	2122	1619
605	2462	6073
606	2584	5642
607	942	6652
608	1669	3937
609	2704	1675
610	587	6685
611	1664	5657
612	831	6485
613	2803	5791
614	2173	1224
615	2571	2011
616	1583	3065
617	2728	5231
618	2310	7399
619	2189	2078
620	1070	3726
621	2279	3291
622	2475	6351
623	648	7905
624	2535	6406
625	2780	3237
626	1357	2794
627	1958	3932
628	2065	4014
629	1013	4732
630	1260	4102
631	2316	2127
632	2651	5612
633	2032	2060
634	1537	1804
635	1511	2622
636	2003	3789
637	2370	3926
638	2359	3607
639	2462	6073
640	734	6638
641	2391	3215
642	1836	2731
643	1671	4641
644	2189	2078
645	1684	4296
646	14	3692
647	2518	2169
648	2275	1242
649	761	4556
650	2429	6494
651	195	4505
652	795	6894
653	2027	2146
654	2566	4616
655	1013	4732
656	2136	3411
657	1804	2289
658	1709	2858
659	700	7570
660	851	7457
661	1664	5657
662	2588	6643
663	2430	5317
664	1888	3941
665	2336	6710
666	1538	3289
667	1535	5146
668	2736	5373
669	2033	5135
670	2295	2370
671	644	7664
672	2919	2659
673	1854	3157
674	1932	1552
675	2958	3013
676	1847	5055
677	2448	3410
678	2907	5666
679	2745	2794
680	1442	5299
681	608	4778
682	2656	6068
683	2977	3492
684	2027	2146
685	2584	2666
686	2514	6565
687	2566	6437
688	2644	6295
689	2644	6295
690	1043	5230
691	1583	3065
692	2625	6274
693	1417	2975
694	1432	6161
695	2440	2267
696	988	6818
697	2403	6703
698	2172	1401
699	2138	2174
700	1902	1022
701	1511	2622
702	2473	6618
703	2008	3071
704	1448	6468
705	2127	1834
706	2687	6414
707	1800	4609
708	1928	1118
709	2696	5093
710	1912	2501
711	1671	4992
712	2693	2519
713	1643	2176
714	2189	2078
715	2627	5622
716	1607	4852
717	761	4556
718	2405	3230
719	1355	3174
720	1535	5146
721	2489	6038
722	2196	6845
723	2052	4955
724	516	7359
725	2758	5293
726	2748	6010
727	1958	3932
728	2098	2399
729	2190	2660
730	2270	6892
731	1312	5753
732	2196	6845
733	2351	6132
734	1417	2975
735	2635	3825
736	1639	2530
737	2439	6031
738	2817	2144
739	2644	6295
740	2560	4576
741	2560	4576
742	1873	2401
743	650	5126
744	2807	4110
745	2958	3013
746	2196	6845
747	1593	6037
748	2518	2169
749	2869	3523
750	1766	4232
751	2233	2016
752	1825	4440
753	890	7289
754	1058	2979
755	2348	3915
756	2402	6319
757	1063	4379
758	2393	2701
759	2297	3755
760	2409	6563
761	2599	6170
762	2430	5317
763	1161	4598
764	2675	5144
765	2694	5523
766	1260	4102
767	2189	2078
768	2469	6368
769	2359	3607
770	2588	5342
771	2492	6577
772	1523	5093
773	1442	5299
774	2361	2882
775	2320	3489
776	2736	5373
777	2675	5144
778	1260	4102
779	433	7023
780	2047	2549
781	2128	2364
782	2728	5231
783	2082	2287
784	2215	4210
785	2762	4324
786	1537	1804
787	2675	5144
788	1847	5055
789	2592	5093
790	2249	7300
791	1825	4440
792	1382	4991
793	2504	3320
794	1804	2289
795	2438	6553
796	2477	6513
797	2830	4412
798	1600	4182
799	2651	6748
800	2701	1959
801	2020	2099
802	2495	1741
803	1932	3296
804	2245	3960
805	2481	3503
806	2899	2039
807	1611	6129
808	2233	2016
809	2007	4893
810	2564	2382
811	2286	6925
812	2465	6091
813	2361	6488
814	2560	4576
815	2789	4150
816	2692	6381
817	2705	5884
818	1697	5173
819	2565	6221
820	2265	2891
821	2748	6010
822	2146	4109
823	2287	6678
824	1377	5206
825	1953	5010
826	1717	2918
827	2745	4153
828	1352	5093
829	1043	5230
830	2656	6068
831	2046	4349
832	2348	3915
833	1377	5206
834	2696	5093
835	2017	4000
836	2023	5228
837	2165	1893
838	2402	6319
839	1891	1497
840	2769	6072
841	2409	6563
842	2746	2017
843	1844	1992
844	2415	3344
845	2805	1886
846	2361	2882
847	1038	3092
848	734	6638
849	1826	5219
850	1364	5223
851	1038	3092
852	2770	1876
853	1735	3750
854	1611	6129
855	1826	5219
856	2348	3915
857	2748	6010
858	684	4664
859	1909	2373
860	1317	2849
861	2727	5806
862	2027	2146
863	2383	6791
864	2370	3926
865	1535	5146
866	2311	6787
867	2718	6037
868	1515	2094
869	1312	5994
870	2746	2017
871	2046	4349
872	2033	5135
873	2173	1224
874	2172	1401
875	1922	5401
876	1766	5000
877	964	5223
878	1493	5907
879	2869	3523
880	857	4793
881	2732	6232
882	879	5672
883	1754	2044
884	1826	5219
885	2654	4576
886	2684	6060
887	2564	2382
888	2770	1876
889	2562	6519
890	2661	5663
891	2588	6643
892	2897	1808
893	1925	2645
894	2448	5524
895	1885	3218
896	1364	5223
897	2402	5801
898	2694	5523
899	2545	5323
900	2189	2078
901	2286	3152
902	1717	3089
903	389	8415
904	14	3692
905	2741	4356
906	968	6965
907	1909	2373
908	2684	6502
909	1873	2401
910	644	7664
911	2732	6232
912	2104	4035
913	2702	2370
914	1752	2563
915	2391	3175
916	2806	4236
917	1797	2935
918	2578	5188
919	1758	2916
920	2136	3411
921	2817	2144
922	2134	3569
923	779	4428
924	2626	2832
925	1854	3157
926	2728	5231
927	2279	3291
928	2977	3492
929	2578	5188
930	454	7473
931	14	3692
932	2375	2387
933	2604	5321
934	2033	5135
935	1979	4083
936	1742	4256
937	1070	3438
DEMAND_SECTION
1	0
2	7
3	3
4	2
5	10
6	7
7	7
8	9
9	4
10	7
11	4
12	7
13	6
14	17
15	4
16	4
17	7
18	4
19	8
20	6
21	8
22	3
23	5
24	7
25	4
26	5
27	7
28	7
29	1
30	7
31	5
32	4
33	10
34	2
35	5
36	5
37	6
38	6
39	8
40	5
41	5
42	3
43	11
44	6
45	1
46	6
47	4
48	5
49	4
50	10
51	6
52	8
53	5
54	9
55	3
56	5
57	6
58	9
59	15
60	8
61	3
62	7
63	4
64	9
65	8
66	7
67	11
68	4
69	9
70	8
71	6
72	7
73	8
74	6
75	9
76	6
77	5
78	4
79	5
80	2
81	6
82	4
83	10
84	8
85	4
86	11
87	4
88	9
89	5
90	5
91	5
92	8
93	8
94	2
95	8
96	9
97	7
98	8
99	6
100	9
101	8
102	4
103	12
104	2
105	5
106	3
107	8
108	5
109	4
110	7
111	5
112	6
113	8
114	4
115	7
116	7
117	7
118	6
119	8
120	6
121	6
122	9
123	7
124	10
125	5
126	4
127	7
128	8
129	7
130	5
131	5
132	6
133	5
134	16
135	4
136	4
137	6
138	9
139	6
140	8
141	4
142	8
143	5
144	5
145	2
146	9
147	2
148	7
149	6
150	8
151	8
152	11
153	6
154	4
155	7
156	5
157	5
158	6
159	5
160	6
161	4
162	6
163	5
164	4
165	7
166	4
167	10
168	4
169	7
170	5
171	5
172	5
173	4
174	7
175	8
176	19
177	7
178	8
179	7
180	5
181	7
182	5
183	4
184	5
185	6
186	5
187	4
188	10
189	5
190	4
191	2
192	4
193	7
194	5
195	4
196	5
197	8
198	9
199	11
200	13
201	6
202	8
203	6
204	6
205	4
206	4
207	2
208	7
209	8
210	6
211	4
212	5
213	2
214	7
215	3
216	5
217	6
218	7
219	2
220	6
221	5
222	8
223	6
224	8
225	4
226	4
227	2
228	7
229	6
230	5
231	6
232	3
233	6
234	3
235	7
236	11
237	15
238	8
239	7
240	9
241	3
242	10
243	3
244	2
245	8
246	7
247	4
248	3
249	12
250	5
251	10
252	9
253	10
254	2
255	5
256	9
257	5
258	5
259	4
260	6
261	2
262	8
263	6
264	8
265	13
266	6
267	8
268	15
269	8
270	5
271	3
272	15
273	7
274	7
275	6
276	15
277	10
278	5
279	5
280	4
281	5
282	10
283	5
284	7
285	4
286	4
287	11
288	4
289	4
290	11
291	1
292	6
293	5
294	9
295	6
296	4
297	8
298	4
299	7
300	6
301	7
302	10
303	5
304	9
305	12
306	5
307	4
308	3
309	3
310	13
311	8
312	7
313	7
314	6
315	5
316	6
317	7
318	10
319	4
320	3
321	10
322	4
323	9
324	5
325	10
326	7
327	8
328	8
329	11
330	8
331	10
332	5
333	8
334	6
335	7
336	8
337	5
338	5
339	9
340	7
341	6
342	5
343	15
344	10
345	9
346	12
347	6
348	5
349	9
350	9
351	4
352	7
353	10
354	8
355	21
356	6
357	6
358	2
359	5
360	5
361	4
362	5
363	8
364	5
365	6
366	6
367	8
368	8
369	7
370	5
371	9
372	5
373	7
374	5
375	13
376	8
377	6
378	5
379	3
380	10
381	7
382	5
383	8
384	6
385	7
386	13
387	5
388	6
389	4
390	6
391	8
392	3
393	13
394	9
395	6
396	4
397	15
398	6
399	5
400	10
401	6
402	10
403	2
404	6
405	5
406	7
407	3
408	10
409	4
410	7
411	7
412	10
413	9
414	10
415	7
416	4
417	6
418	6
419	4
420	6
421	9
422	4
423	8
424	6
425	7
426	6
427	7
428	7
429	6
430	7
431	7
432	5
433	15
434	8
435	11
436	2
437	7
438	7
439	4
440	6
441	4
442	5
443	1
444	4
445	4
446	10
447	5
448	7
449	7
450	8
451	5
452	3
453	5
454	9
455	8
456	6
457	6
458	6
459	8
460	7
461	4
462	5
463	5
464	5
465	4
466	7
467	8
468	11
469	4
470	9
471	5
472	11
473	7
474	9
475	7
476	8
477	5
478	7
479	7
480	5
481	7
482	12
483	6
484	5
485	5
486	13
487	11
488	6
489	2
490	5
491	5
492	4
493	5
494	5
495	6
496	4
497	5
498	5
499	5
500	7
501	5
502	13
503	5
504	11
505	7
506	7
507	6
508	12
509	4
510	5
511	6
512	3
513	5
514	6
515	10
516	8
517	7
518	5
519	8
520	10
521	4
522	10
523	2
524	4
525	11
526	6
527	7
528	7
529	2
530	8
531	6
532	6
533	2
534	4
535	6
536	4
537	5
538	1
539	16
540	7
541	6
542	15
543	7
544	6
545	3
546	5
547	9
548	5
549	9
550	6
551	9
552	7
553	4
554	4
555	6
556	5
557	8
558	4
559	9
560	5
561	4
562	8
563	6
564	5
565	7
566	6
567	6
568	2
569	7
570	8
571	9
572	5
573	7
574	2
575	13
576	1
577	6
578	6
579	12
580	8
581	5
582	4
583	6
584	6
585	5
586	5
587	6
588	5
589	7
590	5
591	10
592	5
593	6
594	11
595	5
596	5
597	9
598	5
599	6
600	6
601	11
602	7
603	5
604	2
605	7
606	5
607	5
608	8
609	4
610	2
611	8
612	8
613	7
614	4
615	4
616	7
617	6
618	6
619	7
620	7
621	7
622	5
623	7
624	6
625	8
626	7
627	10
628	5
629	9
630	5
631	8
632	3
633	7
634	6
635	2
636	4
637	19
638	5
639	3
640	10
641	8
642	8
643	4
644	5
645	8
646	3
647	6
648	8
649	7
650	5
651	5
652	5
653	11
654	6
655	4
656	8
657	8
658	5
659	4
660	7
661	6
662	6
663	6
664	7
665	12
666	5
667	9
668	12
669	5
670	6
671	8
672	5
673	7
674	5
675	9
676	6
677	8
678	6
679	5
680	8
681	4
682	5
683	4
684	7
685	4
686	3
687	9
688	10
689	5
690	6
691	4
692	5
693	7
694	6
695	5
696	7
697	3
698	15
699	1
700	5
701	3
702	6
703	6
704	6
705	8
706	10
707	10
708	6
709	6
710	7
711	6
712	5
713	8
714	5
715	10
716	17
717	8
718	8
719	4
720	4
721	5
722	5
723	6
724	8
725	5
726	9
727	6
728	5
729	11
730	8
731	4
732	9
733	13
734	7
735	5
736	9
737	10
738	12
739	12
740	5
741	5
742	3
743	7
744	3
745	8
746	6
747	7
748	8
749	6
750	5
751	5
752	4
753	7
754	6
755	9
756	5
757	6
758	3
759	8
760	5
761	7
762	7
763	6
764	9
765	6
766	10
767	7
768	5
769	6
770	6
771	6
772	5
773	3
774	4
775	8
776	8
777	7
778	5
779	5
780	6
781	10
782	6
783	6
784	7
785	8
786	11
787	6
788	7
789	6
790	1
791	5
792	4
793	8
794	11
795	6
796	7
797	7
798	6
799	7
800	10
801	4
802	8
803	4
804	8
805	4
806	3
807	3
808	8
809	7
810	7
811	8
812	9
813	5
814	7
815	7
816	12
817	5
818	8
819	12
820	3
821	4
822	5
823	6
824	8
825	6
826	7
827	10
828	6
829	6
830	7
831	6
832	7
833	4
834	7
835	8
836	9
837	3
838	8
839	7
840	8
841	5
842	9
843	5
844	11
845	6
846	7
847	7
848	4
849	7
850	10
851	6
852	3
853	5
854	8
855	5
856	4
857	6
858	8
859	7
860	3
861	7
862	7
863	6
864	7
865	9
866	8
867	9
868	9
869	4
870	2
871	6
872	7
873	5
874	15
875	10
876	7
877	9
878	8
879	6
880	7
881	5
882	8
883	6
884	15
885	9
886	6
887	5
888	7
889	11
890	4
891	3
892	5
893	4
894	6
895	5
896	9
897	11
898	3
899	5
900	7
901	7
902	8
903	11
904	6
905	2
906	13
907	3
908	8
909	7
910	8
911	10
912	8
913	3
914	8
915	7
916	8
917	7
918	13
919	10
920	15
921	2
922	15
923	4
924	6
925	5
926	6
927	9
928	6
929	13
930	7
931	6
932	6
933	6
934	5
935	4
936	5
937	6
DEPOT_SECTION
1
-1
SERVICE_TIME_SECTION
1	0
2	480
3	300
4	780
5	540
6	420
7	900
8	540
9	540
10	840
11	420
12	600
13	720
14	360
15	720
16	540
17	420
18	420
19	480
20	540
21	360
22	420
23	660
24	480
25	600
26	420
27	360
28	420
29	540
30	300
31	780
32	600
33	360
34	360
35	540
36	540
37	600
38	540
39	720
40	480
41	480
42	420
43	660
44	840
45	360
46	300
47	300
48	420
49	420
50	660
51	360
52	540
53	600
54	420
55	540
56	360
57	420
58	480
59	660
60	840
61	960
62	1020
63	480
64	360
65	360
66	360
67	480
68	420
69	720
70	660
71	420
72	900
73	420
74	480
75	300
76	420
77	480
78	540
79	840
80	540
81	540
82	840
83	420
84	480
85	360
86	540
87	360
88	660
89	480
90	840
91	360
92	660
93	600
94	480
95	600
96	360
97	840
98	420
99	660
100	480
101	420
102	300
103	480
104	360
105	540
106	540
107	420
108	600
109	600
110	720
111	480
112	600
113	600
114	480
115	600
116	660
117	480
118	540
119	540
120	420
121	900
122	720
123	900
124	300
125	420
126	540
127	420
128	480
129	780
130	420
131	660
132	840
133	420
134	600
135	960
136	360
137	540
138	840
139	420
140	360
141	420
142	540
143	780
144	420
145	300
146	300
147	720
148	420
149	960
150	540
151	660
152	540
153	540
154	360
155	420
156	300
157	660
158	660
159	600
160	600
161	360
162	420
163	660
164	840
165	420
166	360
167	720
168	360
169	360
170	720
171	360
172	600
173	900
174	600
175	780
176	660
177	660
178	300
179	600
180	420
181	480
182	420
183	300
184	540
185	720
186	1500
187	300
188	300
189	600
190	600
191	600
192	540
193	600
194	480
195	960
196	420
197	420
198	480
199	540
200	600
201	420
202	360
203	480
204	540
205	540
206	600
207	660
208	540
209	720
210	480
211	360
212	480
213	360
214	420
215	600
216	660
217	540
218	660
219	660
220	840
221	540
222	1080
223	1020
224	1020
225	480
226	300
227	300
228	600
229	360
230	720
231	360
232	360
233	420
234	420
235	420
236	420
237	420
238	540
239	480
240	780
241	300
242	540
243	480
244	780
245	540
246	420
247	780
248	540
249	900
250	120
251	480
252	540
253	600
254	360
255	360
256	540
257	300
258	600
259	540
260	900
261	840
262	540
263	540
264	600
265	360
266	540
267	540
268	660
269	660
270	420
271	300
272	960
273	420
274	480
275	480
276	900
277	480
278	420
279	540
280	420
281	600
282	840
283	360
284	900
285	600
286	540
287	480
288	600
289	420
290	720
291	1020
292	1020
293	540
294	480
295	480
296	720
297	300
298	420
299	540
300	660
301	360
302	600
303	360
304	540
305	840
306	660
307	720
308	720
309	360
310	600
311	480
312	600
313	960
314	300
315	240
316	780
317	840
318	480
319	660
320	900
321	360
322	540
323	780
324	420
325	480
326	420
327	540
328	480
329	720
330	480
331	420
332	420
333	480
334	600
335	480
336	840
337	480
338	300
339	1080
340	480
341	540
342	540
343	300
344	480
345	300
346	600
347	900
348	720
349	300
350	540
351	720
352	600
353	720
354	420
355	780
356	660
357	780
358	540
359	600
360	660
361	780
362	480
363	1080
364	420
365	540
366	420
367	480
368	360
369	900
370	720
371	540
372	840
373	900
374	360
375	360
376	600
377	660
378	420
379	480
380	180
381	420
382	600
383	540
384	300
385	540
386	360
387	420
388	480
389	1080
390	360
391	600
392	300
393	600
394	420
395	840
396	660
397	720
398	480
399	420
400	360
401	360
402	540
403	480
404	540
405	1020
406	720
407	660
408	540
409	660
410	840
411	420
412	600
413	540
414	480
415	360
416	480
417	540
418	300
419	660
420	360
421	540
422	420
423	420
424	600
425	360
426	300
427	480
428	600
429	360
430	540
431	360
432	540
433	300
434	600
435	600
436	720
437	660
438	600
439	480
440	480
441	1020
442	600
443	420
444	420
445	600
446	600
447	840
448	540
449	960
450	540
451	540
452	900
453	480
454	420
455	540
456	480
457	660
458	480
459	600
460	480
461	480
462	480
463	300
464	900
465	720
466	420
467	600
468	420
469	600
470	600
471	540
472	420
473	420
474	420
475	720
476	540
477	420
478	480
479	360
480	780
481	540
482	840
483	420
484	840
485	300
486	360
487	540
488	480
489	660
490	300
491	420
492	360
493	660
494	480
495	600
496	420
497	420
498	720
499	420
500	420
501	480
502	420
503	480
504	480
505	480
506	720
507	180
508	300
509	480
510	480
511	480
512	540
513	780
514	420
515	480
516	420
517	360
518	720
519	360
520	300
521	1080
522	420
523	840
524	660
525	480
526	720
527	480
528	720
529	600
530	600
531	540
532	660
533	600
534	780
535	480
536	480
537	480
538	660
539	480
540	600
541	540
542	540
543	600
544	480
545	540
546	600
547	720
548	600
549	360
550	480
551	960
552	420
553	780
554	480
555	420
556	600
557	480
558	600
559	420
560	300
561	660
562	600
563	540
564	720
565	300
566	360
567	600
568	540
569	480
570	540
571	540
572	420
573	480
574	480
575	1020
576	720
577	600
578	600
579	300
580	360
581	780
582	960
583	780
584	600
585	540
586	240
587	840
588	480
589	600
590	540
591	660
592	300
593	480
594	720
595	420
596	600
597	360
598	540
599	540
600	480
601	780
602	600
603	540
604	420
605	600
606	480
607	420
608	480
609	420
610	900
611	420
612	480
613	660
614	600
615	420
616	660
617	420
618	540
619	420
620	660
621	480
622	540
623	480
624	600
625	780
626	300
627	420
628	600
629	300
630	720
631	540
632	360
633	420
634	660
635	660
636	720
637	300
638	480
639	420
640	600
641	840
642	240
643	540
644	660
645	600
646	540
647	420
648	420
649	360
650	360
651	540
652	540
653	300
654	420
655	540
656	780
657	360
658	360
659	600
660	480
661	660
662	660
663	480
664	540
665	840
666	540
667	540
668	420
669	900
670	300
671	420
672	480
673	360
674	780
675	480
676	420
677	660
678	540
679	600
680	300
681	600
682	720
683	420
684	600
685	660
686	540
687	660
688	360
689	600
690	420
691	540
692	360
693	540
694	300
695	840
696	540
697	480
698	360
699	720
700	420
701	540
702	360
703	780
704	660
705	420
706	720
707	480
708	660
709	360
710	480
711	780
712	480
713	360
714	660
715	600
716	300
717	420
718	360
719	540
720	420
721	540
722	480
723	600
724	420
725	660
726	480
727	420
728	600
729	300
730	660
731	720
732	360
733	660
734	360
735	840
736	420
737	480
738	420
739	480
740	420
741	720
742	480
743	360
744	540
745	480
746	360
747	360
748	480
749	480
750	480
751	600
752	960
753	600
754	660
755	420
756	720
757	420
758	420
759	360
760	360
761	600
762	420
763	420
764	540
765	480
766	420
767	780
768	480
769	840
770	360
771	360
772	300
773	480
774	480
775	600
776	480
777	660
778	480
779	300
780	540
781	480
782	360
783	600
784	360
785	360
786	540
787	420
788	300
789	840
790	300
791	780
792	480
793	600
794	480
795	600
796	540
797	360
798	480
799	420
800	480
801	600
802	600
803	300
804	540
805	420
806	420
807	540
808	780
809	540
810	240
811	660
812	420
813	420
814	540
815	420
816	1020
817	600
818	540
819	780
820	420
821	600
822	360
823	660
824	600
825	600
826	480
827	420
828	600
829	960
830	600
831	480
832	540
833	600
834	540
835	900
836	480
837	300
838	660
839	420
840	780
841	720
842	600
843	780
844	480
845	780
846	360
847	900
848	420
849	540
850	720
851	480
852	540
853	540
854	420
855	420
856	540
857	480
858	600
859	540
860	840
861	300
862	960
863	360
864	840
865	660
866	360
867	480
868	360
869	360
870	420
871	480
872	840
873	420
874	600
875	420
876	1020
877	1020
878	360
879	600
880	360
881	300
882	420
883	1140
884	300
885	660
886	780
887	840
888	360
889	480
890	600
891	540
892	420
893	720
894	540
895	660
896	480
897	720
898	780
899	540
900	540
901	720
902	240
903	600
904	660
905	840
906	540
907	660
908	660
909	660
910	540
911	720
912	540
913	600
914	480
915	480
916	540
917	360
918	660
919	480
920	420
921	480
922	420
923	300
924	1080
925	360
926	300
927	360
928	360
929	420
930	660
931	420
932	420
933	420
934	420
935	360
936	840
937	420
TIME_WINDOW_SECTION
1	0	45000
2	19200	26700
3	8400	15900
4	6600	30300
5	22800	30300
6	15600	23100
7	6600	30300
8	6600	30300
9	22800	30300
10	22800	30300
11	8400	15900
12	15600	22500
13	4800	12300
14	22800	30300
15	6600	30300
16	6600	30300
17	19200	26700
18	12000	19500
19	22800	30300
20	19200	26100
21	6600	30300
22	19200	26700
23	8400	19500
24	12000	19500
25	8400	15900
26	12000	19500
27	6600	30300
28	22800	29700
29	15600	23100
30	12000	19500
31	8400	15900
32	12000	19500
33	22800	30300
34	22800	30300
35	8400	15900
36	15600	23100
37	19200	26100
38	12000	18840
39	12000	19500
40	19200	26700
41	6600	29700
42	12000	19500
43	15600	23100
44	15600	23100
45	15600	23100
46	8400	15900
47	15600	23100
48	22800	30300
49	15600	23100
50	6600	30300
51	8400	15900
52	12000	18900
53	15600	23100
54	8400	15900
55	4800	12300
56	8400	15900
57	12000	19500
58	19200	26700
59	15600	23100
60	15600	22500
61	8400	15900
62	12000	19500
63	15600	23100
64	19200	26700
65	15600	23100
66	15600	23100
67	6600	30300
68	19200	26700
69	15600	23100
70	19200	26700
71	4800	12300
72	15600	23100
73	22800	30300
74	15600	23100
75	19200	26700
76	8400	15900
77	6600	29700
78	8400	15900
79	12000	19500
80	12000	19500
81	12000	19500
82	19200	26700
83	15600	23100
84	22800	29700
85	19200	26100
86	8400	15900
87	19200	26700
88	12000	19500
89	12000	19500
90	4800	12300
91	15600	23100
92	15600	23100
93	22800	30300
94	15600	23100
95	22800	30300
96	12000	19500
97	8400	15900
98	12000	19500
99	22800	30300
100	12000	19500
101	22800	30300
102	22800	30300
103	22800	30300
104	12000	19500
105	12000	19500
106	8400	15900
107	4800	12300
108	12000	19500
109	15600	23100
110	19200	26700
111	8400	15900
112	12000	19500
113	22800	30300
114	19200	26700
115	8400	15900
116	19200	26700
117	15600	23100
118	19200	26700
119	19200	26700
120	12000	19500
121	15600	23100
122	19200	26700
123	22800	30300
124	22800	30300
125	19200	26700
126	22800	30300
127	19200	26700
128	4800	12300
129	22800	30300
130	12000	19500
131	12000	18900
132	8400	15900
133	4800	12300
134	12000	19500
135	22800	30300
136	12000	19500
137	15600	23100
138	8400	15900
139	19200	26700
140	8400	15900
141	4800	11700
142	15600	23100
143	22800	30300
144	6600	29700
145	19200	26700
146	8400	15900
147	15600	26700
148	22800	30300
149	22800	30300
150	8400	15900
151	22800	30300
152	15600	23100
153	15600	23100
154	22800	30300
155	4800	12300
156	15600	26700
157	19200	26700
158	8400	15900
159	15600	23100
160	19200	26700
161	6600	30300
162	4800	12300
163	12000	19500
164	19200	26700
165	12000	19500
166	12000	19500
167	19200	26700
168	12000	19500
169	12000	19500
170	6600	30300
171	12000	19500
172	22800	30300
173	12000	19500
174	8400	15900
175	4800	12300
176	22800	30300
177	19200	26100
178	12000	19500
179	19200	26700
180	15600	23100
181	6600	30300
182	22800	30300
183	22800	30300
184	6600	30300
185	15600	23100
186	19200	26700
187	12000	19500
188	19200	26700
189	6600	30300
190	19200	26700
191	19200	26700
192	4800	12300
193	8400	15900
194	15600	23100
195	22800	30300
196	12000	19500
197	8400	15900
198	6600	29700
199	4800	12300
200	6600	30300
201	6600	30300
202	8400	15900
203	19200	26700
204	15600	23100
205	4800	12300
206	19200	26700
207	6600	30300
208	4800	12300
209	6600	30300
210	8400	15900
211	8400	15900
212	15600	23100
213	19200	26700
214	19200	26700
215	12000	19500
216	19200	26700
217	4800	12300
218	19200	26700
219	15600	23100
220	15600	23100
221	6600	30300
222	15600	23100
223	6600	30300
224	19200	26700
225	12000	18840
226	6600	30300
227	8400	15900
228	12000	19500
229	19200	26700
230	22800	30300
231	15600	23100
232	19200	26700
233	22800	30300
234	22800	30300
235	12000	19500
236	6600	30300
237	19200	26700
238	15600	23100
239	4800	12300
240	19200	26700
241	12000	19500
242	6600	30300
243	8400	15900
244	12000	19500
245	19200	26700
246	6600	30300
247	22800	30300
248	8400	15900
249	12000	19500
250	8400	15900
251	19200	26700
252	6600	30300
253	12000	19500
254	19200	26700
255	22800	30300
256	15600	23100
257	4800	11700
258	6600	30300
259	4800	12300
260	22800	30300
261	12000	19500
262	6600	29700
263	15600	23100
264	12000	19500
265	4800	12300
266	12000	19500
267	22800	30300
268	4800	11700
269	12000	19500
270	4800	12300
271	6600	29700
272	19200	26700
273	12000	19500
274	19200	26700
275	12000	19500
276	19200	26700
277	12000	19500
278	15600	23100
279	22800	29700
280	6600	30300
281	12000	19500
282	8400	15900
283	19200	26700
284	19200	26700
285	4800	12300
286	22800	30300
287	22800	30300
288	6600	30300
289	4800	12300
290	6600	30300
291	19200	26700
292	6600	30300
293	12000	19500
294	19200	26700
295	6600	30300
296	12000	19500
297	12000	19500
298	8400	15900
299	22800	30300
300	19200	26700
301	4800	12300
302	8400	15900
303	8400	15900
304	12000	19500
305	22800	30300
306	19200	26100
307	22800	30300
308	12000	19500
309	15600	23100
310	12000	19500
311	15600	23100
312	6600	30300
313	22800	30300
314	8400	15900
315	19200	26700
316	15600	23100
317	8400	15900
318	19200	26700
319	19200	26700
320	12000	19500
321	19200	26700
322	19200	26700
323	19200	26700
324	12000	19500
325	19200	26700
326	8400	15900
327	15600	23100
328	15600	23100
329	22800	30300
330	12000	19500
331	22800	30300
332	6600	30300
333	12000	19500
334	12000	19500
335	22800	30300
336	15600	26700
337	15600	23100
338	22800	30300
339	4800	12300
340	6600	30300
341	15600	23100
342	12000	18900
343	19200	26700
344	6600	30300
345	12000	19500
346	19200	26700
347	15600	23100
348	15600	23100
349	8400	15900
350	19200	26700
351	19200	26700
352	15600	23100
353	12000	19500
354	12000	19500
355	12000	19500
356	4800	12300
357	19200	26700
358	6600	30300
359	8400	15900
360	12000	19500
361	19200	26700
362	12000	19500
363	15600	23100
364	6600	30300
365	22800	30300
366	12000	19500
367	6600	29700
368	8400	15900
369	22800	30300
370	6600	30300
371	22800	30300
372	15600	23100
373	15600	23100
374	19200	26700
375	6600	30300
376	8400	15900
377	19200	26700
378	15600	23100
379	22800	30300
380	6600	30300
381	12000	19500
382	15600	23100
383	12000	19500
384	12000	19500
385	22800	30300
386	8400	15900
387	19200	26700
388	8400	15900
389	19200	26700
390	8400	15900
391	15600	23100
392	6600	30300
393	22800	30300
394	4800	12300
395	12000	19500
396	12000	19500
397	19200	26700
398	6600	29700
399	15600	23100
400	8400	19500
401	6600	30300
402	22800	29700
403	15600	26700
404	8400	15900
405	12000	19500
406	12000	19500
407	19200	26100
408	15600	23100
409	22800	30300
410	12000	19500
411	8400	15900
412	8400	15900
413	6600	30300
414	12000	19500
415	22800	29700
416	12000	19500
417	12000	19500
418	15600	23100
419	8400	15900
420	19200	26700
421	12000	19500
422	22800	30300
423	8400	15900
424	15600	23100
425	15600	23100
426	15600	23100
427	8400	15900
428	19200	26700
429	8400	15900
430	12000	19500
431	19200	26100
432	12000	19500
433	22800	30300
434	6600	30300
435	12000	19500
436	15600	23100
437	6600	30300
438	12000	19500
439	15600	23100
440	12000	19500
441	19200	26700
442	12000	19500
443	15600	23100
444	12000	19500
445	15600	23100
446	22800	30300
447	6600	30300
448	15600	26100
449	22800	30300
450	12000	19500
451	8400	15900
452	19200	26700
453	6600	30300
454	22800	30300
455	6600	30300
456	22800	30300
457	12000	19500
458	19200	26700
459	12000	19500
460	19200	26700
461	12000	18900
462	19200	26700
463	15600	23100
464	15600	23100
465	12000	19500
466	6600	30300
467	12000	18900
468	12000	19500
469	12000	19500
470	12000	18900
471	12000	19500
472	19200	26700
473	22800	30300
474	6600	30300
475	12000	19500
476	12000	19500
477	6600	30300
478	19200	26700
479	12000	19500
480	15600	23100
481	15600	23100
482	6600	30300
483	6600	30300
484	8400	15900
485	8400	15900
486	22800	30300
487	8400	15900
488	12000	18900
489	8400	15900
490	8400	15900
491	15600	23100
492	22800	30300
493	12000	18840
494	22800	30300
495	22800	30300
496	12000	19500
497	12000	19500
498	15600	23100
499	22800	30300
500	15600	23100
501	15600	23100
502	12000	19500
503	12000	19500
504	12000	19500
505	19200	26700
506	19200	26700
507	19200	26700
508	19200	26700
509	22800	30300
510	12000	19500
511	6600	29700
512	19200	26700
513	15600	23100
514	19200	26700
515	8400	15900
516	8400	15900
517	22800	30300
518	15600	23100
519	15600	23100
520	8400	15900
521	12000	19500
522	6600	30300
523	8400	15900
524	6600	29700
525	15600	23100
526	15600	23100
527	6600	30300
528	22800	30300
529	12000	19500
530	19200	26700
531	19200	26700
532	19200	26100
533	22800	30300
534	6600	30300
535	8400	15900
536	19200	26700
537	8400	15900
538	19200	26700
539	19200	26700
540	12000	19500
541	19200	26700
542	8400	15900
543	12000	19500
544	15600	23100
545	6600	30300
546	12000	19500
547	22800	30300
548	19200	26700
549	6600	30300
550	6600	30300
551	22800	29700
552	19200	26700
553	19200	26700
554	12000	19500
555	12000	19500
556	22800	30300
557	22800	30300
558	15600	26700
559	15600	23100
560	8400	15900
561	8400	15900
562	22800	30300
563	19200	26700
564	6600	29700
565	12000	19500
566	22800	30300
567	8400	15900
568	19200	26700
569	15600	23100
570	15600	23100
571	6600	30300
572	8400	15300
573	22800	30300
574	12000	19500
575	15600	23100
576	19200	26100
577	8400	15900
578	6600	30300
579	15600	23100
580	22800	30300
581	19200	26700
582	12000	19500
583	22800	30300
584	12000	19500
585	22800	30300
586	19200	26700
587	22800	30300
588	6600	30300
589	12000	19500
590	22800	30300
591	6600	30300
592	19200	26700
593	12000	19500
594	6600	30300
595	19200	26700
596	15600	23100
597	19200	26700
598	12000	18840
599	22800	30300
600	12000	19500
601	15600	23100
602	19200	26700
603	19200	26700
604	6600	30300
605	22800	30300
606	19200	26700
607	22800	30300
608	15600	23100
609	6600	30300
610	22800	30300
611	8400	15900
612	15600	23100
613	19200	26700
614	12000	19500
615	15600	23100
616	22800	30300
617	22800	30300
618	12000	19500
619	22800	30300
620	12000	18900
621	6600	30300
622	12000	19500
623	12000	19500
624	15600	23100
625	12000	19500
626	15600	26700
627	8400	15900
628	22800	30300
629	6600	30300
630	8400	15900
631	15600	26700
632	15600	23100
633	6600	29700
634	15600	23100
635	15600	23100
636	15600	23100
637	15600	23100
638	8400	15900
639	6600	29700
640	6600	30300
641	22800	30300
642	19200	26700
643	19200	26700
644	6600	30300
645	12000	19500
646	15600	26700
647	22800	30300
648	12000	19500
649	19200	26700
650	15600	23100
651	12000	19500
652	12000	19500
653	22800	30300
654	19200	26700
655	19200	26700
656	6600	29700
657	6600	30300
658	6600	30300
659	12000	19500
660	22800	30300
661	22800	30300
662	19200	26700
663	6600	30300
664	19200	26700
665	22800	30300
666	6600	30300
667	8400	15900
668	19200	26700
669	6600	30300
670	12000	19500
671	12000	19500
672	19200	26700
673	19200	26700
674	12000	19500
675	19200	26700
676	12000	19500
677	22800	30300
678	12000	19500
679	12000	19500
680	15600	26700
681	22800	30300
682	12000	19500
683	22800	30300
684	19200	26700
685	22800	30300
686	6600	30300
687	22800	30300
688	12000	19500
689	12000	19500
690	12000	19500
691	6600	30300
692	6600	30300
693	19200	26700
694	19200	26700
695	6600	30300
696	12000	19500
697	6600	30300
698	19200	26700
699	15600	23100
700	15600	23100
701	15600	23100
702	12000	18900
703	19200	26700
704	6600	30300
705	19200	26100
706	12000	19500
707	19200	26700
708	22800	30300
709	12000	19500
710	12000	19500
711	15600	23100
712	15600	23100
713	6600	30300
714	15600	23100
715	19200	26700
716	12000	19500
717	15600	23100
718	6600	30300
719	22800	30300
720	19200	26700
721	12000	19500
722	12000	19500
723	15600	23100
724	19200	26700
725	15600	23100
726	12000	19500
727	15600	23100
728	22800	30300
729	19200	26700
730	6600	30300
731	15600	26700
732	15600	26700
733	19200	26700
734	15600	23100
735	19200	26700
736	22800	30300
737	22800	30300
738	6600	30300
739	19200	26700
740	12000	19500
741	15600	23100
742	12000	19500
743	12000	19500
744	15600	23100
745	22800	30300
746	6600	30300
747	15600	23100
748	19200	26700
749	12000	19500
750	6600	29700
751	6600	29700
752	22800	30300
753	22800	30300
754	15600	23100
755	6600	30300
756	12000	19500
757	6600	30300
758	22800	30300
759	15600	23100
760	15600	23100
761	19200	26700
762	15600	23100
763	19200	26700
764	19200	26700
765	22800	30300
766	12000	19500
767	22800	30300
768	6600	30300
769	12000	19500
770	22800	30300
771	15600	23100
772	19200	26700
773	19200	26700
774	6600	30300
775	12000	19500
776	22800	30300
777	15600	23100
778	19200	26700
779	19200	26700
780	15600	23100
781	22800	30300
782	15600	23100
783	22800	30300
784	19200	26700
785	19200	26700
786	19200	26700
787	6600	30300
788	19200	26700
789	22800	30300
790	22800	30300
791	22800	30300
792	12000	19500
793	22800	30300
794	19200	26700
795	6600	30300
796	22800	30300
797	22800	30300
798	19200	26700
799	15600	23100
800	15600	23100
801	19200	26700
802	22800	30300
803	6600	30300
804	22800	30300
805	15600	23100
806	15600	23100
807	19200	26700
808	15600	26700
809	22800	30300
810	22800	30300
811	22800	30300
812	22800	30300
813	15600	23100
814	19200	26700
815	15600	23100
816	22800	30300
817	22800	30300
818	15600	23100
819	19200	26700
820	6600	30300
821	6600	30300
822	19200	26700
823	15600	23100
824	19200	26100
825	19200	26700
826	22800	30300
827	15600	23100
828	22800	30300
829	22800	30300
830	15600	23100
831	15600	23100
832	19200	26700
833	6600	30300
834	19200	26700
835	6600	30300
836	22800	30300
837	15600	23100
838	22800	30300
839	6600	29700
840	19200	26700
841	6600	30300
842	22800	30300
843	6600	30300
844	15600	23100
845	6600	29700
846	19200	26700
847	22800	30300
848	22800	30300
849	19200	26700
850	22800	30300
851	22800	30300
852	19200	26700
853	19200	26700
854	15600	23100
855	22800	30300
856	22800	30300
857	15600	23100
858	19200	26700
859	15600	22500
860	15600	23100
861	6600	30300
862	6600	30300
863	22800	30300
864	6600	30300
865	22800	30300
866	6600	30300
867	19200	26700
868	6600	29700
869	19200	26700
870	15600	23100
871	6600	30300
872	22800	30300
873	15600	23100
874	6600	30300
875	15600	23100
876	6600	30300
877	22800	30300
878	15600	23100
879	19200	26700
880	6600	30300
881	19200	26700
882	22800	30300
883	6600	30300
884	6600	30300
885	6600	30300
886	15600	23100
887	22800	30300
888	22800	30300
889	19200	26700
890	15600	23100
891	19200	26700
892	19200	26700
893	19200	26700
894	22800	29700
895	6600	30300
896	15600	23100
897	22800	30300
898	6600	30300
899	22800	30300
900	19200	26700
901	19200	26700
902	6600	30300
903	19200	26700
904	22800	30300
905	15600	22500
906	19200	26700
907	19200	26700
908	6600	30300
909	19200	26700
910	22800	30300
911	22800	30300
912	22800	30300
913	6600	30300
914	6600	30300
915	22800	30300
916	15600	23100
917	19200	26700
918	15600	23100
919	19200	26700
920	22800	30300
921	22800	30300
922	22800	30300
923	19200	26700
924	6600	29700
925	19200	26700
926	22800	30300
927	19200	26700
928	6600	30300
929	6600	29700
930	22800	30300
931	6600	30300
932	19200	26700
933	15600	23100
934	19200	26700
935	22800	30300
936	6600	30300
937	22800	30300
RELEASE_TIME_SECTION
1	0
2	3600
3	3600
4	3600
5	3600
6	3600
7	3600
8	3600
9	3600
10	3600
11	3600
12	3600
13	3600
14	3600
15	3600
16	3600
17	3600
18	3600
19	3600
20	3600
21	3600
22	3600
23	3600
24	3600
25	3600
26	3600
27	3600
28	3600
29	3600
30	3600
31	3600
32	3600
33	3600
34	3600
35	3600
36	3600
37	3600
38	3600
39	3600
40	3600
41	3600
42	3600
43	3600
44	3600
45	3600
46	3600
47	3600
48	3600
49	3600
50	3600
51	3600
52	3600
53	3600
54	3600
55	3600
56	3600
57	3600
58	3600
59	3600
60	3600
61	3600
62	3600
63	3600
64	3600
65	3600
66	3600
67	3600
68	3600
69	3600
70	3600
71	3600
72	3600
73	3600
74	3600
75	3600
76	3600
77	3600
78	3600
79	3600
80	3600
81	3600
82	3600
83	3600
84	3600
85	3600
86	3600
87	3600
88	3600
89	3600
90	3600
91	3600
92	3600
93	3600
94	3600
95	3600
96	3600
97	3600
98	3600
99	3600
100	3600
101	3600
102	5400
103	5400
104	5400
105	5400
106	5400
107	5400
108	5400
109	5400
110	5400
111	5400
112	5400
113	5400
114	5400
115	5400
116	5400
117	5400
118	5400
119	5400
120	5400
121	5400
122	5400
123	5400
124	5400
125	5400
126	5400
127	5400
128	5400
129	5400
130	5400
131	5400
132	5400
133	5400
134	5400
135	5400
136	5400
137	5400
138	5400
139	5400
140	5400
141	5400
142	5400
143	5400
144	5400
145	5400
146	5400
147	5400
148	5400
149	5400
150	5400
151	5400
152	5400
153	5400
154	5400
155	5400
156	5400
157	5400
158	5400
159	5400
160	5400
161	5400
162	5400
163	5400
164	5400
165	5400
166	5400
167	5400
168	5400
169	5400
170	5400
171	5400
172	5400
173	5400
174	5400
175	5400
176	5400
177	5400
178	5400
179	5400
180	5400
181	5400
182	5400
183	5400
184	5400
185	5400
186	5400
187	5400
188	5400
189	5400
190	5400
191	5400
192	5400
193	5400
194	5400
195	5400
196	5400
197	5400
198	5400
199	5400
200	5400
201	5400
202	7200
203	7200
204	7200
205	7200
206	7200
207	7200
208	7200
209	7200
210	7200
211	7200
212	7200
213	7200
214	7200
215	7200
216	7200
217	7200
218	7200
219	7200
220	7200
221	7200
222	7200
223	7200
224	7200
225	7200
226	7200
227	7200
228	7200
229	7200
230	7200
231	7200
232	7200
233	7200
234	7200
235	7200
236	7200
237	7200
238	7200
239	7200
240	7200
241	7200
242	7200
243	7200
244	7200
245	7200
246	7200
247	7200
248	7200
249	7200
250	7200
251	7200
252	7200
253	7200
254	7200
255	7200
256	7200
257	7200
258	7200
259	7200
260	7200
261	7200
262	7200
263	7200
264	7200
265	7200
266	7200
267	7200
268	7200
269	7200
270	7200
271	7200
272	7200
273	7200
274	7200
275	7200
276	7200
277	7200
278	7200
279	7200
280	7200
281	7200
282	7200
283	7200
284	7200
285	7200
286	7200
287	7200
288	7200
289	7200
290	7200
291	7200
292	7200
293	7200
294	7200
295	7200
296	7200
297	7200
298	7200
299	7200
300	7200
301	7200
302	9000
303	9000
304	9000
305	9000
306	9000
307	9000
308	9000
309	9000
310	9000
311	9000
312	9000
313	9000
314	9000
315	9000
316	9000
317	9000
318	9000
319	9000
320	9000
321	9000
322	9000
323	9000
324	9000
325	9000
326	9000
327	9000
328	9000
329	9000
330	9000
331	9000
332	9000
333	9000
334	9000
335	9000
336	9000
337	9000
338	9000
339	9000
340	9000
341	9000
342	9000
343	9000
344	9000
345	9000
346	9000
347	9000
348	9000
349	9000
350	9000
351	9000
352	9000
353	9000
354	9000
355	9000
356	9000
357	9000
358	9000
359	9000
360	9000
361	9000
362	9000
363	9000
364	9000
365	9000
366	9000
367	9000
368	9000
369	9000
370	9000
371	9000
372	9000
373	9000
374	9000
375	9000
376	9000
377	9000
378	9000
379	9000
380	9000
381	9000
382	9000
383	9000
384	9000
385	9000
386	9000
387	9000
388	9000
389	9000
390	9000
391	9000
392	9000
393	9000
394	9000
395	9000
396	9000
397	9000
398	9000
399	9000
400	9000
401	9000
402	10800
403	10800
404	10800
405	10800
406	10800
407	10800
408	10800
409	10800
410	10800
411	10800
412	10800
413	10800
414	10800
415	10800
416	10800
417	10800
418	10800
419	10800
420	10800
421	10800
422	10800
423	10800
424	10800
425	10800
426	10800
427	10800
428	10800
429	10800
430	10800
431	10800
432	10800
433	10800
434	10800
435	10800
436	10800
437	10800
438	10800
439	10800
440	10800
441	10800
442	10800
443	10800
444	10800
445	10800
446	10800
447	10800
448	10800
449	10800
450	10800
451	10800
452	10800
453	10800
454	10800
455	10800
456	10800
457	10800
458	10800
459	10800
460	10800
461	10800
462	10800
463	10800
464	10800
465	10800
466	10800
467	10800
468	10800
469	10800
470	10800
471	10800
472	10800
473	10800
474	10800
475	10800
476	10800
477	10800
478	10800
479	10800
480	10800
481	10800
482	10800
483	10800
484	10800
485	10800
486	10800
487	10800
488	10800
489	10800
490	10800
491	10800
492	10800
493	10800
494	10800
495	10800
496	10800
497	12600
498	12600
499	12600
500	12600
501	12600
502	12600
503	12600
504	12600
505	12600
506	12600
507	12600
508	12600
509	12600
510	12600
511	12600
512	12600
513	12600
514	12600
515	12600
516	12600
517	12600
518	12600
519	12600
520	12600
521	12600
522	12600
523	12600
524	12600
525	12600
526	12600
527	12600
528	12600
529	12600
530	12600
531	12600
532	12600
533	12600
534	12600
535	12600
536	12600
537	12600
538	12600
539	12600
540	12600
541	12600
542	12600
543	12600
544	12600
545	12600
546	12600
547	12600
548	12600
549	12600
550	12600
551	12600
552	12600
553	12600
554	12600
555	12600
556	12600
557	12600
558	12600
559	12600
560	12600
561	12600
562	12600
563	12600
564	12600
565	12600
566	12600
567	12600
568	12600
569	12600
570	12600
571	12600
572	12600
573	12600
574	12600
575	12600
576	12600
577	12600
578	12600
579	12600
580	12600
581	12600
582	12600
583	12600
584	12600
585	12600
586	12600
587	12600
588	12600
589	14400
590	14400
591	14400
592	14400
593	14400
594	14400
595	14400
596	14400
597	14400
598	14400
599	14400
600	14400
601	14400
602	14400
603	14400
604	14400
605	14400
606	14400
607	14400
608	14400
609	14400
610	14400
611	14400
612	14400
613	14400
614	14400
615	14400
616	14400
617	14400
618	14400
619	14400
620	14400
621	14400
622	14400
623	14400
624	14400
625	14400
626	14400
627	14400
628	14400
629	14400
630	14400
631	14400
632	14400
633	14400
634	14400
635	14400
636	14400
637	14400
638	14400
639	14400
640	14400
641	14400
642	14400
643	14400
644	14400
645	14400
646	14400
647	14400
648	14400
649	14400
650	14400
651	14400
652	14400
653	14400
654	14400
655	14400
656	14400
657	14400
658	14400
659	14400
660	14400
661	14400
662	14400
663	14400
664	14400
665	14400
666	14400
667	14400
668	14400
669	14400
670	14400
671	14400
672	14400
673	14400
674	14400
675	14400
676	16200
677	16200
678	16200
679	16200
680	16200
681	16200
682	16200
683	16200
684	16200
685	16200
686	16200
687	16200
688	16200
689	16200
690	16200
691	16200
692	16200
693	16200
694	16200
695	16200
696	16200
697	16200
698	16200
699	16200
700	16200
701	16200
702	16200
703	16200
704	16200
705	16200
706	16200
707	16200
708	16200
709	16200
710	16200
711	16200
712	16200
713	16200
714	16200
715	16200
716	16200
717	16200
718	16200
719	16200
720	16200
721	16200
722	16200
723	16200
724	16200
725	16200
726	16200
727	16200
728	16200
729	16200
730	16200
731	16200
732	16200
733	16200
734	16200
735	16200
736	16200
737	16200
738	16200
739	16200
740	16200
741	16200
742	16200
743	16200
744	16200
745	16200
746	16200
747	16200
748	16200
749	16200
750	16200
751	16200
752	16200
753	16200
754	16200
755	16200
756	16200
757	18000
758	18000
759	18000
760	18000
761	18000
762	18000
763	18000
764	18000
765	18000
766	18000
767	18000
768	18000
769	18000
770	18000
771	18000
772	18000
773	18000
774	18000
775	18000
776	18000
777	18000
778	18000
779	18000
780	18000
781	18000
782	18000
783	18000
784	18000
785	18000
786	18000
787	18000
788	18000
789	18000
790	18000
791	18000
792	18000
793	18000
794	18000
795	18000
796	18000
797	18000
798	18000
799	18000
800	18000
801	18000
802	18000
803	18000
804	18000
805	18000
806	18000
807	18000
808	18000
809	18000
810	18000
811	18000
812	18000
813	18000
814	18000
815	18000
816	18000
817	18000
818	18000
819	18000
820	18000
821	18000
822	18000
823	18000
824	18000
825	18000
826	18000
827	18000
828	18000
829	18000
830	18000
831	19800
832	19800
833	19800
834	19800
835	19800
836	19800
837	19800
838	19800
839	19800
840	19800
841	19800
842	19800
843	19800
844	19800
845	19800
846	19800
847	19800
848	19800
849	19800
850	19800
851	19800
852	19800
853	19800
854	19800
855	19800
856	19800
857	19800
858	19800
859	19800
860	19800
861	19800
862	19800
863	19800
864	19800
865	19800
866	19800
867	19800
868	19800
869	19800
870	19800
871	19800
872	19800
873	19800
874	19800
875	19800
876	19800
877	19800
878	19800
879	19800
880	19800
881	19800
882	19800
883	19800
884	19800
885	19800
886	19800
887	21600
888	21600
889	21600
890	21600
891	21600
892	21600
893	21600
894	21600
895	21600
896	21600
897	21600
898	21600
899	21600
900	21600
901	21600
902	21600
903	21600
904	21600
905	21600
906	21600
907	21600
908	21600
909	21600
910	21600
911	21600
912	21600
913	21600
914	21600
915	21600
916	21600
917	21600
918	21600
919	21600
920	21600
921	21600
922	21600
923	21600
924	21600
925	21600
926	21600
927	21600
928	21600
929	21600
930	21600
931	21600
932	21600
933	21600
934	21600
935	21600
936	21600
937	21600
EOF
