NAME : ORTEC-VRPTW-ASYM-1bc16246-d1-n846
TYPE : VRPTW-RT
DIMENSION : 847
EDGE_WEIGHT_TYPE : EUC_2D
CAPACITY : 160
NODE_COORD_SECTION
1	3602	882
2	3255	1557
3	5959	797
4	4849	1487
5	6096	493
6	5331	889
7	4661	110
8	3839	625
9	1124	1739
10	1752	1720
11	6412	381
12	3370	1402
13	6061	767
14	4844	298
15	5880	422
16	5335	934
17	1484	2047
18	4105	615
19	5298	262
20	5181	149
21	5166	773
22	2291	2182
23	2806	1432
24	2666	1421
25	3715	1614
26	5567	114
27	1923	2272
28	3585	1297
29	5446	595
30	2280	1917
31	744	2410
32	5867	455
33	1752	1720
34	5100	228
35	3038	1681
36	1817	1972
37	4400	1093
38	2998	1579
39	3403	838
40	4221	544
41	6230	101
42	3850	697
43	4395	437
44	112	2850
45	3160	1536
46	1649	1806
47	2666	1421
48	4806	1285
49	4132	604
50	1930	1646
51	5000	869
52	2280	1917
53	3135	1281
54	171	2497
55	3908	791
56	1884	1703
57	5078	1217
58	3612	1571
59	4875	181
60	4132	509
61	4396	1579
62	2243	1686
63	1423	1669
64	1818	1413
65	4740	1373
66	1149	2125
67	3620	880
68	1137	2580
69	1060	1885
70	5867	455
71	4806	1285
72	4112	492
73	2150	1797
74	6230	101
75	3999	725
76	4042	1643
77	4670	373
78	4750	255
79	4295	270
80	711	2408
81	5849	370
82	5805	923
83	5202	323
84	162	2467
85	4102	1145
86	4042	1643
87	4083	1623
88	4844	298
89	4159	465
90	893	2134
91	5284	923
92	1866	1781
93	4670	373
94	5232	687
95	1991	2074
96	4626	428
97	5067	174
98	1836	2191
99	4460	174
100	4305	1522
101	3664	1527
102	3695	755
103	5680	549
104	3946	1018
105	3559	1547
106	5187	878
107	5805	923
108	1137	2580
109	2135	2018
110	4294	1149
111	3272	1516
112	4825	395
113	5479	1061
114	4134	1109
115	4673	1601
116	5100	228
117	4750	255
118	4537	188
119	4828	93
120	1000	2277
121	3832	1572
122	3591	843
123	1968	2066
124	4027	2208
125	4740	1373
126	5249	852
127	5685	61
128	2391	1315
129	4158	2137
130	3688	780
131	5100	228
132	5680	549
133	5567	114
134	5536	892
135	4933	199
136	4904	857
137	4385	542
138	427	2581
139	6061	767
140	3620	880
141	4688	261
142	5378	526
143	5493	513
144	2291	2182
145	3668	1177
146	4083	1623
147	3839	625
148	3408	765
149	3405	731
150	2267	1905
151	3184	1563
152	5805	923
153	4105	615
154	1037	2394
155	1466	2122
156	4661	110
157	5887	339
158	4185	578
159	5805	923
160	5849	370
161	4206	1290
162	5841	646
163	2869	1422
164	1106	2531
165	171	2497
166	3832	1572
167	5055	106
168	3682	1776
169	5151	913
170	2876	1854
171	1563	1751
172	4226	1057
173	1137	2580
174	5232	687
175	3873	681
176	4383	362
177	5143	1020
178	5903	281
179	4331	856
180	5223	182
181	3986	784
182	4844	298
183	3171	1549
184	162	2467
185	4673	1601
186	4227	1003
187	6130	666
188	4132	604
189	3097	1410
190	4789	1170
191	6412	381
192	182	2754
193	1512	2122
194	2280	1917
195	4921	1380
196	3999	725
197	6061	767
198	4134	1109
199	5482	1229
200	3881	510
201	4789	1170
202	4825	395
203	3187	1403
204	3922	1189
205	2084	1446
206	1037	2394
207	2814	995
208	5872	700
209	112	2850
210	5166	773
211	5313	790
212	4157	588
213	5936	494
214	1808	1775
215	5773	542
216	4664	357
217	2249	1707
218	6591	297
219	4722	1431
220	5200	884
221	5027	272
222	765	2655
223	5179	738
224	3684	1437
225	3486	1342
226	1923	2272
227	5078	1217
228	1782	2086
229	5414	408
230	6241	676
231	1941	2196
232	2081	1571
233	1808	1775
234	2291	2182
235	2642	1321
236	5841	646
237	5179	752
238	6425	431
239	762	2255
240	5051	355
241	5849	370
242	4966	663
243	5678	380
244	5158	196
245	2876	1854
246	6096	493
247	2642	1321
248	3559	1547
249	3135	1419
250	3048	1648
251	3272	1516
252	4844	298
253	1782	2086
254	1715	2170
255	2666	1421
256	2788	1382
257	893	2134
258	4789	1170
259	5855	573
260	3221	1644
261	6471	317
262	4722	1431
263	5856	682
264	1234	2156
265	401	2775
266	3832	1572
267	4926	416
268	4206	1290
269	5027	272
270	1554	1838
271	4928	883
272	3439	1873
273	3754	703
274	6158	332
275	5041	178
276	401	2775
277	5262	775
278	171	2497
279	2239	2014
280	4844	298
281	4926	416
282	3063	1558
283	4926	416
284	4722	1431
285	2135	2018
286	4112	492
287	5335	934
288	4395	437
289	2666	1421
290	5823	533
291	711	2408
292	4888	197
293	2030	1994
294	4933	199
295	3999	725
296	2169	1581
297	3352	1418
298	4158	2137
299	1930	1646
300	5680	549
301	5282	128
302	4755	748
303	830	2109
304	2635	1694
305	1060	1885
306	4673	1601
307	4987	231
308	4764	1466
309	4853	152
310	4626	428
311	3682	1776
312	426	2401
313	5027	272
314	4740	1373
315	5197	653
316	1941	2196
317	6241	676
318	2243	1686
319	830	2109
320	4151	1039
321	5921	388
322	1959	1892
323	6298	796
324	765	2342
325	3612	1571
326	4295	270
327	3350	860
328	3408	765
329	4727	1227
330	5067	174
331	4460	1179
332	4305	1522
333	4132	509
334	2391	1315
335	4848	949
336	4904	857
337	3318	863
338	2102	1607
339	4226	1057
340	2471	1537
341	191	2448
342	6241	676
343	3963	1249
344	2727	1426
345	2367	1528
346	2267	2049
347	3318	790
348	765	2342
349	4659	251
350	3426	847
351	4293	443
352	5887	339
353	5535	297
354	1423	1669
355	162	2467
356	5115	861
357	1927	1841
358	5493	513
359	4120	564
360	3063	1441
361	1836	2191
362	4189	2159
363	762	2255
364	2084	1446
365	1930	1646
366	1106	2531
367	4843	212
368	3171	1549
369	5819	686
370	4764	1466
371	4928	883
372	3945	616
373	4806	1285
374	5335	934
375	5741	342
376	3221	1644
377	5354	258
378	6591	297
379	4766	232
380	4383	362
381	1922	2119
382	2004	1861
383	5563	0
384	2635	1694
385	1215	1960
386	5066	192
387	2081	1571
388	5563	0
389	2304	1284
390	4590	1714
391	5479	1061
392	1781	2029
393	5151	913
394	3559	1547
395	5303	189
396	4206	1290
397	4305	1522
398	5158	196
399	1923	2272
400	4239	1954
401	4755	748
402	3187	1403
403	2600	1444
404	1892	1920
405	1423	1669
406	2276	1941
407	1968	2066
408	3839	625
409	5055	106
410	3612	1571
411	2239	2014
412	4690	1500
413	2239	2014
414	4592	274
415	5331	932
416	2375	1631
417	5921	388
418	2635	1694
419	1836	1718
420	3419	1479
421	1682	1821
422	5248	1004
423	1959	1892
424	5306	854
425	1892	1920
426	5142	990
427	5604	965
428	3184	1563
429	3280	1176
430	5331	932
431	1944	1679
432	5211	999
433	5414	408
434	2699	1602
435	3135	1419
436	5404	966
437	2415	2043
438	4430	1891
439	4670	373
440	4132	1254
441	4537	188
442	2267	1905
443	4491	437
444	3408	765
445	237	2768
446	4764	1466
447	2831	1638
448	1781	1792
449	237	2768
450	3850	697
451	1940	2310
452	3097	1410
453	5257	238
454	2062	1534
455	2876	1854
456	5628	725
457	5446	595
458	3715	1614
459	2050	2028
460	5680	549
461	1261	1954
462	3797	1322
463	1682	1821
464	3850	697
465	4491	437
466	1941	2291
467	5303	189
468	4688	261
469	3454	1168
470	4221	544
471	3029	945
472	4515	502
473	1903	2291
474	182	2754
475	6071	661
476	5751	369
477	4802	254
478	1892	1920
479	1959	1892
480	3520	1329
481	2226	2082
482	1466	2122
483	3295	1875
484	3568	1349
485	3318	863
486	1941	2291
487	4093	1157
488	3276	1564
489	466	2826
490	4542	485
491	4491	437
492	744	2410
493	874	2342
494	3520	1329
495	3489	1637
496	5741	342
497	6096	493
498	5604	965
499	2600	1444
500	3585	1297
501	770	2669
502	2127	1454
503	3214	1494
504	4966	897
505	2831	1638
506	2814	995
507	171	2497
508	5335	934
509	2032	2262
510	2225	1675
511	1927	1841
512	4158	2137
513	1106	2531
514	4491	437
515	6611	312
516	3405	731
517	4475	410
518	2030	1994
519	2030	1994
520	1781	2029
521	2727	1426
522	3342	818
523	5867	455
524	2267	2049
525	820	2372
526	5841	646
527	5223	182
528	4592	274
529	3715	1614
530	2046	1922
531	3171	1549
532	401	2775
533	5055	106
534	5223	182
535	4844	298
536	5248	1004
537	3612	1571
538	5015	224
539	1930	1646
540	4904	857
541	5331	889
542	3963	1249
543	523	2241
544	5214	311
545	2267	2049
546	5418	927
547	4661	110
548	3135	1419
549	3559	1547
550	3184	1563
551	4539	320
552	4875	181
553	5214	311
554	765	2342
555	3029	945
556	2367	1528
557	5200	884
558	5855	573
559	4166	1906
560	2032	2262
561	5331	889
562	5563	0
563	4112	492
564	4539	320
565	4926	416
566	1813	1607
567	2523	1935
568	3520	1329
569	5479	1061
570	5823	533
571	6061	767
572	4226	1057
573	5067	174
574	2976	1367
575	6341	761
576	6032	373
577	2304	1284
578	2478	1486
579	4853	152
580	4093	1157
581	5880	422
582	4727	1227
583	4396	1579
584	2276	1941
585	3184	1563
586	1701	1809
587	3517	1575
588	1512	2122
589	5331	889
590	5100	228
591	4206	1290
592	4901	274
593	4411	504
594	6096	493
595	4248	533
596	649	2437
597	2367	1528
598	4926	416
599	3986	784
600	5331	932
601	427	2581
602	522	2577
603	5313	790
604	6071	661
605	5067	174
606	6032	373
607	3559	1547
608	4750	255
609	4491	437
610	2901	1432
611	1224	2168
612	3276	1564
613	4206	1337
614	2346	1582
615	4206	1290
616	2135	2018
617	5773	542
618	6096	493
619	1886	1995
620	6158	332
621	2699	1602
622	3439	1873
623	711	2408
624	5011	172
625	4206	1337
626	4166	1906
627	5921	388
628	1941	2196
629	5214	311
630	3695	755
631	1106	2531
632	520	2714
633	6130	666
634	4727	1227
635	5142	990
636	5055	106
637	4341	1889
638	729	2529
639	287	2550
640	5773	542
641	4572	421
642	3454	1168
643	893	2134
644	3184	1563
645	4031	1784
646	4475	410
647	3980	634
648	3668	1177
649	4670	373
650	1922	2119
651	3280	1176
652	5921	388
653	822	2384
654	5336	777
655	4293	443
656	5849	370
657	3797	1322
658	2727	1426
659	1903	2291
660	2030	1994
661	4987	231
662	5232	817
663	4660	321
664	4248	533
665	3517	1575
666	4825	395
667	3350	860
668	2346	1582
669	1554	1838
670	2226	2082
671	3502	1613
672	5249	852
673	2600	1444
674	466	2826
675	2346	1582
676	5680	549
677	1484	2047
678	4395	437
679	4411	504
680	4843	212
681	3214	1494
682	5909	312
683	4853	152
684	1579	2081
685	4753	154
686	893	2134
687	1991	2074
688	2239	2014
689	3578	1526
690	822	2384
691	1941	2291
692	873	2357
693	2127	1454
694	112	2850
695	5903	281
696	1744	1843
697	5437	223
698	5741	342
699	427	2581
700	2391	1315
701	711	2408
702	4385	542
703	1620	1734
704	3832	1572
705	5536	892
706	4105	615
707	1903	2291
708	4189	2159
709	5142	990
710	3404	907
711	762	2255
712	4383	362
713	1808	1775
714	1705	1626
715	3403	838
716	5446	595
717	2642	1321
718	4568	1093
719	1866	1781
720	2032	2262
721	4590	1714
722	5855	573
723	5479	1061
724	5446	595
725	1649	1806
726	4966	897
727	5563	0
728	6105	760
729	2666	1421
730	3221	1644
731	6158	332
732	4934	248
733	5051	355
734	5232	687
735	5142	990
736	237	2768
737	4157	588
738	6495	320
739	4460	174
740	4341	1889
741	4626	428
742	1149	2125
743	1729	1696
744	5855	573
745	4722	1431
746	4500	1778
747	4639	1045
748	4112	492
749	4363	614
750	2158	1654
751	5880	422
752	5304	1047
753	5854	725
754	4515	502
755	6061	767
756	6230	101
757	3029	945
758	4491	437
759	2095	1941
760	4239	1954
761	729	2529
762	383	2551
763	1795	2001
764	2727	1426
765	4966	897
766	4157	584
767	112	2850
768	5909	312
769	5232	687
770	855	2103
771	1817	1972
772	3999	725
773	2158	1654
774	1328	2216
775	4383	362
776	3135	1281
777	2267	2049
778	2788	1382
779	3404	907
780	2998	1579
781	4132	1254
782	4807	318
783	5177	56
784	5855	573
785	1940	2310
786	1940	2310
787	4996	651
788	1743	2158
789	4792	584
790	3578	1526
791	5223	182
792	3574	1833
793	4661	110
794	1752	1720
795	4112	492
796	4672	1303
797	4753	154
798	2243	1686
799	2814	995
800	4875	181
801	4792	584
802	4987	231
803	287	2550
804	2050	2028
805	3119	1484
806	5246	790
807	5404	853
808	2270	1865
809	5202	323
810	3832	1572
811	4755	748
812	2150	1797
813	2341	1519
814	5604	965
815	4031	1784
816	6425	431
817	4134	1109
818	4825	395
819	1717	1864
820	2062	1534
821	2947	1341
822	6061	767
823	4511	1900
824	5867	455
825	4341	1889
826	5819	686
827	3832	1572
828	1970	1806
829	855	2103
830	1781	2029
831	1063	2294
832	2030	1994
833	6412	211
834	5805	923
835	873	2357
836	820	2372
837	4293	443
838	1782	2086
839	4500	1778
840	5321	1050
841	4848	949
842	4305	1522
843	5282	128
844	5015	224
845	2341	1519
846	5193	950
847	5819	686
DEMAND_SECTION
1	0
2	2
3	2
4	4
5	9
6	7
7	7
8	7
9	6
10	9
11	12
12	5
13	4
14	6
15	7
16	4
17	5
18	3
19	7
20	10
21	6
22	15
23	7
24	10
25	9
26	5
27	7
28	9
29	6
30	6
31	5
32	5
33	9
34	4
35	5
36	6
37	6
38	4
39	6
40	3
41	6
42	5
43	10
44	3
45	5
46	7
47	7
48	7
49	9
50	4
51	14
52	5
53	7
54	8
55	13
56	4
57	3
58	7
59	4
60	6
61	12
62	7
63	11
64	7
65	5
66	9
67	14
68	6
69	6
70	7
71	12
72	4
73	4
74	10
75	11
76	11
77	4
78	5
79	4
80	6
81	6
82	5
83	9
84	9
85	5
86	7
87	9
88	7
89	4
90	4
91	5
92	7
93	5
94	7
95	6
96	5
97	5
98	10
99	4
100	11
101	4
102	11
103	7
104	6
105	7
106	5
107	7
108	9
109	5
110	3
111	7
112	7
113	11
114	3
115	9
116	12
117	10
118	7
119	9
120	5
121	11
122	4
123	7
124	5
125	4
126	4
127	6
128	5
129	5
130	7
131	6
132	13
133	4
134	5
135	4
136	9
137	8
138	4
139	12
140	7
141	3
142	5
143	6
144	7
145	10
146	16
147	4
148	5
149	8
150	6
151	3
152	3
153	4
154	11
155	8
156	5
157	6
158	13
159	6
160	7
161	7
162	3
163	5
164	12
165	10
166	6
167	9
168	10
169	7
170	12
171	6
172	3
173	2
174	6
175	5
176	10
177	6
178	7
179	10
180	6
181	6
182	10
183	8
184	7
185	4
186	5
187	6
188	10
189	11
190	7
191	4
192	7
193	4
194	5
195	8
196	9
197	14
198	16
199	4
200	3
201	12
202	5
203	6
204	5
205	4
206	7
207	7
208	5
209	7
210	8
211	8
212	8
213	2
214	6
215	4
216	5
217	9
218	7
219	7
220	9
221	10
222	6
223	3
224	6
225	8
226	2
227	6
228	5
229	6
230	9
231	8
232	5
233	10
234	5
235	5
236	3
237	8
238	7
239	7
240	6
241	15
242	6
243	4
244	4
245	14
246	10
247	9
248	3
249	8
250	3
251	8
252	11
253	4
254	4
255	5
256	8
257	5
258	4
259	6
260	6
261	10
262	7
263	7
264	7
265	3
266	5
267	4
268	7
269	14
270	5
271	4
272	7
273	10
274	4
275	8
276	4
277	9
278	7
279	6
280	5
281	5
282	8
283	10
284	5
285	6
286	7
287	7
288	12
289	5
290	9
291	7
292	6
293	4
294	9
295	5
296	7
297	5
298	7
299	4
300	12
301	4
302	5
303	6
304	7
305	4
306	10
307	7
308	9
309	7
310	9
311	7
312	7
313	10
314	4
315	5
316	5
317	10
318	5
319	9
320	5
321	4
322	6
323	7
324	8
325	7
326	5
327	4
328	6
329	7
330	9
331	7
332	6
333	4
334	7
335	6
336	5
337	9
338	7
339	7
340	6
341	8
342	4
343	5
344	7
345	4
346	4
347	9
348	10
349	7
350	10
351	6
352	4
353	7
354	4
355	7
356	4
357	6
358	8
359	5
360	4
361	6
362	10
363	4
364	3
365	4
366	5
367	3
368	4
369	9
370	8
371	8
372	7
373	5
374	6
375	4
376	9
377	4
378	5
379	6
380	8
381	4
382	4
383	4
384	4
385	11
386	7
387	10
388	10
389	10
390	5
391	5
392	7
393	11
394	4
395	12
396	9
397	9
398	3
399	7
400	11
401	5
402	10
403	9
404	3
405	7
406	4
407	4
408	9
409	10
410	9
411	4
412	10
413	4
414	12
415	4
416	7
417	14
418	5
419	5
420	9
421	4
422	6
423	9
424	4
425	4
426	10
427	7
428	10
429	7
430	6
431	3
432	4
433	9
434	8
435	6
436	2
437	7
438	5
439	5
440	5
441	5
442	7
443	6
444	4
445	8
446	10
447	6
448	3
449	4
450	10
451	7
452	5
453	12
454	12
455	7
456	8
457	5
458	7
459	6
460	6
461	8
462	5
463	3
464	3
465	5
466	10
467	9
468	12
469	7
470	4
471	9
472	4
473	4
474	6
475	8
476	4
477	7
478	6
479	4
480	7
481	7
482	4
483	14
484	4
485	8
486	8
487	8
488	5
489	5
490	9
491	10
492	6
493	6
494	9
495	7
496	14
497	3
498	4
499	9
500	9
501	2
502	3
503	3
504	13
505	7
506	4
507	13
508	6
509	4
510	6
511	2
512	9
513	5
514	10
515	12
516	12
517	6
518	5
519	5
520	23
521	10
522	6
523	7
524	13
525	11
526	7
527	4
528	11
529	4
530	10
531	6
532	12
533	15
534	5
535	6
536	4
537	3
538	3
539	8
540	4
541	3
542	6
543	7
544	5
545	4
546	6
547	10
548	5
549	7
550	4
551	6
552	6
553	4
554	5
555	9
556	4
557	7
558	8
559	9
560	7
561	9
562	3
563	7
564	12
565	5
566	5
567	3
568	9
569	5
570	9
571	7
572	7
573	9
574	8
575	12
576	8
577	2
578	10
579	4
580	9
581	6
582	5
583	7
584	7
585	4
586	3
587	8
588	4
589	5
590	7
591	22
592	5
593	9
594	5
595	7
596	4
597	7
598	12
599	9
600	6
601	7
602	7
603	3
604	6
605	6
606	8
607	5
608	7
609	9
610	5
611	3
612	6
613	6
614	6
615	4
616	6
617	7
618	4
619	13
620	3
621	10
622	8
623	5
624	6
625	12
626	4
627	5
628	14
629	7
630	8
631	5
632	8
633	10
634	4
635	13
636	7
637	5
638	5
639	7
640	14
641	10
642	5
643	7
644	9
645	4
646	6
647	29
648	7
649	13
650	5
651	8
652	4
653	4
654	13
655	9
656	6
657	9
658	6
659	11
660	13
661	11
662	7
663	11
664	8
665	10
666	10
667	4
668	7
669	9
670	11
671	10
672	12
673	4
674	4
675	5
676	6
677	4
678	8
679	10
680	6
681	9
682	5
683	8
684	6
685	8
686	8
687	6
688	6
689	8
690	6
691	4
692	4
693	6
694	4
695	4
696	5
697	12
698	8
699	3
700	7
701	6
702	6
703	5
704	7
705	5
706	8
707	6
708	8
709	5
710	12
711	9
712	6
713	10
714	3
715	10
716	9
717	7
718	4
719	5
720	6
721	4
722	5
723	6
724	7
725	7
726	3
727	5
728	3
729	10
730	6
731	9
732	8
733	3
734	6
735	7
736	5
737	7
738	8
739	8
740	12
741	7
742	7
743	5
744	9
745	4
746	8
747	5
748	4
749	5
750	8
751	6
752	10
753	16
754	10
755	10
756	4
757	6
758	7
759	6
760	4
761	5
762	6
763	6
764	8
765	12
766	13
767	15
768	5
769	4
770	5
771	10
772	5
773	8
774	9
775	4
776	4
777	7
778	15
779	6
780	6
781	6
782	12
783	4
784	6
785	5
786	7
787	12
788	6
789	6
790	11
791	7
792	8
793	4
794	6
795	4
796	10
797	6
798	6
799	7
800	4
801	4
802	6
803	6
804	3
805	3
806	5
807	7
808	7
809	4
810	4
811	6
812	10
813	11
814	7
815	10
816	6
817	6
818	7
819	4
820	10
821	7
822	7
823	8
824	4
825	4
826	4
827	6
828	14
829	4
830	5
831	11
832	5
833	9
834	9
835	4
836	7
837	6
838	8
839	5
840	4
841	4
842	6
843	6
844	10
845	9
846	5
847	7
DEPOT_SECTION
1
-1
SERVICE_TIME_SECTION
1	0
2	1500
3	780
4	600
5	840
6	540
7	780
8	840
9	540
10	480
11	780
12	480
13	600
14	840
15	660
16	480
17	600
18	360
19	420
20	360
21	660
22	540
23	600
24	480
25	480
26	420
27	480
28	840
29	600
30	420
31	360
32	660
33	660
34	660
35	420
36	300
37	420
38	240
39	420
40	360
41	300
42	840
43	840
44	900
45	300
46	600
47	420
48	660
49	300
50	600
51	780
52	600
53	240
54	780
55	480
56	480
57	660
58	360
59	900
60	720
61	600
62	300
63	660
64	540
65	600
66	900
67	600
68	660
69	480
70	360
71	900
72	420
73	1080
74	540
75	540
76	660
77	360
78	780
79	900
80	540
81	780
82	780
83	720
84	480
85	420
86	600
87	480
88	480
89	720
90	420
91	540
92	360
93	600
94	420
95	660
96	420
97	900
98	480
99	360
100	660
101	420
102	300
103	420
104	420
105	480
106	660
107	420
108	1260
109	360
110	480
111	480
112	600
113	1140
114	1080
115	720
116	240
117	540
118	540
119	420
120	480
121	600
122	600
123	300
124	300
125	840
126	600
127	540
128	540
129	720
130	300
131	600
132	360
133	420
134	480
135	420
136	480
137	900
138	960
139	1140
140	660
141	540
142	600
143	420
144	600
145	540
146	480
147	780
148	840
149	600
150	240
151	900
152	480
153	300
154	660
155	360
156	300
157	660
158	600
159	480
160	600
161	540
162	840
163	600
164	420
165	720
166	480
167	600
168	480
169	240
170	360
171	660
172	660
173	300
174	480
175	480
176	480
177	600
178	900
179	900
180	540
181	540
182	780
183	480
184	540
185	300
186	360
187	900
188	540
189	600
190	360
191	300
192	600
193	480
194	720
195	600
196	480
197	600
198	660
199	540
200	600
201	420
202	540
203	900
204	420
205	540
206	540
207	480
208	420
209	780
210	480
211	480
212	540
213	720
214	660
215	480
216	600
217	600
218	360
219	240
220	900
221	300
222	720
223	300
224	300
225	540
226	300
227	480
228	1020
229	480
230	600
231	480
232	540
233	360
234	600
235	720
236	420
237	720
238	240
239	600
240	540
241	360
242	540
243	240
244	420
245	600
246	660
247	780
248	420
249	540
250	720
251	660
252	480
253	540
254	420
255	360
256	540
257	540
258	420
259	660
260	900
261	660
262	240
263	480
264	480
265	600
266	420
267	360
268	240
269	360
270	540
271	600
272	360
273	420
274	540
275	420
276	360
277	840
278	420
279	360
280	480
281	540
282	900
283	360
284	360
285	900
286	540
287	540
288	1500
289	540
290	480
291	540
292	480
293	660
294	540
295	540
296	720
297	1080
298	720
299	660
300	300
301	720
302	420
303	600
304	600
305	900
306	480
307	300
308	660
309	840
310	540
311	480
312	720
313	600
314	420
315	600
316	780
317	420
318	480
319	480
320	360
321	840
322	600
323	540
324	420
325	540
326	480
327	720
328	480
329	420
330	720
331	720
332	840
333	480
334	540
335	660
336	600
337	660
338	720
339	420
340	540
341	480
342	300
343	600
344	540
345	540
346	900
347	600
348	600
349	540
350	480
351	1500
352	480
353	480
354	1020
355	900
356	420
357	600
358	300
359	840
360	240
361	900
362	660
363	840
364	780
365	480
366	480
367	660
368	600
369	540
370	660
371	240
372	780
373	480
374	360
375	660
376	300
377	480
378	420
379	480
380	480
381	600
382	900
383	840
384	600
385	360
386	420
387	420
388	360
389	720
390	420
391	660
392	360
393	660
394	360
395	420
396	420
397	300
398	420
399	300
400	540
401	300
402	420
403	540
404	540
405	600
406	360
407	660
408	480
409	360
410	600
411	840
412	360
413	660
414	360
415	360
416	660
417	420
418	660
419	420
420	1140
421	360
422	480
423	360
424	540
425	840
426	600
427	300
428	900
429	480
430	540
431	540
432	360
433	300
434	300
435	420
436	360
437	600
438	900
439	660
440	300
441	480
442	300
443	600
444	540
445	480
446	900
447	360
448	420
449	900
450	660
451	780
452	480
453	720
454	780
455	360
456	300
457	600
458	780
459	420
460	600
461	780
462	480
463	660
464	420
465	480
466	600
467	600
468	420
469	480
470	540
471	720
472	840
473	1260
474	840
475	1080
476	420
477	660
478	360
479	780
480	720
481	600
482	360
483	660
484	600
485	300
486	1020
487	480
488	600
489	360
490	600
491	540
492	480
493	360
494	420
495	300
496	420
497	840
498	420
499	360
500	600
501	420
502	540
503	600
504	900
505	420
506	1020
507	540
508	300
509	900
510	900
511	360
512	420
513	600
514	780
515	300
516	840
517	660
518	360
519	780
520	480
521	780
522	540
523	780
524	600
525	540
526	540
527	840
528	1740
529	420
530	600
531	600
532	420
533	540
534	540
535	780
536	480
537	720
538	420
539	720
540	300
541	660
542	360
543	360
544	540
545	420
546	420
547	480
548	600
549	480
550	420
551	600
552	660
553	540
554	660
555	480
556	480
557	300
558	360
559	240
560	720
561	660
562	480
563	840
564	240
565	480
566	540
567	360
568	480
569	420
570	480
571	240
572	660
573	600
574	780
575	600
576	420
577	420
578	360
579	480
580	660
581	420
582	840
583	480
584	600
585	240
586	600
587	540
588	540
589	540
590	780
591	480
592	840
593	720
594	240
595	600
596	480
597	900
598	480
599	420
600	420
601	600
602	840
603	720
604	840
605	600
606	1500
607	1080
608	360
609	360
610	600
611	720
612	360
613	600
614	480
615	420
616	540
617	540
618	420
619	600
620	360
621	480
622	420
623	540
624	420
625	540
626	660
627	540
628	660
629	720
630	360
631	660
632	540
633	720
634	360
635	480
636	480
637	480
638	420
639	840
640	660
641	540
642	540
643	480
644	360
645	600
646	480
647	900
648	420
649	1080
650	360
651	540
652	480
653	480
654	600
655	420
656	540
657	840
658	660
659	360
660	420
661	480
662	420
663	840
664	720
665	480
666	540
667	660
668	600
669	300
670	660
671	420
672	360
673	600
674	660
675	420
676	480
677	1020
678	600
679	300
680	900
681	300
682	360
683	660
684	600
685	1140
686	480
687	360
688	660
689	660
690	660
691	780
692	660
693	420
694	420
695	600
696	480
697	540
698	660
699	660
700	420
701	660
702	540
703	480
704	540
705	900
706	720
707	600
708	900
709	360
710	420
711	600
712	1740
713	420
714	420
715	300
716	600
717	420
718	1080
719	1740
720	600
721	900
722	480
723	600
724	540
725	600
726	540
727	480
728	840
729	540
730	540
731	360
732	540
733	360
734	600
735	300
736	240
737	480
738	420
739	660
740	540
741	540
742	420
743	420
744	420
745	480
746	480
747	300
748	420
749	960
750	600
751	900
752	420
753	540
754	420
755	420
756	420
757	660
758	1020
759	480
760	480
761	600
762	360
763	600
764	300
765	540
766	780
767	300
768	420
769	600
770	420
771	660
772	480
773	480
774	720
775	600
776	660
777	780
778	660
779	540
780	360
781	540
782	660
783	420
784	420
785	960
786	480
787	540
788	600
789	420
790	720
791	600
792	900
793	660
794	540
795	480
796	480
797	720
798	360
799	480
800	660
801	480
802	480
803	660
804	900
805	360
806	900
807	600
808	480
809	540
810	420
811	300
812	480
813	360
814	780
815	540
816	600
817	900
818	900
819	300
820	300
821	540
822	540
823	900
824	540
825	1020
826	900
827	360
828	540
829	660
830	660
831	660
832	480
833	600
834	840
835	900
836	660
837	840
838	540
839	660
840	420
841	660
842	720
843	660
844	660
845	600
846	540
847	600
TIME_WINDOW_SECTION
1	0	45000
2	9000	16200
3	19800	27000
4	16200	23400
5	5400	12600
6	19800	27000
7	23400	30600
8	23400	30600
9	12600	19800
10	12600	19800
11	16200	23400
12	5400	12600
13	5400	12600
14	19800	27000
15	7200	29700
16	19800	27000
17	7200	30600
18	16200	23400
19	12600	19800
20	9000	15300
21	16200	23400
22	23400	30600
23	5400	12600
24	7200	30600
25	12600	19800
26	12600	19800
27	7200	30600
28	23400	30600
29	12600	19800
30	16200	23400
31	23400	30600
32	19800	27000
33	16200	23400
34	9000	16200
35	9000	16200
36	19800	27000
37	23400	30600
38	23400	30600
39	9000	16200
40	19800	27000
41	7200	30600
42	23400	30600
43	12600	19800
44	12600	19800
45	12600	19800
46	12600	18900
47	16200	23400
48	7200	30600
49	12600	19800
50	19800	27000
51	16200	23400
52	9000	16200
53	16200	22500
54	12600	19800
55	16200	23400
56	16200	23400
57	9000	16200
58	23400	30600
59	5400	12600
60	16200	23400
61	12600	19800
62	7200	30600
63	19800	27000
64	23400	30600
65	5400	12600
66	23400	30600
67	12600	19800
68	23400	29700
69	19800	27000
70	23400	30600
71	23400	30600
72	19800	27000
73	19800	27000
74	5400	12600
75	23400	30600
76	19800	27000
77	9000	15300
78	19800	27000
79	23400	30600
80	19800	27000
81	5400	12600
82	7200	30600
83	12600	19800
84	7200	29700
85	23400	30600
86	5400	12600
87	7200	30600
88	7200	30600
89	19800	27000
90	23400	30600
91	9000	16200
92	19800	27000
93	23400	30600
94	9000	16200
95	23400	30600
96	23400	30600
97	16200	23400
98	5400	12600
99	9000	16200
100	12600	19800
101	9000	16200
102	16200	23400
103	7200	30600
104	5400	12600
105	7200	30600
106	23400	30600
107	5400	12600
108	9000	16200
109	16200	23400
110	16200	23400
111	5400	12600
112	9000	16200
113	19800	27000
114	7200	30600
115	5400	12600
116	12600	18900
117	5400	12600
118	12600	19800
119	23400	30600
120	7200	29700
121	7200	30600
122	9000	16200
123	12600	19800
124	12600	19800
125	16200	23400
126	9000	16200
127	7200	30600
128	9000	16200
129	16200	23400
130	19800	27000
131	9000	16200
132	23400	30600
133	16200	23400
134	23400	30600
135	9000	16200
136	12600	19800
137	9000	16200
138	19800	27000
139	23400	30600
140	7200	30600
141	19800	27000
142	12600	19800
143	12600	19800
144	12600	19800
145	9000	16200
146	9000	16200
147	5400	12600
148	12600	19800
149	16200	23400
150	23400	30600
151	9000	16200
152	7200	30600
153	9000	16200
154	23400	30600
155	16200	27000
156	9000	16200
157	16200	22500
158	12600	19800
159	9000	16200
160	7200	30600
161	16200	23400
162	23400	30600
163	23400	30600
164	9000	16200
165	23400	30600
166	23400	30600
167	12600	19800
168	5400	12600
169	5400	12600
170	16200	23400
171	19800	27000
172	5400	12600
173	23400	30600
174	19800	27000
175	12600	19800
176	5400	12600
177	5400	11700
178	9000	16200
179	19800	27000
180	12600	19800
181	5400	12600
182	16200	23400
183	12600	19800
184	5400	12600
185	19800	27000
186	7200	30600
187	5400	12600
188	7200	30600
189	19800	27000
190	9000	16200
191	16200	22500
192	12600	19800
193	7200	30600
194	9000	16200
195	9000	16200
196	7200	30600
197	5400	12600
198	12600	19800
199	5400	12600
200	5400	12600
201	12600	19800
202	19800	27000
203	23400	30600
204	23400	30600
205	16200	27000
206	5400	12600
207	12600	19800
208	16200	23400
209	7200	30600
210	23400	30600
211	16200	27000
212	9000	16200
213	7200	30600
214	19800	27000
215	5400	12600
216	9000	16200
217	23400	30600
218	19800	27000
219	19800	27000
220	16200	23400
221	5400	12600
222	12600	19800
223	19800	27000
224	19800	27000
225	23400	30600
226	16200	22440
227	12600	19800
228	9000	16200
229	19800	27000
230	23400	30600
231	7200	30600
232	12600	19800
233	9000	16200
234	9000	16200
235	5400	12600
236	9000	16200
237	7200	30600
238	9000	16200
239	19800	27000
240	23400	30600
241	16200	23400
242	23400	30600
243	7200	30600
244	9000	16200
245	19800	27000
246	7200	30600
247	23400	30600
248	16200	23400
249	5400	12600
250	19800	27000
251	16200	23400
252	7200	30600
253	12600	19800
254	23400	30600
255	9000	16200
256	23400	30600
257	9000	16200
258	7200	29700
259	12600	19800
260	23400	30600
261	19800	27000
262	19800	27000
263	9000	16200
264	7200	30600
265	19800	27000
266	16200	23400
267	7200	30600
268	7200	30600
269	12600	19800
270	7200	29700
271	19800	27000
272	7200	30600
273	23400	30600
274	5400	12600
275	7200	30600
276	19800	27000
277	12600	19800
278	12600	19800
279	23400	30600
280	5400	12600
281	9000	16200
282	5400	12600
283	7200	30600
284	5400	12600
285	12600	19800
286	7200	30600
287	9000	16200
288	16200	23400
289	12600	19800
290	12600	19800
291	7200	29700
292	12600	19800
293	7200	30600
294	16200	22500
295	12600	19800
296	7200	30600
297	23400	30600
298	19800	27000
299	19800	27000
300	19800	27000
301	16200	27000
302	16200	23400
303	12600	19800
304	23400	30600
305	19800	27000
306	12600	19800
307	9000	16200
308	19800	27000
309	12600	19800
310	9000	16200
311	9000	16200
312	12600	19800
313	9000	16200
314	19800	27000
315	19800	27000
316	23400	30600
317	16200	23400
318	16200	23400
319	12600	19800
320	12600	19800
321	9000	16200
322	23400	30600
323	7200	30600
324	7200	30600
325	16200	23400
326	16200	23400
327	16200	23400
328	9000	16200
329	23400	30600
330	9000	16200
331	7200	29700
332	5400	12600
333	19800	27000
334	7200	30600
335	9000	16200
336	9000	16200
337	12600	19800
338	19800	27000
339	16200	23400
340	23400	30600
341	9000	16200
342	9000	16200
343	9000	16200
344	19800	27000
345	5400	12600
346	5400	12600
347	9000	15300
348	12600	19800
349	9000	16200
350	16200	23400
351	16200	23400
352	19800	27000
353	9000	16200
354	16200	23400
355	16200	27000
356	5400	12600
357	19800	27000
358	16200	27000
359	23400	30600
360	7200	30600
361	9000	16200
362	16200	23400
363	9000	16200
364	16200	23400
365	23400	30600
366	19800	27000
367	12600	19800
368	5400	12600
369	9000	16200
370	16200	23400
371	5400	12600
372	16200	23400
373	16200	22440
374	7200	30600
375	19800	27000
376	12600	19800
377	9000	16200
378	19800	27000
379	23400	30600
380	23400	30600
381	9000	16200
382	16200	23400
383	16200	23400
384	23400	30600
385	19800	27000
386	23400	30600
387	9000	16200
388	16200	23400
389	5400	12600
390	7200	29700
391	16200	23400
392	16200	23400
393	19800	27000
394	19800	27000
395	12600	19800
396	5400	12600
397	19800	27000
398	12600	19800
399	9000	16200
400	16200	23400
401	16200	23400
402	19800	27000
403	9000	15300
404	16200	23400
405	19800	27000
406	9000	16200
407	12600	19800
408	19800	27000
409	16200	23400
410	9000	16200
411	23400	30600
412	7200	29700
413	19800	27000
414	12600	19800
415	12600	19800
416	7200	30600
417	16200	23400
418	7200	30600
419	16200	23400
420	12600	19800
421	9000	16200
422	12600	19800
423	9000	16200
424	12600	19800
425	23400	30600
426	9000	16200
427	7200	30600
428	16200	23400
429	19800	27000
430	7200	30600
431	23400	30600
432	9000	19800
433	7200	30600
434	12600	19800
435	16200	23400
436	9000	16200
437	12600	19800
438	23400	30600
439	23400	30600
440	23400	30600
441	12600	19800
442	12600	18900
443	7200	30600
444	12600	19800
445	9000	19800
446	19800	27000
447	12600	19800
448	9000	16200
449	19800	27000
450	12600	19800
451	16200	23400
452	9000	16200
453	23400	30600
454	16200	23400
455	7200	30600
456	19800	27000
457	16200	23400
458	9000	16200
459	19800	27000
460	9000	16200
461	23400	30600
462	16200	23400
463	12600	19800
464	12600	18900
465	9000	16200
466	16200	23400
467	9000	16200
468	16200	23400
469	9000	16200
470	23400	30600
471	12600	19800
472	16200	23400
473	19800	27000
474	16200	23400
475	12600	19800
476	7200	30600
477	7200	30600
478	16200	23400
479	19800	27000
480	9000	16200
481	23400	30600
482	19800	27000
483	12600	19800
484	23400	30600
485	23400	30600
486	19800	27000
487	16200	23400
488	23400	30600
489	16200	23400
490	12600	19800
491	23400	30600
492	23400	30600
493	23400	30600
494	19800	27000
495	23400	30600
496	7200	29700
497	16200	23400
498	7200	30600
499	19800	27000
500	9000	16200
501	12600	19800
502	7200	30600
503	19800	27000
504	16200	23400
505	23400	30600
506	19800	27000
507	12600	19800
508	7200	30600
509	12600	18900
510	9000	16200
511	7200	30600
512	7200	30600
513	23400	30600
514	9000	16200
515	7200	29700
516	16200	23400
517	16200	23400
518	12600	19800
519	19800	27000
520	7200	30600
521	12600	19800
522	23400	30600
523	23400	30600
524	12600	19800
525	12600	19800
526	23400	30600
527	7200	30600
528	23400	30600
529	16200	23400
530	12600	19800
531	23400	29700
532	23400	30600
533	12600	19800
534	19800	27000
535	19800	27000
536	16200	23400
537	7200	30600
538	7200	30600
539	16200	23400
540	9000	16200
541	7200	30600
542	12600	19800
543	16200	23400
544	19800	27000
545	12600	19800
546	19800	27000
547	12600	19800
548	23400	30600
549	19800	27000
550	23400	30600
551	7200	30600
552	16200	23400
553	9000	16200
554	16200	23400
555	23400	30600
556	9000	16200
557	19800	27000
558	16200	23400
559	16200	23400
560	23400	30600
561	7200	30600
562	16200	23400
563	12600	19800
564	12600	19800
565	16200	23400
566	19800	27000
567	7200	30600
568	23400	30600
569	16200	23400
570	12600	19800
571	16200	23400
572	16200	23400
573	12600	19800
574	19800	27000
575	16200	23400
576	12600	19800
577	7200	30600
578	12600	19800
579	23400	30600
580	23400	30600
581	23400	30600
582	16200	23400
583	7200	30600
584	19800	27000
585	19800	27000
586	16200	23400
587	12600	19800
588	16200	23400
589	12600	19800
590	19800	27000
591	23400	30600
592	16200	22440
593	19800	27000
594	23400	30600
595	23400	30600
596	12600	19800
597	16200	23400
598	12600	19800
599	19800	27000
600	7200	30600
601	23400	30600
602	7200	30600
603	19800	27000
604	12600	19800
605	19800	27000
606	16200	23400
607	12600	19800
608	23400	30600
609	12600	19800
610	16200	23400
611	19800	27000
612	12600	19800
613	23400	30600
614	12600	19800
615	23400	30600
616	7200	30600
617	12600	19800
618	7200	30600
619	7200	30600
620	12600	19800
621	19800	27000
622	7200	30600
623	12600	19800
624	23400	30600
625	23400	30600
626	7200	30600
627	12600	19800
628	16200	23400
629	16200	27000
630	12600	19800
631	16200	23400
632	16200	23400
633	19800	27000
634	23400	30600
635	16200	23400
636	16200	23400
637	16200	23400
638	7200	30600
639	19800	27000
640	16200	22500
641	23400	30600
642	12600	19800
643	7200	30600
644	12600	19800
645	7200	30600
646	19800	27000
647	12600	19800
648	12600	19800
649	16200	23400
650	23400	30600
651	23400	30600
652	23400	30600
653	19800	27000
654	23400	30600
655	12600	19800
656	23400	30600
657	19800	27000
658	7200	30600
659	19800	27000
660	16200	23400
661	23400	30600
662	7200	30600
663	12600	19800
664	23400	30600
665	23400	30600
666	12600	19800
667	19800	27000
668	7200	30600
669	7200	30600
670	16200	23400
671	7200	30600
672	19800	27000
673	23400	30600
674	19800	27000
675	23400	30600
676	23400	30600
677	7200	30600
678	19800	27000
679	7200	30600
680	19800	27000
681	19800	27000
682	19800	27000
683	12600	19800
684	23400	30600
685	12600	19800
686	23400	30600
687	23400	30600
688	16200	23400
689	16200	27000
690	7200	30600
691	19800	27000
692	19800	27000
693	19800	27000
694	23400	30600
695	16200	23400
696	7200	30600
697	23400	30600
698	23400	30600
699	19800	27000
700	16200	23400
701	23400	30600
702	7200	30600
703	19800	27000
704	16200	23400
705	16200	23400
706	19800	27000
707	23400	30600
708	19800	27000
709	23400	30600
710	16200	23400
711	19800	27000
712	23400	30600
713	16200	23400
714	19800	27000
715	7200	30600
716	16200	23400
717	19800	26100
718	19800	27000
719	16200	23400
720	23400	30600
721	16200	23400
722	23400	30600
723	7200	30600
724	23400	30600
725	23400	30600
726	23400	30600
727	19800	27000
728	16200	23400
729	23400	29700
730	16200	23400
731	7200	30600
732	23400	30600
733	16200	23400
734	19800	27000
735	16200	23400
736	7200	30600
737	7200	30600
738	7200	30600
739	19800	27000
740	23400	30600
741	16200	23400
742	19800	27000
743	19800	27000
744	19800	27000
745	16200	23400
746	19800	27000
747	23400	30600
748	23400	30600
749	23400	30600
750	7200	30600
751	23400	30600
752	16200	23400
753	7200	30600
754	19800	27000
755	16200	27000
756	16200	23400
757	16200	23400
758	19800	27000
759	23400	30600
760	16200	23400
761	23400	30600
762	7200	30600
763	7200	30600
764	16200	23400
765	19800	27000
766	23400	30600
767	7200	30600
768	23400	30600
769	19800	27000
770	7200	29700
771	19800	27000
772	23400	30600
773	19800	27000
774	23400	30600
775	7200	29700
776	16200	23400
777	19800	27000
778	23400	30600
779	16200	22500
780	23400	30600
781	16200	23400
782	19800	27000
783	7200	30600
784	19800	27000
785	19800	27000
786	23400	30600
787	16200	23400
788	19800	27000
789	19800	27000
790	19800	27000
791	23400	30600
792	23400	30600
793	16200	23400
794	23400	30600
795	23400	30600
796	16200	23400
797	23400	30600
798	23400	30600
799	7200	30600
800	19800	27000
801	16200	23400
802	19800	27000
803	7200	30600
804	19800	27000
805	16200	23400
806	7200	30600
807	7200	30600
808	23400	30600
809	7200	30600
810	7200	30600
811	7200	29700
812	19800	27000
813	19800	27000
814	23400	30600
815	19800	27000
816	7200	30600
817	23400	30600
818	16200	27000
819	19800	27000
820	23400	30600
821	23400	30600
822	23400	30600
823	23400	30600
824	19800	27000
825	7200	30600
826	23400	30600
827	7200	30600
828	7200	30600
829	7200	30600
830	23400	30600
831	19800	27000
832	19800	27000
833	19800	27000
834	19800	27000
835	7200	30600
836	23400	30600
837	19800	27000
838	7200	30600
839	19800	27000
840	19800	27000
841	19800	27000
842	7200	30600
843	19800	27000
844	23400	30600
845	7200	30600
846	7200	30600
847	19800	27000
RELEASE_TIME_SECTION
1	0
2	5400
3	5400
4	5400
5	5400
6	5400
7	5400
8	5400
9	5400
10	5400
11	5400
12	5400
13	5400
14	5400
15	5400
16	5400
17	5400
18	5400
19	5400
20	5400
21	5400
22	5400
23	5400
24	5400
25	5400
26	5400
27	5400
28	5400
29	5400
30	5400
31	5400
32	5400
33	5400
34	5400
35	5400
36	5400
37	5400
38	5400
39	5400
40	5400
41	5400
42	5400
43	5400
44	5400
45	5400
46	5400
47	5400
48	5400
49	5400
50	5400
51	5400
52	5400
53	5400
54	5400
55	5400
56	5400
57	5400
58	5400
59	5400
60	5400
61	5400
62	5400
63	5400
64	5400
65	5400
66	5400
67	5400
68	5400
69	5400
70	5400
71	5400
72	5400
73	5400
74	5400
75	5400
76	5400
77	5400
78	5400
79	5400
80	5400
81	5400
82	5400
83	5400
84	5400
85	5400
86	5400
87	5400
88	5400
89	5400
90	5400
91	5400
92	5400
93	5400
94	5400
95	5400
96	5400
97	5400
98	5400
99	5400
100	5400
101	5400
102	7200
103	7200
104	7200
105	7200
106	7200
107	7200
108	7200
109	7200
110	7200
111	7200
112	7200
113	7200
114	7200
115	7200
116	7200
117	7200
118	7200
119	7200
120	7200
121	7200
122	7200
123	7200
124	7200
125	7200
126	7200
127	7200
128	7200
129	7200
130	7200
131	7200
132	7200
133	7200
134	7200
135	7200
136	7200
137	7200
138	7200
139	7200
140	7200
141	7200
142	7200
143	7200
144	7200
145	7200
146	7200
147	7200
148	7200
149	7200
150	7200
151	7200
152	7200
153	7200
154	7200
155	7200
156	7200
157	7200
158	7200
159	7200
160	7200
161	7200
162	7200
163	7200
164	7200
165	7200
166	7200
167	7200
168	7200
169	7200
170	7200
171	7200
172	7200
173	7200
174	7200
175	7200
176	7200
177	7200
178	7200
179	7200
180	7200
181	7200
182	7200
183	7200
184	7200
185	7200
186	7200
187	7200
188	7200
189	7200
190	7200
191	7200
192	7200
193	7200
194	7200
195	7200
196	7200
197	7200
198	7200
199	7200
200	7200
201	7200
202	9000
203	9000
204	9000
205	9000
206	9000
207	9000
208	9000
209	9000
210	9000
211	9000
212	9000
213	9000
214	9000
215	9000
216	9000
217	9000
218	9000
219	9000
220	9000
221	9000
222	9000
223	9000
224	9000
225	9000
226	9000
227	9000
228	9000
229	9000
230	9000
231	9000
232	9000
233	9000
234	9000
235	9000
236	9000
237	9000
238	9000
239	9000
240	9000
241	9000
242	9000
243	9000
244	9000
245	9000
246	9000
247	9000
248	9000
249	9000
250	9000
251	9000
252	9000
253	9000
254	9000
255	9000
256	9000
257	9000
258	9000
259	9000
260	9000
261	9000
262	9000
263	9000
264	9000
265	9000
266	9000
267	9000
268	9000
269	9000
270	9000
271	9000
272	9000
273	9000
274	9000
275	9000
276	9000
277	9000
278	9000
279	9000
280	9000
281	9000
282	9000
283	9000
284	9000
285	9000
286	9000
287	9000
288	9000
289	9000
290	9000
291	9000
292	9000
293	9000
294	9000
295	9000
296	9000
297	9000
298	9000
299	9000
300	9000
301	9000
302	10800
303	10800
304	10800
305	10800
306	10800
307	10800
308	10800
309	10800
310	10800
311	10800
312	10800
313	10800
314	10800
315	10800
316	10800
317	10800
318	10800
319	10800
320	10800
321	10800
322	10800
323	10800
324	10800
325	10800
326	10800
327	10800
328	10800
329	10800
330	10800
331	10800
332	10800
333	10800
334	10800
335	10800
336	10800
337	10800
338	10800
339	10800
340	10800
341	10800
342	10800
343	10800
344	10800
345	10800
346	10800
347	10800
348	10800
349	10800
350	10800
351	10800
352	10800
353	10800
354	10800
355	10800
356	10800
357	10800
358	10800
359	10800
360	10800
361	10800
362	10800
363	10800
364	10800
365	10800
366	10800
367	10800
368	10800
369	10800
370	10800
371	10800
372	10800
373	10800
374	10800
375	10800
376	10800
377	10800
378	10800
379	10800
380	10800
381	10800
382	10800
383	10800
384	10800
385	10800
386	10800
387	10800
388	10800
389	10800
390	10800
391	10800
392	10800
393	10800
394	10800
395	10800
396	10800
397	10800
398	12600
399	12600
400	12600
401	12600
402	12600
403	12600
404	12600
405	12600
406	12600
407	12600
408	12600
409	12600
410	12600
411	12600
412	12600
413	12600
414	12600
415	12600
416	12600
417	12600
418	12600
419	12600
420	12600
421	12600
422	12600
423	12600
424	12600
425	12600
426	12600
427	12600
428	12600
429	12600
430	12600
431	12600
432	12600
433	12600
434	12600
435	12600
436	12600
437	12600
438	12600
439	12600
440	12600
441	12600
442	12600
443	12600
444	12600
445	12600
446	12600
447	12600
448	12600
449	12600
450	12600
451	12600
452	12600
453	12600
454	12600
455	12600
456	12600
457	12600
458	12600
459	12600
460	12600
461	12600
462	12600
463	12600
464	12600
465	12600
466	12600
467	12600
468	12600
469	12600
470	12600
471	12600
472	12600
473	12600
474	12600
475	12600
476	12600
477	12600
478	12600
479	12600
480	12600
481	12600
482	12600
483	12600
484	12600
485	14400
486	14400
487	14400
488	14400
489	14400
490	14400
491	14400
492	14400
493	14400
494	14400
495	14400
496	14400
497	14400
498	14400
499	14400
500	14400
501	14400
502	14400
503	14400
504	14400
505	14400
506	14400
507	14400
508	14400
509	14400
510	14400
511	14400
512	14400
513	14400
514	14400
515	14400
516	14400
517	14400
518	14400
519	14400
520	14400
521	14400
522	14400
523	14400
524	14400
525	14400
526	14400
527	14400
528	14400
529	14400
530	14400
531	14400
532	14400
533	14400
534	14400
535	14400
536	14400
537	14400
538	14400
539	14400
540	14400
541	14400
542	14400
543	14400
544	14400
545	14400
546	14400
547	14400
548	14400
549	14400
550	14400
551	14400
552	14400
553	14400
554	14400
555	14400
556	14400
557	14400
558	14400
559	14400
560	16200
561	16200
562	16200
563	16200
564	16200
565	16200
566	16200
567	16200
568	16200
569	16200
570	16200
571	16200
572	16200
573	16200
574	16200
575	16200
576	16200
577	16200
578	16200
579	16200
580	16200
581	16200
582	16200
583	16200
584	16200
585	16200
586	16200
587	16200
588	16200
589	16200
590	16200
591	16200
592	16200
593	16200
594	16200
595	16200
596	16200
597	16200
598	16200
599	16200
600	16200
601	16200
602	16200
603	16200
604	16200
605	16200
606	16200
607	16200
608	16200
609	16200
610	16200
611	16200
612	16200
613	16200
614	16200
615	16200
616	16200
617	16200
618	16200
619	16200
620	16200
621	16200
622	16200
623	16200
624	16200
625	16200
626	16200
627	16200
628	16200
629	16200
630	16200
631	16200
632	18000
633	18000
634	18000
635	18000
636	18000
637	18000
638	18000
639	18000
640	18000
641	18000
642	18000
643	18000
644	18000
645	18000
646	18000
647	18000
648	18000
649	18000
650	18000
651	18000
652	18000
653	18000
654	18000
655	18000
656	18000
657	18000
658	18000
659	18000
660	18000
661	18000
662	18000
663	18000
664	18000
665	18000
666	18000
667	18000
668	18000
669	18000
670	18000
671	18000
672	18000
673	18000
674	18000
675	18000
676	18000
677	18000
678	18000
679	18000
680	18000
681	18000
682	18000
683	18000
684	18000
685	18000
686	18000
687	18000
688	18000
689	18000
690	18000
691	18000
692	18000
693	18000
694	18000
695	18000
696	18000
697	18000
698	19800
699	19800
700	19800
701	19800
702	19800
703	19800
704	19800
705	19800
706	19800
707	19800
708	19800
709	19800
710	19800
711	19800
712	19800
713	19800
714	19800
715	19800
716	19800
717	19800
718	19800
719	19800
720	19800
721	19800
722	19800
723	19800
724	19800
725	19800
726	19800
727	19800
728	19800
729	19800
730	19800
731	19800
732	19800
733	19800
734	19800
735	19800
736	19800
737	19800
738	19800
739	19800
740	19800
741	19800
742	19800
743	19800
744	19800
745	19800
746	19800
747	19800
748	19800
749	19800
750	19800
751	19800
752	19800
753	19800
754	19800
755	19800
756	19800
757	19800
758	19800
759	19800
760	19800
761	19800
762	21600
763	21600
764	21600
765	21600
766	21600
767	21600
768	21600
769	21600
770	21600
771	21600
772	21600
773	21600
774	21600
775	21600
776	21600
777	21600
778	21600
779	21600
780	21600
781	21600
782	21600
783	21600
784	21600
785	21600
786	21600
787	21600
788	21600
789	21600
790	21600
791	21600
792	21600
793	21600
794	21600
795	21600
796	21600
797	21600
798	21600
799	21600
800	21600
801	21600
802	21600
803	21600
804	21600
805	21600
806	23400
807	23400
808	23400
809	23400
810	23400
811	23400
812	23400
813	23400
814	23400
815	23400
816	23400
817	23400
818	23400
819	23400
820	23400
821	23400
822	23400
823	23400
824	23400
825	23400
826	23400
827	23400
828	23400
829	23400
830	23400
831	23400
832	23400
833	23400
834	23400
835	23400
836	23400
837	23400
838	23400
839	23400
840	23400
841	23400
842	23400
843	23400
844	23400
845	23400
846	23400
847	23400
EOF
