NAME : ORTEC-VRPTW-ASYM-9b290a2e-d1-n990
TYPE : VRPTW-RT
DIMENSION : 991
EDGE_WEIGHT_TYPE : EUC_2D
CAPACITY : 145
NODE_COORD_SECTION
1	0	5515
2	1474	3384
3	437	6091
4	421	4345
5	1112	3739
6	964	6550
7	630	5382
8	1182	4400
9	916	4311
10	1163	4192
11	485	6226
12	677	4459
13	1079	4275
14	281	6652
15	822	5930
16	1499	3956
17	741	4600
18	411	4451
19	1204	3329
20	1224	6116
21	1111	4647
22	796	6258
23	802	4731
24	491	5320
25	346	4193
26	964	6661
27	856	4641
28	485	4496
29	1470	5730
30	1332	3514
31	749	4571
32	1073	4607
33	1163	4192
34	1187	3297
35	941	4502
36	915	4425
37	772	4147
38	666	6340
39	1118	3694
40	677	5786
41	906	3999
42	1132	6158
43	946	4687
44	935	4271
45	937	3512
46	900	4130
47	491	5320
48	712	6281
49	901	4208
50	605	6388
51	461	4438
52	559	4879
53	839	6267
54	1579	3131
55	240	6621
56	831	4760
57	833	4260
58	1541	5156
59	1379	3528
60	1153	5043
61	1110	3692
62	469	5846
63	769	4356
64	564	5712
65	738	6622
66	334	6346
67	1274	4299
68	416	4477
69	872	4429
70	1102	4174
71	712	6281
72	1471	3606
73	503	6420
74	906	3999
75	631	6379
76	672	5205
77	1579	3475
78	1524	4047
79	1111	4647
80	658	6178
81	813	6346
82	1258	3563
83	1487	3164
84	895	6517
85	872	6015
86	672	5205
87	1014	3846
88	504	5362
89	1277	3403
90	832	5795
91	792	6169
92	1210	3429
93	1579	3475
94	1457	4230
95	679	6180
96	831	4507
97	704	5483
98	1154	4754
99	167	6571
100	1471	3606
101	1223	3651
102	1442	4030
103	1581	5425
104	787	4885
105	994	4079
106	1508	3650
107	1258	3563
108	416	4477
109	1176	4925
110	628	4526
111	1175	3700
112	825	4562
113	465	4369
114	948	4694
115	1085	3260
116	1187	3297
117	1524	4047
118	281	6652
119	687	6411
120	485	4496
121	784	4519
122	1438	4189
123	1107	4276
124	631	6537
125	738	6622
126	1307	3846
127	1165	4318
128	787	4349
129	839	4333
130	1160	3900
131	1187	3297
132	1581	5425
133	1378	3277
134	253	6506
135	334	6346
136	328	6238
137	806	6382
138	469	4511
139	1079	4275
140	1274	4299
141	1332	3514
142	1014	4949
143	899	4436
144	796	6258
145	944	3720
146	1014	3846
147	1524	4047
148	1197	4239
149	1498	4327
150	655	5740
151	952	4553
152	1258	3563
153	602	4397
154	528	5501
155	399	4907
156	630	5382
157	1139	5062
158	1170	3809
159	1258	3563
160	1484	3607
161	1581	5425
162	988	3919
163	686	4597
164	1179	4787
165	1579	3131
166	1450	5422
167	660	5671
168	1379	3528
169	987	4362
170	640	5772
171	1137	4289
172	1131	4700
173	416	4477
174	1457	4230
175	1221	4955
176	770	4526
177	853	4714
178	453	5504
179	739	6393
180	1529	5329
181	924	4464
182	281	6652
183	1267	6021
184	605	6388
185	932	4322
186	975	4393
187	1405	5650
188	901	4208
189	677	5786
190	1223	3651
191	485	6226
192	844	6329
193	465	4369
194	559	4879
195	753	4347
196	631	6379
197	899	4436
198	1349	3758
199	323	5410
200	669	5845
201	974	4298
202	825	4562
203	1215	6107
204	1473	3700
205	1024	4977
206	1015	4643
207	1072	4303
208	1007	3675
209	346	4193
210	1111	4647
211	893	5968
212	263	6354
213	769	4010
214	469	5846
215	1457	4230
216	679	5549
217	1329	3716
218	627	4436
219	911	4497
220	631	6463
221	1149	4388
222	188	6312
223	712	4278
224	773	4503
225	797	6462
226	900	4540
227	833	4260
228	743	4164
229	958	3773
230	381	6098
231	1015	4643
232	1032	3666
233	817	5233
234	796	6258
235	858	4471
236	1456	4331
237	1579	3475
238	1531	3771
239	411	4451
240	802	5830
241	1484	3607
242	1072	4303
243	741	4261
244	528	5501
245	679	6180
246	1112	3739
247	858	4471
248	994	4079
249	431	5742
250	1094	3131
251	1175	3700
252	281	6652
253	425	6776
254	946	4687
255	491	5320
256	298	5667
257	832	5795
258	1223	3651
259	1456	4331
260	1021	3457
261	704	5483
262	1163	4192
263	1468	3241
264	790	4758
265	390	4631
266	784	4519
267	763	4511
268	1438	4189
269	774	6677
270	813	4764
271	998	4400
272	991	4342
273	1002	3792
274	491	4444
275	1420	3177
276	773	4503
277	1104	3380
278	1579	3131
279	633	6112
280	504	5362
281	792	4569
282	817	4766
283	792	4569
284	1163	4192
285	1176	4925
286	679	5549
287	1499	3956
288	946	4687
289	491	5320
290	1021	3457
291	658	6178
292	1187	3297
293	469	5846
294	1084	5082
295	1260	3488
296	1026	4448
297	1680	5289
298	839	4333
299	1170	3809
300	1581	5425
301	1075	3402
302	840	4288
303	935	4271
304	913	5049
305	872	4429
306	932	4322
307	501	4956
308	937	3512
309	753	4347
310	797	6462
311	769	4356
312	802	5830
313	1149	4388
314	738	6622
315	729	5741
316	1015	4643
317	381	6098
318	469	5846
319	935	4271
320	725	5614
321	1267	6021
322	1223	4363
323	841	6349
324	598	5156
325	1541	5156
326	1111	4647
327	1171	3941
328	1197	4239
329	579	4198
330	774	6677
331	704	5483
332	262	6409
333	1541	5156
334	1153	5043
335	787	4349
336	958	3773
337	328	6238
338	931	4320
339	1117	3713
340	391	5394
341	832	4455
342	447	5261
343	381	6098
344	951	3732
345	1590	3454
346	338	6227
347	1619	4504
348	627	6330
349	598	5156
350	473	4466
351	613	5503
352	776	4345
353	224	5441
354	731	5389
355	769	4356
356	895	6517
357	1484	3607
358	1079	4275
359	899	4436
360	1014	4949
361	613	5503
362	1154	4754
363	643	4893
364	411	4451
365	1556	3551
366	605	6388
367	1359	5815
368	482	4516
369	684	6487
370	1349	3758
371	493	5348
372	944	3720
373	998	4400
374	460	5658
375	741	4261
376	1499	3956
377	1431	3161
378	1316	5507
379	582	6247
380	627	4436
381	1105	3961
382	998	4400
383	1171	3941
384	1163	3606
385	1541	4376
386	913	5049
387	831	4760
388	782	4889
389	1032	3666
390	1541	4376
391	1038	5041
392	974	4901
393	465	4369
394	725	5614
395	987	4362
396	964	6661
397	994	4079
398	927	4761
399	769	4356
400	528	5501
401	856	4641
402	421	4345
403	840	4288
404	1215	6107
405	1176	4925
406	769	4356
407	399	4907
408	1044	4420
409	1012	4202
410	1182	4400
411	421	4345
412	1541	5156
413	633	6112
414	1176	3412
415	633	6112
416	1249	6048
417	844	6329
418	471	6226
419	915	4425
420	1267	6021
421	913	5049
422	716	5997
423	485	6226
424	769	4010
425	1380	5864
426	916	4311
427	1329	3716
428	479	5229
429	951	6504
430	907	4737
431	952	4553
432	548	6300
433	1208	6241
434	493	5348
435	1349	3758
436	1508	3650
437	958	3773
438	1154	4754
439	512	5770
440	625	5913
441	1619	4504
442	1495	3301
443	1579	3475
444	695	4414
445	281	6652
446	713	5937
447	1239	3458
448	1197	4239
449	1579	3131
450	937	3512
451	1090	4144
452	1571	3454
453	385	5584
454	851	4524
455	677	5786
456	1564	3617
457	682	6218
458	679	6180
459	1470	5730
460	564	4999
461	1012	4202
462	1581	5425
463	903	4430
464	722	6454
465	916	4311
466	825	6280
467	1239	3458
468	1220	5937
469	731	5389
470	927	4761
471	1332	3514
472	383	6461
473	640	5772
474	789	6269
475	559	4879
476	1021	3457
477	844	6329
478	1571	3454
479	1271	5997
480	1402	5510
481	602	4397
482	907	4737
483	1131	4700
484	1223	4363
485	822	5930
486	906	4356
487	951	6504
488	627	4436
489	702	4609
490	1102	4174
491	784	4519
492	1011	4692
493	599	4226
494	720	4386
495	188	6312
496	627	4436
497	1176	3412
498	541	4065
499	465	4369
500	927	4761
501	1474	3384
502	749	4571
503	964	6516
504	822	5930
505	1155	3894
506	1431	3161
507	1154	4754
508	1112	3739
509	1155	3894
510	901	4208
511	323	5410
512	1065	3513
513	630	5382
514	731	5389
515	494	4357
516	1307	3964
517	1197	4239
518	1027	4365
519	1086	4737
520	1090	4144
521	485	6226
522	1579	3131
523	716	5997
524	1271	5997
525	1079	4275
526	839	4333
527	1179	4787
528	951	3732
529	1031	3791
530	1498	4327
531	1182	4090
532	872	4544
533	469	5846
534	579	4198
535	1102	4174
536	1274	4299
537	1082	4528
538	988	3919
539	1581	5425
540	1529	5329
541	900	4130
542	1249	6048
543	564	4999
544	1002	3792
545	684	6487
546	1038	5041
547	1529	5329
548	504	5362
549	479	5229
550	1257	3579
551	605	6388
552	328	6238
553	573	6274
554	951	3732
555	709	6492
556	1107	4410
557	1274	4299
558	844	6329
559	755	4678
560	630	5382
561	431	5742
562	952	4553
563	1126	4226
564	951	6504
565	1224	6116
566	377	4307
567	787	4885
568	1163	3606
569	677	4459
570	383	6461
571	338	6227
572	631	6463
573	1456	4331
574	802	5830
575	1316	5507
576	716	5997
577	573	6274
578	1541	4376
579	679	5549
580	792	4569
581	598	5156
582	822	5930
583	381	6098
584	1021	3457
585	1079	4275
586	1131	4700
587	704	5483
588	948	3581
589	669	5845
590	1038	5041
591	753	4347
592	822	5930
593	774	6677
594	919	5522
595	1110	3692
596	952	4553
597	695	3929
598	1330	3469
599	607	5785
600	712	4278
601	573	6274
602	1139	5062
603	1107	4410
604	1187	3297
605	324	5367
606	627	6330
607	1438	4189
608	695	4414
609	610	6269
610	1277	3403
611	524	5201
612	338	6227
613	792	4569
614	1208	6241
615	469	4511
616	974	4298
617	1205	3273
618	893	5968
619	338	6227
620	704	5483
621	1014	3846
622	994	4079
623	1498	4327
624	739	6393
625	1302	3463
626	1380	5864
627	224	5441
628	651	6404
629	831	4507
630	677	5786
631	1438	4189
632	1221	4955
633	1457	4230
634	1112	3739
635	524	5201
636	975	4393
637	491	4444
638	479	5229
639	906	3999
640	607	5785
641	991	4342
642	658	6178
643	1516	5364
644	1316	5507
645	630	5382
646	1012	4202
647	1015	4643
648	1182	4400
649	932	4322
650	1359	5815
651	741	4261
652	1084	5082
653	578	6520
654	491	4444
655	511	5771
656	578	6520
657	660	5671
658	1086	4737
659	1067	5056
660	1155	3894
661	383	6461
662	770	4526
663	832	5795
664	832	5795
665	951	6504
666	952	4553
667	504	5362
668	1547	3755
669	1579	3475
670	729	5741
671	776	4345
672	548	6300
673	1065	3513
674	974	4298
675	335	5477
676	941	4502
677	872	4429
678	677	4459
679	813	6346
680	579	4198
681	559	4879
682	872	4544
683	240	6621
684	501	4956
685	769	4410
686	1277	3403
687	825	4562
688	1171	3941
689	831	4507
690	813	4764
691	1307	3846
692	1176	4925
693	893	5968
694	831	4507
695	741	4600
696	610	6269
697	482	4516
698	1027	4365
699	743	4164
700	1154	4754
701	753	4347
702	660	5671
703	1086	4737
704	851	4524
705	1165	4318
706	1073	4607
707	832	5795
708	633	6112
709	974	4901
710	941	4502
711	346	4193
712	1179	4787
713	515	4991
714	958	3773
715	512	5770
716	383	6461
717	346	4193
718	543	5321
719	1002	3792
720	541	4065
721	1556	3551
722	658	6178
723	1431	3161
724	469	4511
725	787	4349
726	1129	4200
727	773	4503
728	324	5367
729	1450	5422
730	709	6492
731	1302	3463
732	602	4397
733	935	4271
734	1220	6049
735	559	4879
736	643	4893
737	1085	3260
738	543	5321
739	1102	4174
740	773	4503
741	806	6382
742	411	4451
743	770	4526
744	469	5846
745	858	4471
746	988	3919
747	1118	3694
748	1330	3469
749	817	5233
750	1210	3429
751	974	4901
752	1456	4331
753	469	4511
754	1470	5730
755	741	4261
756	1263	3196
757	479	6091
758	491	5320
759	1316	5507
760	631	4206
761	610	6269
762	1248	4457
763	1629	4324
764	1624	5073
765	900	4540
766	1016	3862
767	939	4768
768	1167	4243
769	911	4497
770	1090	3284
771	447	5261
772	1471	3606
773	633	6112
774	1481	4317
775	549	4415
776	571	5699
777	1031	3791
778	948	3581
779	713	5937
780	899	4436
781	1171	3941
782	919	5522
783	582	6247
784	1239	3458
785	1022	4501
786	1324	5555
787	1026	4448
788	421	4345
789	948	3685
790	1086	4737
791	1165	4318
792	1224	6116
793	903	4460
794	579	4198
795	1516	5364
796	167	6571
797	1179	4787
798	749	4571
799	722	6454
800	1307	3964
801	579	4198
802	1129	4200
803	1179	4787
804	549	4415
805	1001	3337
806	998	4400
807	473	4466
808	1274	4299
809	503	6420
810	1680	5289
811	582	5370
812	1487	3164
813	695	4414
814	1279	5934
815	651	6404
816	1104	3380
817	1456	4331
818	919	5522
819	958	3773
820	511	5771
821	497	4405
822	1014	4949
823	856	4641
824	893	5968
825	790	4758
826	1529	5329
827	684	6487
828	524	5201
829	1001	3337
830	1165	4318
831	385	5584
832	1110	3692
833	548	6300
834	1215	6107
835	679	5549
836	831	4760
837	485	6226
838	497	4405
839	1457	3701
840	1012	4202
841	1067	5056
842	453	5504
843	1006	3526
844	1090	3284
845	1220	6049
846	991	4342
847	1279	5934
848	1487	3164
849	704	5483
850	493	5348
851	1450	5422
852	913	5049
853	503	6420
854	677	5786
855	334	6346
856	504	5362
857	262	6409
858	224	5441
859	825	4562
860	1129	4200
861	578	6520
862	1274	4299
863	899	4436
864	543	5321
865	899	4436
866	900	4540
867	167	6571
868	1015	4643
869	1349	3758
870	1450	5422
871	1590	3454
872	1129	4200
873	1044	4420
874	725	5614
875	447	5261
876	832	4455
877	902	3692
878	997	6734
879	579	4198
880	997	6734
881	1258	3563
882	512	5770
883	1082	4528
884	425	6776
885	1182	4400
886	695	3929
887	1017	3581
888	964	6550
889	790	4758
890	224	5441
891	958	3773
892	460	5658
893	1471	3606
894	1017	3581
895	1168	5866
896	1167	5989
897	1107	4276
898	631	6379
899	578	6520
900	605	6388
901	335	5477
902	900	4130
903	631	4206
904	1110	3692
905	1267	6021
906	1556	3551
907	224	5441
908	900	4130
909	1112	3739
910	1260	3488
911	1126	4226
912	1450	3638
913	713	5937
914	524	5201
915	1137	4289
916	453	5504
917	1471	3606
918	1221	4955
919	1324	5555
920	813	6346
921	769	4010
922	1205	3273
923	604	5983
924	512	5770
925	1176	3412
926	832	5795
927	631	6463
928	411	4451
929	1220	5937
930	1090	3284
931	1139	5062
932	1044	4420
933	784	4519
934	1184	3699
935	900	4130
936	844	6329
937	900	4540
938	935	4271
939	1379	3528
940	901	4208
941	773	4503
942	944	3720
943	782	4889
944	1176	3412
945	1529	5329
946	686	4597
947	902	3692
948	224	5441
949	666	6340
950	1118	3694
951	1470	5730
952	1541	5156
953	1260	3488
954	1531	3771
955	559	4879
956	377	4307
957	983	4318
958	695	4414
959	1012	4202
960	1011	4692
961	1197	4239
962	604	5983
963	974	4298
964	741	4600
965	1104	3380
966	1012	4202
967	578	6520
968	1541	4376
969	1258	3563
970	1107	4276
971	1153	5043
972	853	4714
973	839	4333
974	471	6226
975	677	5786
976	991	4342
977	643	4893
978	919	5522
979	335	5477
980	1300	4360
981	716	5997
982	578	6520
983	872	4429
984	1223	4363
985	1107	4410
986	1014	4949
987	739	6393
988	722	6454
989	899	4436
990	679	6180
991	1139	5062
DEMAND_SECTION
1	0
2	5
3	4
4	7
5	4
6	7
7	5
8	5
9	5
10	8
11	7
12	6
13	7
14	8
15	6
16	5
17	3
18	12
19	7
20	9
21	9
22	6
23	4
24	6
25	5
26	4
27	5
28	8
29	8
30	5
31	7
32	7
33	6
34	7
35	4
36	7
37	4
38	6
39	10
40	4
41	4
42	8
43	3
44	10
45	7
46	6
47	7
48	5
49	7
50	4
51	5
52	5
53	5
54	5
55	5
56	3
57	10
58	3
59	3
60	6
61	4
62	5
63	4
64	5
65	4
66	3
67	5
68	5
69	4
70	3
71	4
72	4
73	10
74	5
75	4
76	3
77	3
78	4
79	7
80	4
81	6
82	3
83	4
84	4
85	5
86	5
87	4
88	7
89	5
90	6
91	6
92	7
93	7
94	5
95	2
96	5
97	9
98	5
99	6
100	6
101	5
102	5
103	3
104	4
105	5
106	6
107	7
108	7
109	4
110	3
111	15
112	9
113	3
114	9
115	7
116	5
117	4
118	7
119	6
120	3
121	5
122	5
123	5
124	6
125	5
126	5
127	6
128	7
129	9
130	4
131	7
132	5
133	1
134	4
135	5
136	10
137	5
138	7
139	9
140	3
141	5
142	7
143	5
144	8
145	7
146	8
147	7
148	3
149	4
150	4
151	5
152	9
153	6
154	5
155	5
156	3
157	7
158	10
159	6
160	15
161	6
162	5
163	7
164	4
165	4
166	10
167	6
168	4
169	11
170	7
171	5
172	6
173	6
174	5
175	5
176	4
177	7
178	4
179	5
180	5
181	7
182	7
183	6
184	5
185	7
186	6
187	7
188	7
189	2
190	8
191	6
192	5
193	5
194	4
195	9
196	7
197	6
198	8
199	6
200	6
201	9
202	4
203	7
204	4
205	4
206	6
207	5
208	5
209	8
210	4
211	6
212	5
213	4
214	4
215	6
216	4
217	8
218	4
219	3
220	7
221	7
222	2
223	11
224	2
225	5
226	6
227	7
228	5
229	8
230	7
231	5
232	6
233	7
234	4
235	9
236	7
237	5
238	9
239	4
240	14
241	6
242	3
243	4
244	4
245	6
246	5
247	4
248	6
249	7
250	11
251	4
252	4
253	3
254	7
255	4
256	5
257	8
258	3
259	5
260	3
261	7
262	3
263	3
264	5
265	6
266	10
267	5
268	3
269	5
270	5
271	5
272	3
273	4
274	5
275	4
276	3
277	6
278	6
279	7
280	3
281	5
282	4
283	6
284	4
285	4
286	8
287	7
288	4
289	5
290	3
291	7
292	4
293	5
294	7
295	3
296	10
297	9
298	5
299	7
300	3
301	7
302	6
303	10
304	3
305	7
306	6
307	5
308	6
309	5
310	9
311	4
312	5
313	4
314	7
315	4
316	3
317	4
318	6
319	7
320	4
321	5
322	5
323	5
324	7
325	14
326	9
327	5
328	10
329	6
330	3
331	7
332	4
333	7
334	7
335	5
336	2
337	5
338	6
339	5
340	5
341	4
342	5
343	3
344	7
345	4
346	7
347	5
348	8
349	4
350	4
351	5
352	3
353	3
354	4
355	4
356	3
357	4
358	7
359	3
360	10
361	4
362	4
363	5
364	5
365	3
366	7
367	9
368	4
369	7
370	7
371	7
372	3
373	7
374	12
375	4
376	8
377	6
378	6
379	6
380	12
381	3
382	11
383	5
384	6
385	5
386	4
387	2
388	7
389	4
390	5
391	4
392	8
393	4
394	9
395	4
396	6
397	4
398	4
399	4
400	4
401	5
402	3
403	7
404	7
405	6
406	8
407	6
408	3
409	5
410	3
411	4
412	4
413	4
414	5
415	7
416	4
417	4
418	10
419	7
420	7
421	6
422	7
423	5
424	7
425	8
426	4
427	15
428	6
429	7
430	6
431	3
432	5
433	5
434	4
435	5
436	13
437	5
438	6
439	4
440	4
441	14
442	8
443	9
444	5
445	4
446	5
447	1
448	5
449	4
450	4
451	4
452	5
453	7
454	6
455	4
456	4
457	3
458	4
459	9
460	8
461	8
462	8
463	7
464	4
465	5
466	3
467	3
468	4
469	8
470	7
471	4
472	6
473	5
474	3
475	7
476	7
477	14
478	6
479	6
480	4
481	3
482	2
483	6
484	15
485	9
486	6
487	7
488	3
489	5
490	6
491	11
492	4
493	11
494	7
495	4
496	6
497	4
498	4
499	4
500	15
501	8
502	3
503	5
504	8
505	8
506	7
507	5
508	5
509	7
510	4
511	5
512	7
513	5
514	4
515	6
516	4
517	5
518	4
519	8
520	2
521	4
522	3
523	5
524	7
525	5
526	13
527	6
528	4
529	4
530	5
531	8
532	4
533	6
534	8
535	7
536	4
537	3
538	5
539	5
540	9
541	6
542	4
543	3
544	5
545	7
546	4
547	4
548	1
549	7
550	4
551	7
552	2
553	11
554	5
555	3
556	6
557	7
558	7
559	7
560	4
561	8
562	4
563	7
564	16
565	5
566	7
567	7
568	4
569	12
570	5
571	7
572	5
573	2
574	5
575	3
576	4
577	4
578	13
579	4
580	5
581	9
582	6
583	5
584	8
585	8
586	4
587	8
588	6
589	6
590	4
591	10
592	4
593	3
594	7
595	9
596	5
597	14
598	6
599	3
600	4
601	5
602	7
603	5
604	7
605	4
606	5
607	5
608	3
609	7
610	5
611	3
612	5
613	6
614	4
615	4
616	4
617	9
618	4
619	4
620	4
621	5
622	4
623	7
624	10
625	3
626	7
627	3
628	5
629	5
630	4
631	4
632	4
633	3
634	4
635	5
636	5
637	13
638	7
639	5
640	8
641	4
642	7
643	7
644	7
645	11
646	6
647	4
648	4
649	4
650	6
651	9
652	4
653	8
654	6
655	6
656	5
657	7
658	11
659	7
660	6
661	7
662	5
663	6
664	5
665	5
666	3
667	7
668	2
669	6
670	6
671	6
672	6
673	4
674	4
675	4
676	4
677	6
678	14
679	5
680	6
681	5
682	5
683	5
684	6
685	5
686	7
687	7
688	8
689	4
690	4
691	3
692	7
693	9
694	9
695	6
696	7
697	4
698	6
699	5
700	9
701	6
702	5
703	10
704	2
705	3
706	7
707	9
708	4
709	4
710	5
711	5
712	7
713	4
714	10
715	7
716	7
717	4
718	7
719	3
720	9
721	4
722	4
723	6
724	9
725	4
726	5
727	4
728	4
729	8
730	7
731	7
732	2
733	3
734	5
735	5
736	8
737	6
738	8
739	3
740	10
741	12
742	4
743	5
744	5
745	4
746	4
747	4
748	5
749	3
750	4
751	7
752	2
753	9
754	2
755	7
756	7
757	5
758	3
759	4
760	4
761	8
762	6
763	3
764	4
765	6
766	5
767	4
768	4
769	3
770	7
771	8
772	7
773	3
774	7
775	5
776	4
777	9
778	5
779	4
780	5
781	3
782	12
783	7
784	5
785	6
786	7
787	3
788	7
789	5
790	5
791	5
792	6
793	4
794	5
795	4
796	5
797	5
798	6
799	5
800	4
801	9
802	6
803	6
804	4
805	8
806	6
807	9
808	3
809	7
810	3
811	9
812	8
813	6
814	9
815	4
816	1
817	6
818	4
819	9
820	3
821	9
822	4
823	9
824	5
825	3
826	4
827	6
828	4
829	3
830	5
831	5
832	12
833	5
834	7
835	8
836	5
837	5
838	3
839	15
840	5
841	7
842	5
843	6
844	10
845	4
846	6
847	6
848	9
849	4
850	6
851	3
852	6
853	4
854	2
855	3
856	4
857	6
858	4
859	5
860	6
861	5
862	5
863	7
864	3
865	14
866	6
867	2
868	6
869	1
870	5
871	6
872	6
873	4
874	2
875	6
876	6
877	7
878	9
879	6
880	6
881	4
882	5
883	13
884	7
885	4
886	8
887	16
888	10
889	7
890	9
891	4
892	4
893	3
894	6
895	11
896	3
897	6
898	10
899	4
900	3
901	9
902	7
903	7
904	8
905	8
906	4
907	6
908	4
909	8
910	7
911	7
912	8
913	4
914	4
915	4
916	5
917	4
918	4
919	6
920	4
921	9
922	4
923	3
924	5
925	8
926	6
927	4
928	7
929	7
930	5
931	5
932	4
933	13
934	5
935	8
936	4
937	7
938	7
939	3
940	5
941	7
942	9
943	13
944	3
945	9
946	4
947	7
948	7
949	4
950	7
951	5
952	5
953	9
954	15
955	3
956	4
957	5
958	4
959	7
960	5
961	7
962	9
963	7
964	7
965	4
966	8
967	12
968	8
969	9
970	4
971	5
972	5
973	4
974	10
975	3
976	5
977	9
978	7
979	6
980	3
981	3
982	8
983	13
984	7
985	6
986	4
987	4
988	7
989	6
990	5
991	6
DEPOT_SECTION
1
-1
SERVICE_TIME_SECTION
1	0
2	480
3	600
4	420
5	780
6	360
7	660
8	480
9	1080
10	540
11	240
12	660
13	1320
14	360
15	480
16	420
17	360
18	540
19	480
20	540
21	600
22	540
23	720
24	420
25	420
26	600
27	540
28	660
29	360
30	420
31	720
32	600
33	600
34	660
35	360
36	420
37	480
38	600
39	360
40	600
41	420
42	600
43	360
44	960
45	420
46	420
47	420
48	780
49	420
50	420
51	600
52	420
53	240
54	240
55	600
56	840
57	720
58	720
59	540
60	420
61	240
62	480
63	360
64	840
65	840
66	480
67	540
68	540
69	540
70	480
71	660
72	360
73	480
74	720
75	240
76	240
77	960
78	840
79	480
80	240
81	660
82	540
83	780
84	480
85	540
86	1140
87	720
88	300
89	600
90	540
91	900
92	540
93	660
94	240
95	900
96	300
97	600
98	780
99	960
100	720
101	540
102	660
103	480
104	840
105	360
106	660
107	540
108	300
109	300
110	420
111	840
112	420
113	480
114	480
115	840
116	600
117	420
118	420
119	480
120	420
121	600
122	600
123	540
124	540
125	480
126	600
127	540
128	420
129	1140
130	960
131	360
132	960
133	540
134	420
135	660
136	600
137	720
138	720
139	360
140	660
141	420
142	780
143	600
144	540
145	240
146	1320
147	360
148	480
149	240
150	660
151	660
152	1260
153	600
154	960
155	600
156	540
157	660
158	660
159	420
160	660
161	720
162	480
163	660
164	900
165	780
166	300
167	480
168	600
169	660
170	540
171	480
172	600
173	540
174	300
175	480
176	540
177	1200
178	660
179	480
180	840
181	720
182	900
183	1320
184	240
185	660
186	480
187	720
188	360
189	780
190	540
191	540
192	420
193	360
194	600
195	240
196	660
197	780
198	360
199	720
200	480
201	240
202	900
203	240
204	900
205	540
206	240
207	300
208	720
209	360
210	360
211	540
212	540
213	480
214	960
215	480
216	660
217	420
218	420
219	420
220	960
221	720
222	600
223	480
224	480
225	240
226	660
227	540
228	660
229	480
230	480
231	300
232	900
233	420
234	480
235	900
236	420
237	600
238	300
239	660
240	960
241	840
242	480
243	900
244	480
245	480
246	300
247	720
248	360
249	360
250	240
251	660
252	600
253	240
254	600
255	540
256	660
257	720
258	360
259	600
260	360
261	540
262	600
263	600
264	300
265	540
266	360
267	780
268	600
269	360
270	1020
271	420
272	540
273	1140
274	660
275	540
276	540
277	300
278	660
279	600
280	780
281	900
282	600
283	540
284	540
285	480
286	300
287	240
288	300
289	720
290	360
291	360
292	360
293	900
294	600
295	660
296	660
297	420
298	600
299	240
300	720
301	540
302	600
303	840
304	420
305	600
306	300
307	660
308	660
309	540
310	540
311	840
312	420
313	240
314	540
315	1140
316	720
317	480
318	420
319	780
320	660
321	540
322	360
323	900
324	600
325	660
326	660
327	720
328	480
329	660
330	660
331	420
332	360
333	600
334	540
335	600
336	540
337	780
338	480
339	720
340	900
341	720
342	540
343	540
344	540
345	720
346	480
347	360
348	1320
349	420
350	720
351	540
352	300
353	900
354	660
355	720
356	540
357	840
358	540
359	480
360	1200
361	540
362	240
363	660
364	600
365	600
366	600
367	660
368	480
369	600
370	720
371	420
372	420
373	480
374	600
375	300
376	480
377	480
378	480
379	420
380	780
381	420
382	420
383	360
384	540
385	780
386	540
387	600
388	960
389	540
390	480
391	840
392	360
393	900
394	660
395	660
396	420
397	540
398	480
399	540
400	840
401	540
402	240
403	300
404	420
405	720
406	660
407	420
408	660
409	600
410	540
411	240
412	660
413	540
414	420
415	420
416	240
417	360
418	720
419	1140
420	720
421	600
422	420
423	540
424	360
425	660
426	420
427	900
428	300
429	360
430	660
431	540
432	540
433	720
434	900
435	360
436	300
437	480
438	960
439	660
440	540
441	600
442	600
443	240
444	240
445	540
446	480
447	600
448	660
449	420
450	720
451	780
452	480
453	540
454	780
455	840
456	660
457	720
458	480
459	420
460	480
461	1020
462	780
463	480
464	420
465	240
466	720
467	360
468	300
469	720
470	780
471	600
472	540
473	1020
474	360
475	540
476	420
477	600
478	900
479	420
480	480
481	960
482	540
483	420
484	660
485	540
486	300
487	360
488	600
489	780
490	720
491	960
492	300
493	300
494	540
495	480
496	600
497	660
498	660
499	1080
500	540
501	780
502	1320
503	600
504	360
505	840
506	360
507	720
508	540
509	600
510	720
511	600
512	360
513	780
514	540
515	720
516	540
517	540
518	1320
519	720
520	900
521	300
522	720
523	660
524	480
525	840
526	600
527	540
528	480
529	540
530	660
531	540
532	420
533	480
534	600
535	360
536	780
537	420
538	360
539	420
540	480
541	600
542	300
543	480
544	240
545	360
546	360
547	660
548	720
549	300
550	720
551	480
552	360
553	240
554	1200
555	1080
556	420
557	540
558	540
559	600
560	780
561	360
562	660
563	660
564	1320
565	540
566	300
567	540
568	840
569	720
570	360
571	420
572	540
573	600
574	960
575	300
576	420
577	840
578	480
579	600
580	900
581	780
582	600
583	480
584	300
585	600
586	720
587	420
588	600
589	660
590	420
591	480
592	540
593	480
594	480
595	540
596	360
597	360
598	540
599	780
600	540
601	660
602	720
603	480
604	480
605	480
606	240
607	360
608	540
609	720
610	600
611	840
612	480
613	300
614	600
615	720
616	360
617	540
618	420
619	600
620	300
621	480
622	900
623	600
624	900
625	480
626	420
627	780
628	360
629	600
630	600
631	900
632	540
633	600
634	540
635	360
636	720
637	420
638	540
639	540
640	600
641	480
642	660
643	540
644	540
645	660
646	240
647	660
648	420
649	360
650	240
651	660
652	720
653	540
654	540
655	840
656	600
657	420
658	420
659	600
660	600
661	900
662	960
663	480
664	300
665	540
666	720
667	780
668	720
669	900
670	240
671	660
672	420
673	660
674	660
675	540
676	660
677	360
678	420
679	300
680	660
681	720
682	840
683	600
684	840
685	480
686	420
687	900
688	600
689	480
690	540
691	540
692	660
693	780
694	600
695	900
696	600
697	660
698	900
699	360
700	600
701	540
702	1080
703	960
704	480
705	600
706	360
707	840
708	900
709	420
710	360
711	420
712	720
713	720
714	360
715	780
716	540
717	600
718	660
719	960
720	720
721	1020
722	720
723	360
724	600
725	480
726	660
727	660
728	600
729	660
730	480
731	780
732	600
733	600
734	540
735	420
736	720
737	360
738	960
739	660
740	600
741	360
742	300
743	300
744	660
745	540
746	540
747	600
748	900
749	480
750	300
751	660
752	480
753	600
754	540
755	600
756	360
757	600
758	540
759	720
760	600
761	600
762	420
763	900
764	300
765	360
766	840
767	540
768	480
769	420
770	480
771	780
772	600
773	780
774	480
775	480
776	720
777	720
778	360
779	480
780	780
781	600
782	300
783	960
784	900
785	300
786	540
787	960
788	300
789	480
790	660
791	960
792	600
793	540
794	480
795	660
796	480
797	660
798	840
799	360
800	540
801	360
802	600
803	780
804	420
805	660
806	420
807	600
808	480
809	480
810	960
811	1200
812	420
813	660
814	660
815	540
816	840
817	660
818	780
819	240
820	540
821	420
822	600
823	420
824	420
825	1200
826	540
827	1080
828	660
829	540
830	720
831	960
832	480
833	420
834	660
835	300
836	720
837	600
838	840
839	420
840	480
841	600
842	600
843	900
844	600
845	780
846	900
847	600
848	720
849	360
850	660
851	600
852	600
853	540
854	420
855	600
856	660
857	960
858	900
859	480
860	540
861	360
862	420
863	720
864	660
865	300
866	900
867	480
868	660
869	720
870	420
871	540
872	300
873	300
874	840
875	840
876	720
877	420
878	900
879	1200
880	480
881	960
882	540
883	480
884	1080
885	1080
886	420
887	660
888	600
889	960
890	660
891	840
892	360
893	600
894	480
895	360
896	480
897	300
898	900
899	660
900	360
901	900
902	1080
903	600
904	720
905	300
906	360
907	720
908	480
909	600
910	360
911	420
912	600
913	300
914	840
915	720
916	480
917	780
918	480
919	960
920	960
921	480
922	600
923	540
924	420
925	660
926	360
927	600
928	840
929	420
930	420
931	900
932	660
933	240
934	660
935	360
936	540
937	420
938	360
939	660
940	420
941	720
942	420
943	660
944	840
945	480
946	720
947	420
948	300
949	420
950	420
951	360
952	480
953	900
954	600
955	780
956	240
957	720
958	300
959	660
960	480
961	960
962	540
963	780
964	360
965	840
966	360
967	420
968	600
969	540
970	420
971	780
972	480
973	240
974	600
975	660
976	360
977	720
978	540
979	1020
980	600
981	720
982	720
983	840
984	600
985	480
986	240
987	720
988	780
989	660
990	360
991	420
TIME_WINDOW_SECTION
1	0	45000
2	23400	30600
3	19800	27000
4	19800	27000
5	5400	11700
6	7200	30600
7	5400	12600
8	23400	30600
9	5400	12600
10	7200	30600
11	23400	30600
12	23400	30600
13	19800	27000
14	16200	23400
15	7200	29700
16	23400	30600
17	16200	23400
18	7200	29700
19	19800	27000
20	23400	30600
21	16200	23400
22	16200	23400
23	16200	23400
24	7200	30600
25	23400	30600
26	5400	12600
27	7200	30600
28	12600	18900
29	19800	26100
30	19800	27000
31	19800	27000
32	7200	30600
33	7200	30600
34	23400	30600
35	23400	30600
36	16200	23400
37	19800	27000
38	23400	30600
39	16200	22500
40	7200	30600
41	7200	30600
42	23400	30600
43	16200	23400
44	19800	27000
45	9000	16200
46	12600	19800
47	23400	30600
48	23400	30600
49	12600	19800
50	19800	26100
51	19800	27000
52	16200	23400
53	19800	27000
54	12600	19800
55	7200	30600
56	5400	12600
57	7200	30600
58	5400	12600
59	12600	19800
60	23400	30600
61	19800	27000
62	23400	30600
63	16200	23400
64	23400	30600
65	7200	30600
66	7200	29700
67	9000	16200
68	19800	27000
69	19800	27000
70	23400	30600
71	19800	27000
72	23400	30600
73	23400	30600
74	19800	27000
75	19800	27000
76	19800	27000
77	5400	12600
78	7200	30600
79	12600	19800
80	19800	27000
81	19800	27000
82	5400	12600
83	9000	16200
84	7200	30600
85	7200	30600
86	12600	19800
87	5400	11700
88	7200	30600
89	16200	23400
90	23400	30600
91	9000	16200
92	5400	12600
93	23400	30600
94	23400	30600
95	5400	12600
96	9000	16200
97	5400	12600
98	16200	22500
99	23400	30600
100	23400	30600
101	19800	27000
102	9000	16200
103	7200	30600
104	23400	30600
105	16200	23400
106	12600	19800
107	5400	12600
108	23400	30600
109	7200	30600
110	16200	23400
111	7200	30600
112	5400	12600
113	19800	27000
114	5400	11700
115	5400	12600
116	7200	30600
117	9000	16200
118	23400	30600
119	7200	30600
120	9000	16200
121	19800	27000
122	9000	16200
123	12600	19800
124	16200	23400
125	16200	22500
126	16200	23400
127	16200	23400
128	16200	23400
129	16200	23400
130	16200	23400
131	23400	30600
132	16200	23400
133	7200	30600
134	7200	29700
135	9000	16200
136	19800	26100
137	19800	27000
138	19800	27000
139	16200	23400
140	16200	23400
141	23400	30600
142	19800	27000
143	12600	19800
144	23400	30600
145	23400	30600
146	23400	30600
147	5400	11700
148	7200	30600
149	9000	16200
150	19800	27000
151	23400	30600
152	7200	29700
153	9000	16200
154	12600	19800
155	16200	23400
156	7200	30600
157	19800	27000
158	5400	12600
159	16200	23400
160	16200	25200
161	19800	27000
162	19800	27000
163	16200	23400
164	16200	23400
165	12600	19800
166	23400	30600
167	23400	30600
168	7200	29700
169	23400	30600
170	12600	19800
171	16200	23400
172	5400	11700
173	12600	19800
174	12600	19800
175	12600	19800
176	19800	27000
177	23400	30600
178	7200	30600
179	16200	23400
180	9000	16200
181	7200	30600
182	7200	30600
183	7200	30600
184	7200	30600
185	19800	27000
186	16200	23400
187	23400	30600
188	5400	11700
189	5400	12600
190	12600	19800
191	19800	27000
192	19800	27000
193	5400	12600
194	9000	16200
195	19800	27000
196	9000	16200
197	12600	19800
198	23400	30600
199	5400	12600
200	5400	12600
201	19800	27000
202	9000	16200
203	19800	27000
204	7200	30600
205	16200	23400
206	5400	12600
207	7200	29700
208	16200	23400
209	19800	27000
210	5400	12600
211	12600	19800
212	16200	23400
213	16200	23400
214	7200	30600
215	16200	22500
216	23400	30600
217	7200	30600
218	12600	18900
219	9000	16200
220	5400	12600
221	5400	12600
222	12600	19800
223	23400	30600
224	5400	12600
225	23400	30600
226	16200	23400
227	16200	23400
228	5400	12600
229	7200	30600
230	7200	30600
231	19800	27000
232	23400	30600
233	16200	23400
234	9000	16200
235	7200	29700
236	23400	30600
237	16200	23400
238	9000	16200
239	5400	12600
240	5400	12600
241	23400	30600
242	9000	16200
243	7200	30600
244	5400	12600
245	16200	23400
246	16200	23400
247	16200	23400
248	7200	30600
249	7200	29700
250	9000	16200
251	12600	19800
252	9000	16200
253	7200	30600
254	19800	27000
255	23400	30600
256	12600	19800
257	16200	23400
258	7200	29700
259	12600	19800
260	12600	19800
261	23400	30600
262	12600	19800
263	23400	30600
264	7200	30600
265	12600	19800
266	16200	23400
267	23400	30600
268	16200	23400
269	19800	27000
270	23400	30600
271	7200	30600
272	16200	23400
273	19800	27000
274	7200	30600
275	16200	23400
276	5400	12600
277	7200	30600
278	19800	27000
279	12600	18900
280	19800	27000
281	7200	30600
282	7200	30600
283	12600	19800
284	16200	23400
285	7200	30600
286	7200	30600
287	16200	23400
288	19800	27000
289	23400	30600
290	7200	30600
291	23400	30600
292	19800	27000
293	23400	30600
294	19800	27000
295	23400	30600
296	16200	23400
297	12600	19800
298	23400	30600
299	5400	12600
300	16200	22500
301	23400	30600
302	5400	12600
303	5400	12600
304	16200	23400
305	5400	12600
306	9000	16200
307	19800	27000
308	7200	30600
309	19800	27000
310	5400	12600
311	23400	30600
312	23400	30600
313	23400	30600
314	9000	16200
315	16200	23400
316	7200	29700
317	12600	19800
318	7200	30600
319	16200	23400
320	19800	26100
321	23400	30600
322	23400	30600
323	5400	12600
324	7200	30600
325	5400	12600
326	5400	12600
327	7200	30600
328	23400	30600
329	23400	30600
330	9000	16200
331	19800	27000
332	7200	29700
333	16200	22500
334	16200	23400
335	7200	30600
336	7200	30600
337	16200	22500
338	16200	23400
339	12600	19800
340	19800	27000
341	7200	29700
342	23400	30600
343	9000	16200
344	23400	30600
345	23400	30600
346	12600	19800
347	12600	19800
348	12600	19800
349	5400	12600
350	16200	23400
351	7200	30600
352	19800	27000
353	12600	19800
354	16200	23400
355	16200	23400
356	16200	23400
357	9000	16200
358	23400	30600
359	12600	19800
360	7200	30600
361	16200	23400
362	7200	30600
363	7200	30600
364	5400	12600
365	12600	19800
366	5400	12600
367	5400	12600
368	19800	27000
369	23400	30600
370	23400	30600
371	19800	27000
372	19800	27000
373	9000	16200
374	12600	19800
375	12600	19800
376	7200	30600
377	16200	23400
378	7200	29700
379	23400	30600
380	19800	26100
381	23400	30600
382	16200	23400
383	9000	16200
384	23400	30600
385	16200	23400
386	19800	27000
387	16200	23400
388	12600	19800
389	23400	30600
390	7200	30600
391	5400	12600
392	7200	29700
393	7200	30600
394	19800	26100
395	5400	12600
396	16200	22500
397	19800	27000
398	23400	30600
399	16200	23400
400	7200	30600
401	7200	30600
402	9000	16200
403	16200	23400
404	23400	30600
405	23400	30600
406	16200	23400
407	16200	23400
408	9000	16200
409	19800	27000
410	23400	30600
411	16200	23400
412	9000	16200
413	12600	18900
414	9000	16200
415	7200	30600
416	16200	23400
417	16200	23400
418	12600	19800
419	23400	30600
420	16200	22500
421	7200	30600
422	23400	29700
423	19800	27000
424	7200	30600
425	19800	27000
426	7200	29700
427	16200	23400
428	23400	30600
429	19800	27000
430	9000	16200
431	7200	29700
432	7200	30600
433	7200	29700
434	16200	23400
435	12600	19800
436	12600	19800
437	23400	30600
438	23400	30600
439	19800	27000
440	16200	23400
441	7200	29700
442	23400	30600
443	12600	19800
444	16200	23400
445	7200	30600
446	12600	19800
447	9000	16200
448	23400	30600
449	12600	19800
450	16200	23400
451	19800	27000
452	19800	27000
453	7200	30600
454	16200	23400
455	7200	30600
456	7200	30600
457	12600	19800
458	16200	23400
459	23400	30600
460	7200	30600
461	12600	19800
462	7200	29700
463	23400	30600
464	12600	19800
465	9000	16200
466	7200	30600
467	23400	30600
468	23400	30600
469	16200	22500
470	23400	30600
471	23400	30600
472	7200	30600
473	16200	23400
474	9000	16200
475	23400	30600
476	12600	19800
477	19800	27000
478	16200	23400
479	12600	19800
480	23400	30600
481	7200	29700
482	23400	30600
483	7200	30600
484	23400	30600
485	16200	23400
486	23400	30600
487	23400	30600
488	9000	16200
489	16200	23400
490	7200	30600
491	23400	30600
492	23400	30600
493	9000	16200
494	7200	30600
495	12600	19800
496	16200	22500
497	7200	30600
498	7200	29700
499	7200	30600
500	23400	30600
501	16200	23400
502	19800	27000
503	16200	23400
504	19800	27000
505	19800	27000
506	23400	30600
507	19800	27000
508	19800	27000
509	23400	30600
510	19800	27000
511	7200	29700
512	19800	27000
513	19800	27000
514	7200	30600
515	23400	30600
516	19800	27000
517	7200	29700
518	12600	19800
519	19800	27000
520	12600	19800
521	7200	29700
522	12600	19800
523	7200	30600
524	23400	30600
525	16200	23400
526	16200	24300
527	7200	30600
528	23400	30600
529	16200	23400
530	23400	30600
531	16200	22500
532	23400	30600
533	7200	30600
534	12600	19800
535	7200	30600
536	12600	19800
537	16200	23400
538	16200	23400
539	12600	19800
540	16200	23400
541	12600	19800
542	7200	30600
543	16200	23400
544	7200	30600
545	19800	27000
546	16200	22500
547	19800	27000
548	16200	23400
549	30600	43200
550	7200	30600
551	23400	30600
552	19800	27000
553	12600	19800
554	7200	29700
555	23400	30600
556	9000	16200
557	16200	23400
558	12600	19800
559	12600	19800
560	19800	27000
561	7200	30600
562	12600	19800
563	9000	16200
564	23400	30600
565	12600	19800
566	19800	27000
567	9000	16200
568	19800	27000
569	12600	19800
570	19800	27000
571	23400	30600
572	7200	29700
573	16200	22500
574	19800	27000
575	19800	27000
576	16200	23400
577	16200	23400
578	19800	27000
579	23400	30600
580	16200	23400
581	23400	30600
582	23400	30600
583	7200	30600
584	16200	22500
585	12600	19800
586	23400	30600
587	23400	29700
588	19800	27000
589	19800	27000
590	16200	25200
591	12600	19800
592	12600	19800
593	12600	19800
594	12600	19800
595	7200	30600
596	23400	30600
597	16200	23400
598	19800	27000
599	23400	30600
600	23400	30600
601	19800	27000
602	7200	29700
603	12600	19800
604	12600	19800
605	12600	19800
606	7200	30600
607	7200	30600
608	12600	19800
609	7200	30600
610	12600	19800
611	7200	30600
612	23400	30600
613	16200	23400
614	7200	30600
615	23400	30600
616	7200	30600
617	23400	30600
618	16200	23400
619	19800	27000
620	12600	19800
621	12600	19800
622	7200	30600
623	7200	30600
624	23400	30600
625	23400	30600
626	16200	23400
627	30600	43200
628	16200	23400
629	23400	30600
630	23400	30600
631	12600	19800
632	7200	30600
633	7200	30600
634	16200	25200
635	16200	23400
636	16200	23400
637	23400	30600
638	16200	23400
639	19800	27000
640	19800	27000
641	16200	23400
642	19800	27000
643	16200	23400
644	16200	23400
645	12600	18900
646	19800	27000
647	7200	30600
648	23400	30600
649	16200	23400
650	7200	30600
651	23400	30600
652	16200	23400
653	7200	30600
654	16200	23400
655	7200	30600
656	16200	23400
657	7200	30600
658	7200	30600
659	23400	30600
660	19800	27000
661	7200	29700
662	19800	27000
663	16200	23400
664	19800	26100
665	16200	22500
666	7200	29700
667	23400	30600
668	19800	27000
669	19800	27000
670	12600	19800
671	7200	30600
672	23400	30600
673	23400	29700
674	7200	30600
675	23400	30600
676	7200	30600
677	7200	30600
678	23400	30600
679	16200	23400
680	19800	27000
681	12600	19800
682	23400	30600
683	7200	29700
684	16200	23400
685	7200	30600
686	16200	23400
687	23400	30600
688	23400	30600
689	23400	30600
690	16200	23400
691	16200	23400
692	16200	23400
693	19800	27000
694	7200	30600
695	19800	26100
696	23400	30600
697	16200	23400
698	23400	30600
699	19800	27000
700	16200	22500
701	12600	19800
702	23400	30600
703	7200	30600
704	23400	30600
705	19800	27000
706	19800	27000
707	16200	23400
708	7200	30600
709	12600	19800
710	7200	30600
711	16200	23400
712	19800	27000
713	7200	30600
714	23400	30600
715	23400	30600
716	16200	23400
717	19800	27000
718	19800	27000
719	7200	30600
720	19800	27000
721	16200	23400
722	7200	30600
723	7200	30600
724	16200	23400
725	23400	30600
726	16200	23400
727	7200	29700
728	19800	27000
729	16200	22500
730	7200	30600
731	23400	30600
732	7200	30600
733	23400	30600
734	16200	23400
735	23400	30600
736	23400	30600
737	23400	30600
738	7200	30600
739	23400	30600
740	23400	30600
741	16200	23400
742	16200	23400
743	19800	27000
744	19800	27000
745	16200	23400
746	16200	23400
747	7200	30600
748	16200	22500
749	16200	23400
750	7200	30600
751	7200	30600
752	19800	27000
753	7200	30600
754	16200	23400
755	19800	27000
756	7200	30600
757	16200	23400
758	19800	27000
759	16200	23400
760	23400	30600
761	19800	27000
762	16200	23400
763	23400	30600
764	7200	30600
765	7200	30600
766	23400	30600
767	16200	23400
768	7200	30600
769	23400	30600
770	16200	23400
771	7200	30600
772	23400	30600
773	16200	22500
774	7200	30600
775	23400	30600
776	16200	23400
777	7200	30600
778	7200	30600
779	19800	27000
780	23400	30600
781	7200	29700
782	16200	23400
783	16200	23400
784	19800	27000
785	23400	30600
786	16200	23400
787	23400	30600
788	7200	30600
789	23400	30600
790	16200	23400
791	19800	27000
792	23400	30600
793	16200	23400
794	7200	30600
795	16200	23400
796	23400	30600
797	23400	30600
798	23400	30600
799	7200	30600
800	23400	30600
801	19800	27000
802	7200	29700
803	7200	30600
804	16200	23400
805	23400	30600
806	7200	29700
807	23400	30600
808	23400	30600
809	19800	27000
810	19800	27000
811	23400	30600
812	19800	27000
813	16200	23400
814	16200	23400
815	16200	23400
816	7200	29700
817	7200	30600
818	19800	26100
819	7200	30600
820	7200	30600
821	19800	27000
822	23400	30600
823	7200	30600
824	7200	30600
825	19800	27000
826	19800	27000
827	23400	30600
828	7200	30600
829	23400	30600
830	7200	30600
831	7200	29700
832	7200	30600
833	23400	30600
834	7200	30600
835	23400	30600
836	7200	29700
837	7200	30600
838	16200	23400
839	19800	27000
840	23400	30600
841	16200	24300
842	19800	26100
843	7200	30600
844	23400	30600
845	19800	27000
846	7200	30600
847	7200	30600
848	23400	30600
849	23400	30600
850	19800	27000
851	16200	25200
852	23400	29700
853	23400	29700
854	23400	30600
855	7200	30600
856	23400	29700
857	23400	30600
858	23400	30600
859	23400	30600
860	23400	29700
861	23400	30600
862	23400	30600
863	7200	30600
864	19800	27000
865	7200	30600
866	16200	25200
867	23400	30600
868	23400	30600
869	23400	30600
870	23400	30600
871	7200	30600
872	19800	27000
873	7200	29700
874	23400	30600
875	7200	29700
876	7200	30600
877	7200	30600
878	7200	30600
879	19800	27000
880	23400	30600
881	7200	30600
882	23400	30600
883	23400	30600
884	16200	25200
885	7200	30600
886	23400	30600
887	7200	30600
888	7200	29700
889	19800	27000
890	7200	30600
891	7200	30600
892	7200	30600
893	23400	30600
894	23400	30600
895	23400	30600
896	19800	27000
897	7200	29700
898	7200	30600
899	7200	30600
900	7200	29700
901	19800	27000
902	23400	30600
903	23400	30600
904	7200	30600
905	7200	30600
906	7200	29700
907	19800	27000
908	7200	30600
909	23400	29700
910	7200	29700
911	7200	29700
912	23400	30600
913	23400	30600
914	7200	30600
915	23400	30600
916	7200	30600
917	7200	30600
918	19800	27000
919	19800	27000
920	7200	30600
921	23400	30600
922	23400	30600
923	19800	27000
924	7200	30600
925	7200	29700
926	23400	30600
927	19800	27000
928	7200	30600
929	7200	30600
930	23400	30600
931	19800	27000
932	23400	30600
933	7200	30600
934	7200	29700
935	23400	30600
936	19800	27000
937	19800	27000
938	23400	30600
939	23400	30600
940	23400	30600
941	23400	30600
942	7200	30600
943	7200	30600
944	7200	29700
945	7200	30600
946	7200	29700
947	23400	30600
948	7200	29700
949	23400	30600
950	23400	30600
951	23400	30600
952	7200	30600
953	7200	30600
954	7200	30600
955	7200	30600
956	7200	30600
957	23400	30600
958	7200	30600
959	23400	30600
960	23400	30600
961	23400	30600
962	7200	30600
963	23400	30600
964	30600	43200
965	7200	30600
966	7200	30600
967	23400	30600
968	23400	30600
969	7200	30600
970	23400	30600
971	23400	30600
972	7200	30600
973	23400	30600
974	23400	30600
975	7200	30600
976	23400	30600
977	7200	30600
978	7200	30600
979	23400	30600
980	23400	30600
981	7200	30600
982	23400	30600
983	7200	30600
984	7200	30600
985	23400	30600
986	23400	30600
987	23400	30600
988	23400	30600
989	7200	30600
990	23400	30600
991	23400	30600
RELEASE_TIME_SECTION
1	0
2	5400
3	5400
4	5400
5	5400
6	5400
7	5400
8	5400
9	5400
10	5400
11	5400
12	5400
13	5400
14	5400
15	5400
16	5400
17	5400
18	5400
19	5400
20	5400
21	5400
22	5400
23	5400
24	5400
25	5400
26	5400
27	5400
28	5400
29	5400
30	5400
31	5400
32	5400
33	5400
34	5400
35	5400
36	5400
37	5400
38	5400
39	5400
40	5400
41	5400
42	5400
43	5400
44	5400
45	5400
46	5400
47	5400
48	5400
49	5400
50	5400
51	5400
52	5400
53	5400
54	5400
55	5400
56	5400
57	5400
58	5400
59	5400
60	5400
61	5400
62	5400
63	5400
64	5400
65	5400
66	5400
67	5400
68	5400
69	5400
70	5400
71	5400
72	5400
73	5400
74	5400
75	5400
76	5400
77	5400
78	5400
79	5400
80	5400
81	5400
82	5400
83	5400
84	5400
85	5400
86	5400
87	5400
88	5400
89	5400
90	5400
91	5400
92	5400
93	5400
94	5400
95	5400
96	5400
97	5400
98	5400
99	5400
100	5400
101	5400
102	7200
103	7200
104	7200
105	7200
106	7200
107	7200
108	7200
109	7200
110	7200
111	7200
112	7200
113	7200
114	7200
115	7200
116	7200
117	7200
118	7200
119	7200
120	7200
121	7200
122	7200
123	7200
124	7200
125	7200
126	7200
127	7200
128	7200
129	7200
130	7200
131	7200
132	7200
133	7200
134	7200
135	7200
136	7200
137	7200
138	7200
139	7200
140	7200
141	7200
142	7200
143	7200
144	7200
145	7200
146	7200
147	7200
148	7200
149	7200
150	7200
151	7200
152	7200
153	7200
154	7200
155	7200
156	7200
157	7200
158	7200
159	7200
160	7200
161	7200
162	7200
163	7200
164	7200
165	7200
166	7200
167	7200
168	7200
169	7200
170	7200
171	7200
172	7200
173	7200
174	7200
175	7200
176	7200
177	7200
178	7200
179	7200
180	7200
181	7200
182	7200
183	7200
184	7200
185	7200
186	7200
187	7200
188	7200
189	7200
190	7200
191	7200
192	7200
193	7200
194	7200
195	7200
196	7200
197	7200
198	7200
199	7200
200	7200
201	7200
202	9000
203	9000
204	9000
205	9000
206	9000
207	9000
208	9000
209	9000
210	9000
211	9000
212	9000
213	9000
214	9000
215	9000
216	9000
217	9000
218	9000
219	9000
220	9000
221	9000
222	9000
223	9000
224	9000
225	9000
226	9000
227	9000
228	9000
229	9000
230	9000
231	9000
232	9000
233	9000
234	9000
235	9000
236	9000
237	9000
238	9000
239	9000
240	9000
241	9000
242	9000
243	9000
244	9000
245	9000
246	9000
247	9000
248	9000
249	9000
250	9000
251	9000
252	9000
253	9000
254	9000
255	9000
256	9000
257	9000
258	9000
259	9000
260	9000
261	9000
262	9000
263	9000
264	9000
265	9000
266	9000
267	9000
268	9000
269	9000
270	9000
271	9000
272	9000
273	9000
274	9000
275	9000
276	9000
277	9000
278	9000
279	9000
280	9000
281	9000
282	9000
283	9000
284	9000
285	9000
286	9000
287	9000
288	9000
289	9000
290	9000
291	9000
292	9000
293	9000
294	9000
295	9000
296	9000
297	9000
298	9000
299	9000
300	9000
301	9000
302	10800
303	10800
304	10800
305	10800
306	10800
307	10800
308	10800
309	10800
310	10800
311	10800
312	10800
313	10800
314	10800
315	10800
316	10800
317	10800
318	10800
319	10800
320	10800
321	10800
322	10800
323	10800
324	10800
325	10800
326	10800
327	10800
328	10800
329	10800
330	10800
331	10800
332	10800
333	10800
334	10800
335	10800
336	10800
337	10800
338	10800
339	10800
340	10800
341	10800
342	10800
343	10800
344	10800
345	10800
346	10800
347	10800
348	10800
349	10800
350	10800
351	10800
352	10800
353	10800
354	10800
355	10800
356	10800
357	10800
358	10800
359	10800
360	10800
361	10800
362	10800
363	10800
364	10800
365	10800
366	10800
367	10800
368	10800
369	10800
370	10800
371	10800
372	10800
373	10800
374	10800
375	10800
376	10800
377	10800
378	10800
379	10800
380	10800
381	10800
382	10800
383	10800
384	10800
385	10800
386	10800
387	10800
388	10800
389	10800
390	10800
391	10800
392	10800
393	10800
394	10800
395	10800
396	10800
397	10800
398	10800
399	10800
400	12600
401	12600
402	12600
403	12600
404	12600
405	12600
406	12600
407	12600
408	12600
409	12600
410	12600
411	12600
412	12600
413	12600
414	12600
415	12600
416	12600
417	12600
418	12600
419	12600
420	12600
421	12600
422	12600
423	12600
424	12600
425	12600
426	12600
427	12600
428	12600
429	12600
430	12600
431	12600
432	12600
433	12600
434	12600
435	12600
436	12600
437	12600
438	12600
439	12600
440	12600
441	12600
442	12600
443	12600
444	12600
445	12600
446	12600
447	12600
448	12600
449	12600
450	12600
451	12600
452	12600
453	12600
454	12600
455	12600
456	12600
457	12600
458	12600
459	12600
460	12600
461	12600
462	12600
463	12600
464	12600
465	12600
466	12600
467	12600
468	12600
469	12600
470	12600
471	12600
472	12600
473	12600
474	12600
475	12600
476	12600
477	12600
478	12600
479	12600
480	12600
481	12600
482	12600
483	12600
484	12600
485	12600
486	12600
487	12600
488	12600
489	12600
490	12600
491	14400
492	14400
493	14400
494	14400
495	14400
496	14400
497	14400
498	14400
499	14400
500	14400
501	14400
502	14400
503	14400
504	14400
505	14400
506	14400
507	14400
508	14400
509	14400
510	14400
511	14400
512	14400
513	14400
514	14400
515	14400
516	14400
517	14400
518	14400
519	14400
520	14400
521	14400
522	14400
523	14400
524	14400
525	14400
526	14400
527	14400
528	14400
529	14400
530	14400
531	14400
532	14400
533	14400
534	14400
535	14400
536	14400
537	14400
538	14400
539	14400
540	14400
541	14400
542	14400
543	14400
544	14400
545	14400
546	14400
547	14400
548	14400
549	14400
550	14400
551	14400
552	14400
553	14400
554	14400
555	14400
556	14400
557	14400
558	14400
559	14400
560	14400
561	14400
562	14400
563	14400
564	14400
565	14400
566	14400
567	14400
568	14400
569	14400
570	14400
571	14400
572	14400
573	14400
574	14400
575	14400
576	16200
577	16200
578	16200
579	16200
580	16200
581	16200
582	16200
583	16200
584	16200
585	16200
586	16200
587	16200
588	16200
589	16200
590	16200
591	16200
592	16200
593	16200
594	16200
595	16200
596	16200
597	16200
598	16200
599	16200
600	16200
601	16200
602	16200
603	16200
604	16200
605	16200
606	16200
607	16200
608	16200
609	16200
610	16200
611	16200
612	16200
613	16200
614	16200
615	16200
616	16200
617	16200
618	16200
619	16200
620	16200
621	16200
622	16200
623	16200
624	16200
625	16200
626	16200
627	16200
628	16200
629	16200
630	16200
631	16200
632	16200
633	16200
634	16200
635	16200
636	16200
637	16200
638	16200
639	16200
640	16200
641	16200
642	16200
643	16200
644	16200
645	16200
646	16200
647	16200
648	16200
649	16200
650	16200
651	18000
652	18000
653	18000
654	18000
655	18000
656	18000
657	18000
658	18000
659	18000
660	18000
661	18000
662	18000
663	18000
664	18000
665	18000
666	18000
667	18000
668	18000
669	18000
670	18000
671	18000
672	18000
673	18000
674	18000
675	18000
676	18000
677	18000
678	18000
679	18000
680	18000
681	18000
682	18000
683	18000
684	18000
685	18000
686	18000
687	18000
688	18000
689	18000
690	18000
691	18000
692	18000
693	18000
694	18000
695	18000
696	18000
697	18000
698	18000
699	18000
700	18000
701	18000
702	18000
703	18000
704	18000
705	18000
706	18000
707	18000
708	18000
709	18000
710	18000
711	18000
712	18000
713	18000
714	18000
715	18000
716	18000
717	18000
718	18000
719	18000
720	18000
721	18000
722	18000
723	19800
724	19800
725	19800
726	19800
727	19800
728	19800
729	19800
730	19800
731	19800
732	19800
733	19800
734	19800
735	19800
736	19800
737	19800
738	19800
739	19800
740	19800
741	19800
742	19800
743	19800
744	19800
745	19800
746	19800
747	19800
748	19800
749	19800
750	19800
751	19800
752	19800
753	19800
754	19800
755	19800
756	19800
757	19800
758	19800
759	19800
760	19800
761	19800
762	19800
763	19800
764	19800
765	19800
766	19800
767	19800
768	19800
769	19800
770	19800
771	19800
772	19800
773	19800
774	19800
775	19800
776	19800
777	19800
778	19800
779	19800
780	19800
781	19800
782	19800
783	19800
784	19800
785	19800
786	19800
787	19800
788	19800
789	19800
790	19800
791	21600
792	21600
793	21600
794	21600
795	21600
796	21600
797	21600
798	21600
799	21600
800	21600
801	21600
802	21600
803	21600
804	21600
805	21600
806	21600
807	21600
808	21600
809	21600
810	21600
811	21600
812	21600
813	21600
814	21600
815	21600
816	21600
817	21600
818	21600
819	21600
820	21600
821	21600
822	21600
823	21600
824	21600
825	21600
826	21600
827	21600
828	21600
829	21600
830	21600
831	21600
832	21600
833	21600
834	21600
835	21600
836	21600
837	21600
838	21600
839	21600
840	21600
841	21600
842	21600
843	21600
844	23400
845	23400
846	23400
847	23400
848	23400
849	23400
850	23400
851	23400
852	23400
853	23400
854	23400
855	23400
856	23400
857	23400
858	23400
859	23400
860	23400
861	23400
862	23400
863	23400
864	23400
865	23400
866	23400
867	23400
868	23400
869	23400
870	23400
871	23400
872	23400
873	23400
874	23400
875	23400
876	23400
877	23400
878	23400
879	23400
880	23400
881	23400
882	23400
883	23400
884	23400
885	23400
886	23400
887	23400
888	23400
889	23400
890	23400
891	23400
892	23400
893	23400
894	23400
895	23400
896	23400
897	23400
898	23400
899	23400
900	23400
901	25200
902	25200
903	25200
904	25200
905	25200
906	25200
907	25200
908	25200
909	25200
910	25200
911	25200
912	25200
913	25200
914	25200
915	25200
916	25200
917	25200
918	25200
919	25200
920	25200
921	25200
922	25200
923	25200
924	25200
925	25200
926	25200
927	25200
928	25200
929	25200
930	25200
931	25200
932	25200
933	25200
934	25200
935	25200
936	25200
937	25200
938	25200
939	25200
940	27000
941	27000
942	27000
943	27000
944	27000
945	27000
946	27000
947	27000
948	27000
949	27000
950	27000
951	27000
952	27000
953	27000
954	27000
955	27000
956	27000
957	27000
958	27000
959	27000
960	27000
961	27000
962	27000
963	27000
964	27000
965	27000
966	27000
967	27000
968	27000
969	27000
970	27000
971	27000
972	27000
973	28800
974	28800
975	28800
976	28800
977	28800
978	28800
979	28800
980	28800
981	28800
982	28800
983	28800
984	28800
985	28800
986	28800
987	28800
988	28800
989	28800
990	28800
991	28800
EOF
