NAME : ORTEC-VRPTW-ASYM-fa18d4ba-d1-n885
TYPE : VRPTW-RT
DIMENSION : 886
EDGE_WEIGHT_TYPE : EUC_2D
CAPACITY : 160
NODE_COORD_SECTION
1	2980	3264
2	4180	1284
3	1241	5378
4	1709	4518
5	3683	1923
6	368	5942
7	769	6079
8	1097	5253
9	2784	1811
10	2475	4745
11	1804	3997
12	2723	3966
13	683	7021
14	2091	3590
15	398	6260
16	1438	5337
17	2553	4612
18	2119	3935
19	2369	1636
20	3636	910
21	1487	5289
22	2621	4430
23	2871	2665
24	2751	3917
25	3283	1872
26	1574	4414
27	1063	4610
28	2868	3446
29	2608	4271
30	3539	1292
31	2553	4612
32	849	6675
33	2475	4745
34	1773	3401
35	216	6047
36	3820	1467
37	2392	1793
38	2369	4765
39	2641	2968
40	2404	3994
41	2608	4268
42	923	5558
43	1843	3866
44	691	7141
45	2143	4646
46	3279	2580
47	2751	3917
48	2083	3527
49	3816	1392
50	2233	3588
51	3374	2366
52	3539	1292
53	1754	4300
54	1959	3340
55	2754	3924
56	2638	1691
57	197	6810
58	2455	4585
59	3404	1418
60	3967	1045
61	1515	3733
62	3484	828
63	286	5425
64	2429	1601
65	3238	2395
66	2609	4022
67	3100	2267
68	1085	5748
69	1941	4353
70	849	6675
71	2083	3527
72	869	5755
73	3694	1321
74	2608	4268
75	2307	3456
76	2550	4526
77	3639	1850
78	2538	4115
79	1775	3627
80	882	4239
81	1472	4427
82	2751	3917
83	1501	4955
84	2581	2281
85	1078	6184
86	1941	4353
87	2207	4993
88	2097	5001
89	1239	4898
90	2632	3763
91	0	6186
92	2719	3987
93	3639	1850
94	1889	3920
95	2656	2605
96	2215	3315
97	1589	4119
98	3111	2670
99	1749	3923
100	869	5755
101	2600	2536
102	4060	1500
103	2137	4973
104	3640	1886
105	2647	4651
106	2020	5067
107	2751	3917
108	1085	5748
109	3423	1667
110	1822	4389
111	3407	1555
112	3267	1738
113	2026	3979
114	2237	3285
115	2550	4660
116	1166	4984
117	2538	4115
118	2091	3590
119	2824	2205
120	2868	3446
121	3921	1615
122	3077	3662
123	2475	4745
124	3275	1785
125	3238	2395
126	1712	4253
127	1903	4365
128	3528	1954
129	1356	4291
130	3683	1923
131	1166	4984
132	2137	4973
133	1574	4414
134	3309	1589
135	2049	4918
136	1422	4786
137	2359	4948
138	1331	4644
139	683	7021
140	3100	2267
141	1830	3882
142	1482	5519
143	2292	1513
144	2621	4430
145	2970	2494
146	2207	4993
147	2538	4115
148	3356	1756
149	719	4583
150	3764	1879
151	1415	3952
152	2751	3917
153	1952	5371
154	2823	3531
155	2104	2395
156	2702	4532
157	1749	4593
158	3517	2051
159	3119	2148
160	1472	4427
161	3077	3662
162	3600	1282
163	1311	3801
164	3135	2962
165	1959	3340
166	3921	1615
167	946	5265
168	3404	1418
169	1808	5028
170	1107	5045
171	2184	4737
172	911	6374
173	3407	1555
174	1889	3920
175	3423	1667
176	1311	5288
177	2719	3889
178	1651	4990
179	2674	4655
180	3141	1831
181	1453	4192
182	2091	3590
183	2059	4922
184	2233	3588
185	2211	4797
186	2641	3860
187	3648	1261
188	3816	1392
189	2404	3994
190	2600	2536
191	1804	3997
192	1654	4259
193	2026	3979
194	3539	1292
195	3048	2465
196	2307	3456
197	683	7021
198	2237	3285
199	3015	1716
200	3638	1789
201	2352	3177
202	2411	4445
203	3440	865
204	478	5803
205	3761	1343
206	2823	3531
207	3191	3160
208	1685	3671
209	691	7141
210	1487	5289
211	1078	6184
212	882	4239
213	1453	4192
214	2111	3861
215	1889	3920
216	3824	1044
217	2734	4009
218	3308	1061
219	3864	1359
220	2258	2905
221	1465	3411
222	2224	2183
223	2151	3875
224	2861	3378
225	2550	4526
226	1063	4610
227	197	6810
228	2893	2581
229	2167	4966
230	1607	4119
231	2823	3531
232	3214	2869
233	2111	3861
234	2621	4430
235	2224	2183
236	1811	4454
237	3639	1850
238	1675	5190
239	2119	3935
240	2273	4623
241	1472	4427
242	3191	3160
243	2429	4510
244	2495	4103
245	2656	2605
246	548	5836
247	2224	2183
248	2647	4651
249	270	5757
250	1562	6284
251	3407	1555
252	2091	3590
253	2893	2581
254	1843	3866
255	2751	3917
256	2632	3763
257	2600	2536
258	1811	4454
259	3659	883
260	825	4355
261	2475	4745
262	2671	4507
263	739	5429
264	3374	2366
265	3921	1615
266	1588	6279
267	3077	3662
268	1465	3411
269	3648	1261
270	3526	1540
271	2615	4126
272	2678	2408
273	1085	5748
274	1696	3660
275	2861	3378
276	1556	5891
277	1959	3340
278	2656	2605
279	2091	3590
280	1588	6279
281	2615	4126
282	1588	6279
283	3864	1359
284	3423	1667
285	3824	1044
286	2235	4797
287	1843	3866
288	2751	3917
289	3659	883
290	882	4239
291	1166	4984
292	3484	828
293	2049	4918
294	2307	3456
295	2708	4148
296	2649	4055
297	1356	4291
298	3517	2051
299	2137	4973
300	1499	5172
301	2665	4102
302	3279	2580
303	3814	1141
304	1941	4353
305	2211	4797
306	3778	1053
307	2143	4646
308	1330	4545
309	2215	3315
310	3404	1418
311	554	7371
312	1465	3411
313	3238	2395
314	2491	4525
315	2823	3531
316	1607	4119
317	3279	2580
318	2310	4272
319	2059	4922
320	534	7348
321	2535	4496
322	2455	4585
323	1775	3627
324	3887	1580
325	3356	1756
326	3635	1271
327	3096	2560
328	1589	4119
329	3260	1052
330	869	5755
331	3967	1045
332	3528	1954
333	2167	4966
334	1422	4786
335	3022	2729
336	1685	3671
337	2333	4552
338	3638	2023
339	2062	5343
340	1607	4119
341	2406	3309
342	3635	1271
343	2605	4315
344	3100	2267
345	2855	1930
346	2535	4496
347	2455	4585
348	3638	2023
349	2896	1826
350	1749	4593
351	3178	2115
352	2581	2281
353	1472	4427
354	683	7021
355	2292	1513
356	1482	5519
357	2906	2642
358	3111	2670
359	1077	5760
360	2119	3935
361	3761	1343
362	2233	3588
363	3135	2962
364	1500	6016
365	1565	4025
366	2192	3460
367	2062	5343
368	2970	2494
369	3526	1540
370	2628	4253
371	2083	3527
372	2235	4797
373	2656	2954
374	1772	3897
375	1491	4385
376	3308	1061
377	2086	3435
378	1311	5288
379	2491	4525
380	2725	4020
381	2976	2774
382	3020	1614
383	3214	2869
384	2976	2774
385	1342	4835
386	3233	1738
387	1331	4644
388	2310	4272
389	1574	4414
390	2647	4651
391	3967	1045
392	3077	3662
393	286	5425
394	2495	4103
395	1063	4610
396	946	5265
397	2578	4303
398	2719	3889
399	286	5425
400	2086	3435
401	2682	1949
402	1097	5253
403	946	5265
404	2455	4585
405	2656	2605
406	2719	3987
407	1422	4786
408	1501	4955
409	1654	4259
410	1515	3733
411	3820	1467
412	2059	4922
413	3814	1141
414	4129	1524
415	1918	2722
416	1565	3410
417	2784	1811
418	2734	4009
419	2788	2690
420	534	7348
421	2721	3869
422	2719	3889
423	3632	829
424	1415	3952
425	2086	1969
426	3121	3451
427	2062	5343
428	2929	1915
429	2167	4966
430	3111	2670
431	2376	4826
432	2581	2281
433	554	7371
434	1878	3419
435	3639	1850
436	624	5052
437	2091	3590
438	2406	3309
439	3356	1756
440	2143	4646
441	2482	4296
442	764	6114
443	2164	4906
444	923	5558
445	3082	3367
446	2259	4555
447	2404	3994
448	3544	2562
449	1377	4540
450	2608	4271
451	3283	1872
452	2682	1949
453	2137	4973
454	3375	1563
455	2379	3806
456	2784	1811
457	2406	3309
458	1848	4517
459	3178	2115
460	1550	4541
461	1830	3882
462	1822	4389
463	2404	3994
464	1107	5045
465	1594	3782
466	3539	1292
467	3659	883
468	1654	4259
469	2164	4906
470	457	4836
471	2641	3860
472	1952	5371
473	2719	3889
474	911	6374
475	398	6260
476	2906	2642
477	2721	3869
478	3308	1061
479	3648	1955
480	3921	1615
481	1848	4517
482	2307	1687
483	3020	1614
484	2230	4554
485	2104	2395
486	3643	2081
487	3121	3451
488	2406	3309
489	2026	3979
490	4180	1284
491	2553	4612
492	2714	2538
493	398	6260
494	548	5836
495	2656	2954
496	9	6308
497	548	5836
498	3632	829
499	2319	4880
500	1049	4395
501	2246	3704
502	1565	4025
503	3026	3296
504	2538	4115
505	3356	1756
506	2292	1513
507	4060	1500
508	1804	3997
509	1959	3340
510	1438	5337
511	457	4836
512	1356	4291
513	3135	2962
514	2406	3309
515	2086	4894
516	3535	1177
517	3484	828
518	2310	4272
519	3635	1271
520	0	6186
521	849	6675
522	3100	2267
523	2144	4893
524	3600	1282
525	2137	4973
526	3141	1831
527	85	6026
528	1331	5199
529	3283	1872
530	2678	2408
531	1565	4025
532	2861	3378
533	946	5265
534	1342	4835
535	3141	1831
536	2091	3590
537	2788	2690
538	2455	4585
539	3737	1551
540	2233	3588
541	1422	4786
542	368	5942
543	2369	1636
544	3636	910
545	3214	2869
546	3100	2267
547	1654	4259
548	1500	6016
549	769	6079
550	270	5757
551	2647	4651
552	1415	3952
553	2207	4993
554	2721	3869
555	3636	910
556	3503	2078
557	3640	1886
558	2725	4020
559	2723	3966
560	2535	4496
561	1107	5045
562	2605	4315
563	2258	2905
564	1811	4454
565	1772	3897
566	2359	4948
567	368	5942
568	2976	2774
569	1773	3401
570	1588	6279
571	2429	1601
572	3077	3662
573	2535	4496
574	2429	4510
575	398	6260
576	1515	3733
577	1607	4119
578	2615	4126
579	2026	3979
580	3659	883
581	1589	4119
582	1679	4341
583	2392	1793
584	1342	4835
585	1515	3733
586	1330	4545
587	2307	1687
588	2608	4271
589	1515	3733
590	2104	2395
591	1415	3952
592	1725	5578
593	2868	3446
594	1794	4310
595	2026	3979
596	2151	3875
597	368	5942
598	1749	4593
599	2383	1726
600	1166	4984
601	4129	1524
602	2855	1930
603	3077	3662
604	3814	1141
605	3683	1923
606	1675	5190
607	2293	4349
608	2605	4315
609	1588	6279
610	2495	4103
611	3121	3451
612	1331	4644
613	2352	3177
614	1644	4722
615	3643	2081
616	2164	4906
617	1589	4119
618	2207	4993
619	2392	1793
620	2647	4651
621	2538	4115
622	1794	4310
623	1565	3410
624	1749	4593
625	2055	4966
626	3375	1563
627	2623	1785
628	1311	3801
629	2404	3994
630	3077	3662
631	3423	1667
632	1889	3920
633	3683	1923
634	2293	4349
635	2754	3924
636	1085	5748
637	2788	2690
638	2376	4826
639	2026	3979
640	2615	4126
641	882	4239
642	1848	4517
643	2310	4272
644	2623	1785
645	739	5429
646	1772	3897
647	769	6079
648	2059	4922
649	3640	1886
650	1097	5253
651	2211	4797
652	3135	2962
653	2049	4918
654	1377	4540
655	3096	2560
656	2817	4067
657	1377	4540
658	1383	4054
659	1438	5337
660	724	5252
661	1889	3920
662	1822	4389
663	2632	3763
664	2482	4296
665	2721	3869
666	769	6079
667	2970	2494
668	2896	1826
669	2086	1969
670	2059	4922
671	3063	3022
672	555	6878
673	216	6047
674	1565	3410
675	2723	3966
676	1472	4427
677	3635	1271
678	3539	1292
679	2528	1724
680	2297	4690
681	2411	4445
682	3887	1580
683	2721	3869
684	1712	4253
685	2578	4303
686	3643	2081
687	2137	4973
688	1356	4291
689	1245	4800
690	3814	1141
691	2411	4445
692	1972	4626
693	2893	2581
694	3111	2670
695	2578	4303
696	3048	2465
697	4060	1500
698	2259	4555
699	849	6675
700	2632	3763
701	2656	2605
702	2656	2605
703	3233	1738
704	3283	1872
705	1848	4517
706	3135	2962
707	2578	4303
708	2844	1587
709	3484	828
710	1822	4389
711	2394	3418
712	2678	2408
713	3082	3367
714	2258	2905
715	2752	2429
716	2681	3816
717	2359	4948
718	4129	1524
719	2608	4271
720	3309	1589
721	2605	4315
722	2119	3935
723	2164	4906
724	624	5052
725	3539	1292
726	1077	5760
727	2394	3418
728	3022	2729
729	3535	1177
730	2861	3378
731	2119	3935
732	2674	4655
733	2641	2968
734	2605	4315
735	1794	4310
736	2224	2183
737	2352	3177
738	2359	4948
739	1811	4454
740	2608	4271
741	2976	2774
742	1241	5378
743	2751	3917
744	2602	2735
745	2273	4623
746	2616	4230
747	1331	5199
748	1959	3340
749	2621	4430
750	2334	4841
751	1749	3923
752	1383	4054
753	2086	4894
754	2215	3315
755	2609	4022
756	2482	4296
757	1811	4454
758	3864	1359
759	1247	5131
760	2273	4623
761	1428	4853
762	2656	2605
763	3737	1551
764	2959	2808
765	3887	1580
766	2528	1724
767	1594	3782
768	3887	1580
769	2406	3309
770	764	6114
771	3632	829
772	2708	4148
773	1438	5337
774	2383	1726
775	1903	4365
776	3082	3367
777	1871	2339
778	3282	1672
779	764	6114
780	2151	3875
781	4060	1500
782	1749	3923
783	2086	3435
784	1465	3411
785	2929	1915
786	3761	1343
787	1078	6184
788	2379	3806
789	1972	4626
790	2246	3704
791	3967	1045
792	2681	3816
793	3820	1467
794	825	4355
795	3282	1672
796	1311	5288
797	1754	4300
798	526	6325
799	3386	1739
800	2369	4765
801	2623	1785
802	859	5329
803	2369	4765
804	3309	1589
805	1556	5891
806	3082	3367
807	1245	4800
808	2167	4966
809	2817	4067
810	3233	1738
811	1889	3920
812	1078	6184
813	3141	1831
814	1565	4025
815	2641	3860
816	3082	3367
817	2719	3987
818	1903	4365
819	1515	3733
820	2086	1969
821	3440	865
822	1712	4253
823	1972	4626
824	3279	2580
825	683	7021
826	3484	828
827	1709	4518
828	3191	3160
829	3503	2078
830	1804	3997
831	859	5329
832	3778	1053
833	2259	4555
834	216	6047
835	2682	1949
836	724	5252
837	2682	1949
838	1472	4427
839	2333	4552
840	1118	5586
841	1377	4540
842	3283	1872
843	2992	2876
844	1501	4955
845	825	4355
846	3544	2562
847	3814	1141
848	1118	5586
849	2246	3704
850	2404	3994
851	3632	829
852	3260	1052
853	1952	5371
854	1749	4593
855	2237	3285
856	2297	4690
857	2319	4880
858	3572	897
859	1377	4540
860	3100	2267
861	2292	1513
862	1383	4054
863	2237	3285
864	3191	3160
865	3026	3296
866	1550	4233
867	2215	3315
868	2310	4272
869	1675	5190
870	2616	4230
871	3111	2670
872	3635	1271
873	2754	3924
874	3077	3662
875	2376	4826
876	1077	5760
877	1097	5253
878	3526	1540
879	2167	4966
880	2628	4253
881	869	5755
882	1562	6284
883	2475	4745
884	2649	4055
885	2307	3456
886	2233	3588
DEMAND_SECTION
1	0
2	7
3	8
4	14
5	7
6	7
7	4
8	8
9	3
10	4
11	5
12	7
13	5
14	5
15	5
16	6
17	11
18	3
19	7
20	6
21	5
22	8
23	5
24	7
25	3
26	3
27	6
28	9
29	6
30	12
31	11
32	7
33	7
34	7
35	11
36	5
37	6
38	7
39	9
40	8
41	6
42	5
43	7
44	4
45	6
46	5
47	5
48	7
49	5
50	5
51	5
52	5
53	7
54	4
55	20
56	10
57	4
58	5
59	5
60	5
61	4
62	4
63	21
64	5
65	6
66	12
67	5
68	4
69	12
70	7
71	4
72	4
73	6
74	5
75	7
76	4
77	8
78	5
79	2
80	8
81	8
82	9
83	4
84	7
85	5
86	5
87	5
88	8
89	5
90	7
91	6
92	7
93	7
94	4
95	15
96	5
97	5
98	13
99	6
100	6
101	7
102	21
103	4
104	8
105	5
106	6
107	7
108	8
109	3
110	8
111	5
112	4
113	4
114	5
115	4
116	5
117	5
118	2
119	5
120	4
121	7
122	13
123	2
124	3
125	7
126	14
127	4
128	13
129	11
130	5
131	5
132	4
133	9
134	8
135	14
136	14
137	4
138	8
139	5
140	9
141	6
142	6
143	5
144	3
145	2
146	5
147	7
148	7
149	7
150	11
151	8
152	12
153	14
154	21
155	8
156	5
157	5
158	6
159	8
160	5
161	10
162	7
163	8
164	6
165	7
166	3
167	7
168	6
169	5
170	10
171	6
172	5
173	3
174	7
175	13
176	8
177	6
178	4
179	8
180	15
181	6
182	7
183	5
184	3
185	3
186	6
187	8
188	4
189	5
190	6
191	4
192	9
193	4
194	4
195	7
196	8
197	13
198	5
199	5
200	5
201	6
202	6
203	9
204	5
205	10
206	5
207	4
208	9
209	4
210	6
211	5
212	7
213	2
214	3
215	8
216	3
217	7
218	6
219	7
220	2
221	4
222	15
223	5
224	7
225	4
226	3
227	5
228	8
229	7
230	4
231	3
232	7
233	3
234	7
235	11
236	12
237	4
238	5
239	6
240	4
241	8
242	7
243	3
244	5
245	13
246	8
247	7
248	3
249	5
250	5
251	7
252	7
253	12
254	12
255	5
256	12
257	8
258	8
259	8
260	2
261	6
262	9
263	7
264	8
265	5
266	7
267	3
268	5
269	15
270	8
271	4
272	7
273	4
274	6
275	5
276	7
277	10
278	7
279	9
280	15
281	9
282	4
283	8
284	6
285	5
286	9
287	6
288	5
289	7
290	3
291	3
292	6
293	14
294	10
295	14
296	5
297	14
298	5
299	6
300	8
301	5
302	5
303	5
304	6
305	6
306	8
307	5
308	8
309	10
310	6
311	2
312	7
313	3
314	11
315	10
316	7
317	12
318	7
319	4
320	8
321	7
322	3
323	5
324	7
325	9
326	2
327	6
328	2
329	6
330	8
331	7
332	7
333	6
334	4
335	14
336	4
337	6
338	8
339	6
340	5
341	2
342	3
343	16
344	7
345	4
346	12
347	6
348	9
349	9
350	5
351	7
352	9
353	3
354	5
355	4
356	5
357	5
358	6
359	13
360	5
361	3
362	3
363	5
364	6
365	4
366	7
367	8
368	4
369	6
370	8
371	8
372	6
373	6
374	7
375	8
376	8
377	15
378	5
379	7
380	7
381	4
382	2
383	7
384	5
385	6
386	7
387	8
388	5
389	5
390	5
391	12
392	4
393	6
394	7
395	4
396	5
397	5
398	5
399	5
400	12
401	4
402	12
403	12
404	4
405	9
406	9
407	7
408	12
409	10
410	5
411	8
412	5
413	6
414	10
415	7
416	4
417	3
418	5
419	12
420	4
421	5
422	6
423	4
424	3
425	4
426	9
427	4
428	5
429	5
430	3
431	7
432	2
433	3
434	5
435	5
436	9
437	11
438	5
439	13
440	9
441	7
442	14
443	14
444	6
445	11
446	5
447	5
448	9
449	6
450	11
451	6
452	5
453	4
454	5
455	10
456	8
457	9
458	9
459	6
460	4
461	9
462	5
463	6
464	5
465	3
466	8
467	5
468	7
469	6
470	5
471	21
472	6
473	5
474	4
475	5
476	7
477	2
478	8
479	5
480	5
481	6
482	8
483	4
484	10
485	8
486	8
487	7
488	7
489	4
490	7
491	4
492	4
493	10
494	5
495	5
496	6
497	8
498	7
499	4
500	6
501	2
502	5
503	8
504	14
505	8
506	8
507	4
508	8
509	7
510	5
511	5
512	3
513	5
514	6
515	9
516	6
517	6
518	8
519	4
520	7
521	10
522	4
523	5
524	8
525	5
526	14
527	5
528	7
529	4
530	7
531	6
532	3
533	6
534	8
535	8
536	5
537	2
538	11
539	8
540	5
541	15
542	5
543	6
544	8
545	9
546	14
547	4
548	6
549	8
550	4
551	3
552	7
553	8
554	7
555	14
556	5
557	6
558	11
559	3
560	5
561	5
562	5
563	7
564	6
565	9
566	7
567	5
568	7
569	6
570	4
571	12
572	5
573	5
574	8
575	5
576	9
577	5
578	7
579	5
580	9
581	4
582	4
583	14
584	3
585	2
586	5
587	7
588	5
589	3
590	9
591	4
592	3
593	5
594	8
595	8
596	3
597	4
598	7
599	13
600	4
601	6
602	8
603	8
604	2
605	7
606	8
607	5
608	7
609	6
610	4
611	7
612	4
613	3
614	3
615	8
616	3
617	3
618	7
619	7
620	11
621	7
622	8
623	5
624	6
625	14
626	4
627	5
628	12
629	6
630	6
631	8
632	6
633	6
634	5
635	6
636	7
637	7
638	9
639	4
640	2
641	10
642	12
643	6
644	3
645	8
646	16
647	5
648	6
649	10
650	12
651	3
652	13
653	6
654	5
655	14
656	5
657	9
658	4
659	5
660	5
661	13
662	8
663	8
664	8
665	4
666	10
667	21
668	5
669	8
670	7
671	5
672	5
673	3
674	6
675	3
676	4
677	5
678	7
679	6
680	7
681	4
682	5
683	5
684	10
685	5
686	10
687	7
688	6
689	4
690	7
691	7
692	12
693	7
694	3
695	7
696	8
697	9
698	5
699	5
700	9
701	7
702	4
703	7
704	4
705	3
706	11
707	7
708	2
709	6
710	2
711	2
712	3
713	14
714	11
715	6
716	2
717	12
718	5
719	3
720	4
721	5
722	6
723	7
724	6
725	7
726	8
727	7
728	6
729	20
730	6
731	9
732	5
733	3
734	8
735	7
736	9
737	12
738	5
739	6
740	3
741	6
742	5
743	6
744	8
745	4
746	7
747	5
748	5
749	7
750	5
751	6
752	6
753	4
754	5
755	6
756	10
757	4
758	9
759	5
760	4
761	4
762	6
763	4
764	11
765	6
766	14
767	7
768	5
769	5
770	13
771	5
772	6
773	4
774	6
775	5
776	4
777	8
778	11
779	10
780	5
781	14
782	8
783	4
784	5
785	5
786	6
787	5
788	4
789	7
790	4
791	9
792	4
793	5
794	7
795	8
796	5
797	10
798	8
799	9
800	6
801	6
802	5
803	4
804	3
805	9
806	6
807	5
808	7
809	10
810	5
811	7
812	8
813	4
814	6
815	6
816	7
817	14
818	14
819	8
820	5
821	4
822	7
823	12
824	7
825	4
826	8
827	8
828	8
829	7
830	9
831	5
832	12
833	6
834	5
835	4
836	6
837	2
838	11
839	7
840	14
841	3
842	3
843	3
844	14
845	2
846	5
847	7
848	7
849	5
850	5
851	7
852	7
853	5
854	5
855	6
856	4
857	6
858	5
859	4
860	8
861	4
862	6
863	5
864	6
865	5
866	13
867	5
868	11
869	11
870	5
871	7
872	3
873	4
874	5
875	5
876	5
877	6
878	6
879	3
880	8
881	7
882	6
883	4
884	8
885	4
886	5
DEPOT_SECTION
1
-1
SERVICE_TIME_SECTION
1	0
2	540
3	420
4	480
5	600
6	720
7	840
8	720
9	1200
10	240
11	600
12	300
13	360
14	540
15	780
16	780
17	840
18	420
19	480
20	600
21	540
22	300
23	600
24	540
25	780
26	540
27	540
28	540
29	360
30	480
31	660
32	780
33	480
34	660
35	480
36	540
37	480
38	540
39	840
40	480
41	660
42	540
43	600
44	900
45	480
46	480
47	480
48	360
49	480
50	480
51	840
52	480
53	300
54	600
55	540
56	420
57	360
58	360
59	240
60	360
61	1020
62	540
63	480
64	480
65	540
66	720
67	540
68	600
69	540
70	840
71	540
72	420
73	240
74	540
75	480
76	600
77	480
78	300
79	720
80	540
81	300
82	1020
83	540
84	1140
85	420
86	540
87	240
88	720
89	780
90	420
91	360
92	420
93	360
94	480
95	780
96	660
97	240
98	840
99	660
100	780
101	540
102	660
103	420
104	600
105	600
106	420
107	540
108	660
109	660
110	780
111	360
112	180
113	540
114	240
115	540
116	360
117	660
118	300
119	900
120	840
121	600
122	720
123	420
124	420
125	1260
126	360
127	300
128	660
129	420
130	300
131	420
132	540
133	360
134	600
135	420
136	600
137	660
138	660
139	360
140	660
141	780
142	540
143	420
144	480
145	420
146	480
147	540
148	1260
149	1020
150	720
151	600
152	960
153	1020
154	720
155	540
156	420
157	600
158	600
159	540
160	540
161	600
162	1320
163	480
164	900
165	540
166	480
167	780
168	360
169	780
170	600
171	480
172	780
173	420
174	1140
175	480
176	480
177	480
178	420
179	420
180	420
181	540
182	420
183	480
184	540
185	660
186	1200
187	480
188	420
189	420
190	360
191	420
192	480
193	600
194	240
195	1020
196	300
197	480
198	480
199	600
200	300
201	480
202	360
203	480
204	420
205	540
206	780
207	720
208	420
209	540
210	420
211	1200
212	300
213	540
214	1020
215	480
216	480
217	480
218	360
219	360
220	900
221	420
222	240
223	540
224	540
225	540
226	660
227	180
228	540
229	420
230	780
231	780
232	360
233	600
234	1320
235	480
236	720
237	480
238	360
239	540
240	420
241	480
242	720
243	420
244	420
245	540
246	360
247	600
248	480
249	420
250	540
251	660
252	300
253	780
254	540
255	240
256	600
257	1020
258	900
259	420
260	780
261	660
262	540
263	1140
264	360
265	480
266	480
267	360
268	600
269	780
270	420
271	660
272	1020
273	360
274	540
275	1200
276	360
277	600
278	480
279	840
280	420
281	240
282	240
283	1200
284	720
285	540
286	540
287	360
288	600
289	840
290	1080
291	660
292	360
293	720
294	540
295	540
296	480
297	480
298	360
299	480
300	540
301	420
302	540
303	360
304	240
305	720
306	660
307	720
308	240
309	540
310	360
311	480
312	1020
313	480
314	360
315	600
316	900
317	420
318	720
319	420
320	660
321	660
322	720
323	660
324	600
325	1260
326	1260
327	600
328	360
329	540
330	540
331	720
332	780
333	780
334	420
335	420
336	660
337	420
338	480
339	420
340	420
341	900
342	480
343	480
344	420
345	360
346	420
347	480
348	360
349	540
350	780
351	600
352	240
353	840
354	660
355	720
356	660
357	780
358	480
359	600
360	780
361	840
362	600
363	600
364	480
365	600
366	420
367	480
368	660
369	360
370	360
371	480
372	1080
373	480
374	540
375	540
376	540
377	840
378	540
379	360
380	240
381	600
382	660
383	420
384	540
385	480
386	420
387	420
388	900
389	360
390	600
391	480
392	600
393	540
394	780
395	780
396	300
397	540
398	480
399	600
400	540
401	780
402	1020
403	720
404	420
405	420
406	840
407	300
408	720
409	780
410	240
411	720
412	420
413	600
414	240
415	420
416	360
417	360
418	540
419	780
420	300
421	600
422	360
423	720
424	420
425	360
426	540
427	420
428	420
429	540
430	480
431	300
432	360
433	720
434	240
435	480
436	300
437	1380
438	600
439	360
440	300
441	480
442	360
443	480
444	600
445	360
446	480
447	480
448	480
449	600
450	780
451	900
452	360
453	480
454	1020
455	540
456	600
457	420
458	240
459	360
460	540
461	300
462	540
463	660
464	660
465	600
466	600
467	720
468	780
469	480
470	780
471	720
472	900
473	540
474	420
475	1080
476	480
477	420
478	480
479	480
480	360
481	900
482	600
483	780
484	420
485	240
486	900
487	420
488	660
489	540
490	540
491	480
492	480
493	480
494	360
495	480
496	540
497	600
498	540
499	480
500	300
501	420
502	540
503	300
504	780
505	300
506	360
507	300
508	480
509	360
510	900
511	420
512	420
513	600
514	1020
515	300
516	360
517	1080
518	1380
519	540
520	420
521	540
522	420
523	660
524	600
525	600
526	720
527	600
528	300
529	420
530	1020
531	840
532	600
533	660
534	300
535	540
536	600
537	1140
538	240
539	1020
540	660
541	840
542	360
543	480
544	660
545	480
546	780
547	300
548	540
549	600
550	360
551	240
552	600
553	660
554	360
555	720
556	540
557	420
558	420
559	540
560	480
561	1380
562	480
563	780
564	600
565	360
566	1080
567	420
568	600
569	840
570	780
571	540
572	480
573	480
574	240
575	300
576	660
577	540
578	600
579	420
580	1140
581	780
582	600
583	540
584	300
585	1200
586	480
587	360
588	360
589	360
590	300
591	360
592	1020
593	540
594	300
595	600
596	420
597	600
598	420
599	480
600	1020
601	420
602	720
603	840
604	540
605	300
606	540
607	480
608	360
609	540
610	540
611	660
612	360
613	360
614	420
615	600
616	540
617	240
618	600
619	360
620	480
621	600
622	480
623	480
624	600
625	240
626	480
627	360
628	360
629	480
630	420
631	540
632	660
633	540
634	660
635	300
636	480
637	540
638	360
639	540
640	360
641	600
642	780
643	240
644	360
645	720
646	240
647	840
648	720
649	360
650	480
651	480
652	540
653	540
654	1200
655	360
656	480
657	540
658	540
659	780
660	540
661	780
662	360
663	480
664	540
665	300
666	540
667	480
668	660
669	780
670	780
671	600
672	540
673	600
674	240
675	780
676	540
677	660
678	180
679	540
680	420
681	900
682	420
683	360
684	600
685	420
686	480
687	420
688	660
689	600
690	420
691	300
692	480
693	780
694	720
695	600
696	360
697	480
698	420
699	360
700	480
701	540
702	420
703	720
704	360
705	660
706	660
707	960
708	840
709	360
710	660
711	660
712	600
713	600
714	840
715	600
716	240
717	360
718	660
719	420
720	360
721	420
722	240
723	660
724	1020
725	540
726	300
727	480
728	480
729	600
730	540
731	240
732	540
733	480
734	480
735	420
736	180
737	240
738	480
739	960
740	300
741	420
742	540
743	540
744	360
745	660
746	600
747	540
748	840
749	600
750	540
751	420
752	720
753	660
754	360
755	600
756	480
757	420
758	540
759	900
760	480
761	360
762	540
763	420
764	540
765	540
766	1020
767	600
768	600
769	660
770	1140
771	420
772	360
773	360
774	600
775	360
776	360
777	540
778	600
779	540
780	300
781	360
782	420
783	420
784	240
785	540
786	600
787	360
788	540
789	780
790	360
791	480
792	720
793	480
794	480
795	420
796	480
797	780
798	480
799	660
800	720
801	480
802	360
803	540
804	420
805	300
806	540
807	660
808	480
809	660
810	780
811	420
812	780
813	540
814	420
815	720
816	540
817	660
818	360
819	420
820	480
821	900
822	660
823	660
824	1020
825	600
826	240
827	240
828	720
829	300
830	480
831	480
832	840
833	540
834	780
835	360
836	900
837	720
838	480
839	1080
840	360
841	600
842	540
843	540
844	540
845	420
846	1200
847	900
848	360
849	600
850	840
851	540
852	480
853	1320
854	660
855	720
856	1200
857	540
858	1080
859	840
860	660
861	540
862	660
863	540
864	360
865	480
866	360
867	540
868	480
869	960
870	360
871	360
872	660
873	300
874	540
875	300
876	660
877	480
878	300
879	420
880	420
881	780
882	600
883	480
884	180
885	360
886	420
TIME_WINDOW_SECTION
1	0	45000
2	19800	27000
3	16200	23400
4	19800	27000
5	5400	12600
6	12600	19800
7	23400	30600
8	12600	19800
9	12600	19800
10	23400	30600
11	16200	27000
12	12600	19800
13	23400	30600
14	9000	19800
15	19800	27000
16	9000	19800
17	9000	19800
18	23400	30600
19	7200	29700
20	19800	27000
21	12600	19800
22	23400	29700
23	16200	23400
24	23400	30600
25	7200	30600
26	12600	18900
27	9000	19800
28	19800	27000
29	12600	19800
30	23400	30600
31	5400	12600
32	23400	30600
33	23400	30600
34	12600	19800
35	7200	30600
36	12600	19800
37	7200	30600
38	12600	19800
39	16200	27000
40	16200	27000
41	16200	27000
42	12600	19800
43	16200	27000
44	23400	30600
45	9000	16200
46	5400	12600
47	12600	19800
48	19800	27000
49	12600	19800
50	23400	30600
51	5400	12600
52	19800	27000
53	16200	23400
54	19800	27000
55	5400	12600
56	16200	27000
57	23400	30600
58	23400	30600
59	16200	27000
60	9000	19800
61	7200	30600
62	12600	19800
63	12600	19800
64	7200	30600
65	23400	30600
66	12600	19800
67	23400	30600
68	7200	29700
69	16200	23400
70	12600	19800
71	12600	19800
72	5400	12600
73	23400	30600
74	12600	19800
75	7200	30600
76	7200	29700
77	12600	19800
78	16200	27000
79	9000	16200
80	12600	19800
81	16200	23400
82	5400	12600
83	9000	16200
84	9000	19800
85	16200	25200
86	23400	30600
87	9000	19800
88	23400	30600
89	12600	19800
90	23400	30600
91	12600	19800
92	19800	27000
93	12600	19800
94	5400	12600
95	12600	19800
96	16200	27000
97	9000	16200
98	23400	30600
99	12600	19800
100	16200	27000
101	9000	19800
102	23400	30600
103	16200	27000
104	23400	30600
105	23400	30600
106	23400	30600
107	16200	27000
108	16200	23400
109	16200	22500
110	9000	16200
111	23400	30600
112	12600	19800
113	23400	30600
114	19800	27000
115	19800	27000
116	5400	12600
117	23400	30600
118	19800	27000
119	23400	30600
120	5400	12600
121	5400	12600
122	19800	27000
123	12600	19800
124	19800	27000
125	23400	30600
126	19800	27000
127	12600	19800
128	19800	27000
129	7200	29700
130	5400	12600
131	16200	23400
132	23400	30600
133	23400	29700
134	12600	19800
135	19800	27000
136	12600	19800
137	19800	27000
138	7200	29700
139	7200	30600
140	19800	27000
141	16200	27000
142	16200	27000
143	9000	19800
144	12600	19800
145	23400	30600
146	7200	30600
147	7200	30600
148	19800	27000
149	19800	27000
150	5400	12600
151	9000	16200
152	7200	30600
153	12600	19800
154	12600	19800
155	12600	19800
156	12600	19800
157	16200	23400
158	23400	30600
159	23400	30600
160	16200	27000
161	9000	16200
162	12600	19800
163	12600	18900
164	12600	18900
165	23400	30600
166	23400	30600
167	9000	19800
168	7200	29700
169	7200	30600
170	12600	19800
171	12600	19800
172	5400	12600
173	23400	30600
174	9000	19800
175	16200	27000
176	9000	19800
177	19800	27000
178	12600	19800
179	7200	30600
180	23400	29700
181	23400	30600
182	23400	30600
183	19800	27000
184	7200	30600
185	19800	27000
186	19800	27000
187	7200	30600
188	9000	19800
189	5400	12600
190	23400	30600
191	23400	30600
192	23400	30600
193	16200	25200
194	12600	19800
195	16200	23400
196	5400	12600
197	12600	19800
198	12600	19800
199	5400	11700
200	16200	27000
201	9000	19800
202	5400	12600
203	7200	30600
204	16200	22500
205	12600	19800
206	7200	29700
207	7200	30600
208	12600	19800
209	23400	30600
210	12600	19800
211	12600	19800
212	19800	27000
213	7200	30600
214	19800	26100
215	12600	19800
216	23400	30600
217	5400	12600
218	7200	30600
219	7200	30600
220	19800	27000
221	19800	27000
222	9000	16200
223	9000	19800
224	16200	27000
225	12600	19800
226	5400	12600
227	7200	30600
228	9000	16200
229	16200	27000
230	12600	19800
231	5400	12600
232	5400	12600
233	19800	27000
234	23400	30600
235	7200	29700
236	19800	27000
237	23400	30600
238	12600	19800
239	19800	27000
240	12600	19800
241	5400	12600
242	16200	27000
243	19800	27000
244	16200	26100
245	9000	19800
246	5400	12600
247	12600	19800
248	12600	19800
249	7200	29700
250	5400	12600
251	5400	12600
252	16200	27000
253	16200	27000
254	23400	30600
255	9000	16200
256	19800	27000
257	16200	27000
258	16200	27000
259	23400	30600
260	23400	30600
261	19800	27000
262	5400	12600
263	23400	30600
264	16200	27000
265	5400	12600
266	23400	30600
267	12600	19800
268	9000	19800
269	12600	18900
270	16200	27000
271	16200	27000
272	23400	30600
273	7200	30600
274	5400	12600
275	16200	27000
276	5400	12600
277	12600	19800
278	19800	27000
279	19800	27000
280	12600	19800
281	23400	30600
282	16200	26100
283	19800	27000
284	23400	30600
285	19800	27000
286	7200	30600
287	5400	12600
288	12600	18900
289	9000	19800
290	12600	18900
291	16200	27000
292	16200	27000
293	23400	30600
294	12600	19800
295	5400	12600
296	16200	23400
297	5400	12600
298	5400	12600
299	23400	30600
300	12600	19800
301	9000	16200
302	5400	12600
303	23400	29700
304	7200	30600
305	23400	29700
306	9000	19800
307	19800	27000
308	9000	19800
309	16200	26100
310	23400	30600
311	23400	30600
312	12600	19800
313	19800	27000
314	9000	19800
315	12600	19800
316	5400	12600
317	16200	27000
318	12600	19800
319	19800	27000
320	7200	30600
321	16200	23400
322	23400	30600
323	16200	27000
324	16200	22500
325	16200	23400
326	19800	27000
327	16200	27000
328	12600	19800
329	19800	27000
330	16200	27000
331	12600	19800
332	16200	23400
333	16200	27000
334	9000	19800
335	19800	27000
336	16200	27000
337	5400	12600
338	12600	19800
339	16200	23400
340	19800	27000
341	7200	30600
342	7200	30600
343	23400	30600
344	16200	27000
345	23400	30600
346	23400	30600
347	12600	18900
348	5400	12600
349	16200	23400
350	12600	19800
351	5400	12600
352	12600	19800
353	7200	30600
354	7200	30600
355	16200	27000
356	16200	27000
357	9000	19800
358	23400	30600
359	12600	19800
360	5400	12600
361	9000	19800
362	12600	19800
363	5400	12600
364	7200	30600
365	7200	30600
366	19800	27000
367	23400	30600
368	5400	12600
369	23400	30600
370	5400	12600
371	5400	12600
372	16200	23400
373	9000	19800
374	19800	27000
375	12600	19800
376	23400	30600
377	12600	19800
378	12600	19800
379	23400	30600
380	12600	19800
381	7200	29700
382	9000	19800
383	23400	30600
384	23400	30600
385	23400	30600
386	19800	27000
387	23400	30600
388	12600	19800
389	16200	27000
390	16200	27000
391	12600	19800
392	12600	19800
393	16200	23400
394	7200	29700
395	12600	19800
396	16200	27000
397	19800	27000
398	9000	16200
399	19800	27000
400	12600	19800
401	12600	19800
402	16200	27000
403	12600	19800
404	23400	30600
405	19800	27000
406	23400	30600
407	23400	30600
408	16200	27000
409	12600	19800
410	19800	27000
411	16200	27000
412	23400	30600
413	16200	23400
414	19800	27000
415	23400	30600
416	7200	30600
417	9000	16200
418	23400	30600
419	12600	19800
420	23400	30600
421	16200	27000
422	16200	27000
423	16200	27000
424	23400	30600
425	12600	19800
426	19800	27000
427	23400	29700
428	12600	19800
429	12600	19800
430	12600	19800
431	23400	30600
432	12600	19800
433	23400	30600
434	16200	27000
435	23400	30600
436	19800	27000
437	23400	30600
438	16200	27000
439	9000	19800
440	9000	19800
441	16200	27000
442	19800	26100
443	12600	19800
444	12600	19800
445	23400	30600
446	7200	30600
447	16200	23400
448	23400	30600
449	23400	30600
450	12600	19800
451	16200	23400
452	16200	27000
453	12600	19800
454	16200	27000
455	16200	27000
456	16200	27000
457	12600	19800
458	12600	19800
459	16200	27000
460	19800	27000
461	23400	30600
462	16200	27000
463	19800	27000
464	16200	27000
465	23400	30600
466	16200	27000
467	16200	27000
468	23400	30600
469	12600	19800
470	19800	27000
471	23400	30600
472	16200	27000
473	23400	30600
474	23400	30600
475	19800	27000
476	19800	27000
477	19800	27000
478	7200	30600
479	19800	27000
480	16200	27000
481	12600	19800
482	19800	27000
483	23400	30600
484	19800	27000
485	9000	19800
486	23400	30600
487	19800	27000
488	19800	27000
489	16200	27000
490	7200	30600
491	23400	30600
492	19800	27000
493	12600	19800
494	7200	30600
495	12600	18900
496	19800	27000
497	23400	29700
498	7200	30600
499	9000	19800
500	19800	27000
501	9000	19800
502	16200	27000
503	19800	27000
504	12600	19800
505	7200	30600
506	23400	30600
507	19800	27000
508	9000	16200
509	7200	30600
510	16200	27000
511	7200	30600
512	7200	30600
513	9000	19800
514	23400	30600
515	12600	19800
516	23400	30600
517	19800	27000
518	16200	27000
519	9000	19800
520	7200	30600
521	23400	29700
522	9000	19800
523	16200	27000
524	19800	27000
525	7200	30600
526	19800	27000
527	23400	30600
528	16200	27000
529	12600	19800
530	7200	29700
531	7200	29700
532	12600	19800
533	23400	30600
534	16200	27000
535	19800	27000
536	16200	27000
537	19800	27000
538	12600	19800
539	7200	30600
540	16200	27000
541	16200	23400
542	16200	26100
543	7200	30600
544	9000	19800
545	12600	19800
546	16200	27000
547	12600	18900
548	23400	30600
549	12600	19800
550	16200	27000
551	12600	19800
552	19800	27000
553	23400	30600
554	19800	27000
555	7200	30600
556	16200	27000
557	19800	27000
558	12600	19800
559	23400	30600
560	19800	27000
561	23400	30600
562	19800	27000
563	23400	30600
564	23400	30600
565	19800	27000
566	23400	29700
567	19800	27000
568	7200	29700
569	23400	30600
570	9000	19800
571	19800	27000
572	23400	30600
573	23400	30600
574	16200	26100
575	19800	27000
576	19800	27000
577	23400	30600
578	12600	19800
579	16200	27000
580	23400	30600
581	19800	27000
582	19800	27000
583	12600	19800
584	19800	27000
585	16200	27000
586	9000	19800
587	7200	30600
588	12600	19800
589	23400	30600
590	19800	27000
591	23400	30600
592	7200	30600
593	23400	30600
594	19800	27000
595	16200	27000
596	16200	23400
597	23400	30600
598	7200	29700
599	7200	30600
600	12600	19800
601	7200	30600
602	12600	19800
603	23400	30600
604	16200	27000
605	12600	19800
606	19800	27000
607	9000	19800
608	16200	27000
609	16200	23400
610	16200	27000
611	16200	27000
612	23400	30600
613	12600	19800
614	7200	30600
615	12600	19800
616	7200	30600
617	7200	30600
618	12600	19800
619	23400	30600
620	9000	19800
621	23400	30600
622	19800	27000
623	23400	30600
624	12600	19800
625	19800	27000
626	23400	30600
627	7200	30600
628	19800	27000
629	16200	27000
630	23400	30600
631	23400	30600
632	23400	29700
633	16200	27000
634	23400	30600
635	7200	30600
636	12600	19800
637	12600	19800
638	12600	19800
639	9000	19800
640	9000	19800
641	23400	30600
642	7200	30600
643	23400	30600
644	16200	27000
645	19800	27000
646	12600	19800
647	12600	19800
648	9000	19800
649	16200	27000
650	23400	30600
651	23400	30600
652	9000	19800
653	23400	30600
654	23400	30600
655	12600	19800
656	16200	23400
657	23400	30600
658	16200	27000
659	23400	30600
660	23400	30600
661	23400	30600
662	7200	30600
663	12600	19800
664	19800	27000
665	16200	27000
666	7200	30600
667	23400	30600
668	9000	19800
669	12600	19800
670	7200	30600
671	19800	27000
672	19800	27000
673	16200	27000
674	19800	27000
675	16200	27000
676	7200	30600
677	23400	30600
678	23400	30600
679	16200	27000
680	16200	23400
681	9000	19800
682	16200	27000
683	23400	30600
684	12600	19800
685	23400	30600
686	12600	19800
687	7200	30600
688	16200	27000
689	16200	27000
690	23400	30600
691	23400	30600
692	16200	27000
693	23400	30600
694	16200	23400
695	7200	30600
696	9000	19800
697	7200	30600
698	12600	19800
699	23400	30600
700	12600	19800
701	16200	27000
702	9000	19800
703	16200	27000
704	23400	30600
705	12600	19800
706	19800	27000
707	9000	19800
708	16200	27000
709	23400	30600
710	7200	30600
711	7200	29700
712	12600	19800
713	23400	30600
714	23400	30600
715	19800	27000
716	16200	23400
717	16200	27000
718	7200	30600
719	7200	30600
720	16200	25200
721	7200	30600
722	16200	27000
723	23400	30600
724	7200	30600
725	23400	30600
726	23400	30600
727	16200	27000
728	16200	23400
729	23400	30600
730	16200	23400
731	19800	27000
732	16200	27000
733	16200	27000
734	23400	30600
735	23400	30600
736	7200	29700
737	7200	30600
738	19800	27000
739	23400	30600
740	16200	27000
741	23400	30600
742	16200	23400
743	7200	29700
744	16200	27000
745	16200	27000
746	23400	30600
747	23400	30600
748	7200	30600
749	19800	27000
750	16200	23400
751	16200	27000
752	7200	29700
753	19800	27000
754	23400	30600
755	19800	27000
756	16200	27000
757	23400	30600
758	23400	30600
759	19800	27000
760	16200	27000
761	23400	30600
762	16200	23400
763	23400	30600
764	19800	27000
765	23400	30600
766	23400	30600
767	23400	30600
768	16200	27000
769	16200	23400
770	19800	27000
771	16200	23400
772	19800	27000
773	7200	29700
774	16200	27000
775	16200	27000
776	19800	27000
777	19800	27000
778	23400	30600
779	23400	30600
780	23400	30600
781	16200	27000
782	23400	30600
783	23400	30600
784	23400	30600
785	23400	30600
786	23400	30600
787	23400	30600
788	23400	30600
789	19800	27000
790	7200	30600
791	16200	27000
792	19800	27000
793	16200	27000
794	23400	30600
795	16200	23400
796	16200	27000
797	16200	27000
798	7200	30600
799	16200	23400
800	19800	27000
801	19800	27000
802	7200	29700
803	7200	30600
804	7200	30600
805	7200	30600
806	19800	27000
807	23400	30600
808	19800	27000
809	16200	27000
810	16200	27000
811	7200	30600
812	23400	29700
813	16200	27000
814	23400	30600
815	7200	30600
816	23400	30600
817	19800	27000
818	19800	27000
819	23400	30600
820	19800	27000
821	23400	30600
822	7200	30600
823	7200	30600
824	23400	30600
825	23400	30600
826	19800	27000
827	23400	30600
828	23400	30600
829	7200	30600
830	7200	30600
831	19800	27000
832	16200	27000
833	23400	30600
834	23400	30600
835	7200	30600
836	7200	30600
837	16200	27000
838	19800	27000
839	23400	30600
840	7200	30600
841	19800	27000
842	19800	27000
843	19800	27000
844	7200	30600
845	16200	27000
846	23400	30600
847	19800	27000
848	23400	30600
849	16200	26100
850	23400	30600
851	7200	30600
852	23400	30600
853	23400	30600
854	7200	30600
855	19800	27000
856	23400	30600
857	23400	29700
858	19800	27000
859	19800	27000
860	7200	30600
861	23400	30600
862	16200	27000
863	19800	27000
864	23400	30600
865	16200	27000
866	16200	27000
867	7200	30600
868	16200	27000
869	19800	27000
870	19800	27000
871	19800	27000
872	23400	30600
873	19800	27000
874	23400	30600
875	23400	30600
876	7200	30600
877	7200	30600
878	16200	27000
879	23400	30600
880	7200	30600
881	7200	30600
882	19800	27000
883	7200	30600
884	19800	27000
885	16200	27000
886	7200	29700
RELEASE_TIME_SECTION
1	0
2	5400
3	5400
4	5400
5	5400
6	5400
7	5400
8	5400
9	5400
10	5400
11	5400
12	5400
13	5400
14	5400
15	5400
16	5400
17	5400
18	5400
19	5400
20	5400
21	5400
22	5400
23	5400
24	5400
25	5400
26	5400
27	5400
28	5400
29	5400
30	5400
31	5400
32	5400
33	5400
34	5400
35	5400
36	5400
37	5400
38	5400
39	5400
40	5400
41	5400
42	5400
43	5400
44	5400
45	5400
46	5400
47	5400
48	5400
49	5400
50	5400
51	5400
52	5400
53	5400
54	5400
55	5400
56	5400
57	5400
58	5400
59	5400
60	5400
61	5400
62	5400
63	5400
64	5400
65	5400
66	5400
67	5400
68	5400
69	5400
70	5400
71	5400
72	5400
73	5400
74	5400
75	5400
76	5400
77	5400
78	5400
79	5400
80	5400
81	5400
82	5400
83	5400
84	5400
85	5400
86	5400
87	5400
88	5400
89	5400
90	5400
91	5400
92	5400
93	5400
94	5400
95	5400
96	5400
97	5400
98	5400
99	5400
100	5400
101	5400
102	7200
103	7200
104	7200
105	7200
106	7200
107	7200
108	7200
109	7200
110	7200
111	7200
112	7200
113	7200
114	7200
115	7200
116	7200
117	7200
118	7200
119	7200
120	7200
121	7200
122	7200
123	7200
124	7200
125	7200
126	7200
127	7200
128	7200
129	7200
130	7200
131	7200
132	7200
133	7200
134	7200
135	7200
136	7200
137	7200
138	7200
139	7200
140	7200
141	7200
142	7200
143	7200
144	7200
145	7200
146	7200
147	7200
148	7200
149	7200
150	7200
151	7200
152	7200
153	7200
154	7200
155	7200
156	7200
157	7200
158	7200
159	7200
160	7200
161	7200
162	7200
163	7200
164	7200
165	7200
166	7200
167	7200
168	7200
169	7200
170	7200
171	7200
172	7200
173	7200
174	7200
175	7200
176	7200
177	7200
178	7200
179	7200
180	7200
181	7200
182	7200
183	7200
184	7200
185	7200
186	7200
187	7200
188	7200
189	7200
190	7200
191	7200
192	7200
193	7200
194	7200
195	7200
196	7200
197	7200
198	7200
199	7200
200	7200
201	7200
202	9000
203	9000
204	9000
205	9000
206	9000
207	9000
208	9000
209	9000
210	9000
211	9000
212	9000
213	9000
214	9000
215	9000
216	9000
217	9000
218	9000
219	9000
220	9000
221	9000
222	9000
223	9000
224	9000
225	9000
226	9000
227	9000
228	9000
229	9000
230	9000
231	9000
232	9000
233	9000
234	9000
235	9000
236	9000
237	9000
238	9000
239	9000
240	9000
241	9000
242	9000
243	9000
244	9000
245	9000
246	9000
247	9000
248	9000
249	9000
250	9000
251	9000
252	9000
253	9000
254	9000
255	9000
256	9000
257	9000
258	9000
259	9000
260	9000
261	9000
262	9000
263	9000
264	9000
265	9000
266	9000
267	9000
268	9000
269	9000
270	9000
271	9000
272	9000
273	9000
274	9000
275	9000
276	9000
277	9000
278	9000
279	9000
280	9000
281	9000
282	9000
283	9000
284	9000
285	9000
286	9000
287	9000
288	9000
289	9000
290	9000
291	9000
292	9000
293	9000
294	9000
295	9000
296	9000
297	9000
298	9000
299	9000
300	9000
301	10800
302	10800
303	10800
304	10800
305	10800
306	10800
307	10800
308	10800
309	10800
310	10800
311	10800
312	10800
313	10800
314	10800
315	10800
316	10800
317	10800
318	10800
319	10800
320	10800
321	10800
322	10800
323	10800
324	10800
325	10800
326	10800
327	10800
328	10800
329	10800
330	10800
331	10800
332	10800
333	10800
334	10800
335	10800
336	10800
337	10800
338	10800
339	10800
340	10800
341	10800
342	10800
343	10800
344	10800
345	10800
346	10800
347	10800
348	10800
349	10800
350	10800
351	10800
352	10800
353	10800
354	10800
355	10800
356	10800
357	10800
358	10800
359	10800
360	10800
361	10800
362	10800
363	10800
364	10800
365	10800
366	10800
367	10800
368	10800
369	10800
370	10800
371	10800
372	10800
373	10800
374	10800
375	10800
376	10800
377	10800
378	10800
379	10800
380	10800
381	10800
382	10800
383	10800
384	10800
385	10800
386	10800
387	10800
388	10800
389	10800
390	10800
391	10800
392	10800
393	10800
394	12600
395	12600
396	12600
397	12600
398	12600
399	12600
400	12600
401	12600
402	12600
403	12600
404	12600
405	12600
406	12600
407	12600
408	12600
409	12600
410	12600
411	12600
412	12600
413	12600
414	12600
415	12600
416	12600
417	12600
418	12600
419	12600
420	12600
421	12600
422	12600
423	12600
424	12600
425	12600
426	12600
427	12600
428	12600
429	12600
430	12600
431	12600
432	12600
433	12600
434	12600
435	12600
436	12600
437	12600
438	12600
439	12600
440	12600
441	12600
442	12600
443	12600
444	12600
445	12600
446	12600
447	12600
448	12600
449	12600
450	12600
451	12600
452	12600
453	12600
454	12600
455	12600
456	12600
457	12600
458	12600
459	12600
460	12600
461	12600
462	12600
463	12600
464	12600
465	12600
466	12600
467	12600
468	12600
469	12600
470	12600
471	12600
472	12600
473	12600
474	12600
475	12600
476	12600
477	12600
478	12600
479	12600
480	14400
481	14400
482	14400
483	14400
484	14400
485	14400
486	14400
487	14400
488	14400
489	14400
490	14400
491	14400
492	14400
493	14400
494	14400
495	14400
496	14400
497	14400
498	14400
499	14400
500	14400
501	14400
502	14400
503	14400
504	14400
505	14400
506	14400
507	14400
508	14400
509	14400
510	14400
511	14400
512	14400
513	14400
514	14400
515	14400
516	14400
517	14400
518	14400
519	14400
520	14400
521	14400
522	14400
523	14400
524	14400
525	14400
526	14400
527	14400
528	14400
529	14400
530	14400
531	14400
532	14400
533	14400
534	14400
535	14400
536	14400
537	14400
538	14400
539	14400
540	14400
541	14400
542	14400
543	14400
544	14400
545	14400
546	14400
547	14400
548	14400
549	14400
550	14400
551	14400
552	14400
553	14400
554	14400
555	14400
556	14400
557	14400
558	14400
559	14400
560	14400
561	14400
562	14400
563	14400
564	14400
565	14400
566	16200
567	16200
568	16200
569	16200
570	16200
571	16200
572	16200
573	16200
574	16200
575	16200
576	16200
577	16200
578	16200
579	16200
580	16200
581	16200
582	16200
583	16200
584	16200
585	16200
586	16200
587	16200
588	16200
589	16200
590	16200
591	16200
592	16200
593	16200
594	16200
595	16200
596	16200
597	16200
598	16200
599	16200
600	16200
601	16200
602	16200
603	16200
604	16200
605	16200
606	16200
607	16200
608	16200
609	16200
610	16200
611	16200
612	16200
613	16200
614	16200
615	16200
616	16200
617	16200
618	16200
619	16200
620	16200
621	16200
622	16200
623	16200
624	16200
625	16200
626	16200
627	16200
628	16200
629	16200
630	16200
631	16200
632	16200
633	16200
634	16200
635	16200
636	16200
637	16200
638	16200
639	16200
640	16200
641	16200
642	16200
643	16200
644	16200
645	16200
646	16200
647	16200
648	16200
649	16200
650	16200
651	16200
652	16200
653	18000
654	18000
655	18000
656	18000
657	18000
658	18000
659	18000
660	18000
661	18000
662	18000
663	18000
664	18000
665	18000
666	18000
667	18000
668	18000
669	18000
670	18000
671	18000
672	18000
673	18000
674	18000
675	18000
676	18000
677	18000
678	18000
679	18000
680	18000
681	18000
682	18000
683	18000
684	18000
685	18000
686	18000
687	18000
688	18000
689	18000
690	18000
691	18000
692	18000
693	18000
694	18000
695	18000
696	18000
697	18000
698	18000
699	18000
700	18000
701	18000
702	18000
703	18000
704	18000
705	18000
706	18000
707	18000
708	18000
709	18000
710	18000
711	18000
712	18000
713	18000
714	18000
715	19800
716	19800
717	19800
718	19800
719	19800
720	19800
721	19800
722	19800
723	19800
724	19800
725	19800
726	19800
727	19800
728	19800
729	19800
730	19800
731	19800
732	19800
733	19800
734	19800
735	19800
736	19800
737	19800
738	19800
739	19800
740	19800
741	19800
742	19800
743	19800
744	19800
745	19800
746	19800
747	19800
748	19800
749	19800
750	19800
751	19800
752	19800
753	19800
754	19800
755	19800
756	19800
757	19800
758	19800
759	19800
760	19800
761	19800
762	19800
763	19800
764	19800
765	19800
766	19800
767	19800
768	19800
769	19800
770	19800
771	19800
772	19800
773	19800
774	21600
775	21600
776	21600
777	21600
778	21600
779	21600
780	21600
781	21600
782	21600
783	21600
784	21600
785	21600
786	21600
787	21600
788	21600
789	21600
790	21600
791	21600
792	21600
793	21600
794	21600
795	21600
796	21600
797	21600
798	21600
799	21600
800	21600
801	21600
802	21600
803	21600
804	21600
805	21600
806	21600
807	21600
808	21600
809	21600
810	21600
811	21600
812	21600
813	21600
814	21600
815	21600
816	21600
817	21600
818	21600
819	21600
820	21600
821	21600
822	21600
823	21600
824	21600
825	21600
826	21600
827	21600
828	21600
829	21600
830	21600
831	21600
832	21600
833	21600
834	21600
835	21600
836	21600
837	21600
838	21600
839	23400
840	23400
841	23400
842	23400
843	23400
844	23400
845	23400
846	23400
847	23400
848	23400
849	23400
850	23400
851	23400
852	23400
853	23400
854	23400
855	23400
856	23400
857	23400
858	23400
859	23400
860	23400
861	23400
862	23400
863	23400
864	23400
865	23400
866	23400
867	23400
868	23400
869	23400
870	23400
871	23400
872	23400
873	23400
874	23400
875	23400
876	23400
877	23400
878	23400
879	23400
880	23400
881	23400
882	23400
883	23400
884	23400
885	23400
886	23400
EOF
