NAME : ORTEC-VRPTW-ASYM-c82ca041-d1-n975
TYPE : VRPTW-RT
DIMENSION : 976
EDGE_WEIGHT_TYPE : EUC_2D
CAPACITY : 145
NODE_COORD_SECTION
1	0	5107
2	553	5690
3	1684	3493
4	761	6667
5	414	5161
6	1702	3778
7	1251	4318
8	673	6318
9	689	5439
10	842	4415
11	1308	4333
12	834	4345
13	1456	4475
14	418	6652
15	684	5378
16	332	6095
17	1264	5722
18	1719	3502
19	778	4207
20	1560	3638
21	1145	5001
22	497	6215
23	479	5434
24	1547	3892
25	1271	6009
26	1832	4269
27	1000	4688
28	795	4166
29	1880	4066
30	1811	3685
31	1264	5722
32	240	6041
33	1342	4249
34	1292	4364
35	1136	4616
36	470	6016
37	543	6131
38	1847	4098
39	553	5718
40	2065	3385
41	1701	3456
42	1870	3873
43	1197	4291
44	1440	5832
45	1158	6028
46	1262	5825
47	1547	3892
48	908	4108
49	734	4430
50	1532	4393
51	1601	3777
52	1811	3685
53	753	6194
54	1998	3404
55	1339	4180
56	1144	4632
57	2029	3955
58	1239	5975
59	955	5252
60	555	5594
61	834	4345
62	514	5291
63	193	6234
64	997	5362
65	606	6429
66	1418	5513
67	1319	4001
68	594	5720
69	479	5614
70	240	6041
71	908	4108
72	1682	3492
73	488	5078
74	1701	3456
75	578	5528
76	1009	4745
77	1292	4170
78	727	6093
79	1145	5001
80	816	4046
81	1302	4420
82	956	4267
83	1697	3448
84	1547	3237
85	586	5648
86	1009	4745
87	1049	3940
88	418	6539
89	1672	3429
90	1041	4566
91	782	4715
92	1128	4865
93	1292	4170
94	1557	4237
95	1398	5046
96	937	4595
97	1556	3661
98	1612	4289
99	1287	4404
100	565	6620
101	1299	4336
102	1999	3806
103	726	4659
104	1235	4477
105	1299	4860
106	302	6438
107	956	4267
108	594	5720
109	1464	4062
110	676	4444
111	594	5720
112	1349	4428
113	337	6737
114	1221	4577
115	1333	4724
116	1210	5868
117	727	6093
118	418	6652
119	493	6612
120	1695	3501
121	1110	4540
122	1853	4041
123	1342	4249
124	623	4359
125	606	6429
126	1070	4012
127	502	5945
128	377	5400
129	918	4621
130	414	5161
131	1210	5868
132	726	4659
133	460	5292
134	1196	4809
135	1418	5513
136	1537	3345
137	1952	3345
138	1145	4167
139	1456	4475
140	1319	4001
141	1247	4393
142	1287	4729
143	1173	4670
144	497	6215
145	1223	4861
146	1049	3940
147	727	6093
148	1484	4328
149	662	4580
150	1199	4950
151	1139	4552
152	956	4267
153	976	4372
154	242	6265
155	620	5660
156	1369	5952
157	625	5684
158	703	6186
159	956	4267
160	1302	4420
161	1582	3456
162	880	4915
163	931	4499
164	1275	4346
165	691	6600
166	1110	4540
167	620	5366
168	193	6234
169	1303	4257
170	1701	3373
171	1299	4414
172	1375	4166
173	594	5720
174	1557	4237
175	1510	3163
176	1109	4709
177	1282	4321
178	1263	4798
179	1514	3421
180	1555	5650
181	1255	5857
182	418	6652
183	1528	4183
184	1547	3237
185	1333	4724
186	1251	4318
187	970	4820
188	734	4430
189	2065	3385
190	1299	4336
191	1308	4333
192	1824	3395
193	337	6737
194	1811	3685
195	1467	5403
196	578	5528
197	1173	4670
198	2201	3485
199	1360	3568
200	932	4294
201	1407	5604
202	1349	4428
203	1601	4433
204	1391	3596
205	1219	4918
206	503	5173
207	1703	5418
208	1511	5656
209	1271	6009
210	1145	5001
211	586	5648
212	816	4046
213	1161	4207
214	1896	3787
215	555	6129
216	605	5199
217	1284	4281
218	469	6481
219	842	4415
220	1790	3892
221	740	4151
222	910	4655
223	1318	4919
224	1532	3640
225	987	4228
226	2106	3272
227	2029	3955
228	907	4982
229	1110	4052
230	597	5348
231	503	5173
232	623	5447
233	1407	5604
234	611	6317
235	910	4655
236	1472	4354
237	1292	4170
238	728	6511
239	1719	3502
240	1134	6023
241	1302	4420
242	1703	5418
243	571	5331
244	242	6265
245	1398	5046
246	774	5947
247	910	4655
248	1264	5878
249	1448	3665
250	1260	5087
251	445	5404
252	418	6652
253	907	4982
254	1260	4216
255	956	4267
256	1853	4041
257	1041	4566
258	1299	4336
259	1472	4354
260	1593	4053
261	784	5670
262	842	4415
263	637	6131
264	1930	4134
265	1601	3777
266	1110	4540
267	248	6678
268	1582	3456
269	740	4151
270	1188	4319
271	1109	4709
272	1664	3841
273	1025	4097
274	1242	4048
275	1998	3404
276	1532	3640
277	1839	3439
278	691	6600
279	1537	3345
280	418	6539
281	1602	5480
282	1292	4450
283	1602	5480
284	842	4415
285	1464	4062
286	605	5199
287	332	6095
288	1260	4216
289	1547	3892
290	1593	4053
291	816	4046
292	1210	5868
293	514	5291
294	1418	5513
295	893	4019
296	1326	4167
297	722	4820
298	918	4621
299	1532	4393
300	726	4659
301	1478	4412
302	1556	3661
303	1440	5832
304	1815	3278
305	479	5614
306	1333	4724
307	940	4479
308	1153	6097
309	503	5379
310	987	4228
311	193	6234
312	1868	4495
313	740	4151
314	782	4715
315	359	6453
316	503	5173
317	597	5348
318	514	5291
319	1440	5832
320	512	6263
321	1528	4183
322	1511	4261
323	1990	3742
324	996	5124
325	565	6620
326	425	5337
327	1542	4926
328	1484	4328
329	342	5380
330	1045	4095
331	784	5670
332	1139	4552
333	565	6620
334	555	5594
335	377	5400
336	1110	4052
337	1065	4517
338	564	6108
339	1375	4166
340	1221	4507
341	1546	3331
342	597	5348
343	1560	3638
344	2035	3766
345	969	3912
346	1319	4001
347	1756	3943
348	996	5124
349	1239	5975
350	1221	4507
351	525	5237
352	625	5684
353	1603	3389
354	193	6234
355	1547	3237
356	507	6492
357	1456	4475
358	1173	4670
359	1287	4729
360	1121	4348
361	211	6134
362	1721	4596
363	1719	3502
364	1219	4918
365	1532	4393
366	1275	4346
367	863	4285
368	1469	4152
369	2201	3485
370	1546	3331
371	1153	6097
372	1587	4014
373	1193	6227
374	908	4108
375	332	6095
376	573	6361
377	263	6490
378	1401	4944
379	469	6481
380	1085	4616
381	1109	4709
382	1542	4926
383	702	6118
384	1306	5123
385	1755	3272
386	1144	4632
387	1045	3956
388	623	5447
389	1306	5123
390	1904	3507
391	1849	3656
392	337	6737
393	651	6136
394	1303	4257
395	1832	4269
396	1299	4860
397	555	5594
398	1582	3456
399	193	6234
400	565	6620
401	242	6265
402	2106	3272
403	761	6667
404	1556	3661
405	1601	4433
406	193	6234
407	620	5660
408	1041	4566
409	537	6379
410	673	6318
411	1398	5046
412	1128	4865
413	1697	3448
414	1824	3395
415	1631	3736
416	470	6016
417	1528	4183
418	1815	3278
419	503	5244
420	1308	4333
421	1161	4207
422	1273	4167
423	689	5439
424	1284	4281
425	1020	4682
426	1771	5362
427	195	5962
428	1762	4636
429	1342	4319
430	1824	3395
431	1546	3331
432	1221	4577
433	1717	3693
434	445	5404
435	1701	3456
436	1868	4495
437	235	6261
438	1292	4170
439	1052	4131
440	418	6652
441	910	6667
442	622	5777
443	1484	4328
444	691	6600
445	1153	6097
446	1440	3774
447	1398	4508
448	691	6600
449	1870	3873
450	1417	3568
451	1024	4753
452	2065	3385
453	1113	5020
454	1276	4922
455	800	4982
456	1640	3386
457	537	6379
458	726	4659
459	1339	4030
460	1755	3272
461	689	5439
462	1153	4045
463	622	5777
464	1247	4973
465	1603	3389
466	1228	4790
467	1247	4393
468	996	5124
469	2130	3347
470	1701	3373
471	892	4720
472	1593	4053
473	597	5348
474	976	4372
475	195	5962
476	826	6551
477	1511	4261
478	1121	4348
479	1702	5372
480	469	6481
481	1014	4685
482	1237	4526
483	1065	4517
484	579	5774
485	180	6059
486	1303	4372
487	1457	3967
488	621	5199
489	1912	3428
490	337	6737
491	1742	3420
492	684	5378
493	774	5947
494	1612	4289
495	555	6129
496	734	4430
497	1342	4319
498	1251	4318
499	1603	3389
500	795	4166
501	1557	4237
502	1469	4152
503	785	4178
504	673	6318
505	1484	4328
506	1180	5121
507	1440	3774
508	1308	4333
509	691	6600
510	332	6095
511	503	5244
512	1456	4475
513	918	4621
514	1275	4346
515	622	5777
516	1205	4828
517	662	4580
518	415	5233
519	514	5291
520	514	5291
521	651	6136
522	2035	3766
523	1832	4269
524	240	6041
525	1319	4001
526	1403	4405
527	726	4659
528	1555	5650
529	1262	5825
530	1574	3699
531	976	4132
532	1469	4152
533	1532	3640
534	620	5366
535	1025	4097
536	418	6539
537	1020	4682
538	1239	5975
539	1489	3861
540	1547	3237
541	1537	3345
542	1702	3778
543	778	4207
544	1560	3638
545	623	5447
546	1231	4211
547	439	6443
548	920	4317
549	1251	4318
550	1448	3665
551	1299	4860
552	1139	4552
553	1292	4364
554	1560	3638
555	1297	4393
556	1235	4477
557	702	6118
558	834	4345
559	996	5124
560	969	3912
561	1879	3949
562	1472	4354
563	263	6490
564	1952	3345
565	1702	3778
566	1292	4364
567	997	5362
568	816	4046
569	684	5378
570	834	4345
571	1292	4450
572	337	6737
573	1593	4053
574	1456	4475
575	1375	4166
576	686	5079
577	1688	5345
578	1135	4053
579	543	6131
580	1631	3736
581	503	5379
582	800	4982
583	834	4345
584	620	5660
585	1702	5372
586	795	4166
587	1033	3804
588	887	4412
589	108	6365
590	1702	3778
591	625	5684
592	1231	4211
593	1210	5868
594	503	5244
595	1756	3943
596	1582	3456
597	628	6532
598	1815	3278
599	1672	3429
600	1324	4180
601	969	3912
602	1602	5480
603	1255	5857
604	1824	3395
605	1145	4167
606	1407	5604
607	621	5199
608	974	3898
609	1049	3940
610	543	6131
611	1299	4860
612	1514	3421
613	1273	4167
614	622	5777
615	1480	3589
616	1167	4356
617	964	4725
618	937	4595
619	2130	3347
620	1582	3456
621	1510	3163
622	555	6129
623	414	5161
624	1324	4180
625	1242	4048
626	1020	4682
627	1701	3456
628	503	5379
629	1664	3841
630	816	4046
631	1247	4973
632	512	6263
633	1648	3421
634	263	6490
635	1369	5952
636	1528	4183
637	1235	4477
638	673	6318
639	1999	3806
640	1260	4216
641	1252	5066
642	970	4820
643	611	6317
644	611	6317
645	620	5366
646	2106	3272
647	332	6095
648	1568	3203
649	327	6158
650	1041	4566
651	1511	5656
652	1252	5066
653	418	6539
654	1263	4798
655	1223	4861
656	1292	4170
657	359	6453
658	525	5237
659	1528	4183
660	668	5594
661	180	6059
662	1136	4616
663	525	5237
664	479	5614
665	1302	4420
666	2035	3766
667	740	4151
668	892	4720
669	1688	5345
670	1237	4526
671	1339	4180
672	622	5442
673	479	5614
674	1024	4753
675	1349	4428
676	931	4499
677	1188	4319
678	1648	3421
679	1464	4062
680	621	5199
681	726	4659
682	918	4621
683	1197	4291
684	863	4285
685	1180	5121
686	1162	5927
687	907	4982
688	1603	3389
689	1467	5403
690	620	5366
691	1276	4534
692	1360	3568
693	240	6041
694	1041	4566
695	1398	5046
696	1398	5046
697	1000	4688
698	1038	4759
699	1640	3386
700	1247	4973
701	1275	4346
702	1464	4062
703	1252	4330
704	1167	4356
705	342	5380
706	1484	4328
707	676	4444
708	1271	6009
709	1263	4798
710	1824	3591
711	1025	4097
712	1145	4167
713	1457	4319
714	1532	3640
715	828	6541
716	1952	3345
717	572	6302
718	1880	4066
719	1110	4540
720	1196	4809
721	1033	3804
722	1719	3502
723	628	6532
724	1721	4596
725	108	6365
726	479	5434
727	662	6237
728	1719	3502
729	1109	4709
730	1514	3421
731	910	4655
732	553	5718
733	969	3912
734	1033	3804
735	1326	4167
736	1704	5394
737	503	5244
738	1145	4167
739	1880	4066
740	571	5331
741	1276	4534
742	1306	5123
743	676	4444
744	1547	3892
745	1134	6023
746	1557	4237
747	816	4046
748	497	6215
749	1287	4404
750	2106	3272
751	937	4595
752	1418	5513
753	1434	4074
754	1688	5345
755	642	6130
756	1219	5099
757	1682	3492
758	1398	5046
759	744	4184
760	1542	4926
761	1438	3440
762	932	4294
763	1173	4670
764	1990	3742
765	1542	4926
766	1326	4167
767	761	6667
768	1986	3435
769	160	6041
770	1417	3568
771	523	5249
772	1218	5975
773	108	6365
774	512	6263
775	1041	4566
776	740	4151
777	1271	6009
778	1755	3272
779	1457	4319
780	470	6016
781	578	5528
782	1562	3639
783	1109	4709
784	753	6194
785	543	6131
786	964	4725
787	1697	3448
788	1218	5975
789	664	6508
790	1196	4809
791	537	4896
792	479	6519
793	1197	4291
794	445	5404
795	553	5690
796	479	6519
797	1000	4688
798	555	6129
799	622	5442
800	586	5648
801	1648	3421
802	1469	4152
803	1324	4180
804	597	6528
805	1417	3568
806	1704	5394
807	1417	3568
808	834	4345
809	1601	4433
810	1070	4012
811	605	5199
812	1546	4362
813	1440	5832
814	1456	4475
815	1144	4632
816	586	5398
817	1703	5418
818	1703	5418
819	955	5252
820	1308	4333
821	622	5442
822	1136	4616
823	537	6379
824	1439	4242
825	1228	4790
826	1014	4685
827	458	5964
828	611	6317
829	1640	3386
830	1218	5975
831	826	6551
832	1557	4237
833	1049	3971
834	1287	5956
835	2130	3347
836	418	6539
837	902	5014
838	976	4372
839	479	5614
840	1349	4428
841	1253	4347
842	1113	5020
843	1282	4321
844	611	6317
845	1319	4001
846	1173	4670
847	240	6041
848	1173	4670
849	1038	4759
850	497	6215
851	1180	5937
852	1110	4540
853	937	4595
854	1219	5099
855	785	4178
856	586	5398
857	1180	5937
858	956	4267
859	1113	5020
860	1569	3437
861	1737	3802
862	1582	3456
863	1721	4596
864	525	5237
865	673	6318
866	1478	4412
867	1510	3163
868	342	5380
869	1648	3421
870	1480	3589
871	1193	6227
872	1110	4052
873	1193	6227
874	1260	5087
875	1342	4249
876	2130	3347
877	611	6317
878	2201	3485
879	1742	3420
880	180	6059
881	1262	5825
882	439	6443
883	1324	4180
884	586	5398
885	628	6532
886	1528	4183
887	997	5362
888	782	4715
889	1180	5937
890	1262	5825
891	445	5404
892	774	5947
893	893	4019
894	665	5380
895	1342	4319
896	1990	3742
897	1582	3456
898	1292	4364
899	1299	4414
900	488	5078
901	1510	3163
902	1275	4346
903	1440	3774
904	1650	3816
905	1020	4682
906	1719	3502
907	1292	4170
908	1701	3373
909	1706	3231
910	1041	4566
911	1158	6028
912	1168	4093
913	573	6361
914	1262	5825
915	1440	5832
916	1153	4045
917	1085	4616
918	1532	3640
919	1045	3956
920	525	5237
921	1128	4865
922	625	5684
923	553	5718
924	1986	3435
925	565	6620
926	876	3841
927	1472	4354
928	1484	4328
929	948	4334
930	940	4479
931	2027	3717
932	1264	5722
933	1393	4952
934	887	4412
935	611	6317
936	1189	5017
937	180	6059
938	2029	3955
939	1303	4372
940	691	6600
941	1601	3777
942	691	6600
943	726	4659
944	1514	3421
945	537	6379
946	622	5442
947	1299	4336
948	956	4267
949	1282	4321
950	332	6095
951	931	4499
952	1264	5878
953	932	4294
954	497	6215
955	800	4982
956	1339	4180
957	458	5964
958	1196	4809
959	479	5614
960	1284	4281
961	1511	4261
962	573	6361
963	931	4499
964	1542	4926
965	1484	4328
966	774	5947
967	1308	4333
968	758	6534
969	1456	4475
970	1136	4616
971	493	6612
972	942	6238
973	1303	4257
974	1398	5046
975	1135	4053
976	594	5720
DEMAND_SECTION
1	0
2	4
3	3
4	6
5	5
6	9
7	2
8	8
9	7
10	11
11	5
12	5
13	6
14	5
15	3
16	5
17	4
18	2
19	8
20	5
21	4
22	13
23	6
24	7
25	4
26	9
27	3
28	13
29	3
30	5
31	7
32	5
33	4
34	10
35	4
36	6
37	5
38	5
39	3
40	10
41	6
42	9
43	6
44	6
45	4
46	6
47	3
48	6
49	18
50	3
51	5
52	5
53	15
54	5
55	4
56	7
57	6
58	16
59	7
60	4
61	10
62	2
63	45
64	10
65	8
66	5
67	6
68	4
69	18
70	5
71	10
72	9
73	4
74	5
75	6
76	3
77	5
78	8
79	4
80	3
81	3
82	4
83	8
84	4
85	9
86	6
87	8
88	6
89	5
90	6
91	10
92	3
93	5
94	5
95	3
96	9
97	3
98	1
99	7
100	10
101	6
102	45
103	9
104	3
105	4
106	17
107	8
108	6
109	8
110	3
111	11
112	7
113	3
114	5
115	7
116	5
117	5
118	6
119	7
120	4
121	8
122	2
123	9
124	12
125	3
126	5
127	11
128	6
129	8
130	6
131	4
132	4
133	3
134	10
135	5
136	4
137	4
138	7
139	6
140	6
141	5
142	8
143	5
144	4
145	4
146	4
147	10
148	4
149	4
150	7
151	11
152	3
153	6
154	45
155	5
156	5
157	4
158	4
159	4
160	8
161	4
162	3
163	11
164	3
165	6
166	9
167	4
168	3
169	5
170	4
171	3
172	7
173	4
174	8
175	1
176	14
177	3
178	4
179	5
180	4
181	7
182	5
183	7
184	4
185	11
186	10
187	4
188	3
189	7
190	5
191	6
192	5
193	7
194	6
195	7
196	6
197	4
198	4
199	5
200	7
201	4
202	8
203	5
204	13
205	6
206	3
207	11
208	11
209	2
210	5
211	7
212	3
213	4
214	4
215	5
216	9
217	11
218	4
219	9
220	3
221	3
222	3
223	10
224	3
225	6
226	4
227	14
228	11
229	9
230	7
231	3
232	5
233	5
234	9
235	8
236	9
237	6
238	9
239	4
240	5
241	13
242	5
243	7
244	3
245	4
246	5
247	10
248	5
249	4
250	10
251	8
252	4
253	3
254	6
255	6
256	5
257	4
258	5
259	4
260	3
261	4
262	6
263	6
264	4
265	6
266	3
267	6
268	6
269	2
270	4
271	5
272	6
273	6
274	7
275	4
276	9
277	4
278	7
279	8
280	4
281	6
282	11
283	5
284	3
285	7
286	7
287	6
288	3
289	9
290	13
291	5
292	2
293	5
294	37
295	4
296	4
297	4
298	5
299	11
300	5
301	10
302	7
303	5
304	16
305	4
306	5
307	3
308	7
309	10
310	11
311	4
312	9
313	6
314	11
315	4
316	4
317	6
318	7
319	18
320	9
321	6
322	4
323	10
324	5
325	6
326	4
327	6
328	3
329	6
330	6
331	2
332	10
333	4
334	10
335	4
336	8
337	8
338	2
339	3
340	7
341	9
342	7
343	2
344	6
345	6
346	4
347	4
348	4
349	5
350	5
351	4
352	3
353	5
354	4
355	6
356	4
357	6
358	2
359	10
360	8
361	6
362	1
363	5
364	6
365	8
366	4
367	5
368	3
369	5
370	7
371	6
372	5
373	5
374	2
375	5
376	7
377	8
378	5
379	5
380	4
381	9
382	4
383	5
384	3
385	9
386	7
387	6
388	6
389	5
390	14
391	9
392	3
393	9
394	6
395	5
396	7
397	4
398	8
399	7
400	5
401	5
402	5
403	3
404	4
405	5
406	7
407	5
408	5
409	6
410	5
411	5
412	5
413	4
414	6
415	3
416	6
417	3
418	8
419	7
420	3
421	5
422	11
423	7
424	6
425	10
426	3
427	7
428	6
429	5
430	10
431	4
432	4
433	6
434	6
435	5
436	6
437	9
438	3
439	11
440	7
441	6
442	3
443	2
444	3
445	3
446	2
447	8
448	4
449	5
450	7
451	9
452	5
453	5
454	5
455	8
456	10
457	5
458	6
459	4
460	6
461	11
462	6
463	11
464	3
465	6
466	7
467	9
468	9
469	6
470	4
471	10
472	5
473	7
474	6
475	6
476	6
477	11
478	7
479	6
480	5
481	5
482	26
483	9
484	4
485	9
486	3
487	6
488	2
489	6
490	4
491	10
492	4
493	5
494	5
495	8
496	4
497	6
498	10
499	4
500	5
501	4
502	6
503	3
504	6
505	11
506	4
507	9
508	3
509	4
510	6
511	4
512	6
513	3
514	7
515	3
516	9
517	8
518	3
519	5
520	3
521	3
522	6
523	8
524	3
525	4
526	3
527	4
528	37
529	7
530	6
531	6
532	7
533	2
534	4
535	10
536	3
537	4
538	3
539	10
540	4
541	6
542	10
543	4
544	6
545	6
546	7
547	3
548	3
549	14
550	5
551	4
552	8
553	14
554	4
555	4
556	4
557	7
558	2
559	9
560	6
561	15
562	7
563	4
564	5
565	7
566	4
567	4
568	8
569	6
570	5
571	7
572	4
573	13
574	12
575	9
576	2
577	5
578	4
579	4
580	4
581	6
582	11
583	7
584	5
585	6
586	3
587	7
588	5
589	4
590	5
591	5
592	1
593	8
594	5
595	5
596	11
597	4
598	2
599	18
600	16
601	6
602	4
603	6
604	4
605	4
606	9
607	7
608	4
609	3
610	7
611	7
612	4
613	3
614	4
615	4
616	8
617	5
618	5
619	10
620	12
621	8
622	6
623	5
624	7
625	8
626	7
627	5
628	8
629	5
630	2
631	5
632	4
633	8
634	6
635	9
636	4
637	3
638	7
639	8
640	6
641	5
642	5
643	5
644	5
645	8
646	5
647	5
648	6
649	9
650	2
651	10
652	6
653	10
654	8
655	8
656	10
657	3
658	7
659	3
660	6
661	3
662	8
663	4
664	5
665	10
666	4
667	6
668	7
669	10
670	12
671	11
672	10
673	9
674	5
675	3
676	9
677	4
678	5
679	6
680	7
681	2
682	7
683	5
684	8
685	4
686	6
687	6
688	15
689	6
690	2
691	11
692	5
693	4
694	6
695	7
696	6
697	5
698	4
699	7
700	7
701	7
702	5
703	3
704	5
705	11
706	3
707	4
708	4
709	4
710	4
711	6
712	17
713	3
714	9
715	4
716	10
717	6
718	6
719	5
720	6
721	4
722	7
723	4
724	7
725	7
726	5
727	2
728	9
729	5
730	17
731	5
732	3
733	10
734	6
735	5
736	3
737	4
738	5
739	4
740	6
741	3
742	4
743	4
744	14
745	3
746	5
747	2
748	7
749	5
750	4
751	8
752	10
753	9
754	6
755	4
756	7
757	3
758	7
759	7
760	5
761	4
762	7
763	6
764	4
765	4
766	7
767	8
768	5
769	7
770	4
771	6
772	9
773	3
774	5
775	7
776	6
777	4
778	7
779	5
780	3
781	5
782	8
783	4
784	7
785	5
786	4
787	11
788	4
789	37
790	7
791	16
792	5
793	10
794	7
795	8
796	11
797	3
798	4
799	4
800	18
801	16
802	10
803	6
804	5
805	5
806	4
807	5
808	2
809	5
810	7
811	5
812	3
813	5
814	3
815	6
816	3
817	3
818	5
819	3
820	4
821	5
822	6
823	4
824	7
825	11
826	7
827	6
828	4
829	7
830	7
831	6
832	8
833	5
834	6
835	7
836	3
837	17
838	5
839	5
840	11
841	5
842	5
843	5
844	5
845	5
846	4
847	4
848	5
849	3
850	4
851	4
852	5
853	13
854	6
855	7
856	5
857	3
858	4
859	4
860	6
861	4
862	6
863	4
864	9
865	6
866	9
867	2
868	3
869	7
870	6
871	7
872	8
873	2
874	4
875	3
876	7
877	5
878	8
879	11
880	5
881	6
882	3
883	4
884	7
885	4
886	6
887	6
888	45
889	5
890	6
891	8
892	5
893	9
894	6
895	3
896	5
897	5
898	4
899	6
900	5
901	8
902	7
903	7
904	5
905	2
906	9
907	5
908	5
909	37
910	3
911	6
912	5
913	4
914	5
915	9
916	5
917	4
918	6
919	6
920	4
921	6
922	3
923	4
924	5
925	5
926	3
927	8
928	6
929	6
930	4
931	10
932	3
933	6
934	5
935	6
936	7
937	14
938	9
939	3
940	10
941	2
942	7
943	4
944	3
945	7
946	5
947	5
948	9
949	4
950	8
951	6
952	10
953	5
954	2
955	10
956	4
957	3
958	5
959	6
960	5
961	10
962	4
963	8
964	9
965	17
966	4
967	17
968	8
969	8
970	5
971	6
972	6
973	7
974	5
975	4
976	10
DEPOT_SECTION
1
-1
SERVICE_TIME_SECTION
1	0
2	420
3	840
4	660
5	360
6	840
7	2100
8	360
9	660
10	480
11	420
12	660
13	840
14	1020
15	720
16	600
17	960
18	540
19	540
20	660
21	600
22	660
23	780
24	360
25	780
26	1200
27	1260
28	600
29	300
30	900
31	420
32	840
33	1200
34	480
35	300
36	660
37	540
38	300
39	540
40	660
41	660
42	1020
43	600
44	360
45	900
46	960
47	540
48	540
49	480
50	300
51	720
52	300
53	840
54	420
55	780
56	900
57	540
58	420
59	480
60	660
61	300
62	420
63	660
64	900
65	360
66	480
67	480
68	240
69	780
70	420
71	840
72	480
73	480
74	540
75	660
76	780
77	360
78	660
79	1140
80	600
81	600
82	360
83	780
84	420
85	480
86	1020
87	780
88	480
89	600
90	480
91	420
92	540
93	480
94	660
95	900
96	600
97	600
98	540
99	600
100	900
101	600
102	660
103	480
104	600
105	540
106	480
107	600
108	1020
109	1020
110	480
111	480
112	840
113	720
114	480
115	780
116	600
117	840
118	660
119	360
120	840
121	420
122	660
123	480
124	480
125	720
126	720
127	660
128	840
129	600
130	360
131	600
132	540
133	900
134	600
135	600
136	480
137	600
138	600
139	300
140	480
141	360
142	480
143	1200
144	660
145	660
146	840
147	420
148	720
149	300
150	480
151	420
152	2820
153	660
154	840
155	240
156	480
157	540
158	720
159	360
160	1200
161	360
162	720
163	660
164	660
165	780
166	600
167	480
168	480
169	720
170	660
171	480
172	840
173	240
174	720
175	420
176	540
177	660
178	600
179	240
180	600
181	540
182	360
183	840
184	600
185	660
186	300
187	600
188	300
189	540
190	360
191	240
192	660
193	780
194	720
195	300
196	660
197	600
198	660
199	360
200	660
201	660
202	420
203	360
204	780
205	780
206	600
207	480
208	720
209	420
210	600
211	1200
212	720
213	600
214	840
215	660
216	660
217	300
218	840
219	480
220	360
221	900
222	600
223	420
224	1200
225	780
226	600
227	360
228	420
229	840
230	480
231	420
232	420
233	2100
234	720
235	840
236	480
237	480
238	1020
239	900
240	360
241	960
242	660
243	420
244	1200
245	1020
246	540
247	420
248	300
249	900
250	480
251	660
252	600
253	600
254	600
255	780
256	840
257	660
258	720
259	360
260	900
261	480
262	360
263	720
264	720
265	660
266	300
267	780
268	600
269	720
270	240
271	960
272	1020
273	600
274	480
275	600
276	600
277	1020
278	600
279	240
280	540
281	1020
282	600
283	780
284	600
285	1020
286	4980
287	780
288	480
289	720
290	840
291	480
292	240
293	780
294	660
295	720
296	600
297	540
298	480
299	780
300	540
301	600
302	480
303	360
304	840
305	600
306	480
307	660
308	840
309	360
310	960
311	480
312	840
313	360
314	480
315	480
316	600
317	840
318	360
319	540
320	780
321	360
322	600
323	1020
324	720
325	300
326	360
327	420
328	2640
329	480
330	780
331	840
332	660
333	420
334	1080
335	780
336	480
337	1140
338	420
339	840
340	480
341	1020
342	480
343	720
344	540
345	600
346	900
347	840
348	960
349	480
350	720
351	420
352	360
353	660
354	240
355	780
356	300
357	960
358	840
359	720
360	720
361	660
362	540
363	720
364	660
365	600
366	660
367	300
368	1020
369	480
370	300
371	900
372	420
373	480
374	540
375	540
376	540
377	1200
378	360
379	780
380	840
381	780
382	300
383	720
384	360
385	660
386	240
387	540
388	660
389	780
390	780
391	600
392	720
393	300
394	540
395	480
396	660
397	540
398	600
399	600
400	900
401	360
402	540
403	600
404	600
405	480
406	540
407	660
408	600
409	900
410	780
411	360
412	420
413	660
414	720
415	780
416	360
417	540
418	900
419	480
420	780
421	480
422	360
423	480
424	960
425	600
426	420
427	480
428	840
429	840
430	540
431	1020
432	540
433	540
434	1200
435	360
436	480
437	600
438	1020
439	600
440	960
441	360
442	1020
443	480
444	360
445	480
446	780
447	840
448	360
449	660
450	360
451	360
452	600
453	660
454	660
455	240
456	780
457	540
458	780
459	240
460	360
461	420
462	540
463	600
464	540
465	240
466	1020
467	600
468	600
469	420
470	360
471	480
472	840
473	840
474	660
475	600
476	540
477	2100
478	600
479	600
480	660
481	180
482	780
483	360
484	600
485	660
486	240
487	360
488	300
489	360
490	780
491	660
492	540
493	360
494	240
495	240
496	480
497	300
498	660
499	1020
500	1020
501	660
502	360
503	600
504	480
505	720
506	840
507	360
508	720
509	540
510	360
511	420
512	900
513	1200
514	240
515	240
516	300
517	480
518	480
519	840
520	240
521	960
522	480
523	1020
524	420
525	540
526	840
527	600
528	180
529	540
530	780
531	300
532	960
533	720
534	840
535	960
536	360
537	720
538	360
539	420
540	780
541	840
542	780
543	720
544	660
545	900
546	540
547	480
548	420
549	600
550	300
551	540
552	1140
553	660
554	1080
555	840
556	480
557	660
558	240
559	600
560	600
561	540
562	720
563	1020
564	660
565	360
566	540
567	720
568	780
569	600
570	960
571	720
572	840
573	720
574	360
575	600
576	360
577	420
578	780
579	600
580	600
581	780
582	420
583	720
584	660
585	660
586	720
587	660
588	540
589	900
590	300
591	540
592	660
593	240
594	1200
595	240
596	840
597	540
598	600
599	540
600	540
601	360
602	720
603	300
604	720
605	240
606	840
607	480
608	420
609	720
610	480
611	960
612	780
613	600
614	780
615	600
616	360
617	780
618	480
619	480
620	780
621	780
622	540
623	600
624	420
625	840
626	480
627	720
628	480
629	420
630	660
631	360
632	600
633	840
634	660
635	2100
636	240
637	480
638	840
639	420
640	780
641	540
642	360
643	660
644	720
645	360
646	960
647	480
648	540
649	600
650	840
651	420
652	360
653	1020
654	600
655	900
656	960
657	660
658	660
659	360
660	1140
661	660
662	720
663	480
664	660
665	540
666	480
667	480
668	420
669	540
670	900
671	780
672	540
673	1200
674	300
675	660
676	780
677	1260
678	1200
679	360
680	780
681	600
682	540
683	360
684	360
685	300
686	540
687	720
688	360
689	480
690	900
691	840
692	660
693	300
694	600
695	300
696	1140
697	600
698	660
699	240
700	420
701	600
702	840
703	660
704	780
705	660
706	720
707	1020
708	840
709	540
710	480
711	480
712	780
713	780
714	240
715	780
716	900
717	480
718	480
719	480
720	360
721	420
722	720
723	780
724	480
725	480
726	720
727	540
728	660
729	780
730	600
731	1020
732	360
733	420
734	840
735	1140
736	780
737	1200
738	660
739	660
740	960
741	660
742	600
743	420
744	960
745	360
746	720
747	660
748	780
749	780
750	840
751	660
752	720
753	540
754	420
755	840
756	540
757	720
758	1020
759	600
760	540
761	720
762	720
763	660
764	300
765	420
766	360
767	540
768	600
769	720
770	420
771	420
772	360
773	600
774	480
775	480
776	660
777	480
778	540
779	660
780	780
781	540
782	660
783	660
784	840
785	480
786	660
787	480
788	600
789	540
790	600
791	660
792	600
793	360
794	1020
795	480
796	360
797	600
798	600
799	1020
800	360
801	660
802	900
803	720
804	1140
805	1020
806	600
807	840
808	780
809	300
810	600
811	420
812	480
813	300
814	1140
815	360
816	360
817	420
818	660
819	660
820	660
821	840
822	600
823	420
824	360
825	240
826	1020
827	600
828	540
829	780
830	420
831	900
832	480
833	300
834	780
835	420
836	720
837	480
838	1020
839	360
840	1140
841	480
842	660
843	660
844	420
845	480
846	420
847	660
848	720
849	960
850	540
851	240
852	840
853	480
854	660
855	480
856	360
857	480
858	360
859	600
860	660
861	480
862	420
863	420
864	720
865	900
866	840
867	2640
868	420
869	480
870	780
871	720
872	360
873	960
874	720
875	540
876	840
877	420
878	900
879	1200
880	840
881	780
882	720
883	900
884	720
885	480
886	660
887	600
888	480
889	780
890	240
891	720
892	780
893	300
894	720
895	360
896	540
897	540
898	720
899	780
900	420
901	780
902	360
903	540
904	660
905	840
906	360
907	660
908	660
909	900
910	540
911	480
912	900
913	480
914	960
915	660
916	720
917	840
918	1020
919	840
920	720
921	720
922	540
923	300
924	480
925	420
926	660
927	240
928	420
929	480
930	360
931	540
932	600
933	360
934	840
935	720
936	660
937	420
938	720
939	600
940	300
941	660
942	840
943	600
944	180
945	900
946	960
947	1020
948	780
949	1140
950	360
951	600
952	840
953	720
954	360
955	360
956	840
957	480
958	1200
959	480
960	780
961	720
962	540
963	720
964	300
965	300
966	720
967	540
968	780
969	600
970	2640
971	540
972	780
973	720
974	780
975	420
976	360
TIME_WINDOW_SECTION
1	0	45000
2	9000	16200
3	12600	19800
4	12600	19800
5	16200	25200
6	19800	27000
7	12600	19800
8	12600	19800
9	12600	18900
10	7200	30600
11	23400	30600
12	7200	30600
13	5400	12600
14	19800	27000
15	16200	23400
16	16200	23400
17	9000	15300
18	5400	12600
19	16200	23400
20	5400	12600
21	19800	27000
22	16200	23400
23	9000	16200
24	7200	30600
25	7200	30600
26	7200	30600
27	7200	30600
28	19800	27000
29	23400	30600
30	19800	27000
31	7200	29700
32	5400	12600
33	23400	30600
34	16200	23400
35	7200	30600
36	23400	30600
37	16200	22500
38	16200	23400
39	9000	16200
40	23400	30600
41	12600	19800
42	16200	23400
43	16200	23400
44	9000	15300
45	23400	30600
46	9000	16200
47	12600	19800
48	23400	30600
49	19800	27000
50	7200	30600
51	12600	19800
52	16200	23400
53	12600	19800
54	7200	30600
55	16200	25200
56	19800	27000
57	7200	30600
58	5400	12600
59	12600	19800
60	16200	22500
61	19800	27000
62	16200	23400
63	23400	30600
64	12600	19800
65	7200	29700
66	16200	23400
67	19800	27000
68	16200	23400
69	7200	30600
70	12600	19800
71	19800	27000
72	7200	30600
73	9000	16200
74	9000	16200
75	12600	19800
76	5400	12600
77	16200	23400
78	23400	30600
79	16200	23400
80	16200	23400
81	12600	19800
82	30600	43200
83	23400	30600
84	12600	18900
85	19800	27000
86	23400	30600
87	23400	30600
88	12600	19800
89	12600	18900
90	12600	19800
91	7200	30600
92	12600	19800
93	9000	16200
94	16200	23400
95	12600	19800
96	12600	19800
97	12600	19800
98	12600	19800
99	16200	23400
100	23400	30600
101	12600	19800
102	5400	12600
103	23400	30600
104	23400	30600
105	9000	16200
106	5400	12600
107	19800	27000
108	12600	18900
109	5400	12600
110	12600	19800
111	19800	26100
112	9000	16200
113	5400	11700
114	23400	30600
115	12600	19800
116	19800	27000
117	7200	30600
118	7200	30600
119	5400	12600
120	16200	23400
121	12600	19800
122	12600	18900
123	18000	41400
124	23400	30600
125	7200	30600
126	23400	30600
127	7200	30600
128	23400	30600
129	12600	19800
130	9000	16200
131	12600	18900
132	5400	12600
133	19800	27000
134	19800	27000
135	23400	30600
136	5400	12600
137	7200	30600
138	5400	12600
139	5400	12600
140	7200	30600
141	12600	19800
142	12600	19800
143	7200	29700
144	9000	16200
145	7200	30600
146	7200	30600
147	16200	23400
148	19800	27000
149	7200	30600
150	7200	29700
151	19800	27000
152	19800	27000
153	7200	30600
154	19800	27000
155	16200	23400
156	23400	30600
157	5400	11700
158	12600	19800
159	7200	30600
160	7200	30600
161	12600	19800
162	19800	27000
163	19800	27000
164	19800	27000
165	23400	30600
166	16200	23400
167	5400	12600
168	12600	19800
169	12600	19800
170	7200	30600
171	12600	18900
172	9000	15300
173	23400	30600
174	23400	29700
175	5400	12600
176	5400	12600
177	5400	12600
178	16200	23400
179	16200	23400
180	19800	27000
181	16200	23400
182	19800	27000
183	19800	27000
184	16200	23400
185	7200	30600
186	7200	30600
187	12600	19800
188	23400	30600
189	5400	12600
190	19800	27000
191	5400	11700
192	7200	30600
193	19800	27000
194	7200	30600
195	19800	27000
196	23400	30600
197	16200	23400
198	9000	16200
199	5400	12600
200	19800	27000
201	12600	19800
202	16200	23400
203	12600	19800
204	5400	12600
205	16200	23400
206	12600	19800
207	12600	18900
208	19800	27000
209	12600	19800
210	12600	19800
211	16200	23400
212	5400	12600
213	12600	19800
214	16200	23400
215	19800	27000
216	7200	30600
217	12600	18840
218	16200	23400
219	7200	30600
220	19800	26100
221	12600	19800
222	23400	30600
223	16200	23400
224	16200	23400
225	19800	27000
226	16200	24300
227	19800	27000
228	23400	30600
229	23400	30600
230	12600	18900
231	12600	19800
232	7200	30600
233	23400	30600
234	16200	23400
235	12600	19800
236	9000	16200
237	12600	19800
238	7200	30600
239	12600	19800
240	12600	19800
241	9000	16200
242	9000	16200
243	7200	30600
244	19800	27000
245	7200	30600
246	12600	19800
247	16200	23400
248	19800	27000
249	12600	19800
250	16200	23400
251	12600	19800
252	12600	19800
253	19800	27000
254	5400	12600
255	19800	27000
256	18000	41400
257	19800	27000
258	16200	23400
259	5400	12600
260	19800	27000
261	7200	30600
262	7200	30600
263	16200	23400
264	7200	30600
265	16200	23400
266	23400	30600
267	5400	12600
268	7200	30600
269	19800	27000
270	23400	30600
271	23400	30600
272	7200	30600
273	23400	30600
274	19800	27000
275	9000	16200
276	16200	23400
277	12600	18840
278	7200	30600
279	7200	30600
280	12600	19800
281	16200	23400
282	7200	29700
283	19800	27000
284	23400	30600
285	7200	29700
286	7200	30600
287	16200	22500
288	12600	19800
289	23400	30600
290	16200	23400
291	23400	30600
292	7200	30600
293	23400	30600
294	5400	11700
295	23400	30600
296	9000	16200
297	5400	12600
298	7200	30600
299	5400	12600
300	12600	19800
301	16200	23400
302	12600	19800
303	19800	26100
304	23400	30600
305	16200	23400
306	19800	27000
307	12600	19800
308	23400	30600
309	7200	30600
310	19800	27000
311	7200	30600
312	16200	23400
313	16200	23400
314	19800	27000
315	7200	30600
316	16200	23400
317	5400	12600
318	12600	19800
319	5400	12600
320	5400	12600
321	9000	16200
322	12600	19800
323	30600	43200
324	9000	16200
325	7200	30600
326	16200	22500
327	5400	12600
328	12600	18900
329	23400	30600
330	12600	19800
331	7200	29700
332	16200	23400
333	9000	16200
334	19800	27000
335	16200	22500
336	23400	30600
337	23400	30600
338	5400	12600
339	12600	19800
340	16200	23400
341	12600	18900
342	12600	18900
343	7200	30600
344	19800	27000
345	23400	30600
346	7200	30600
347	16200	23400
348	16200	23400
349	19800	27000
350	16200	23400
351	12600	19800
352	16200	23400
353	23400	30600
354	23400	30600
355	16200	23400
356	5400	12600
357	12600	19800
358	16200	23400
359	19800	27000
360	9000	15300
361	7200	30600
362	9000	15300
363	12600	19800
364	7200	30600
365	9000	16200
366	7200	29700
367	19800	27000
368	12600	19800
369	7200	30600
370	12600	19800
371	7200	29700
372	7200	30600
373	12600	19800
374	16200	24300
375	16200	22500
376	16200	23400
377	7200	30600
378	16200	23400
379	7200	30600
380	16200	23400
381	9000	16200
382	19800	27000
383	16200	23400
384	12600	19800
385	7200	29700
386	16200	23400
387	19800	27000
388	7200	30600
389	7200	29700
390	12600	19800
391	16200	23400
392	19800	27000
393	19800	27000
394	23400	30600
395	12600	19800
396	12600	19800
397	9000	16200
398	7200	30600
399	5400	12600
400	5400	12600
401	19800	27000
402	23400	30600
403	19800	27000
404	23400	30600
405	7200	30600
406	7200	29700
407	23400	30600
408	12600	19800
409	7200	29700
410	12600	19800
411	7200	30600
412	16200	23400
413	16200	23400
414	9000	16200
415	16200	23400
416	23400	30600
417	12600	19800
418	16200	22500
419	9000	16200
420	12600	19800
421	7200	29700
422	19800	27000
423	19800	27000
424	23400	30600
425	9000	15300
426	7200	30600
427	12600	19800
428	12600	19800
429	9000	16200
430	7200	30600
431	23400	30600
432	18000	41400
433	12600	19800
434	19800	27000
435	9000	15300
436	12600	19800
437	9000	16200
438	9000	16200
439	23400	30600
440	19800	27000
441	9000	16200
442	19800	27000
443	16200	23400
444	16200	23400
445	19800	27000
446	7200	30600
447	9000	16200
448	7200	29700
449	12600	19800
450	23400	30600
451	23400	30600
452	9000	16200
453	19800	27000
454	23400	30600
455	16200	23400
456	9000	16200
457	16200	23400
458	23400	30600
459	12600	19800
460	7200	30600
461	12600	19800
462	30600	43200
463	16200	23400
464	16200	23400
465	12600	19800
466	7200	30600
467	7200	29700
468	12600	19800
469	12600	19800
470	16200	23400
471	12600	19800
472	16200	23400
473	7200	30600
474	19800	27000
475	12600	19800
476	7200	29700
477	7200	30600
478	23400	30600
479	16200	23400
480	23400	30600
481	23400	30600
482	16200	23400
483	12600	19800
484	16200	23400
485	7200	30600
486	7200	29700
487	23400	30600
488	23400	30600
489	7200	30600
490	12600	19800
491	7200	30600
492	16200	23400
493	16200	22500
494	23400	30600
495	16200	23400
496	12600	19800
497	19800	27000
498	19800	27000
499	12600	19800
500	23400	30600
501	19800	27000
502	19800	27000
503	7200	30600
504	16200	23400
505	19800	27000
506	16200	23400
507	18000	41400
508	19800	27000
509	7200	30600
510	19800	27000
511	19800	27000
512	9000	16200
513	16200	23400
514	23400	30600
515	7200	30600
516	19800	27000
517	9000	16200
518	12600	19800
519	9000	15300
520	23400	30600
521	7200	30600
522	23400	29700
523	12600	19800
524	19800	27000
525	7200	29700
526	23400	30600
527	19800	27000
528	7200	30600
529	19800	27000
530	19800	27000
531	19800	27000
532	16200	23400
533	12600	19800
534	16200	22500
535	19800	27000
536	19800	27000
537	23400	30600
538	16200	23400
539	7200	30600
540	23400	30600
541	23400	30600
542	19800	27000
543	7200	30600
544	7200	30600
545	9000	15300
546	16200	23400
547	12600	19800
548	23400	30600
549	7200	30600
550	19800	27000
551	23400	30600
552	9000	16200
553	23400	30600
554	12600	19800
555	16200	22500
556	7200	30600
557	7200	29700
558	19800	27000
559	19800	27000
560	7200	30600
561	16200	23400
562	7200	30600
563	19800	26100
564	23400	30600
565	7200	30600
566	12600	19800
567	12600	18900
568	19800	27000
569	16200	23400
570	23400	30600
571	16200	23400
572	19800	27000
573	7200	30600
574	12600	19800
575	16200	23400
576	12600	18900
577	12600	19800
578	7200	29700
579	23400	30600
580	7200	30600
581	19800	27000
582	16200	23400
583	7200	30600
584	12600	19800
585	16200	22500
586	19800	27000
587	23400	30600
588	23400	30600
589	12600	18900
590	16200	23400
591	12600	19800
592	12600	19800
593	16200	23400
594	19800	27000
595	23400	30600
596	19800	27000
597	7200	30600
598	16200	23400
599	23400	30600
600	16200	23400
601	23400	30600
602	19800	27000
603	16200	23400
604	12600	19800
605	12600	19800
606	16200	23400
607	23400	30600
608	19800	27000
609	16200	23400
610	23400	30600
611	7200	30600
612	16200	23400
613	16200	23400
614	23400	30600
615	23400	30600
616	7200	29700
617	7200	30600
618	7200	30600
619	7200	30600
620	23400	30600
621	7200	30600
622	7200	30600
623	7200	30600
624	23400	30600
625	23400	30600
626	12600	19800
627	16200	23400
628	16200	25200
629	7200	30600
630	16200	23400
631	16200	23400
632	12600	19800
633	7200	30600
634	7200	30600
635	7200	30600
636	19800	27000
637	12600	19800
638	12600	19800
639	19800	27000
640	16200	23400
641	12600	19800
642	12600	19800
643	19800	27000
644	12600	19800
645	19800	27000
646	16200	22500
647	7200	30600
648	18000	41400
649	23400	30600
650	23400	30600
651	7200	30600
652	7200	30600
653	23400	30600
654	7200	30600
655	23400	30600
656	12600	19800
657	16200	23400
658	7200	30600
659	7200	30600
660	16200	23400
661	19800	27000
662	23400	30600
663	12600	19800
664	19800	27000
665	16200	23400
666	7200	30600
667	23400	30600
668	16200	23400
669	19800	27000
670	16200	23400
671	19800	27000
672	19800	27000
673	16200	22500
674	12600	19800
675	23400	29700
676	23400	30600
677	12600	19800
678	19800	27000
679	23400	30600
680	12600	19800
681	16200	23400
682	19800	27000
683	12600	19800
684	7200	30600
685	7200	30600
686	16200	23400
687	12600	19800
688	16200	23400
689	23400	29700
690	16200	23400
691	19800	27000
692	23400	30600
693	12600	19800
694	16200	23400
695	12600	19800
696	16200	25200
697	16200	23400
698	16200	22500
699	16200	23400
700	23400	30600
701	12600	19800
702	16200	22500
703	12600	19800
704	30600	43200
705	7200	30600
706	7200	29700
707	19800	27000
708	7200	30600
709	23400	30600
710	19800	27000
711	16200	23400
712	7200	29700
713	19800	27000
714	23400	30600
715	16200	22500
716	7200	30600
717	19800	27000
718	7200	30600
719	7200	30600
720	19800	27000
721	19800	27000
722	23400	30600
723	19800	27000
724	7200	30600
725	16200	23400
726	16200	23400
727	19800	27000
728	23400	30600
729	23400	30600
730	16200	23400
731	7200	30600
732	23400	30600
733	23400	30600
734	7200	30600
735	7200	30600
736	16200	23400
737	7200	30600
738	30600	43200
739	23400	30600
740	16200	23400
741	19800	27000
742	19800	27000
743	7200	29700
744	16200	23400
745	19800	27000
746	23400	30600
747	16200	23400
748	23400	30600
749	23400	30600
750	7200	30600
751	16200	23400
752	7200	29700
753	23400	30600
754	23400	30600
755	23400	30600
756	7200	30600
757	16200	23400
758	7200	30600
759	23400	30600
760	19800	27000
761	23400	30600
762	16200	23400
763	16200	23400
764	16200	23400
765	16200	23400
766	23400	30600
767	16200	25200
768	16200	23400
769	7200	30600
770	23400	30600
771	16200	23400
772	23400	30600
773	23400	30600
774	23400	30600
775	7200	30600
776	23400	30600
777	7200	29700
778	7200	29700
779	16200	23400
780	19800	27000
781	19800	27000
782	19800	27000
783	16200	23400
784	23400	30600
785	16200	25200
786	7200	30600
787	23400	30600
788	7200	30600
789	16200	23400
790	19800	27000
791	19800	27000
792	16200	23400
793	19800	27000
794	19800	27000
795	23400	30600
796	16200	23400
797	23400	30600
798	7200	30600
799	16200	23400
800	7200	30600
801	23400	30600
802	7200	30600
803	16200	23400
804	7200	30600
805	23400	30600
806	19800	26100
807	23400	30600
808	7200	29700
809	7200	29700
810	19800	27000
811	19800	27000
812	23400	30600
813	19800	26100
814	16200	23400
815	23400	30600
816	16200	24300
817	7200	30600
818	19800	27000
819	16200	23400
820	16200	23400
821	16200	23400
822	7200	30600
823	7200	30600
824	16200	23400
825	19800	27000
826	23400	30600
827	19800	27000
828	19800	27000
829	7200	30600
830	19800	26100
831	19800	27000
832	23400	30600
833	19800	27000
834	23400	30600
835	7200	30600
836	23400	30600
837	7200	30600
838	19800	27000
839	19800	27000
840	7200	30600
841	7200	30600
842	23400	30600
843	19800	26100
844	7200	30600
845	7200	30600
846	19800	27000
847	23400	29700
848	7200	29700
849	7200	30600
850	7200	30600
851	23400	30600
852	23400	30600
853	7200	29700
854	19800	27000
855	7200	29700
856	23400	30600
857	19800	26100
858	19800	27000
859	19800	27000
860	23400	30600
861	23400	30600
862	19800	27000
863	7200	30600
864	23400	30600
865	19800	27000
866	23400	30600
867	23400	30600
868	7200	29700
869	7200	29700
870	19800	27000
871	7200	29700
872	7200	29700
873	19800	27000
874	23400	30600
875	19800	27000
876	7200	30600
877	23400	30600
878	7200	30600
879	23400	30600
880	7200	30600
881	23400	30600
882	7200	30600
883	7200	30600
884	7200	30600
885	19800	27000
886	7200	30600
887	23400	30600
888	23400	30600
889	19800	27000
890	7200	30600
891	7200	30600
892	7200	30600
893	23400	30600
894	23400	30600
895	7200	29700
896	23400	30600
897	7200	30600
898	19800	27000
899	23400	30600
900	19800	27000
901	23400	30600
902	7200	29700
903	7200	30600
904	23400	30600
905	23400	30600
906	23400	30600
907	7200	30600
908	7200	30600
909	7200	30600
910	23400	30600
911	7200	30600
912	19800	27000
913	19800	27000
914	7200	30600
915	23400	30600
916	23400	30600
917	23400	30600
918	23400	30600
919	7200	30600
920	23400	30600
921	23400	30600
922	7200	30600
923	7200	30600
924	23400	30600
925	7200	29700
926	7200	30600
927	7200	30600
928	7200	30600
929	23400	30600
930	23400	30600
931	7200	30600
932	23400	30600
933	7200	30600
934	23400	30600
935	23400	30600
936	7200	29700
937	23400	30600
938	7200	30600
939	23400	30600
940	7200	29700
941	7200	29700
942	23400	30600
943	7200	30600
944	7200	30600
945	7200	29700
946	7200	30600
947	23400	30600
948	7200	29700
949	7200	30600
950	23400	30600
951	23400	30600
952	7200	30600
953	23400	30600
954	23400	30600
955	7200	30600
956	7200	30600
957	23400	30600
958	23400	30600
959	7200	30600
960	23400	30600
961	23400	30600
962	7200	30600
963	23400	30600
964	7200	30600
965	23400	30600
966	7200	30600
967	7200	30600
968	7200	30600
969	23400	30600
970	7200	30600
971	7200	30600
972	23400	30600
973	23400	30600
974	23400	30600
975	23400	30600
976	30600	43200
RELEASE_TIME_SECTION
1	0
2	5400
3	5400
4	5400
5	5400
6	5400
7	5400
8	5400
9	5400
10	5400
11	5400
12	5400
13	5400
14	5400
15	5400
16	5400
17	5400
18	5400
19	5400
20	5400
21	5400
22	5400
23	5400
24	5400
25	5400
26	5400
27	5400
28	5400
29	5400
30	5400
31	5400
32	5400
33	5400
34	5400
35	5400
36	5400
37	5400
38	5400
39	5400
40	5400
41	5400
42	5400
43	5400
44	5400
45	5400
46	5400
47	5400
48	5400
49	5400
50	5400
51	5400
52	5400
53	5400
54	5400
55	5400
56	5400
57	5400
58	5400
59	5400
60	5400
61	5400
62	5400
63	5400
64	5400
65	5400
66	5400
67	5400
68	5400
69	5400
70	5400
71	5400
72	5400
73	5400
74	5400
75	5400
76	5400
77	5400
78	5400
79	5400
80	5400
81	5400
82	5400
83	5400
84	5400
85	5400
86	5400
87	5400
88	5400
89	5400
90	5400
91	5400
92	5400
93	5400
94	5400
95	5400
96	5400
97	5400
98	5400
99	5400
100	5400
101	5400
102	7200
103	7200
104	7200
105	7200
106	7200
107	7200
108	7200
109	7200
110	7200
111	7200
112	7200
113	7200
114	7200
115	7200
116	7200
117	7200
118	7200
119	7200
120	7200
121	7200
122	7200
123	7200
124	7200
125	7200
126	7200
127	7200
128	7200
129	7200
130	7200
131	7200
132	7200
133	7200
134	7200
135	7200
136	7200
137	7200
138	7200
139	7200
140	7200
141	7200
142	7200
143	7200
144	7200
145	7200
146	7200
147	7200
148	7200
149	7200
150	7200
151	7200
152	7200
153	7200
154	7200
155	7200
156	7200
157	7200
158	7200
159	7200
160	7200
161	7200
162	7200
163	7200
164	7200
165	7200
166	7200
167	7200
168	7200
169	7200
170	7200
171	7200
172	7200
173	7200
174	7200
175	7200
176	7200
177	7200
178	7200
179	7200
180	7200
181	7200
182	7200
183	7200
184	7200
185	7200
186	7200
187	7200
188	7200
189	7200
190	7200
191	7200
192	7200
193	7200
194	7200
195	7200
196	7200
197	7200
198	7200
199	7200
200	7200
201	7200
202	9000
203	9000
204	9000
205	9000
206	9000
207	9000
208	9000
209	9000
210	9000
211	9000
212	9000
213	9000
214	9000
215	9000
216	9000
217	9000
218	9000
219	9000
220	9000
221	9000
222	9000
223	9000
224	9000
225	9000
226	9000
227	9000
228	9000
229	9000
230	9000
231	9000
232	9000
233	9000
234	9000
235	9000
236	9000
237	9000
238	9000
239	9000
240	9000
241	9000
242	9000
243	9000
244	9000
245	9000
246	9000
247	9000
248	9000
249	9000
250	9000
251	9000
252	9000
253	9000
254	9000
255	9000
256	9000
257	9000
258	9000
259	9000
260	9000
261	9000
262	9000
263	9000
264	9000
265	9000
266	9000
267	9000
268	9000
269	9000
270	9000
271	9000
272	9000
273	9000
274	9000
275	9000
276	9000
277	9000
278	9000
279	9000
280	9000
281	9000
282	9000
283	9000
284	9000
285	9000
286	9000
287	9000
288	9000
289	9000
290	9000
291	9000
292	9000
293	9000
294	9000
295	9000
296	9000
297	9000
298	9000
299	9000
300	9000
301	9000
302	10800
303	10800
304	10800
305	10800
306	10800
307	10800
308	10800
309	10800
310	10800
311	10800
312	10800
313	10800
314	10800
315	10800
316	10800
317	10800
318	10800
319	10800
320	10800
321	10800
322	10800
323	10800
324	10800
325	10800
326	10800
327	10800
328	10800
329	10800
330	10800
331	10800
332	10800
333	10800
334	10800
335	10800
336	10800
337	10800
338	10800
339	10800
340	10800
341	10800
342	10800
343	10800
344	10800
345	10800
346	10800
347	10800
348	10800
349	10800
350	10800
351	10800
352	10800
353	10800
354	10800
355	10800
356	10800
357	10800
358	10800
359	10800
360	10800
361	10800
362	10800
363	10800
364	10800
365	10800
366	10800
367	10800
368	10800
369	10800
370	10800
371	10800
372	10800
373	10800
374	10800
375	10800
376	10800
377	10800
378	10800
379	10800
380	10800
381	10800
382	10800
383	10800
384	10800
385	10800
386	10800
387	10800
388	10800
389	10800
390	10800
391	10800
392	10800
393	10800
394	10800
395	10800
396	10800
397	10800
398	10800
399	10800
400	10800
401	12600
402	12600
403	12600
404	12600
405	12600
406	12600
407	12600
408	12600
409	12600
410	12600
411	12600
412	12600
413	12600
414	12600
415	12600
416	12600
417	12600
418	12600
419	12600
420	12600
421	12600
422	12600
423	12600
424	12600
425	12600
426	12600
427	12600
428	12600
429	12600
430	12600
431	12600
432	12600
433	12600
434	12600
435	12600
436	12600
437	12600
438	12600
439	12600
440	12600
441	12600
442	12600
443	12600
444	12600
445	12600
446	12600
447	12600
448	12600
449	12600
450	12600
451	12600
452	12600
453	12600
454	12600
455	12600
456	12600
457	12600
458	12600
459	12600
460	12600
461	12600
462	12600
463	12600
464	12600
465	12600
466	12600
467	12600
468	12600
469	12600
470	12600
471	12600
472	12600
473	12600
474	12600
475	12600
476	12600
477	12600
478	12600
479	12600
480	12600
481	12600
482	12600
483	14400
484	14400
485	14400
486	14400
487	14400
488	14400
489	14400
490	14400
491	14400
492	14400
493	14400
494	14400
495	14400
496	14400
497	14400
498	14400
499	14400
500	14400
501	14400
502	14400
503	14400
504	14400
505	14400
506	14400
507	14400
508	14400
509	14400
510	14400
511	14400
512	14400
513	14400
514	14400
515	14400
516	14400
517	14400
518	14400
519	14400
520	14400
521	14400
522	14400
523	14400
524	14400
525	14400
526	14400
527	14400
528	14400
529	14400
530	14400
531	14400
532	14400
533	14400
534	14400
535	14400
536	14400
537	14400
538	14400
539	14400
540	14400
541	14400
542	14400
543	14400
544	14400
545	14400
546	14400
547	14400
548	14400
549	14400
550	14400
551	14400
552	14400
553	14400
554	14400
555	14400
556	14400
557	14400
558	14400
559	14400
560	14400
561	14400
562	14400
563	14400
564	16200
565	16200
566	16200
567	16200
568	16200
569	16200
570	16200
571	16200
572	16200
573	16200
574	16200
575	16200
576	16200
577	16200
578	16200
579	16200
580	16200
581	16200
582	16200
583	16200
584	16200
585	16200
586	16200
587	16200
588	16200
589	16200
590	16200
591	16200
592	16200
593	16200
594	16200
595	16200
596	16200
597	16200
598	16200
599	16200
600	16200
601	16200
602	16200
603	16200
604	16200
605	16200
606	16200
607	16200
608	16200
609	16200
610	16200
611	16200
612	16200
613	16200
614	16200
615	16200
616	16200
617	16200
618	16200
619	16200
620	16200
621	16200
622	16200
623	16200
624	16200
625	16200
626	16200
627	16200
628	16200
629	16200
630	16200
631	16200
632	16200
633	16200
634	16200
635	16200
636	16200
637	16200
638	16200
639	16200
640	16200
641	18000
642	18000
643	18000
644	18000
645	18000
646	18000
647	18000
648	18000
649	18000
650	18000
651	18000
652	18000
653	18000
654	18000
655	18000
656	18000
657	18000
658	18000
659	18000
660	18000
661	18000
662	18000
663	18000
664	18000
665	18000
666	18000
667	18000
668	18000
669	18000
670	18000
671	18000
672	18000
673	18000
674	18000
675	18000
676	18000
677	18000
678	18000
679	18000
680	18000
681	18000
682	18000
683	18000
684	18000
685	18000
686	18000
687	18000
688	18000
689	18000
690	18000
691	18000
692	18000
693	18000
694	18000
695	18000
696	18000
697	18000
698	18000
699	18000
700	18000
701	18000
702	18000
703	18000
704	18000
705	18000
706	18000
707	18000
708	18000
709	18000
710	18000
711	18000
712	19800
713	19800
714	19800
715	19800
716	19800
717	19800
718	19800
719	19800
720	19800
721	19800
722	19800
723	19800
724	19800
725	19800
726	19800
727	19800
728	19800
729	19800
730	19800
731	19800
732	19800
733	19800
734	19800
735	19800
736	19800
737	19800
738	19800
739	19800
740	19800
741	19800
742	19800
743	19800
744	19800
745	19800
746	19800
747	19800
748	19800
749	19800
750	19800
751	19800
752	19800
753	19800
754	19800
755	19800
756	19800
757	19800
758	19800
759	19800
760	19800
761	19800
762	19800
763	19800
764	19800
765	19800
766	19800
767	19800
768	19800
769	21600
770	21600
771	21600
772	21600
773	21600
774	21600
775	21600
776	21600
777	21600
778	21600
779	21600
780	21600
781	21600
782	21600
783	21600
784	21600
785	21600
786	21600
787	21600
788	21600
789	21600
790	21600
791	21600
792	21600
793	21600
794	21600
795	21600
796	21600
797	21600
798	21600
799	21600
800	21600
801	21600
802	21600
803	21600
804	21600
805	21600
806	21600
807	21600
808	21600
809	21600
810	21600
811	21600
812	21600
813	21600
814	21600
815	21600
816	21600
817	21600
818	21600
819	21600
820	21600
821	21600
822	21600
823	21600
824	21600
825	21600
826	21600
827	23400
828	23400
829	23400
830	23400
831	23400
832	23400
833	23400
834	23400
835	23400
836	23400
837	23400
838	23400
839	23400
840	23400
841	23400
842	23400
843	23400
844	23400
845	23400
846	23400
847	23400
848	23400
849	23400
850	23400
851	23400
852	23400
853	23400
854	23400
855	23400
856	23400
857	23400
858	23400
859	23400
860	23400
861	23400
862	23400
863	23400
864	23400
865	23400
866	23400
867	23400
868	23400
869	23400
870	23400
871	23400
872	23400
873	23400
874	23400
875	23400
876	23400
877	23400
878	23400
879	25200
880	25200
881	25200
882	25200
883	25200
884	25200
885	25200
886	25200
887	25200
888	25200
889	25200
890	25200
891	25200
892	25200
893	25200
894	25200
895	25200
896	25200
897	25200
898	25200
899	25200
900	25200
901	25200
902	25200
903	25200
904	25200
905	25200
906	25200
907	25200
908	25200
909	25200
910	25200
911	25200
912	25200
913	25200
914	25200
915	25200
916	27000
917	27000
918	27000
919	27000
920	27000
921	27000
922	27000
923	27000
924	27000
925	27000
926	27000
927	27000
928	27000
929	27000
930	27000
931	27000
932	27000
933	27000
934	27000
935	27000
936	27000
937	27000
938	27000
939	27000
940	27000
941	27000
942	27000
943	27000
944	27000
945	27000
946	27000
947	27000
948	27000
949	27000
950	28800
951	28800
952	28800
953	28800
954	28800
955	28800
956	28800
957	28800
958	28800
959	28800
960	28800
961	28800
962	28800
963	28800
964	28800
965	28800
966	28800
967	28800
968	28800
969	28800
970	28800
971	28800
972	28800
973	28800
974	28800
975	28800
976	30600
EOF
