NAME : ORTEC-VRPTW-ASYM-e159d033-d1-n1037
TYPE : VRPTW-RT
DIMENSION : 1038
EDGE_WEIGHT_TYPE : EUC_2D
CAPACITY : 145
NODE_COORD_SECTION
1	3253	2373
2	448	576
3	2669	2203
4	2582	1383
5	1051	539
6	3177	2189
7	4293	2945
8	758	405
9	3486	2194
10	3524	2110
11	4212	2725
12	4032	2445
13	3875	2548
14	2409	1887
15	3453	2148
16	2449	1195
17	2905	2003
18	2392	2077
19	1653	1446
20	3903	2276
21	1593	1449
22	4046	2759
23	1543	840
24	3892	2710
25	4228	3193
26	1113	775
27	4252	2860
28	4305	2661
29	1132	1068
30	3629	2677
31	2905	2003
32	1856	2056
33	3524	2110
34	4039	2992
35	4064	2869
36	3318	2172
37	4224	2867
38	3480	2221
39	2684	1749
40	3511	2564
41	4084	2648
42	1492	1026
43	2530	2111
44	4231	2879
45	3621	2335
46	2597	1244
47	3892	2710
48	3828	2216
49	3430	2368
50	1279	881
51	1564	926
52	3629	2677
53	968	985
54	3509	1881
55	4363	2691
56	1138	1162
57	4142	2924
58	3711	2075
59	3461	1970
60	3891	2244
61	4002	2620
62	4235	2766
63	1793	975
64	1320	899
65	1852	1829
66	4094	2868
67	1281	1161
68	4185	2950
69	1115	896
70	4220	2940
71	3828	2216
72	1222	776
73	1215	1334
74	4084	2648
75	2664	2121
76	4385	2748
77	2203	1535
78	2660	1471
79	1593	1449
80	3988	2731
81	1824	1572
82	1690	1712
83	4093	2367
84	1678	1351
85	1797	675
86	1115	896
87	1521	1429
88	2445	1678
89	1246	686
90	3973	2416
91	2769	1908
92	1604	1113
93	1170	965
94	3258	1992
95	317	397
96	3746	2716
97	4453	2895
98	3954	2964
99	3434	1871
100	1222	776
101	1251	844
102	1242	893
103	1797	675
104	1064	882
105	949	704
106	1842	459
107	1690	1712
108	4185	2950
109	4139	2560
110	1517	1004
111	1528	1247
112	4504	3050
113	4329	2763
114	1865	1847
115	4082	2866
116	4073	2623
117	2660	1471
118	2409	1887
119	3385	2212
120	4305	2661
121	1515	1247
122	1674	1387
123	4391	3081
124	1729	547
125	4364	2798
126	4225	2913
127	3969	2930
128	3512	2216
129	4245	3001
130	3529	2647
131	4073	2623
132	2169	1474
133	1113	775
134	3517	2492
135	4094	2868
136	2764	1613
137	2387	1856
138	2690	2141
139	3875	2548
140	1281	1161
141	819	362
142	1364	924
143	3589	1914
144	4046	2759
145	4205	2695
146	1521	1429
147	2660	1471
148	4339	2978
149	2187	1561
150	4354	2705
151	4140	2878
152	1690	1712
153	3293	2067
154	3621	1966
155	1647	1469
156	4293	2945
157	3558	2380
158	3891	2467
159	1690	1712
160	1824	1572
161	2169	1474
162	1230	1010
163	4215	2953
164	3318	2172
165	3509	1881
166	1515	1247
167	4030	2778
168	1793	975
169	4345	2645
170	3299	1863
171	1236	1125
172	4442	3126
173	4185	2950
174	3258	1992
175	2260	1631
176	1268	718
177	1919	452
178	2458	2127
179	3851	2625
180	4480	3061
181	2063	1483
182	2409	1887
183	4200	2856
184	1678	1351
185	4082	2866
186	3563	2265
187	4283	2945
188	4032	2445
189	3511	2564
190	1251	844
191	4212	2725
192	3713	2304
193	4329	2763
194	3629	2677
195	3734	2586
196	2664	2121
197	3875	2548
198	1335	903
199	3318	2390
200	1586	1506
201	3829	2468
202	563	118
203	3819	2500
204	4410	3049
205	3970	2643
206	3621	1966
207	2171	2244
208	1488	1354
209	4231	2879
210	1593	1449
211	3627	2351
212	3988	2731
213	4068	2736
214	3565	2654
215	3557	2456
216	3468	2614
217	4336	3058
218	3321	2436
219	2712	2239
220	4320	2880
221	1033	1129
222	4181	2747
223	4066	2610
224	0	214
225	4385	2748
226	4252	2860
227	3517	2492
228	1650	1549
229	2441	1752
230	4398	2640
231	4142	2924
232	465	67
233	3829	2468
234	4046	2759
235	3674	2646
236	1230	1010
237	2203	1535
238	2566	2132
239	2392	2077
240	4257	2868
241	1824	1572
242	2171	2244
243	2745	1515
244	2063	1483
245	317	397
246	1051	539
247	3674	2646
248	949	704
249	4282	2951
250	4134	2687
251	1528	1247
252	2409	1887
253	1650	1549
254	4104	2719
255	3892	2710
256	1280	987
257	3973	2416
258	1251	844
259	4244	2890
260	1291	1189
261	4453	2895
262	3524	2110
263	3337	2370
264	1940	1816
265	1257	1164
266	1997	1925
267	3894	2565
268	2169	1474
269	1033	1129
270	4287	2866
271	1268	718
272	4345	2645
273	4443	3015
274	2592	2060
275	3286	2189
276	1257	1164
277	1775	1339
278	1813	1476
279	2764	1613
280	2445	1678
281	4391	3034
282	3190	2202
283	4391	3034
284	3524	2110
285	4139	2560
286	3468	2614
287	2449	1195
288	2530	2111
289	3892	2710
290	4011	2538
291	3988	2731
292	4073	2623
293	4235	2766
294	4070	2953
295	2664	2121
296	3933	2843
297	3398	2416
298	4245	3001
299	1279	881
300	2169	1474
301	1589	1621
302	3490	2482
303	3522	2177
304	651	0
305	1115	896
306	4082	2866
307	1840	1082
308	3621	2335
309	3106	2032
310	3746	2716
311	1793	975
312	771	571
313	1033	1129
314	1852	1829
315	2830	2156
316	3621	1966
317	4398	2640
318	3565	2654
319	3522	2177
320	3929	2751
321	4200	2856
322	3269	2095
323	1800	1528
324	2053	575
325	3711	2075
326	2211	2126
327	1239	903
328	4339	2978
329	957	306
330	2592	2060
331	4453	2895
332	3564	2502
333	3711	2075
334	3891	2244
335	3512	2216
336	2441	1752
337	2764	1613
338	1997	1925
339	1488	1354
340	4442	3126
341	1421	977
342	3889	2240
343	4398	2640
344	3903	2276
345	560	342
346	4341	2939
347	3468	2156
348	3690	2699
349	3418	2175
350	1510	1365
351	3558	2380
352	4027	2512
353	1700	1777
354	1824	1572
355	3875	2548
356	3589	1914
357	1364	924
358	3418	2175
359	3954	2964
360	2872	1901
361	2392	2077
362	3970	2643
363	1279	881
364	4104	2719
365	3455	2163
366	2134	2295
367	1335	903
368	4188	2711
369	3621	2335
370	2919	2149
371	2212	1549
372	3828	2216
373	2449	1195
374	3286	2189
375	1291	1189
376	4334	2992
377	3321	2436
378	4309	2712
379	1268	718
380	3936	2614
381	1615	1614
382	4269	2902
383	4073	2492
384	1138	1162
385	1520	1581
386	465	67
387	2166	2063
388	3891	2149
389	4471	2784
390	4329	2763
391	3929	2751
392	4345	2645
393	2769	1908
394	949	704
395	1386	1157
396	1674	1387
397	1700	1777
398	1222	776
399	2063	1483
400	4252	2860
401	4030	2778
402	3490	2482
403	3819	2500
404	4139	2560
405	1793	975
406	1647	1469
407	1025	486
408	4391	3081
409	758	405
410	4030	2778
411	3711	2075
412	2764	1613
413	1783	489
414	2764	1613
415	4093	2367
416	3713	2304
417	3734	2586
418	2629	1484
419	4176	2764
420	651	0
421	796	866
422	4212	2725
423	3371	2209
424	3462	2481
425	4336	3058
426	1882	1521
427	1919	452
428	3399	2109
429	1321	1242
430	4140	2878
431	4282	2951
432	3713	2304
433	4188	2711
434	1335	903
435	3962	2281
436	2441	1752
437	957	306
438	4357	2881
439	771	571
440	1170	965
441	4323	2904
442	2409	1887
443	4373	2927
444	3467	2276
445	4339	2978
446	1813	1476
447	3621	2335
448	3438	2206
449	3269	2095
450	1813	1476
451	1492	1026
452	3589	2293
453	3680	2197
454	3511	2564
455	1352	1227
456	2717	1830
457	317	397
458	3882	2433
459	2615	1612
460	4228	3193
461	4176	2764
462	2169	1474
463	1668	1561
464	4073	2492
465	3486	2194
466	4325	2767
467	3467	2276
468	4223	2818
469	4027	2512
470	1386	1157
471	819	362
472	3511	2564
473	3299	1863
474	3587	2282
475	3973	2416
476	4011	2538
477	3713	2304
478	4341	2939
479	4398	2640
480	3602	2510
481	3293	2067
482	1919	452
483	4442	3126
484	3269	2095
485	3748	2164
486	1962	567
487	3939	2531
488	3321	2436
489	1614	1787
490	4220	2940
491	1997	1925
492	4223	2818
493	4264	2908
494	1930	1524
495	4181	2747
496	1647	1469
497	560	428
498	3467	2276
499	2905	2003
500	3748	2164
501	1051	539
502	3286	2189
503	1051	539
504	3557	2456
505	3430	2368
506	4352	2949
507	3563	2265
508	4139	2560
509	1930	2015
510	3258	1992
511	4200	2856
512	1515	1247
513	2660	1471
514	4339	2978
515	3589	1914
516	4303	3020
517	3438	2206
518	4212	2725
519	2171	2244
520	3509	1881
521	2449	1195
522	796	866
523	4398	2640
524	3659	2212
525	4245	3001
526	3318	2172
527	3467	2276
528	1239	903
529	2187	1561
530	3680	2197
531	4235	2766
532	4235	2766
533	3929	2751
534	560	342
535	2769	1908
536	4220	2940
537	1281	1161
538	1315	941
539	2830	2156
540	2169	1474
541	4480	3061
542	2597	1244
543	3835	2186
544	4228	3193
545	4443	3015
546	1257	1164
547	4030	2778
548	3891	2149
549	4480	3061
550	2445	1678
551	2186	791
552	1445	1322
553	1279	881
554	2764	1613
555	3177	2189
556	1653	1446
557	3903	2276
558	1754	1417
559	4142	3038
560	1281	1161
561	1015	871
562	4282	2951
563	949	704
564	4140	2878
565	4039	2992
566	1521	1429
567	1882	1521
568	3903	2276
569	3461	1970
570	1064	882
571	1615	1614
572	4032	2445
573	2053	575
574	3299	1863
575	4341	2939
576	1346	1109
577	4244	2890
578	771	571
579	1291	1189
580	796	866
581	3177	2189
582	4269	2902
583	3468	2614
584	4039	2992
585	4391	3034
586	1320	899
587	3988	2731
588	3748	2164
589	3190	2202
590	4329	2763
591	4011	2538
592	3875	2548
593	4442	3126
594	4453	2895
595	4120	2646
596	4156	2493
597	4224	2867
598	3891	2149
599	3734	2586
600	3106	2032
601	4264	2908
602	3453	2148
603	2592	2060
604	1647	1469
605	4140	2878
606	3939	2531
607	1192	1204
608	3748	2164
609	3884	2332
610	3177	2189
611	3558	2380
612	4142	3038
613	796	866
614	3468	2156
615	2169	1474
616	4323	2904
617	1051	539
618	1246	686
619	2355	2013
620	1754	1417
621	2063	1483
622	3713	2304
623	4364	2798
624	3627	2351
625	4341	2939
626	1253	823
627	4224	2867
628	949	704
629	2660	1471
630	1728	1424
631	1192	1204
632	3467	2276
633	4321	3018
634	2683	1623
635	977	843
636	4215	2953
637	3511	2564
638	2169	1474
639	1051	539
640	2355	2013
641	1845	1110
642	2592	2060
643	2186	791
644	4084	2648
645	4329	2763
646	1517	1004
647	3190	2202
648	3988	2731
649	4223	2818
650	3929	2751
651	1940	1816
652	1291	1189
653	4293	2945
654	4176	2764
655	4142	2924
656	1064	882
657	758	405
658	1242	893
659	4104	2719
660	4070	2953
661	4283	2945
662	2592	2060
663	3399	2109
664	2717	1830
665	1723	1726
666	3557	2456
667	2166	2063
668	1517	1004
669	1535	922
670	1025	486
671	3438	2206
672	1882	1521
673	4140	2878
674	3563	2265
675	2445	1678
676	3680	2197
677	4205	2695
678	2203	1535
679	2830	2156
680	4321	3018
681	1251	844
682	4234	2919
683	4064	2869
684	1132	1068
685	1115	896
686	4032	2445
687	1824	1572
688	4073	2492
689	3973	2416
690	4156	2493
691	4235	2766
692	4363	2691
693	1840	1082
694	631	372
695	1839	1045
696	2566	2132
697	563	118
698	4287	2866
699	3939	2531
700	1940	1816
701	4225	2913
702	3627	2351
703	3746	2716
704	1797	675
705	2905	2003
706	2530	2111
707	3455	2163
708	563	118
709	4244	2890
710	3954	2964
711	3106	2032
712	2445	1678
713	4303	3020
714	1839	1045
715	3318	2390
716	1856	2056
717	1025	486
718	317	397
719	2764	1613
720	4471	2784
721	1409	1033
722	4223	2818
723	4139	2560
724	4363	2691
725	1431	1208
726	4339	2978
727	1517	1004
728	4095	2692
729	3589	2293
730	4320	2880
731	1580	1349
732	3286	2189
733	2690	2141
734	3512	2216
735	1257	1164
736	1580	1349
737	2387	1856
738	1388	1133
739	3517	2492
740	1754	1417
741	1192	1204
742	2392	2077
743	4323	2904
744	2872	1901
745	1997	1925
746	1543	840
747	2387	1856
748	1268	718
749	3565	2654
750	3851	2625
751	2830	2156
752	2684	1749
753	1192	1204
754	3674	2646
755	3829	2468
756	1604	1113
757	796	866
758	4471	2784
759	1230	1010
760	2690	2141
761	1132	1068
762	3522	2177
763	2745	1515
764	4303	3020
765	2166	2063
766	2669	2203
767	3258	1992
768	3399	2109
769	3835	2186
770	1813	1476
771	4046	2759
772	3434	1871
773	1409	1033
774	3601	2453
775	3311	2265
776	487	97
777	2712	2239
778	4257	2868
779	3889	2240
780	2764	1613
781	3393	1824
782	1721	1812
783	3587	2282
784	4084	2648
785	3936	2614
786	4334	2992
787	3467	2276
788	1321	1242
789	3933	2843
790	2582	1383
791	1882	1521
792	3589	2293
793	3676	2255
794	4245	2914
795	4385	2886
796	3269	2095
797	560	342
798	3884	2332
799	3337	2370
800	1242	893
801	4073	2623
802	1025	486
803	3480	2221
804	3318	2172
805	1640	1607
806	3962	2281
807	4231	2879
808	3627	2351
809	4073	2492
810	4244	2890
811	3258	1992
812	1170	965
813	2664	2121
814	4285	2658
815	1840	1832
816	4385	2886
817	1268	718
818	3690	2699
819	977	843
820	1728	1424
821	4093	2367
822	3430	2368
823	2683	1623
824	1775	1339
825	1230	1010
826	3589	2293
827	3589	2293
828	2615	1612
829	2441	1752
830	4087	2719
831	1728	1424
832	3557	2456
833	1940	1816
834	4480	3061
835	4200	2856
836	2355	2013
837	3602	2510
838	3589	2293
839	4293	2945
840	3524	2110
841	4002	2620
842	4321	3018
843	3819	2500
844	4225	2913
845	3468	2614
846	3522	2177
847	1856	2056
848	3875	2548
849	4235	2766
850	2171	2244
851	1728	1424
852	1840	1082
853	4391	3081
854	1723	1726
855	4176	2764
856	2458	2127
857	2683	1623
858	2691	2201
859	4345	2645
860	563	118
861	2717	1830
862	4228	3193
863	4245	2914
864	4093	2367
865	3889	2240
866	1352	1227
867	4073	2492
868	3490	2482
869	3479	2252
870	3455	2139
871	1321	1242
872	4094	2868
873	3564	2502
874	3293	2067
875	1335	903
876	4504	3050
877	4352	2949
878	2717	1830
879	1281	1161
880	4095	2692
881	4220	2940
882	3875	2548
883	4046	2759
884	1335	903
885	4233	2879
886	3318	2172
887	1515	1247
888	3583	2333
889	1170	965
890	4309	2712
891	4235	2766
892	4234	2919
893	560	342
894	1690	1712
895	2717	1830
896	1845	1110
897	2169	1474
898	1315	941
899	2872	1901
900	1650	1549
901	758	405
902	3177	2189
903	1940	1816
904	3371	2209
905	2212	1549
906	1222	776
907	1589	1621
908	4293	2945
909	1445	1322
910	4391	3081
911	2664	2121
912	2664	2121
913	4303	3020
914	2597	1244
915	4219	3047
916	1674	1387
917	3587	2282
918	4200	2856
919	4320	2880
920	3565	2654
921	1813	1476
922	1409	1033
923	1320	899
924	1852	1829
925	4233	2879
926	3558	2380
927	1528	1247
928	4027	2512
929	4039	2992
930	4391	3034
931	4039	2992
932	2458	2127
933	3177	2189
934	1653	1446
935	4033	2628
936	4084	2648
937	3490	2482
938	4032	2445
939	3882	2433
940	3988	2731
941	2392	2077
942	4223	2818
943	3299	1863
944	1025	486
945	3565	2654
946	2660	1471
947	1997	1925
948	2212	1549
949	3601	2453
950	3385	2212
951	1640	1607
952	3286	2189
953	2597	1244
954	3713	2304
955	1409	1033
956	4073	2492
957	1520	1581
958	4480	3061
959	1650	1549
960	3558	2380
961	3269	2095
962	4357	2881
963	3602	2510
964	4480	3061
965	4385	2748
966	3711	2075
967	3891	2467
968	4192	2568
969	2566	2132
970	3629	2677
971	4142	3038
972	4323	2904
973	3486	2194
974	4339	2978
975	3453	2148
976	3829	2468
977	4391	3034
978	3748	2164
979	4336	3058
980	4341	2939
981	758	405
982	1930	1524
983	1813	1476
984	2632	1510
985	3509	1881
986	2169	1474
987	4087	2719
988	1930	1524
989	3337	2370
990	4391	3081
991	4120	2646
992	1919	452
993	560	428
994	3522	2177
995	2203	1535
996	1940	1816
997	4064	2869
998	3455	2139
999	2872	1901
1000	1535	922
1001	465	67
1002	3969	2930
1003	3486	2194
1004	2717	1830
1005	1215	1334
1006	3892	2710
1007	3286	2189
1008	4215	2953
1009	2187	1561
1010	4339	2978
1011	4142	3038
1012	771	571
1013	4073	2492
1014	3875	2548
1015	2872	1901
1016	4357	2881
1017	4142	2924
1018	3558	2380
1019	4156	2493
1020	1754	1417
1021	1883	1574
1022	3480	2221
1023	1121	820
1024	1281	1161
1025	4205	2695
1026	4219	3047
1027	3418	2175
1028	1170	965
1029	4252	2860
1030	3393	1824
1031	4385	2886
1032	1115	896
1033	4192	2568
1034	4064	2869
1035	3848	2542
1036	1121	820
1037	4064	2869
1038	4385	2748
DEMAND_SECTION
1	0
2	6
3	3
4	2
5	5
6	8
7	15
8	7
9	6
10	8
11	3
12	8
13	6
14	9
15	5
16	11
17	4
18	7
19	7
20	6
21	6
22	7
23	7
24	7
25	7
26	5
27	4
28	2
29	7
30	7
31	4
32	4
33	5
34	4
35	4
36	6
37	4
38	5
39	5
40	9
41	11
42	9
43	7
44	6
45	4
46	7
47	13
48	8
49	3
50	7
51	8
52	4
53	4
54	4
55	5
56	9
57	14
58	4
59	4
60	5
61	5
62	15
63	6
64	5
65	6
66	8
67	4
68	6
69	3
70	5
71	5
72	7
73	4
74	7
75	5
76	5
77	6
78	13
79	3
80	6
81	8
82	3
83	6
84	5
85	5
86	12
87	5
88	5
89	6
90	5
91	7
92	6
93	7
94	4
95	6
96	5
97	6
98	5
99	5
100	4
101	3
102	6
103	6
104	6
105	5
106	8
107	7
108	3
109	7
110	5
111	4
112	4
113	5
114	9
115	7
116	12
117	6
118	4
119	11
120	6
121	10
122	15
123	7
124	7
125	6
126	11
127	8
128	5
129	5
130	7
131	5
132	17
133	4
134	6
135	11
136	7
137	6
138	26
139	6
140	5
141	6
142	3
143	3
144	7
145	6
146	5
147	4
148	11
149	10
150	6
151	6
152	4
153	5
154	6
155	3
156	4
157	6
158	6
159	11
160	7
161	5
162	10
163	5
164	7
165	6
166	11
167	7
168	6
169	15
170	8
171	6
172	11
173	13
174	7
175	5
176	5
177	6
178	3
179	3
180	12
181	6
182	7
183	7
184	16
185	7
186	7
187	6
188	3
189	4
190	11
191	5
192	4
193	7
194	7
195	3
196	3
197	8
198	5
199	10
200	11
201	4
202	6
203	3
204	8
205	7
206	5
207	4
208	7
209	6
210	14
211	7
212	7
213	6
214	3
215	7
216	5
217	8
218	10
219	6
220	11
221	3
222	6
223	5
224	6
225	3
226	13
227	11
228	4
229	9
230	5
231	2
232	8
233	8
234	4
235	5
236	4
237	17
238	4
239	10
240	10
241	7
242	6
243	7
244	5
245	8
246	3
247	8
248	4
249	7
250	5
251	7
252	3
253	7
254	2
255	7
256	4
257	7
258	6
259	6
260	5
261	6
262	9
263	5
264	7
265	5
266	7
267	3
268	8
269	6
270	12
271	13
272	8
273	6
274	7
275	4
276	9
277	7
278	7
279	7
280	3
281	12
282	5
283	7
284	4
285	4
286	10
287	6
288	7
289	5
290	10
291	6
292	9
293	11
294	3
295	6
296	7
297	6
298	11
299	4
300	4
301	4
302	4
303	11
304	4
305	7
306	5
307	6
308	5
309	22
310	4
311	10
312	7
313	6
314	7
315	4
316	3
317	6
318	4
319	3
320	4
321	3
322	6
323	5
324	10
325	4
326	6
327	3
328	5
329	10
330	9
331	6
332	6
333	6
334	10
335	6
336	12
337	5
338	5
339	15
340	4
341	8
342	5
343	4
344	9
345	7
346	10
347	12
348	6
349	3
350	12
351	7
352	6
353	8
354	16
355	3
356	3
357	11
358	10
359	11
360	5
361	6
362	3
363	7
364	6
365	5
366	4
367	10
368	26
369	3
370	5
371	9
372	8
373	7
374	5
375	5
376	7
377	9
378	12
379	4
380	4
381	5
382	4
383	8
384	4
385	4
386	6
387	7
388	5
389	9
390	8
391	5
392	5
393	10
394	8
395	9
396	5
397	7
398	8
399	5
400	4
401	5
402	7
403	7
404	5
405	10
406	5
407	8
408	3
409	8
410	7
411	6
412	6
413	3
414	10
415	9
416	7
417	7
418	15
419	13
420	3
421	8
422	4
423	3
424	8
425	4
426	4
427	7
428	8
429	6
430	5
431	4
432	7
433	7
434	7
435	7
436	10
437	5
438	6
439	4
440	6
441	7
442	8
443	4
444	6
445	15
446	10
447	5
448	7
449	9
450	10
451	6
452	6
453	6
454	10
455	5
456	4
457	14
458	15
459	5
460	8
461	9
462	16
463	7
464	13
465	3
466	7
467	3
468	5
469	7
470	5
471	5
472	7
473	6
474	6
475	4
476	5
477	10
478	4
479	5
480	8
481	15
482	5
483	7
484	4
485	4
486	7
487	4
488	6
489	8
490	3
491	4
492	4
493	4
494	4
495	13
496	7
497	8
498	7
499	6
500	12
501	8
502	4
503	3
504	7
505	6
506	12
507	22
508	6
509	5
510	3
511	12
512	5
513	6
514	3
515	6
516	6
517	7
518	6
519	5
520	3
521	5
522	4
523	11
524	6
525	5
526	4
527	6
528	5
529	9
530	3
531	8
532	11
533	4
534	8
535	11
536	13
537	17
538	5
539	22
540	6
541	3
542	5
543	5
544	3
545	7
546	7
547	6
548	8
549	6
550	6
551	6
552	9
553	7
554	4
555	5
556	4
557	12
558	5
559	4
560	2
561	6
562	10
563	16
564	6
565	11
566	8
567	8
568	10
569	3
570	7
571	8
572	4
573	5
574	8
575	6
576	4
577	11
578	4
579	10
580	7
581	4
582	5
583	6
584	4
585	5
586	7
587	7
588	5
589	7
590	4
591	2
592	7
593	4
594	8
595	3
596	5
597	7
598	13
599	6
600	7
601	10
602	7
603	8
604	4
605	4
606	4
607	4
608	6
609	3
610	11
611	10
612	5
613	5
614	3
615	6
616	6
617	4
618	6
619	4
620	4
621	10
622	3
623	3
624	10
625	5
626	10
627	9
628	8
629	7
630	7
631	6
632	6
633	10
634	7
635	4
636	3
637	6
638	4
639	3
640	10
641	11
642	5
643	7
644	3
645	8
646	7
647	14
648	9
649	3
650	7
651	7
652	10
653	4
654	4
655	6
656	13
657	6
658	5
659	4
660	5
661	7
662	11
663	7
664	4
665	13
666	8
667	6
668	4
669	5
670	4
671	6
672	4
673	10
674	7
675	4
676	11
677	4
678	4
679	8
680	5
681	6
682	7
683	7
684	4
685	6
686	4
687	7
688	6
689	10
690	7
691	7
692	7
693	5
694	6
695	3
696	3
697	2
698	10
699	5
700	3
701	14
702	9
703	6
704	7
705	7
706	4
707	22
708	5
709	2
710	3
711	5
712	9
713	4
714	5
715	7
716	7
717	4
718	6
719	8
720	5
721	13
722	7
723	10
724	11
725	5
726	6
727	6
728	6
729	3
730	4
731	3
732	5
733	8
734	4
735	7
736	3
737	7
738	7
739	8
740	13
741	4
742	11
743	4
744	10
745	4
746	15
747	4
748	7
749	3
750	7
751	11
752	5
753	8
754	8
755	7
756	9
757	5
758	4
759	4
760	16
761	11
762	6
763	6
764	10
765	4
766	10
767	9
768	6
769	7
770	4
771	3
772	11
773	5
774	6
775	4
776	4
777	3
778	6
779	8
780	6
781	7
782	10
783	7
784	7
785	5
786	7
787	5
788	3
789	9
790	10
791	7
792	5
793	12
794	6
795	10
796	7
797	12
798	5
799	8
800	9
801	3
802	5
803	7
804	7
805	11
806	13
807	6
808	4
809	4
810	8
811	4
812	6
813	7
814	7
815	4
816	10
817	5
818	9
819	4
820	6
821	6
822	12
823	7
824	4
825	6
826	8
827	6
828	7
829	3
830	11
831	8
832	6
833	4
834	6
835	4
836	5
837	4
838	10
839	3
840	4
841	4
842	9
843	2
844	7
845	11
846	5
847	7
848	8
849	8
850	9
851	9
852	3
853	15
854	6
855	7
856	7
857	10
858	7
859	8
860	5
861	16
862	7
863	4
864	4
865	6
866	9
867	10
868	6
869	5
870	4
871	7
872	6
873	4
874	6
875	6
876	4
877	6
878	6
879	3
880	3
881	5
882	10
883	6
884	4
885	6
886	6
887	3
888	8
889	7
890	7
891	9
892	3
893	15
894	6
895	6
896	8
897	6
898	11
899	5
900	7
901	4
902	9
903	6
904	7
905	8
906	6
907	5
908	15
909	5
910	10
911	11
912	6
913	13
914	3
915	7
916	4
917	5
918	16
919	9
920	7
921	4
922	6
923	8
924	6
925	11
926	11
927	11
928	5
929	6
930	7
931	4
932	11
933	5
934	8
935	11
936	4
937	6
938	7
939	3
940	4
941	5
942	3
943	6
944	4
945	3
946	10
947	5
948	3
949	13
950	3
951	4
952	26
953	7
954	5
955	5
956	6
957	7
958	13
959	6
960	6
961	5
962	12
963	6
964	6
965	7
966	15
967	3
968	3
969	7
970	3
971	7
972	5
973	13
974	2
975	5
976	8
977	3
978	8
979	4
980	6
981	3
982	6
983	6
984	8
985	7
986	4
987	7
988	3
989	7
990	9
991	9
992	6
993	4
994	12
995	3
996	7
997	10
998	6
999	4
1000	6
1001	5
1002	5
1003	4
1004	8
1005	6
1006	4
1007	4
1008	4
1009	4
1010	5
1011	7
1012	7
1013	6
1014	5
1015	7
1016	4
1017	6
1018	10
1019	13
1020	4
1021	7
1022	12
1023	6
1024	6
1025	5
1026	7
1027	4
1028	3
1029	9
1030	6
1031	9
1032	2
1033	4
1034	6
1035	6
1036	5
1037	10
1038	11
DEPOT_SECTION
1
-1
SERVICE_TIME_SECTION
1	0
2	240
3	780
4	480
5	540
6	900
7	480
8	660
9	600
10	780
11	600
12	300
13	600
14	300
15	300
16	660
17	360
18	780
19	540
20	900
21	840
22	300
23	780
24	300
25	300
26	240
27	1080
28	480
29	240
30	420
31	360
32	660
33	240
34	660
35	420
36	480
37	540
38	480
39	540
40	540
41	480
42	300
43	420
44	540
45	720
46	480
47	240
48	360
49	780
50	480
51	540
52	480
53	300
54	600
55	600
56	420
57	540
58	360
59	600
60	480
61	420
62	720
63	300
64	720
65	240
66	480
67	480
68	240
69	240
70	420
71	420
72	420
73	420
74	900
75	660
76	600
77	480
78	540
79	240
80	780
81	540
82	660
83	600
84	900
85	780
86	540
87	780
88	840
89	540
90	780
91	480
92	780
93	420
94	540
95	660
96	540
97	1080
98	600
99	1500
100	720
101	300
102	240
103	480
104	720
105	720
106	360
107	300
108	600
109	600
110	420
111	720
112	660
113	360
114	420
115	420
116	240
117	540
118	480
119	420
120	300
121	420
122	420
123	360
124	420
125	420
126	480
127	840
128	540
129	840
130	360
131	540
132	420
133	300
134	420
135	660
136	360
137	420
138	420
139	240
140	480
141	900
142	540
143	480
144	420
145	660
146	600
147	360
148	420
149	420
150	660
151	720
152	420
153	900
154	420
155	360
156	420
157	1020
158	660
159	480
160	660
161	480
162	900
163	480
164	660
165	600
166	780
167	1080
168	720
169	540
170	900
171	300
172	660
173	360
174	540
175	420
176	540
177	420
178	480
179	420
180	480
181	480
182	600
183	600
184	780
185	240
186	960
187	360
188	660
189	660
190	540
191	360
192	480
193	420
194	840
195	420
196	300
197	780
198	300
199	480
200	780
201	1200
202	480
203	540
204	600
205	540
206	480
207	840
208	600
209	600
210	960
211	600
212	420
213	240
214	420
215	540
216	480
217	480
218	540
219	600
220	540
221	360
222	1080
223	720
224	720
225	480
226	240
227	900
228	360
229	420
230	300
231	780
232	480
233	300
234	900
235	540
236	480
237	420
238	720
239	240
240	540
241	900
242	480
243	300
244	540
245	540
246	360
247	300
248	420
249	600
250	420
251	420
252	420
253	480
254	360
255	600
256	360
257	480
258	660
259	660
260	600
261	540
262	420
263	540
264	900
265	600
266	420
267	360
268	240
269	420
270	420
271	480
272	360
273	1440
274	600
275	360
276	960
277	720
278	360
279	360
280	600
281	660
282	1080
283	600
284	960
285	540
286	660
287	480
288	240
289	480
290	540
291	480
292	540
293	840
294	480
295	780
296	840
297	360
298	420
299	780
300	360
301	240
302	480
303	240
304	240
305	1080
306	840
307	480
308	360
309	360
310	360
311	720
312	540
313	420
314	780
315	420
316	300
317	240
318	300
319	240
320	300
321	1080
322	240
323	660
324	540
325	300
326	540
327	540
328	360
329	600
330	360
331	480
332	660
333	600
334	720
335	540
336	540
337	660
338	300
339	360
340	660
341	360
342	420
343	420
344	240
345	300
346	360
347	600
348	360
349	600
350	240
351	540
352	300
353	540
354	480
355	300
356	720
357	480
358	360
359	540
360	1020
361	900
362	540
363	360
364	300
365	300
366	420
367	420
368	480
369	480
370	300
371	1380
372	300
373	540
374	780
375	720
376	300
377	480
378	300
379	300
380	240
381	420
382	540
383	480
384	360
385	480
386	600
387	840
388	480
389	960
390	300
391	240
392	420
393	600
394	900
395	540
396	360
397	240
398	720
399	900
400	420
401	540
402	780
403	420
404	480
405	780
406	480
407	480
408	660
409	240
410	480
411	540
412	1080
413	420
414	300
415	900
416	480
417	300
418	660
419	600
420	600
421	720
422	600
423	420
424	420
425	660
426	720
427	600
428	660
429	720
430	360
431	300
432	480
433	660
434	300
435	840
436	720
437	780
438	540
439	480
440	600
441	540
442	360
443	420
444	420
445	600
446	240
447	540
448	360
449	660
450	540
451	300
452	600
453	480
454	420
455	600
456	480
457	960
458	480
459	240
460	420
461	480
462	780
463	360
464	480
465	600
466	600
467	540
468	780
469	660
470	540
471	420
472	420
473	300
474	480
475	420
476	240
477	900
478	660
479	660
480	480
481	540
482	780
483	240
484	480
485	660
486	480
487	540
488	540
489	360
490	600
491	360
492	480
493	300
494	240
495	660
496	840
497	540
498	600
499	600
500	300
501	420
502	420
503	480
504	300
505	540
506	300
507	420
508	540
509	420
510	600
511	300
512	300
513	540
514	720
515	600
516	540
517	540
518	300
519	900
520	300
521	420
522	720
523	420
524	660
525	480
526	240
527	360
528	720
529	600
530	840
531	540
532	540
533	360
534	480
535	660
536	360
537	660
538	540
539	720
540	420
541	360
542	600
543	660
544	480
545	420
546	600
547	540
548	420
549	360
550	300
551	900
552	480
553	780
554	540
555	780
556	600
557	600
558	540
559	540
560	780
561	360
562	240
563	540
564	300
565	420
566	300
567	480
568	720
569	360
570	420
571	240
572	540
573	300
574	840
575	420
576	420
577	420
578	420
579	720
580	720
581	480
582	420
583	660
584	360
585	540
586	420
587	780
588	420
589	480
590	960
591	900
592	420
593	420
594	480
595	300
596	420
597	360
598	420
599	960
600	360
601	540
602	420
603	420
604	540
605	240
606	540
607	840
608	540
609	300
610	300
611	600
612	300
613	540
614	900
615	540
616	300
617	600
618	300
619	660
620	480
621	480
622	540
623	780
624	240
625	600
626	420
627	240
628	660
629	420
630	840
631	480
632	600
633	600
634	360
635	480
636	720
637	360
638	600
639	360
640	600
641	600
642	540
643	480
644	300
645	900
646	540
647	360
648	660
649	900
650	1080
651	360
652	420
653	480
654	900
655	420
656	300
657	540
658	420
659	600
660	360
661	480
662	540
663	660
664	360
665	300
666	660
667	660
668	480
669	1500
670	300
671	600
672	540
673	420
674	240
675	540
676	540
677	420
678	660
679	480
680	480
681	780
682	480
683	480
684	480
685	540
686	540
687	660
688	420
689	540
690	900
691	420
692	360
693	660
694	540
695	420
696	360
697	660
698	1080
699	840
700	540
701	540
702	360
703	480
704	540
705	660
706	420
707	420
708	720
709	600
710	420
711	840
712	540
713	600
714	480
715	540
716	240
717	420
718	480
719	300
720	600
721	300
722	600
723	300
724	540
725	840
726	660
727	360
728	660
729	420
730	540
731	360
732	420
733	600
734	600
735	900
736	600
737	300
738	540
739	480
740	480
741	420
742	840
743	240
744	540
745	420
746	660
747	300
748	660
749	420
750	300
751	1080
752	540
753	600
754	540
755	900
756	660
757	660
758	720
759	300
760	900
761	840
762	240
763	780
764	360
765	960
766	600
767	420
768	840
769	780
770	360
771	360
772	600
773	720
774	600
775	300
776	540
777	240
778	480
779	360
780	540
781	780
782	660
783	660
784	480
785	420
786	360
787	660
788	660
789	360
790	540
791	540
792	780
793	600
794	660
795	240
796	300
797	840
798	660
799	420
800	600
801	600
802	1380
803	660
804	480
805	900
806	720
807	660
808	420
809	420
810	900
811	600
812	420
813	480
814	720
815	660
816	660
817	480
818	780
819	420
820	540
821	420
822	540
823	360
824	540
825	540
826	360
827	540
828	600
829	600
830	540
831	420
832	660
833	420
834	480
835	360
836	780
837	480
838	540
839	420
840	480
841	480
842	420
843	480
844	420
845	780
846	420
847	780
848	300
849	540
850	600
851	660
852	540
853	360
854	660
855	480
856	300
857	600
858	360
859	840
860	240
861	420
862	600
863	600
864	900
865	480
866	300
867	660
868	420
869	240
870	420
871	360
872	660
873	780
874	420
875	540
876	240
877	480
878	360
879	600
880	720
881	900
882	540
883	300
884	420
885	480
886	780
887	540
888	300
889	360
890	780
891	420
892	420
893	600
894	360
895	480
896	840
897	600
898	300
899	360
900	600
901	540
902	360
903	780
904	540
905	420
906	540
907	420
908	540
909	240
910	300
911	360
912	540
913	300
914	720
915	900
916	480
917	420
918	480
919	600
920	480
921	300
922	540
923	780
924	360
925	600
926	600
927	480
928	660
929	420
930	660
931	480
932	780
933	420
934	540
935	420
936	720
937	420
938	540
939	300
940	420
941	600
942	300
943	660
944	1020
945	420
946	540
947	600
948	420
949	360
950	540
951	1020
952	540
953	480
954	420
955	900
956	720
957	420
958	420
959	360
960	660
961	900
962	600
963	360
964	600
965	300
966	420
967	1440
968	1200
969	600
970	480
971	600
972	600
973	600
974	360
975	540
976	780
977	540
978	300
979	660
980	540
981	840
982	420
983	540
984	480
985	660
986	480
987	660
988	780
989	540
990	480
991	360
992	420
993	720
994	1080
995	540
996	600
997	660
998	480
999	540
1000	840
1001	660
1002	480
1003	360
1004	360
1005	300
1006	240
1007	540
1008	480
1009	240
1010	480
1011	300
1012	300
1013	360
1014	360
1015	480
1016	600
1017	540
1018	660
1019	600
1020	540
1021	300
1022	900
1023	420
1024	480
1025	420
1026	480
1027	900
1028	780
1029	540
1030	540
1031	900
1032	720
1033	660
1034	300
1035	540
1036	720
1037	420
1038	240
TIME_WINDOW_SECTION
1	0	45000
2	5400	12600
3	23400	30600
4	19800	27000
5	12600	19800
6	14400	34200
7	12600	19800
8	19800	27000
9	27000	34200
10	23400	30600
11	16200	23400
12	27000	34200
13	16200	23400
14	23400	30600
15	19800	27000
16	7200	30600
17	12600	19800
18	23400	30600
19	5400	12600
20	9000	16200
21	7200	30600
22	23400	30600
23	16200	23400
24	5400	12600
25	7200	30600
26	27000	34200
27	27000	34200
28	14400	34200
29	30600	37800
30	30600	37800
31	16200	23400
32	7200	30600
33	23400	30600
34	9000	16200
35	7200	30600
36	27000	34200
37	16200	23400
38	12600	19800
39	7200	29700
40	16200	27000
41	7200	30600
42	12600	19800
43	7200	30600
44	14400	34200
45	19800	27000
46	16200	23400
47	16200	23400
48	23400	30600
49	27000	34200
50	19800	27000
51	16200	23400
52	7200	30600
53	12600	19800
54	27000	34200
55	30600	37800
56	12600	19800
57	5400	12600
58	9000	16200
59	5400	12600
60	12600	19800
61	19800	27000
62	27000	34200
63	27000	34200
64	16200	23400
65	7200	30600
66	12600	19800
67	30600	37800
68	5400	12600
69	23400	30600
70	19800	27000
71	19800	27000
72	23400	30600
73	12600	19800
74	23400	30600
75	12600	19800
76	16200	23400
77	16200	23400
78	5400	12600
79	9000	19800
80	23400	30600
81	5400	12600
82	7200	30600
83	19800	27000
84	7200	30600
85	23400	30600
86	14400	34200
87	12600	19800
88	7200	30600
89	12600	19800
90	12600	18900
91	19800	27000
92	7200	30600
93	23400	30600
94	16200	23400
95	16200	23400
96	19800	27000
97	12600	19800
98	27000	34200
99	9000	16200
100	19800	27000
101	16200	23400
102	27000	34200
103	14400	34200
104	19800	27000
105	23400	30600
106	5400	12600
107	19800	27000
108	7200	29700
109	12600	19800
110	30600	37800
111	16200	27000
112	23400	30600
113	19800	27000
114	12600	19800
115	12600	19800
116	23400	30600
117	16200	23400
118	9000	16200
119	14400	34200
120	19800	27000
121	7200	30600
122	19800	27000
123	14400	34200
124	19800	27000
125	27000	34200
126	30600	37800
127	12600	19800
128	12600	19800
129	12600	19800
130	16200	23400
131	12600	19800
132	5400	12600
133	12600	19800
134	12600	19800
135	7200	30600
136	30600	37800
137	5400	12600
138	16200	23400
139	16200	23400
140	30600	37800
141	16200	23400
142	5400	12600
143	9000	16200
144	9000	16200
145	23400	30600
146	7200	30600
147	9000	16200
148	16200	23400
149	16200	23400
150	16200	23400
151	16200	23400
152	9000	16200
153	19800	27000
154	12600	19800
155	5400	12600
156	23400	30600
157	19800	27000
158	19800	27000
159	5400	12600
160	16200	23400
161	12600	19800
162	19800	27000
163	12600	19800
164	12600	19800
165	12600	19800
166	19800	27000
167	16200	23400
168	19800	27000
169	23400	30600
170	5400	12600
171	12600	19800
172	27000	34200
173	16200	23400
174	16200	23400
175	12600	19800
176	19800	27000
177	9000	16200
178	9000	16200
179	23400	30600
180	9000	16200
181	9000	16200
182	23400	30600
183	23400	30600
184	23400	30600
185	16200	23400
186	9000	16200
187	23400	30600
188	12600	19800
189	12600	19800
190	16200	23400
191	19800	27000
192	14400	34200
193	7200	30600
194	19800	27000
195	12600	19800
196	9000	16200
197	16200	23400
198	9000	16200
199	5400	12600
200	12600	19800
201	27000	34200
202	9000	16200
203	12600	19800
204	12600	19800
205	5400	12600
206	19800	27000
207	27000	34200
208	7200	30600
209	27000	34200
210	9000	16200
211	27000	34200
212	19800	27000
213	19800	27000
214	5400	12600
215	19800	27000
216	23400	30600
217	7200	30600
218	23400	30600
219	9000	16200
220	16200	22500
221	12600	19800
222	19800	27000
223	7200	30600
224	27000	34200
225	12600	19800
226	9000	16200
227	19800	27000
228	19800	27000
229	16200	22500
230	27000	34200
231	7200	30600
232	14400	34200
233	30600	37800
234	7200	30600
235	19800	27000
236	5400	12600
237	30600	37800
238	19800	27000
239	12600	19800
240	16200	23400
241	9000	16200
242	9000	16200
243	16200	23400
244	16200	27000
245	16200	23400
246	12600	19800
247	16200	23400
248	5400	12600
249	19800	27000
250	12600	19800
251	16200	23400
252	19800	27000
253	12600	19800
254	14400	34200
255	16200	23400
256	14400	34200
257	16200	23400
258	19800	27000
259	12600	19800
260	19800	27000
261	30600	36900
262	9000	16200
263	12600	19800
264	5400	12600
265	27000	34200
266	9000	16200
267	9000	16200
268	12600	19800
269	9000	16200
270	12600	19800
271	16200	27000
272	7200	29700
273	5400	12600
274	7200	30600
275	12600	19800
276	5400	12600
277	7200	30600
278	5400	12600
279	14400	34200
280	19800	27000
281	9000	16200
282	7200	30600
283	16200	27000
284	19800	27000
285	14400	34200
286	16200	23400
287	12600	19800
288	27000	34200
289	12600	19800
290	12600	19800
291	27000	34200
292	9000	16200
293	14400	34200
294	19800	27000
295	12600	19800
296	12600	19800
297	19800	27000
298	12600	19800
299	12600	19800
300	9000	16200
301	5400	12600
302	12600	19800
303	16200	27000
304	23400	30600
305	12600	19800
306	9000	16200
307	16200	23400
308	27000	34200
309	12600	19800
310	16200	27000
311	23400	30600
312	27000	34200
313	16200	23400
314	19800	27000
315	16200	23400
316	12600	19800
317	19800	27000
318	16200	23400
319	12600	19800
320	30600	37800
321	5400	12600
322	16200	23400
323	7200	30600
324	27000	34200
325	27000	34200
326	12600	19800
327	12600	19800
328	12600	19800
329	23400	30600
330	19800	27000
331	30600	37800
332	19800	27000
333	7200	29700
334	16200	23400
335	14400	34200
336	16200	23400
337	23400	30600
338	19800	27000
339	12600	19800
340	12600	19800
341	12600	19800
342	12600	19800
343	19800	27000
344	7200	30600
345	19800	27000
346	23400	30600
347	16200	23400
348	12600	19800
349	5400	12600
350	12600	19800
351	9000	19800
352	23400	30600
353	9000	16200
354	16200	23400
355	16200	23400
356	27000	34200
357	16200	23400
358	12600	19800
359	5400	12600
360	9000	16200
361	12600	19800
362	5400	12600
363	16200	23400
364	16200	23400
365	9000	16200
366	23400	30600
367	12600	19800
368	16200	23400
369	16200	23400
370	16200	23400
371	16200	23400
372	9000	16200
373	27000	34200
374	23400	30600
375	27000	34200
376	9000	16200
377	19800	27000
378	12600	19800
379	23400	30600
380	5400	12600
381	27000	34200
382	12600	19800
383	16200	23400
384	9000	16200
385	27000	34200
386	23400	30600
387	12600	19800
388	19800	27000
389	19800	27000
390	23400	30600
391	7200	30600
392	12600	19800
393	27000	34200
394	27000	34200
395	9000	16200
396	19800	27000
397	16200	23400
398	12600	19800
399	7200	30600
400	23400	30600
401	12600	19800
402	9000	16200
403	23400	30600
404	9000	16200
405	23400	30600
406	9000	16200
407	23400	30600
408	9000	16200
409	16200	23400
410	16200	23400
411	19800	27000
412	14400	34200
413	19800	27000
414	7200	30600
415	7200	30600
416	23400	30600
417	16200	23400
418	14400	34200
419	9000	16200
420	14400	34200
421	16200	23400
422	7200	30600
423	7200	30600
424	19800	27000
425	19800	27000
426	9000	16200
427	19800	27000
428	12600	19800
429	7200	30600
430	23400	30600
431	7200	30600
432	19800	27000
433	23400	30600
434	14400	34200
435	23400	30600
436	16200	23400
437	14400	34200
438	23400	30600
439	27000	34200
440	12600	19800
441	9000	19800
442	7200	29700
443	16200	23400
444	19800	27000
445	7200	30600
446	16200	23400
447	23400	30600
448	16200	23400
449	12600	19800
450	30600	37800
451	27000	34200
452	9000	16200
453	12600	19800
454	27000	34200
455	14400	34200
456	16200	23400
457	19800	27000
458	12600	19800
459	12600	19800
460	27000	34200
461	27000	34200
462	12600	19800
463	19800	27000
464	16200	23400
465	19800	27000
466	23400	30600
467	16200	23400
468	12600	19800
469	27000	34200
470	14400	34200
471	12600	19800
472	12600	19800
473	7200	30600
474	27000	34200
475	16200	23400
476	12600	19800
477	27000	34200
478	23400	30600
479	12600	19800
480	9000	16200
481	9000	16200
482	23400	30600
483	7200	30600
484	12600	19800
485	19800	27000
486	23400	30600
487	12600	19800
488	9000	19800
489	19800	27000
490	16200	23400
491	19800	27000
492	12600	19800
493	16200	23400
494	7200	30600
495	12600	19800
496	23400	30600
497	27000	34200
498	19800	27000
499	27000	34200
500	23400	30600
501	16200	23400
502	27000	34200
503	12600	19800
504	16200	23400
505	16200	23400
506	19800	27000
507	9000	16200
508	27000	34200
509	14400	34200
510	16200	23400
511	12600	19800
512	12600	19800
513	16200	23400
514	9000	16200
515	16200	23400
516	12600	19800
517	14400	34200
518	19800	27000
519	23400	30600
520	9000	16200
521	19800	27000
522	23400	30600
523	12600	19800
524	12600	19800
525	19800	27000
526	16200	23400
527	23400	30600
528	19800	27000
529	9000	16200
530	9000	16200
531	27000	34200
532	27000	34200
533	7200	29700
534	16200	23400
535	23400	30600
536	12600	19800
537	19800	27000
538	12600	19800
539	16200	23400
540	7200	30600
541	16200	23400
542	23400	30600
543	7200	30600
544	16200	23400
545	7200	30600
546	16200	23400
547	7200	29700
548	7200	29700
549	9000	16200
550	19800	27000
551	12600	19800
552	16200	23400
553	16200	23400
554	12600	19800
555	16200	27000
556	14400	33300
557	27000	34200
558	16200	23400
559	9000	16200
560	12600	19800
561	16200	23400
562	16200	23400
563	12600	19800
564	23400	30600
565	9000	16200
566	16200	23400
567	9000	16200
568	9000	16200
569	14400	34200
570	12600	19800
571	30600	37800
572	23400	30600
573	12600	19800
574	9000	16200
575	14400	34200
576	19800	27000
577	16200	23400
578	12600	19800
579	14400	34200
580	23400	30600
581	16200	23400
582	27000	34200
583	27000	34200
584	12600	19800
585	12600	19800
586	19800	27000
587	16200	27000
588	12600	19800
589	16200	23400
590	12600	19800
591	27000	34200
592	16200	23400
593	12600	19800
594	19800	27000
595	19800	27000
596	16200	23400
597	16200	23400
598	12600	19800
599	14400	34200
600	27000	34200
601	12600	18900
602	12600	18900
603	19800	27000
604	7200	30600
605	12600	19800
606	12600	19800
607	9000	19800
608	16200	23400
609	12600	19800
610	12600	19800
611	19800	27000
612	27000	34200
613	19800	27000
614	23400	30600
615	16200	27000
616	12600	18900
617	16200	23400
618	12600	19800
619	12600	19800
620	16200	23400
621	19800	27000
622	7200	30600
623	7200	30600
624	27000	34200
625	19800	27000
626	16200	23400
627	7200	30600
628	23400	30600
629	14400	34200
630	16200	23400
631	27000	34200
632	19800	27000
633	16200	23400
634	23400	30600
635	9000	19800
636	14400	34200
637	7200	30600
638	12600	19800
639	16200	23400
640	19800	27000
641	16200	23400
642	12600	19800
643	12600	18900
644	16200	23400
645	19800	27000
646	16200	23400
647	12600	19800
648	12600	19800
649	27000	33300
650	12600	18900
651	12600	19800
652	12600	19800
653	27000	34200
654	16200	23400
655	12600	19800
656	27000	34200
657	23400	30600
658	19800	27000
659	23400	30600
660	19800	27000
661	7200	30600
662	23400	30600
663	19800	27000
664	12600	18900
665	12600	19800
666	19800	27000
667	14400	34200
668	27000	34200
669	16200	23400
670	30600	37800
671	12600	19800
672	7200	29700
673	12600	19800
674	23400	30600
675	12600	19800
676	23400	30600
677	12600	19800
678	12600	19800
679	9000	19800
680	19800	27000
681	16200	23400
682	27000	34200
683	16200	27000
684	16200	23400
685	23400	30600
686	7200	29700
687	23400	30600
688	12600	19800
689	16200	23400
690	16200	23400
691	12600	19800
692	19800	27000
693	19800	27000
694	27000	34200
695	27000	34200
696	19800	27000
697	16200	23400
698	12600	19800
699	27000	34200
700	19800	27000
701	12600	19800
702	14400	34200
703	16200	23400
704	27000	33300
705	16200	23400
706	7200	30600
707	14400	34200
708	30600	36900
709	27000	34200
710	27000	34200
711	16200	23400
712	16200	23400
713	7200	30600
714	23400	30600
715	16200	23400
716	12600	19800
717	16200	23400
718	19800	27000
719	27000	34200
720	27000	34200
721	7200	30600
722	9000	19800
723	16200	23400
724	19800	27000
725	7200	30600
726	16200	23400
727	16200	23400
728	16200	23400
729	14400	34200
730	7200	30600
731	7200	30600
732	16200	23400
733	23400	30600
734	14400	34200
735	16200	23400
736	16200	23400
737	7200	29700
738	19800	27000
739	19800	27000
740	7200	30600
741	27000	34200
742	23400	30600
743	16200	23400
744	30600	36900
745	19800	27000
746	19800	27000
747	7200	30600
748	14400	33300
749	16200	23400
750	27000	34200
751	30600	37800
752	14400	34200
753	27000	34200
754	16200	23400
755	19800	27000
756	23400	30600
757	19800	27000
758	16200	23400
759	27000	34200
760	7200	30600
761	14400	33300
762	30600	37800
763	16200	23400
764	14400	34200
765	23400	30600
766	7200	30600
767	19800	27000
768	19800	27000
769	19800	27000
770	16200	23400
771	14400	34200
772	16200	27000
773	16200	23400
774	27000	34200
775	27000	34200
776	23400	30600
777	27000	34200
778	23400	30600
779	23400	30600
780	27000	34200
781	27000	34200
782	7200	30600
783	16200	23400
784	30600	37800
785	19800	27000
786	7200	30600
787	23400	30600
788	16200	23400
789	23400	30600
790	27000	34200
791	27000	34200
792	14400	34200
793	23400	30600
794	16200	23400
795	16200	23400
796	30600	37800
797	19800	27000
798	14400	34200
799	30600	37800
800	27000	34200
801	30600	37800
802	27000	34200
803	23400	30600
804	19800	27000
805	7200	30600
806	19800	27000
807	19800	27000
808	19800	27000
809	19800	27000
810	23400	30600
811	19800	27000
812	19800	27000
813	19800	27000
814	19800	27000
815	23400	30600
816	27000	34200
817	19800	27000
818	16200	23400
819	14400	34200
820	19800	27000
821	16200	23400
822	16200	23400
823	16200	23400
824	19800	27000
825	27000	34200
826	23400	30600
827	23400	30600
828	7200	30600
829	7200	29700
830	16200	23400
831	23400	30600
832	23400	30600
833	16200	23400
834	16200	23400
835	23400	30600
836	27000	34200
837	14400	33300
838	16200	23400
839	19800	27000
840	23400	30600
841	7200	30600
842	27000	34200
843	7200	30600
844	30600	37800
845	14400	34200
846	16200	27000
847	16200	23400
848	19800	27000
849	16200	23400
850	7200	30600
851	23400	30600
852	27000	34200
853	7200	30600
854	19800	27000
855	27000	34200
856	7200	30600
857	27000	34200
858	23400	30600
859	23400	30600
860	23400	30600
861	14400	34200
862	14400	34200
863	14400	34200
864	7200	30600
865	19800	27000
866	7200	29700
867	19800	27000
868	19800	27000
869	19800	27000
870	30600	36900
871	27000	33300
872	27000	34200
873	19800	27000
874	27000	34200
875	23400	30600
876	27000	34200
877	23400	30600
878	14400	34200
879	7200	30600
880	23400	30600
881	19800	27000
882	7200	30600
883	27000	34200
884	19800	27000
885	14400	34200
886	14400	34200
887	14400	34200
888	14400	34200
889	7200	30600
890	23400	30600
891	7200	30600
892	16200	27000
893	14400	34200
894	14400	34200
895	19800	27000
896	7200	30600
897	23400	30600
898	19800	27000
899	14400	33300
900	23400	30600
901	7200	30600
902	23400	30600
903	30600	37800
904	27000	34200
905	7200	30600
906	7200	30600
907	14400	34200
908	27000	34200
909	19800	27000
910	19800	27000
911	7200	30600
912	7200	30600
913	7200	30600
914	14400	34200
915	7200	30600
916	14400	34200
917	14400	34200
918	23400	30600
919	19800	27000
920	19800	27000
921	19800	27000
922	23400	30600
923	30600	37800
924	19800	27000
925	19800	27000
926	14400	34200
927	7200	29700
928	7200	30600
929	23400	30600
930	27000	34200
931	7200	30600
932	7200	30600
933	19800	27000
934	27000	34200
935	23400	30600
936	23400	30600
937	27000	34200
938	27000	34200
939	27000	34200
940	19800	27000
941	16200	27000
942	7200	30600
943	19800	27000
944	23400	30600
945	27000	34200
946	30600	37800
947	23400	30600
948	7200	30600
949	19800	27000
950	23400	30600
951	19800	27000
952	16200	27000
953	27000	34200
954	19800	27000
955	23400	30600
956	27000	33300
957	23400	30600
958	23400	30600
959	27000	34200
960	27000	34200
961	14400	34200
962	14400	34200
963	7200	30600
964	23400	30600
965	23400	30600
966	7200	30600
967	7200	30600
968	14400	34200
969	27000	34200
970	30600	37800
971	7200	30600
972	14400	34200
973	7200	30600
974	23400	30600
975	7200	29700
976	23400	30600
977	7200	30600
978	23400	30600
979	27000	34200
980	30600	37800
981	23400	30600
982	14400	33300
983	30600	37800
984	27000	34200
985	14400	33300
986	27000	34200
987	7200	29700
988	30600	37800
989	7200	30600
990	27000	34200
991	7200	30600
992	27000	34200
993	27000	34200
994	23400	30600
995	27000	34200
996	27000	34200
997	23400	30600
998	23400	30600
999	7200	30600
1000	27000	34200
1001	14400	34200
1002	14400	34200
1003	7200	30600
1004	14400	34200
1005	27000	34200
1006	30600	37800
1007	14400	34200
1008	30600	37800
1009	27000	34200
1010	14400	34200
1011	14400	34200
1012	27000	34200
1013	23400	30600
1014	7200	30600
1015	14400	34200
1016	7200	30600
1017	7200	30600
1018	7200	30600
1019	23400	30600
1020	27000	34200
1021	30600	36900
1022	27000	34200
1023	30600	37800
1024	27000	34200
1025	27000	34200
1026	14400	33300
1027	14400	34200
1028	30600	37800
1029	27000	34200
1030	14400	33300
1031	30600	37800
1032	14400	34200
1033	30600	37800
1034	27000	34200
1035	27000	34200
1036	14400	34200
1037	14400	34200
1038	27000	34200
RELEASE_TIME_SECTION
1	0
2	5400
3	5400
4	5400
5	5400
6	5400
7	5400
8	5400
9	5400
10	5400
11	5400
12	5400
13	5400
14	5400
15	5400
16	5400
17	5400
18	5400
19	5400
20	5400
21	5400
22	5400
23	5400
24	5400
25	5400
26	5400
27	5400
28	5400
29	5400
30	5400
31	5400
32	5400
33	5400
34	5400
35	5400
36	5400
37	5400
38	5400
39	5400
40	5400
41	5400
42	5400
43	5400
44	5400
45	5400
46	5400
47	5400
48	5400
49	5400
50	5400
51	5400
52	5400
53	5400
54	5400
55	5400
56	5400
57	5400
58	5400
59	5400
60	5400
61	5400
62	5400
63	5400
64	5400
65	5400
66	5400
67	5400
68	5400
69	5400
70	5400
71	5400
72	5400
73	5400
74	5400
75	5400
76	5400
77	5400
78	5400
79	5400
80	5400
81	5400
82	5400
83	5400
84	5400
85	5400
86	5400
87	5400
88	5400
89	5400
90	5400
91	5400
92	5400
93	5400
94	5400
95	5400
96	5400
97	5400
98	5400
99	5400
100	5400
101	5400
102	7200
103	7200
104	7200
105	7200
106	7200
107	7200
108	7200
109	7200
110	7200
111	7200
112	7200
113	7200
114	7200
115	7200
116	7200
117	7200
118	7200
119	7200
120	7200
121	7200
122	7200
123	7200
124	7200
125	7200
126	7200
127	7200
128	7200
129	7200
130	7200
131	7200
132	7200
133	7200
134	7200
135	7200
136	7200
137	7200
138	7200
139	7200
140	7200
141	7200
142	7200
143	7200
144	7200
145	7200
146	7200
147	7200
148	7200
149	7200
150	7200
151	7200
152	7200
153	7200
154	7200
155	7200
156	7200
157	7200
158	7200
159	7200
160	7200
161	7200
162	7200
163	7200
164	7200
165	7200
166	7200
167	7200
168	7200
169	7200
170	7200
171	7200
172	7200
173	7200
174	7200
175	7200
176	7200
177	7200
178	7200
179	7200
180	7200
181	7200
182	7200
183	7200
184	7200
185	7200
186	7200
187	7200
188	7200
189	7200
190	7200
191	7200
192	7200
193	7200
194	7200
195	7200
196	7200
197	7200
198	7200
199	7200
200	7200
201	7200
202	9000
203	9000
204	9000
205	9000
206	9000
207	9000
208	9000
209	9000
210	9000
211	9000
212	9000
213	9000
214	9000
215	9000
216	9000
217	9000
218	9000
219	9000
220	9000
221	9000
222	9000
223	9000
224	9000
225	9000
226	9000
227	9000
228	9000
229	9000
230	9000
231	9000
232	9000
233	9000
234	9000
235	9000
236	9000
237	9000
238	9000
239	9000
240	9000
241	9000
242	9000
243	9000
244	9000
245	9000
246	9000
247	9000
248	9000
249	9000
250	9000
251	9000
252	9000
253	9000
254	9000
255	9000
256	9000
257	9000
258	9000
259	9000
260	9000
261	9000
262	9000
263	9000
264	9000
265	9000
266	9000
267	9000
268	9000
269	9000
270	9000
271	9000
272	9000
273	9000
274	9000
275	9000
276	9000
277	9000
278	9000
279	9000
280	9000
281	9000
282	9000
283	9000
284	9000
285	9000
286	9000
287	9000
288	9000
289	9000
290	9000
291	9000
292	9000
293	9000
294	9000
295	9000
296	9000
297	9000
298	9000
299	9000
300	9000
301	9000
302	10800
303	10800
304	10800
305	10800
306	10800
307	10800
308	10800
309	10800
310	10800
311	10800
312	10800
313	10800
314	10800
315	10800
316	10800
317	10800
318	10800
319	10800
320	10800
321	10800
322	10800
323	10800
324	10800
325	10800
326	10800
327	10800
328	10800
329	10800
330	10800
331	10800
332	10800
333	10800
334	10800
335	10800
336	10800
337	10800
338	10800
339	10800
340	10800
341	10800
342	10800
343	10800
344	10800
345	10800
346	10800
347	10800
348	10800
349	10800
350	10800
351	10800
352	10800
353	10800
354	10800
355	10800
356	10800
357	10800
358	10800
359	10800
360	10800
361	10800
362	10800
363	10800
364	10800
365	10800
366	10800
367	10800
368	10800
369	10800
370	10800
371	10800
372	10800
373	10800
374	10800
375	10800
376	10800
377	10800
378	10800
379	10800
380	10800
381	10800
382	10800
383	10800
384	10800
385	10800
386	10800
387	10800
388	10800
389	10800
390	10800
391	10800
392	10800
393	10800
394	10800
395	10800
396	10800
397	10800
398	10800
399	12600
400	12600
401	12600
402	12600
403	12600
404	12600
405	12600
406	12600
407	12600
408	12600
409	12600
410	12600
411	12600
412	12600
413	12600
414	12600
415	12600
416	12600
417	12600
418	12600
419	12600
420	12600
421	12600
422	12600
423	12600
424	12600
425	12600
426	12600
427	12600
428	12600
429	12600
430	12600
431	12600
432	12600
433	12600
434	12600
435	12600
436	12600
437	12600
438	12600
439	12600
440	12600
441	12600
442	12600
443	12600
444	12600
445	12600
446	12600
447	12600
448	12600
449	12600
450	12600
451	12600
452	12600
453	12600
454	12600
455	12600
456	12600
457	12600
458	12600
459	12600
460	12600
461	12600
462	12600
463	12600
464	12600
465	12600
466	12600
467	12600
468	12600
469	12600
470	12600
471	12600
472	12600
473	12600
474	12600
475	12600
476	12600
477	12600
478	12600
479	12600
480	12600
481	12600
482	12600
483	12600
484	12600
485	12600
486	12600
487	12600
488	12600
489	12600
490	12600
491	14400
492	14400
493	14400
494	14400
495	14400
496	14400
497	14400
498	14400
499	14400
500	14400
501	14400
502	14400
503	14400
504	14400
505	14400
506	14400
507	14400
508	14400
509	14400
510	14400
511	14400
512	14400
513	14400
514	14400
515	14400
516	14400
517	14400
518	14400
519	14400
520	14400
521	14400
522	14400
523	14400
524	14400
525	14400
526	14400
527	14400
528	14400
529	14400
530	14400
531	14400
532	14400
533	14400
534	14400
535	14400
536	14400
537	14400
538	14400
539	14400
540	14400
541	14400
542	14400
543	14400
544	14400
545	14400
546	14400
547	14400
548	14400
549	14400
550	14400
551	14400
552	14400
553	14400
554	14400
555	14400
556	14400
557	14400
558	14400
559	14400
560	14400
561	14400
562	14400
563	14400
564	14400
565	14400
566	14400
567	14400
568	14400
569	14400
570	14400
571	14400
572	14400
573	14400
574	14400
575	14400
576	14400
577	14400
578	14400
579	14400
580	16200
581	16200
582	16200
583	16200
584	16200
585	16200
586	16200
587	16200
588	16200
589	16200
590	16200
591	16200
592	16200
593	16200
594	16200
595	16200
596	16200
597	16200
598	16200
599	16200
600	16200
601	16200
602	16200
603	16200
604	16200
605	16200
606	16200
607	16200
608	16200
609	16200
610	16200
611	16200
612	16200
613	16200
614	16200
615	16200
616	16200
617	16200
618	16200
619	16200
620	16200
621	16200
622	16200
623	16200
624	16200
625	16200
626	16200
627	16200
628	16200
629	16200
630	16200
631	16200
632	16200
633	16200
634	16200
635	16200
636	16200
637	16200
638	16200
639	16200
640	16200
641	16200
642	16200
643	16200
644	16200
645	16200
646	16200
647	16200
648	16200
649	16200
650	16200
651	16200
652	16200
653	16200
654	16200
655	16200
656	16200
657	16200
658	16200
659	16200
660	18000
661	18000
662	18000
663	18000
664	18000
665	18000
666	18000
667	18000
668	18000
669	18000
670	18000
671	18000
672	18000
673	18000
674	18000
675	18000
676	18000
677	18000
678	18000
679	18000
680	18000
681	18000
682	18000
683	18000
684	18000
685	18000
686	18000
687	18000
688	18000
689	18000
690	18000
691	18000
692	18000
693	18000
694	18000
695	18000
696	18000
697	18000
698	18000
699	18000
700	18000
701	18000
702	18000
703	18000
704	18000
705	18000
706	18000
707	18000
708	18000
709	18000
710	18000
711	18000
712	18000
713	18000
714	18000
715	18000
716	18000
717	18000
718	18000
719	18000
720	18000
721	18000
722	18000
723	18000
724	18000
725	18000
726	18000
727	18000
728	18000
729	18000
730	18000
731	18000
732	19800
733	19800
734	19800
735	19800
736	19800
737	19800
738	19800
739	19800
740	19800
741	19800
742	19800
743	19800
744	19800
745	19800
746	19800
747	19800
748	19800
749	19800
750	19800
751	19800
752	19800
753	19800
754	19800
755	19800
756	19800
757	19800
758	19800
759	19800
760	19800
761	19800
762	19800
763	19800
764	19800
765	19800
766	19800
767	19800
768	19800
769	19800
770	19800
771	19800
772	19800
773	19800
774	19800
775	19800
776	19800
777	19800
778	19800
779	19800
780	19800
781	19800
782	19800
783	19800
784	19800
785	19800
786	19800
787	19800
788	19800
789	19800
790	19800
791	19800
792	21600
793	21600
794	21600
795	21600
796	21600
797	21600
798	21600
799	21600
800	21600
801	21600
802	21600
803	21600
804	21600
805	21600
806	21600
807	21600
808	21600
809	21600
810	21600
811	21600
812	21600
813	21600
814	21600
815	21600
816	21600
817	21600
818	21600
819	21600
820	21600
821	21600
822	21600
823	21600
824	21600
825	21600
826	21600
827	21600
828	21600
829	21600
830	21600
831	21600
832	21600
833	21600
834	21600
835	21600
836	21600
837	21600
838	21600
839	21600
840	21600
841	21600
842	21600
843	21600
844	21600
845	21600
846	21600
847	21600
848	21600
849	21600
850	21600
851	21600
852	21600
853	21600
854	21600
855	21600
856	21600
857	23400
858	23400
859	23400
860	23400
861	23400
862	23400
863	23400
864	23400
865	23400
866	23400
867	23400
868	23400
869	23400
870	23400
871	23400
872	23400
873	23400
874	23400
875	23400
876	23400
877	23400
878	23400
879	23400
880	23400
881	23400
882	23400
883	23400
884	23400
885	23400
886	23400
887	23400
888	23400
889	23400
890	23400
891	23400
892	23400
893	23400
894	23400
895	23400
896	23400
897	23400
898	23400
899	23400
900	23400
901	23400
902	23400
903	23400
904	23400
905	23400
906	23400
907	23400
908	23400
909	23400
910	23400
911	23400
912	25200
913	25200
914	25200
915	25200
916	25200
917	25200
918	25200
919	25200
920	25200
921	25200
922	25200
923	25200
924	25200
925	25200
926	25200
927	25200
928	25200
929	25200
930	25200
931	25200
932	25200
933	25200
934	25200
935	25200
936	25200
937	25200
938	25200
939	25200
940	25200
941	25200
942	25200
943	25200
944	25200
945	25200
946	25200
947	25200
948	25200
949	25200
950	25200
951	25200
952	25200
953	25200
954	25200
955	25200
956	25200
957	27000
958	27000
959	27000
960	27000
961	27000
962	27000
963	27000
964	27000
965	27000
966	27000
967	27000
968	27000
969	27000
970	27000
971	27000
972	27000
973	27000
974	27000
975	27000
976	27000
977	27000
978	27000
979	27000
980	27000
981	27000
982	27000
983	27000
984	27000
985	27000
986	27000
987	27000
988	27000
989	27000
990	27000
991	27000
992	27000
993	28800
994	28800
995	28800
996	28800
997	28800
998	28800
999	28800
1000	28800
1001	28800
1002	28800
1003	28800
1004	28800
1005	28800
1006	28800
1007	28800
1008	28800
1009	28800
1010	28800
1011	28800
1012	28800
1013	28800
1014	28800
1015	28800
1016	28800
1017	28800
1018	28800
1019	28800
1020	30600
1021	30600
1022	30600
1023	30600
1024	30600
1025	30600
1026	30600
1027	30600
1028	30600
1029	30600
1030	30600
1031	30600
1032	30600
1033	30600
1034	30600
1035	30600
1036	30600
1037	30600
1038	30600
EOF
