NAME : ORTEC-VRPTW-ASYM-50d3c13c-d1-n769
TYPE : VRPTW-RT
DIMENSION : 770
EDGE_WEIGHT_TYPE : EUC_2D
CAPACITY : 160
NODE_COORD_SECTION
1	2761	3515
2	3931	4745
3	2259	1765
4	3023	3558
5	2981	1600
6	2675	2315
7	2966	1523
8	1841	2081
9	2782	3304
10	2093	2317
11	1850	541
12	2879	3723
13	4493	5833
14	2514	1499
15	4869	5426
16	1066	549
17	1588	2327
18	5257	5335
19	2317	2316
20	4402	3103
21	1996	1449
22	3257	2958
23	4012	1703
24	1900	793
25	2834	3675
26	3261	2818
27	2438	1197
28	1902	1111
29	417	19
30	3858	3335
31	1588	2327
32	1982	1465
33	2093	2317
34	4187	2659
35	2544	1895
36	6569	6528
37	3376	4139
38	1696	2005
39	2278	2339
40	2179	1322
41	1583	931
42	5946	6176
43	2220	2449
44	6009	6634
45	2869	2755
46	2040	1103
47	1900	793
48	4196	2345
49	2666	2428
50	3424	2709
51	2784	1509
52	3085	3025
53	2903	1760
54	424	179
55	1593	1309
56	4393	5473
57	2791	3089
58	2030	608
59	1764	1596
60	3329	3789
61	2879	3723
62	3483	4064
63	4433	3247
64	5496	5923
65	2694	3020
66	3325	2012
67	4917	5704
68	1739	1508
69	3301	4068
70	1982	1465
71	117	0
72	2811	3391
73	2675	2315
74	1583	931
75	4210	2144
76	4043	4639
77	3968	4721
78	3898	4664
79	2295	1094
80	2302	1113
81	3914	3395
82	3297	4053
83	2286	1502
84	4264	3577
85	3394	2732
86	3301	4068
87	4472	4898
88	2514	1499
89	6571	6375
90	806	428
91	4893	5497
92	1443	1581
93	4146	4781
94	1732	1280
95	3604	4134
96	3626	2682
97	2620	1767
98	4532	2441
99	2633	3363
100	1637	2188
101	3269	4116
102	4111	4789
103	3394	2732
104	3818	4501
105	1711	2050
106	5479	5625
107	3297	4053
108	3822	2358
109	2732	1951
110	1479	1518
111	1739	1508
112	1113	952
113	2686	1483
114	1543	1723
115	2474	2738
116	4187	2659
117	3898	4664
118	2514	1499
119	3764	4216
120	1902	1111
121	2788	2784
122	4104	2851
123	1835	2267
124	2307	2916
125	2694	3020
126	3259	3778
127	1931	1650
128	3309	4067
129	4365	3390
130	2981	1600
131	4187	2659
132	3773	2661
133	3261	2818
134	2791	3089
135	1086	995
136	268	177
137	1327	1735
138	4066	3256
139	4493	5833
140	4917	5704
141	3858	3335
142	2310	2035
143	1298	1261
144	3257	2958
145	3673	3369
146	863	628
147	3898	4664
148	2464	1843
149	3205	2160
150	3330	3869
151	2979	3211
152	3297	4053
153	3771	4573
154	2635	3144
155	6419	6724
156	2966	1523
157	4024	1656
158	3115	3529
159	3297	4053
160	3914	3395
161	3773	2661
162	5368	4239
163	1753	2233
164	3053	3258
165	424	179
166	2788	2784
167	1500	1272
168	4433	3247
169	4225	4684
170	2704	2851
171	6886	6682
172	1827	2134
173	1739	1508
174	1732	1280
175	2752	2125
176	1627	1480
177	1561	1592
178	6817	6701
179	5476	3012
180	117	0
181	3519	4066
182	2514	1499
183	1881	652
184	4264	3577
185	2474	2738
186	3636	3035
187	2015	1681
188	2666	2428
189	2179	1322
190	2697	3306
191	1850	541
192	3136	2534
193	2686	1483
194	3085	3025
195	2584	1942
196	4210	2144
197	1298	1261
198	1299	1719
199	1931	1650
200	5270	3517
201	2697	3306
202	5711	5712
203	2661	2881
204	1683	918
205	3246	1848
206	2572	2525
207	6886	6682
208	4735	3889
209	6009	6634
210	1996	1449
211	4153	4859
212	2711	1677
213	3519	4066
214	3483	4064
215	1732	1280
216	2811	3391
217	3269	4116
218	2113	1757
219	2672	3218
220	3284	2478
221	3999	4609
222	4262	2793
223	2468	2544
224	3771	3476
225	4043	4639
226	2438	1197
227	2791	3089
228	1146	1702
229	1768	1894
230	1900	793
231	2572	2525
232	4009	4736
233	4312	4705
234	4687	5443
235	4262	2793
236	5368	4239
237	3968	4721
238	6571	6375
239	5257	5335
240	3429	3884
241	3914	3395
242	316	15
243	4196	2345
244	2635	3144
245	2704	2851
246	2981	1600
247	4262	2793
248	4393	3105
249	4160	4902
250	1885	1645
251	1739	1508
252	2514	1499
253	1146	1702
254	2220	2449
255	3297	4053
256	4104	2851
257	806	428
258	2697	3306
259	653	752
260	1142	1286
261	1871	1341
262	2093	2317
263	2453	1745
264	1468	1435
265	3366	2822
266	2788	2784
267	1832	1060
268	3773	2661
269	3999	4609
270	2015	1681
271	2739	2818
272	2583	2710
273	5546	6077
274	3822	2358
275	2657	2425
276	3366	2822
277	1663	1876
278	4217	1401
279	3604	4134
280	2514	1499
281	1832	1060
282	2583	2710
283	3191	1735
284	2093	2317
285	2732	1951
286	2811	3391
287	1066	549
288	2220	2449
289	1900	793
290	1142	1286
291	2711	1677
292	4187	2659
293	3483	4064
294	1086	995
295	4210	2144
296	6643	6561
297	2752	3540
298	4365	3390
299	3424	2709
300	3773	2661
301	4131	4920
302	2620	1767
303	2040	1103
304	2055	958
305	3301	4068
306	2474	2738
307	2334	2272
308	3673	3369
309	1479	1518
310	3626	2682
311	4433	3247
312	1845	2192
313	3999	4609
314	2694	3020
315	2853	3611
316	2572	2525
317	1900	793
318	3483	4064
319	2040	1103
320	1141	1444
321	1881	652
322	2706	1642
323	2733	1819
324	2917	1256
325	1637	2188
326	2295	1094
327	2669	3097
328	2464	1843
329	3001	3467
330	968	1564
331	2620	1767
332	4129	4920
333	1637	2188
334	3329	3789
335	3309	4067
336	1768	1894
337	5821	6191
338	4735	3889
339	3885	4499
340	1256	1986
341	3062	3040
342	1900	793
343	2324	1527
344	3001	3467
345	4500	3299
346	4917	5704
347	2359	1761
348	2917	1256
349	2030	608
350	5702	5817
351	1440	997
352	4024	1656
353	3832	4640
354	4433	3247
355	4264	3577
356	3914	3395
357	4493	5833
358	1298	1261
359	2310	2035
360	5702	5817
361	4532	2441
362	2451	2400
363	5257	5335
364	3246	1848
365	3424	2709
366	3053	3258
367	2249	2015
368	1881	652
369	1299	1719
370	3062	3040
371	3673	3369
372	2739	2818
373	2640	2297
374	4196	2345
375	2657	2425
376	2931	1640
377	4194	2213
378	2113	1757
379	5639	5756
380	2739	2818
381	2669	3097
382	5296	3091
383	2055	958
384	1561	1592
385	3911	4361
386	4009	4736
387	5111	4177
388	3325	2012
389	2109	1457
390	2686	1483
391	2733	1819
392	4225	4684
393	4893	5497
394	1711	2050
395	3329	3789
396	4104	2851
397	4433	3247
398	1637	2188
399	2635	3144
400	2438	1197
401	1500	1272
402	2620	1767
403	2661	2881
404	3832	4640
405	3708	4659
406	4433	3247
407	6419	6724
408	1841	2081
409	1500	1272
410	3604	4134
411	1443	1581
412	268	177
413	2286	1502
414	3136	2534
415	3691	3450
416	6569	6528
417	3598	4152
418	1255	1156
419	1850	541
420	3770	4504
421	2782	3304
422	3269	4116
423	1440	1628
424	3561	2989
425	3751	3088
426	3708	4659
427	3644	4005
428	2979	3211
429	4160	4902
430	2291	2450
431	3062	3040
432	1299	1719
433	2531	2300
434	4862	5743
435	4160	4902
436	1845	2192
437	3946	4657
438	4146	4781
439	2776	2719
440	2514	1499
441	4476	3319
442	2324	1527
443	3673	3369
444	3561	2989
445	4217	1401
446	2208	1876
447	3623	4305
448	2179	1322
449	4432	2004
450	4687	5443
451	2704	2851
452	2933	2409
453	5286	4389
454	2834	3675
455	3598	4152
456	3773	2661
457	2673	3405
458	4998	3182
459	2782	3304
460	770	811
461	2324	1527
462	4214	4876
463	3832	4640
464	3329	3789
465	3858	3335
466	2708	1884
467	3296	3777
468	2704	2851
469	5270	3517
470	3085	3025
471	1142	1286
472	3136	2534
473	4500	3299
474	4487	1579
475	4421	4984
476	3771	4573
477	3708	4659
478	3561	2989
479	4424	2780
480	3732	3373
481	3751	3088
482	6419	6724
483	247	549
484	1698	1727
485	5821	6191
486	4214	4876
487	3908	3359
488	1668	2278
489	1443	1581
490	2291	2450
491	2324	1527
492	2686	1483
493	6817	6701
494	3931	4745
495	1588	2327
496	4424	2780
497	567	957
498	2657	2425
499	567	957
500	3644	4005
501	3525	4658
502	2966	1523
503	1902	1111
504	1881	652
505	1256	1986
506	3898	4664
507	4700	3785
508	2779	1816
509	437	398
510	1850	541
511	6886	6682
512	1066	549
513	1255	1156
514	4493	5833
515	4365	3390
516	2324	1527
517	571	758
518	3205	2160
519	3623	4305
520	1698	1727
521	2733	1819
522	3001	3467
523	4893	5497
524	4917	5704
525	5368	4239
526	3773	2661
527	5546	6077
528	2758	3572
529	2811	2707
530	2834	3675
531	3752	2963
532	3366	2822
533	1500	1272
534	4492	4668
535	5546	6077
536	2514	1499
537	1440	1628
538	2030	608
539	4264	3577
540	3376	4139
541	4402	3103
542	4009	4736
543	2577	3224
544	4917	5704
545	2249	2015
546	2966	1523
547	2672	3218
548	4393	3105
549	2979	3211
550	2623	1527
551	4472	4898
552	3751	3088
553	4402	3103
554	1764	1596
555	2577	3224
556	2879	3723
557	2708	1884
558	2704	2851
559	4500	3299
560	3284	2478
561	1845	2192
562	2931	1640
563	1255	1156
564	2675	2315
565	5296	3091
566	2811	3391
567	2623	1527
568	1832	1060
569	3773	2661
570	2917	1256
571	2711	1677
572	2583	2710
573	2686	1483
574	1142	1286
575	4493	5833
576	4226	3403
577	5213	2625
578	2317	2316
579	4492	4668
580	3691	3450
581	1479	1518
582	3752	2963
583	3691	3450
584	3525	3327
585	1902	1111
586	4424	2780
587	2675	2315
588	4024	1656
589	2577	3224
590	1255	1156
591	2776	2719
592	6571	6375
593	4500	3299
594	3519	4066
595	2291	2450
596	4153	4859
597	4393	3105
598	3898	4664
599	4786	2577
600	623	232
601	523	223
602	3271	2728
603	4221	4928
604	3773	2661
605	2732	1951
606	1103	1689
607	3636	3035
608	4424	2780
609	1479	1518
610	2583	2710
611	2302	1113
612	2758	3572
613	1141	1444
614	4221	4928
615	1468	1435
616	2931	1640
617	2572	2525
618	2577	3224
619	1841	2081
620	4111	4789
621	3053	3258
622	4196	2345
623	4687	5443
624	4048	2331
625	2779	1816
626	1732	1280
627	5111	4177
628	806	428
629	437	398
630	3564	3193
631	2979	3211
632	2461	3436
633	3623	4305
634	4146	4781
635	3530	2381
636	2697	3306
637	2544	1895
638	3301	4068
639	2879	3723
640	3001	3467
641	3999	4609
642	4131	4920
643	2334	2272
644	1753	2233
645	2015	1681
646	2732	1951
647	4153	4859
648	3626	2682
649	3394	2732
650	4365	3390
651	5479	5625
652	1146	1702
653	4532	2441
654	3832	4640
655	2779	1816
656	3946	4657
657	1931	1650
658	1982	1465
659	3604	4134
660	3604	4134
661	2109	1457
662	2430	1472
663	4214	4876
664	2732	1951
665	5053	5414
666	3271	2728
667	3483	4064
668	1768	1894
669	4862	5743
670	2708	1884
671	1774	1364
672	2208	1876
673	3246	1848
674	2302	1113
675	2657	2425
676	4066	3256
677	2302	1113
678	1327	1735
679	2788	2784
680	2791	3089
681	4500	3299
682	623	232
683	2040	1103
684	2776	2719
685	2468	2544
686	4048	2331
687	1982	1465
688	5821	6191
689	4012	1703
690	5257	5335
691	2853	3611
692	417	19
693	623	232
694	3525	3327
695	1255	1156
696	2109	1457
697	1479	1518
698	1900	793
699	3822	2358
700	3149	2252
701	5479	5625
702	2595	3032
703	2811	2707
704	3257	2958
705	2633	3363
706	2869	2755
707	4131	4920
708	3429	3884
709	5296	3091
710	2811	3391
711	3604	4134
712	3363	4277
713	4869	5426
714	571	758
715	4476	3319
716	2669	3097
717	2324	1527
718	3561	2989
719	1500	1272
720	3564	3193
721	3001	3467
722	1792	1458
723	2531	2300
724	6009	6634
725	2739	2818
726	4153	4859
727	4998	3182
728	653	752
729	3329	3789
730	4146	4781
731	3363	4277
732	1931	934
733	2739	2818
734	2030	608
735	1696	2005
736	5387	5502
737	1841	2081
738	2208	1876
739	5286	4389
740	2310	2035
741	117	0
742	1881	652
743	3525	3327
744	2093	2317
745	4160	4902
746	4493	5833
747	6886	6682
748	1764	1596
749	2661	2881
750	3648	4162
751	2583	2710
752	2286	1502
753	3062	3040
754	3115	3529
755	3644	4005
756	1543	1723
757	3301	4068
758	1561	1592
759	3149	2252
760	3304	3980
761	3626	2682
762	2733	1819
763	1256	1986
764	3001	3467
765	316	15
766	4687	5443
767	3773	2661
768	4862	5743
769	2966	1523
770	4687	5443
DEMAND_SECTION
1	0
2	7
3	8
4	7
5	7
6	7
7	10
8	5
9	4
10	4
11	3
12	5
13	7
14	7
15	8
16	4
17	5
18	5
19	5
20	8
21	4
22	3
23	7
24	4
25	9
26	6
27	5
28	8
29	4
30	4
31	7
32	7
33	9
34	1
35	5
36	3
37	7
38	4
39	9
40	8
41	7
42	5
43	7
44	5
45	6
46	8
47	5
48	7
49	3
50	4
51	4
52	5
53	6
54	3
55	3
56	6
57	5
58	3
59	5
60	5
61	7
62	10
63	4
64	5
65	5
66	4
67	8
68	6
69	3
70	7
71	7
72	5
73	5
74	5
75	6
76	5
77	8
78	6
79	6
80	5
81	4
82	8
83	5
84	7
85	8
86	4
87	6
88	7
89	6
90	6
91	7
92	5
93	1
94	6
95	7
96	8
97	8
98	17
99	16
100	8
101	6
102	4
103	6
104	5
105	9
106	6
107	5
108	7
109	7
110	5
111	3
112	13
113	5
114	2
115	6
116	5
117	8
118	2
119	5
120	4
121	5
122	6
123	6
124	6
125	8
126	7
127	7
128	17
129	5
130	6
131	12
132	3
133	3
134	9
135	7
136	7
137	4
138	7
139	9
140	6
141	15
142	10
143	5
144	6
145	4
146	3
147	1
148	5
149	4
150	5
151	5
152	4
153	7
154	4
155	5
156	5
157	8
158	7
159	5
160	5
161	10
162	3
163	7
164	8
165	7
166	5
167	9
168	12
169	4
170	7
171	3
172	6
173	5
174	3
175	17
176	7
177	12
178	7
179	4
180	4
181	12
182	13
183	6
184	8
185	7
186	7
187	5
188	6
189	4
190	5
191	3
192	10
193	7
194	7
195	14
196	7
197	8
198	3
199	5
200	5
201	7
202	5
203	8
204	8
205	5
206	8
207	6
208	4
209	11
210	3
211	6
212	12
213	6
214	3
215	3
216	6
217	4
218	1
219	6
220	4
221	6
222	7
223	6
224	7
225	6
226	5
227	4
228	4
229	6
230	6
231	6
232	4
233	6
234	5
235	5
236	5
237	6
238	12
239	1
240	12
241	3
242	3
243	7
244	8
245	8
246	5
247	7
248	9
249	6
250	6
251	5
252	6
253	4
254	7
255	7
256	3
257	6
258	8
259	5
260	5
261	4
262	6
263	6
264	7
265	6
266	4
267	4
268	5
269	4
270	4
271	8
272	8
273	7
274	7
275	6
276	11
277	9
278	6
279	6
280	8
281	4
282	4
283	5
284	4
285	9
286	4
287	5
288	8
289	18
290	4
291	4
292	14
293	4
294	13
295	2
296	7
297	6
298	7
299	3
300	7
301	1
302	13
303	9
304	3
305	6
306	5
307	5
308	6
309	7
310	7
311	1
312	6
313	7
314	7
315	5
316	2
317	7
318	13
319	3
320	5
321	4
322	5
323	5
324	5
325	9
326	8
327	4
328	9
329	10
330	6
331	5
332	10
333	5
334	5
335	7
336	14
337	7
338	10
339	4
340	7
341	6
342	5
343	5
344	6
345	4
346	4
347	4
348	4
349	4
350	5
351	6
352	4
353	8
354	8
355	6
356	7
357	4
358	6
359	9
360	5
361	7
362	17
363	6
364	2
365	7
366	6
367	8
368	5
369	5
370	7
371	6
372	13
373	4
374	6
375	16
376	7
377	3
378	7
379	4
380	8
381	5
382	5
383	8
384	4
385	2
386	7
387	4
388	7
389	6
390	6
391	8
392	5
393	5
394	5
395	4
396	6
397	5
398	4
399	7
400	6
401	5
402	6
403	13
404	6
405	6
406	4
407	17
408	4
409	28
410	6
411	5
412	5
413	4
414	5
415	4
416	7
417	5
418	7
419	5
420	1
421	7
422	4
423	4
424	4
425	3
426	6
427	11
428	7
429	6
430	4
431	3
432	9
433	6
434	8
435	4
436	9
437	5
438	8
439	6
440	7
441	5
442	6
443	9
444	4
445	5
446	5
447	8
448	5
449	4
450	7
451	6
452	3
453	5
454	13
455	12
456	5
457	6
458	5
459	3
460	7
461	5
462	9
463	8
464	5
465	4
466	8
467	4
468	6
469	5
470	1
471	15
472	6
473	5
474	6
475	8
476	7
477	14
478	3
479	5
480	4
481	2
482	8
483	4
484	3
485	8
486	5
487	8
488	5
489	6
490	7
491	7
492	10
493	3
494	5
495	6
496	4
497	9
498	5
499	5
500	4
501	4
502	7
503	15
504	6
505	8
506	7
507	3
508	3
509	6
510	5
511	4
512	14
513	4
514	8
515	7
516	5
517	4
518	4
519	4
520	7
521	6
522	9
523	11
524	3
525	7
526	6
527	13
528	6
529	6
530	6
531	7
532	5
533	1
534	14
535	6
536	3
537	6
538	10
539	6
540	5
541	17
542	6
543	8
544	7
545	12
546	7
547	12
548	7
549	5
550	4
551	6
552	6
553	10
554	6
555	6
556	5
557	18
558	4
559	7
560	6
561	4
562	6
563	5
564	3
565	12
566	6
567	7
568	8
569	8
570	5
571	5
572	17
573	12
574	8
575	6
576	6
577	5
578	5
579	5
580	4
581	5
582	5
583	14
584	9
585	3
586	8
587	2
588	5
589	17
590	8
591	8
592	8
593	6
594	3
595	3
596	7
597	7
598	5
599	7
600	8
601	4
602	12
603	4
604	5
605	5
606	3
607	6
608	5
609	12
610	3
611	8
612	4
613	6
614	5
615	5
616	4
617	5
618	5
619	3
620	3
621	5
622	6
623	12
624	8
625	8
626	4
627	7
628	5
629	9
630	13
631	3
632	1
633	7
634	4
635	7
636	4
637	7
638	13
639	9
640	5
641	4
642	7
643	5
644	8
645	1
646	6
647	6
648	4
649	8
650	6
651	6
652	6
653	14
654	6
655	5
656	14
657	3
658	6
659	13
660	7
661	8
662	8
663	7
664	3
665	6
666	8
667	7
668	9
669	7
670	5
671	5
672	13
673	5
674	4
675	6
676	6
677	3
678	4
679	9
680	5
681	3
682	12
683	6
684	3
685	5
686	6
687	5
688	6
689	4
690	4
691	7
692	6
693	7
694	3
695	5
696	1
697	5
698	7
699	6
700	4
701	7
702	5
703	5
704	14
705	17
706	6
707	6
708	5
709	9
710	6
711	1
712	4
713	5
714	5
715	9
716	3
717	9
718	8
719	5
720	5
721	5
722	6
723	8
724	1
725	7
726	3
727	3
728	3
729	5
730	7
731	5
732	3
733	6
734	7
735	9
736	8
737	14
738	8
739	4
740	8
741	8
742	8
743	9
744	8
745	11
746	4
747	5
748	4
749	12
750	3
751	6
752	13
753	8
754	6
755	7
756	1
757	6
758	5
759	8
760	6
761	3
762	10
763	1
764	4
765	8
766	8
767	9
768	11
769	8
770	6
DEPOT_SECTION
1
-1
SERVICE_TIME_SECTION
1	0
2	720
3	900
4	540
5	600
6	300
7	1500
8	360
9	420
10	780
11	300
12	600
13	360
14	480
15	540
16	720
17	420
18	540
19	1200
20	540
21	660
22	720
23	360
24	420
25	300
26	600
27	360
28	420
29	720
30	1020
31	540
32	720
33	600
34	420
35	780
36	300
37	1200
38	420
39	540
40	600
41	780
42	480
43	480
44	540
45	540
46	660
47	600
48	1260
49	360
50	300
51	900
52	780
53	660
54	300
55	600
56	360
57	480
58	420
59	360
60	660
61	660
62	420
63	600
64	540
65	1020
66	300
67	600
68	300
69	360
70	660
71	600
72	360
73	600
74	1200
75	540
76	480
77	360
78	420
79	300
80	600
81	420
82	600
83	420
84	480
85	360
86	600
87	780
88	960
89	480
90	780
91	420
92	540
93	300
94	660
95	720
96	600
97	840
98	480
99	720
100	420
101	780
102	300
103	300
104	600
105	540
106	300
107	780
108	1020
109	300
110	600
111	660
112	900
113	240
114	420
115	600
116	360
117	240
118	420
119	360
120	660
121	780
122	720
123	600
124	960
125	660
126	900
127	720
128	540
129	480
130	600
131	480
132	360
133	540
134	480
135	660
136	660
137	540
138	780
139	360
140	420
141	300
142	540
143	360
144	720
145	540
146	720
147	480
148	660
149	660
150	360
151	660
152	960
153	540
154	300
155	660
156	480
157	900
158	660
159	360
160	600
161	420
162	360
163	540
164	360
165	540
166	1560
167	540
168	660
169	240
170	540
171	840
172	720
173	600
174	240
175	480
176	540
177	720
178	420
179	420
180	420
181	840
182	480
183	720
184	540
185	480
186	480
187	420
188	540
189	540
190	840
191	600
192	540
193	480
194	300
195	660
196	600
197	480
198	600
199	420
200	600
201	540
202	420
203	480
204	480
205	540
206	480
207	960
208	600
209	480
210	300
211	420
212	420
213	360
214	300
215	600
216	540
217	780
218	300
219	660
220	540
221	600
222	540
223	420
224	420
225	480
226	300
227	420
228	420
229	540
230	540
231	600
232	420
233	360
234	360
235	720
236	300
237	600
238	600
239	540
240	420
241	480
242	600
243	960
244	360
245	240
246	1260
247	600
248	780
249	780
250	480
251	1140
252	780
253	480
254	420
255	360
256	480
257	1080
258	420
259	420
260	780
261	420
262	480
263	540
264	240
265	840
266	780
267	600
268	360
269	660
270	420
271	660
272	540
273	300
274	900
275	780
276	480
277	960
278	420
279	600
280	480
281	360
282	840
283	360
284	480
285	240
286	300
287	480
288	480
289	1020
290	480
291	540
292	720
293	240
294	360
295	540
296	480
297	540
298	600
299	900
300	480
301	660
302	480
303	1020
304	540
305	840
306	960
307	480
308	480
309	300
310	360
311	660
312	720
313	660
314	540
315	540
316	600
317	600
318	420
319	540
320	600
321	300
322	720
323	360
324	240
325	540
326	480
327	540
328	480
329	420
330	420
331	420
332	540
333	660
334	300
335	300
336	660
337	360
338	540
339	600
340	420
341	420
342	960
343	360
344	1080
345	480
346	780
347	360
348	660
349	540
350	600
351	480
352	480
353	420
354	420
355	360
356	360
357	420
358	720
359	540
360	240
361	660
362	900
363	1200
364	900
365	660
366	420
367	840
368	780
369	540
370	780
371	420
372	960
373	660
374	480
375	420
376	420
377	420
378	540
379	960
380	300
381	720
382	600
383	600
384	660
385	600
386	480
387	600
388	300
389	300
390	360
391	540
392	420
393	660
394	360
395	1200
396	660
397	660
398	540
399	600
400	480
401	600
402	600
403	600
404	840
405	540
406	360
407	660
408	660
409	660
410	300
411	660
412	420
413	360
414	540
415	780
416	360
417	480
418	420
419	360
420	360
421	420
422	420
423	600
424	420
425	660
426	480
427	720
428	600
429	600
430	840
431	360
432	960
433	360
434	600
435	1020
436	300
437	840
438	960
439	600
440	360
441	360
442	780
443	480
444	600
445	480
446	840
447	540
448	540
449	420
450	1080
451	480
452	480
453	300
454	420
455	420
456	600
457	900
458	360
459	960
460	480
461	480
462	540
463	840
464	540
465	720
466	780
467	480
468	720
469	480
470	540
471	300
472	1200
473	480
474	900
475	300
476	540
477	360
478	1500
479	420
480	1560
481	480
482	600
483	960
484	360
485	600
486	1560
487	420
488	420
489	540
490	300
491	420
492	540
493	600
494	540
495	720
496	960
497	420
498	780
499	660
500	420
501	480
502	720
503	480
504	360
505	420
506	600
507	480
508	480
509	480
510	480
511	360
512	360
513	660
514	840
515	360
516	900
517	480
518	480
519	240
520	540
521	360
522	900
523	360
524	540
525	540
526	480
527	960
528	300
529	540
530	300
531	660
532	540
533	240
534	780
535	540
536	300
537	240
538	300
539	1080
540	600
541	420
542	540
543	840
544	600
545	480
546	660
547	720
548	600
549	480
550	1140
551	600
552	360
553	420
554	480
555	960
556	420
557	600
558	780
559	480
560	480
561	360
562	960
563	1140
564	540
565	420
566	660
567	420
568	480
569	480
570	420
571	780
572	1020
573	300
574	240
575	480
576	300
577	360
578	1020
579	720
580	480
581	360
582	360
583	600
584	660
585	540
586	660
587	540
588	480
589	600
590	360
591	600
592	660
593	600
594	420
595	240
596	540
597	480
598	420
599	240
600	300
601	480
602	300
603	300
604	480
605	540
606	900
607	420
608	1200
609	600
610	420
611	1080
612	600
613	840
614	900
615	480
616	600
617	420
618	480
619	540
620	660
621	480
622	420
623	420
624	420
625	360
626	720
627	660
628	540
629	480
630	480
631	540
632	540
633	600
634	480
635	600
636	900
637	1020
638	660
639	600
640	420
641	300
642	1200
643	420
644	420
645	420
646	360
647	960
648	480
649	480
650	420
651	540
652	540
653	720
654	600
655	720
656	420
657	600
658	360
659	540
660	960
661	480
662	600
663	900
664	600
665	360
666	780
667	420
668	600
669	600
670	540
671	420
672	420
673	420
674	540
675	480
676	360
677	360
678	720
679	900
680	600
681	420
682	660
683	780
684	360
685	480
686	540
687	1080
688	540
689	360
690	540
691	960
692	360
693	600
694	540
695	600
696	660
697	660
698	540
699	600
700	480
701	480
702	420
703	960
704	420
705	540
706	420
707	240
708	540
709	1260
710	1200
711	540
712	420
713	540
714	840
715	960
716	360
717	420
718	240
719	600
720	600
721	420
722	420
723	300
724	420
725	600
726	540
727	360
728	600
729	540
730	720
731	840
732	420
733	540
734	720
735	600
736	360
737	420
738	300
739	420
740	420
741	600
742	600
743	420
744	1080
745	480
746	480
747	480
748	1140
749	420
750	1140
751	240
752	1200
753	1020
754	540
755	480
756	240
757	540
758	1140
759	420
760	420
761	540
762	540
763	780
764	540
765	600
766	420
767	600
768	480
769	360
770	660
TIME_WINDOW_SECTION
1	0	41340
2	8400	15900
3	19200	26700
4	19200	26700
5	22800	30300
6	15600	22500
7	15600	22500
8	8400	15900
9	15600	23100
10	10200	33900
11	19200	26700
12	8400	15900
13	12000	19500
14	19200	26700
15	19200	26700
16	8400	15900
17	22800	30300
18	12000	19500
19	19200	26700
20	15600	23100
21	8400	15900
22	19200	26100
23	8400	15900
24	19200	26700
25	15600	23100
26	8400	15900
27	12000	19500
28	15600	23100
29	10200	33900
30	15600	23100
31	19200	26700
32	15600	23100
33	12000	19500
34	8400	15900
35	15600	23100
36	12000	19500
37	15600	22500
38	8400	15900
39	19200	26700
40	15600	23100
41	12000	19500
42	19200	26700
43	15600	23100
44	19200	26700
45	8400	15900
46	26400	33900
47	12000	19500
48	10200	33900
49	10200	33900
50	19200	26700
51	8400	15300
52	8400	15900
53	12000	19500
54	15600	23100
55	10200	33900
56	10200	33900
57	19200	26700
58	22800	30300
59	8400	15900
60	10200	33900
61	22800	30300
62	8400	15900
63	19200	26700
64	8400	15900
65	8400	15900
66	12000	19500
67	12000	18900
68	19200	26700
69	19200	26700
70	8400	15900
71	10200	33300
72	15600	23100
73	12000	19500
74	22800	30300
75	10200	33900
76	10200	33900
77	12000	19500
78	8400	15900
79	12000	19500
80	12000	19500
81	15600	23100
82	12000	19500
83	8400	15900
84	12000	22500
85	15600	23100
86	15600	23100
87	8400	15900
88	15600	23100
89	8400	15900
90	19200	26700
91	8400	15900
92	8400	15300
93	19200	26700
94	8400	15900
95	15600	23100
96	10200	33900
97	12000	19500
98	12000	19500
99	8400	15900
100	15600	23100
101	15600	23100
102	12000	19500
103	8400	15900
104	19200	26700
105	19200	26700
106	19200	26700
107	15600	23100
108	8400	15900
109	10200	33300
110	15600	23100
111	15600	23100
112	12000	19500
113	10200	33900
114	8400	15900
115	15600	22500
116	15600	23100
117	12000	19500
118	12000	19500
119	15600	23100
120	19200	26700
121	12000	19500
122	12000	19500
123	15600	23100
124	8400	15900
125	19200	26700
126	12000	19500
127	22800	30300
128	15600	23100
129	8400	15900
130	10200	33300
131	8400	15900
132	19200	26700
133	8400	15900
134	12000	19500
135	19200	26700
136	10200	33900
137	8400	15900
138	10200	33900
139	8400	15900
140	10200	33900
141	12000	19500
142	15600	23100
143	22800	30300
144	19200	26700
145	10200	33900
146	15600	23100
147	15600	23100
148	8400	15300
149	12000	19500
150	19200	26700
151	15600	23100
152	22800	30300
153	8400	15900
154	8400	15900
155	12000	19500
156	12000	19500
157	12000	19500
158	22800	30300
159	8400	15900
160	12000	19500
161	10200	33300
162	10200	33300
163	8400	15900
164	8400	15900
165	12000	19500
166	19200	26700
167	19200	26700
168	10200	33300
169	15600	23100
170	22800	30300
171	8400	15900
172	15600	23100
173	12000	19500
174	12000	19500
175	19200	26700
176	19200	26700
177	10200	33900
178	8400	15900
179	12000	19500
180	10200	33300
181	10200	33900
182	10200	33900
183	8400	15300
184	15600	23100
185	22800	30300
186	22800	30300
187	15600	23100
188	8400	15900
189	12000	19500
190	19200	26700
191	10200	33900
192	15600	23100
193	22800	30300
194	8400	15900
195	15600	23100
196	10200	33300
197	12000	19500
198	19200	26700
199	19200	26700
200	10200	33900
201	15600	23100
202	12000	19500
203	10200	33900
204	10200	33300
205	12000	19500
206	15600	23100
207	12000	19500
208	19200	26700
209	12000	19500
210	10200	33900
211	8400	15900
212	10200	33900
213	10200	33900
214	19200	26700
215	8400	15900
216	10200	33900
217	12000	22500
218	12000	19500
219	8400	15900
220	22800	29700
221	15600	22500
222	8400	15900
223	8400	15900
224	8400	15900
225	8400	15900
226	12000	19500
227	15600	23100
228	15600	23100
229	15600	23100
230	15600	23100
231	12000	19500
232	22800	30300
233	12000	19500
234	8400	15900
235	10200	33300
236	8400	15900
237	15600	23100
238	8400	15900
239	19200	26700
240	15600	23100
241	19200	30300
242	19200	26700
243	10200	33300
244	10200	33900
245	8400	15900
246	19200	26700
247	8400	15900
248	8400	15900
249	10200	33300
250	12000	19500
251	22800	30300
252	15600	23100
253	22800	30300
254	15600	23100
255	15600	23100
256	10200	33900
257	15600	23100
258	19200	26700
259	19200	26700
260	10200	33300
261	12000	19500
262	8400	15300
263	8400	15900
264	19200	26700
265	15600	23100
266	12000	19500
267	10200	33900
268	15600	23100
269	8400	15900
270	8400	15900
271	15600	23100
272	10200	33900
273	8400	15900
274	15600	23100
275	15600	23100
276	8400	15900
277	12000	22500
278	10200	33900
279	19200	26700
280	12000	19500
281	8400	15900
282	8400	15300
283	8400	15900
284	19200	26700
285	10200	33900
286	10200	33300
287	12000	19500
288	15600	23100
289	8400	15900
290	8400	15900
291	10200	33900
292	8400	15900
293	15600	23100
294	12000	19500
295	8400	15900
296	15600	23100
297	10200	33900
298	26400	33900
299	12000	19500
300	15600	23100
301	12000	19500
302	12000	19500
303	12000	19500
304	19200	26100
305	10200	33900
306	8400	15900
307	15600	23100
308	8400	15900
309	10200	33900
310	10200	33900
311	10200	33900
312	10200	33300
313	12000	19500
314	15600	23100
315	8400	15900
316	12000	19500
317	8400	15900
318	22800	30300
319	19200	26700
320	15600	23100
321	8400	15900
322	8400	15900
323	12000	19500
324	12000	19500
325	8400	15900
326	8400	15900
327	10200	33300
328	8400	15900
329	15600	23100
330	10200	33900
331	8400	15900
332	19200	26700
333	19200	26700
334	10200	33300
335	8400	15900
336	12000	19500
337	19200	26700
338	19200	26700
339	15600	23100
340	12000	19500
341	8400	15900
342	12000	19500
343	15600	23100
344	8400	15900
345	15600	23100
346	15600	23100
347	12000	19500
348	8400	15900
349	8400	15900
350	22800	30300
351	12000	19500
352	12000	19500
353	15600	23100
354	12000	22500
355	12000	19500
356	8400	15900
357	8400	15900
358	15600	23100
359	8400	15900
360	22800	30300
361	19200	26700
362	8400	15900
363	8400	15900
364	22800	30300
365	8400	15900
366	12000	19500
367	22800	30300
368	15600	23100
369	22800	30300
370	15600	23100
371	12000	19500
372	12000	19500
373	22800	30300
374	12000	19500
375	19200	26700
376	12000	19500
377	8400	15900
378	19200	26700
379	19200	26700
380	19200	26700
381	19200	26700
382	8400	15900
383	19200	26700
384	22800	30300
385	12000	19500
386	10200	33900
387	12000	19500
388	19200	26700
389	19200	26700
390	10200	33900
391	19200	26700
392	19200	26700
393	19200	26700
394	15600	23100
395	19200	26700
396	10200	33900
397	8400	15900
398	12000	19500
399	15600	23100
400	12000	19500
401	12000	19500
402	12000	22500
403	15600	23100
404	10200	33900
405	22800	30300
406	19200	26700
407	10200	33300
408	12000	19500
409	19200	26700
410	15600	23100
411	19200	26700
412	15600	23100
413	15600	23100
414	19200	26700
415	8400	15900
416	15600	23100
417	15600	23100
418	19200	26700
419	12000	19500
420	8400	15900
421	12000	19500
422	19200	26700
423	10200	33300
424	10200	33900
425	8400	15900
426	10200	33900
427	12000	19500
428	12000	19500
429	15600	23100
430	22800	30300
431	19200	26100
432	10200	33900
433	8400	15900
434	19200	26700
435	22800	30300
436	12000	19500
437	10200	33300
438	12000	19500
439	8400	15900
440	15600	23100
441	26400	33900
442	19200	26700
443	19200	26700
444	22800	30300
445	12000	19500
446	12000	19500
447	10200	33900
448	12000	19500
449	15600	23100
450	19200	26700
451	8400	15900
452	19200	26700
453	12000	19500
454	12000	19500
455	15600	23100
456	8400	15900
457	19200	26700
458	22800	30300
459	10200	33900
460	15600	23100
461	12000	19500
462	12000	19500
463	19200	26700
464	15600	23100
465	12000	19500
466	15600	23100
467	19200	26700
468	15600	23100
469	12000	19500
470	12000	19500
471	19200	26700
472	15600	23100
473	10200	33300
474	22800	30300
475	10200	33900
476	22800	30300
477	10200	33900
478	26400	33900
479	10200	33900
480	15600	23100
481	8400	15900
482	22800	30300
483	19200	26700
484	10200	33900
485	19200	26700
486	22800	30300
487	12000	19500
488	10200	33900
489	12000	19500
490	12000	19500
491	10200	33900
492	15600	23100
493	10200	33900
494	15600	23100
495	15600	23100
496	12000	19500
497	15600	22500
498	10200	33900
499	10200	33900
500	22800	30300
501	19200	26700
502	19200	26700
503	15600	23100
504	10200	33900
505	22800	30300
506	12000	19500
507	12000	19500
508	12000	19500
509	10200	33900
510	12000	19500
511	10200	33900
512	19200	26700
513	15600	23100
514	19200	26700
515	10200	33900
516	10200	33900
517	15600	23100
518	19200	30300
519	15600	23100
520	10200	33900
521	10200	33900
522	12000	19500
523	10200	33900
524	22800	30300
525	15600	23100
526	10200	33900
527	10200	33300
528	15600	23100
529	19200	26700
530	19200	26700
531	15600	23100
532	15600	23100
533	15600	23100
534	19200	26700
535	10200	33900
536	19200	26700
537	15600	23100
538	15600	23100
539	19200	26700
540	12000	19500
541	12000	19500
542	12000	19500
543	12000	19500
544	19200	26700
545	12000	19500
546	10200	33900
547	19200	26700
548	19200	26700
549	10200	33900
550	10200	33300
551	12000	19500
552	10200	33900
553	12000	19500
554	10200	33900
555	22800	30300
556	15600	23100
557	12000	19500
558	22800	30300
559	15600	23100
560	10200	33900
561	19200	26700
562	15600	23100
563	19200	26100
564	10200	33300
565	15600	23100
566	10200	33900
567	22800	30300
568	22800	30300
569	12000	19500
570	19200	26700
571	10200	33900
572	12000	19500
573	10200	33900
574	19200	26700
575	22800	30300
576	12000	19500
577	15600	23100
578	12000	19500
579	15600	23100
580	10200	33900
581	26400	33900
582	10200	33900
583	19200	26700
584	12000	19500
585	19200	26700
586	19200	26700
587	10200	33300
588	10200	33300
589	10200	33900
590	10200	33900
591	12000	19500
592	10200	33900
593	19200	26700
594	10200	33900
595	12000	19500
596	19200	26700
597	10200	33900
598	15600	23100
599	10200	33900
600	22800	30300
601	19200	26700
602	19200	26700
603	22800	30300
604	12000	19500
605	19200	26700
606	19200	26700
607	22800	30300
608	19200	26700
609	22800	30300
610	22800	30300
611	10200	33300
612	19200	26700
613	19200	26700
614	19200	26700
615	22800	30300
616	22800	30300
617	22800	30300
618	15600	23100
619	10200	33900
620	15600	23100
621	19200	26700
622	15600	23100
623	19200	26700
624	19200	26700
625	19200	26700
626	10200	33900
627	10200	33900
628	10200	33300
629	22800	30300
630	19200	26700
631	10200	33300
632	10200	33900
633	10200	33900
634	15600	23100
635	15600	23100
636	10200	33900
637	15600	23100
638	15600	23100
639	19200	26700
640	22800	30300
641	10200	33300
642	10200	33900
643	10200	33300
644	15600	23100
645	19200	26700
646	19200	26700
647	15600	22500
648	15600	23100
649	19200	26700
650	19200	26700
651	19200	26700
652	10200	33300
653	19200	26700
654	15600	23100
655	15600	23100
656	19200	26700
657	19200	26700
658	10200	33300
659	10200	33900
660	10200	33900
661	15600	23100
662	26400	33900
663	10200	33900
664	10200	33900
665	10200	33900
666	15600	23100
667	19200	26700
668	19200	26700
669	26400	33900
670	22800	30300
671	10200	33900
672	15600	23100
673	15600	23100
674	12000	22500
675	15600	23100
676	19200	26700
677	22800	30300
678	10200	33900
679	22800	30300
680	10200	33900
681	22800	30300
682	19200	26700
683	10200	33300
684	22800	30300
685	10200	33900
686	22800	30300
687	10200	33300
688	10200	33900
689	10200	33900
690	19200	26700
691	15600	23100
692	22800	30300
693	19200	26700
694	19200	26700
695	10200	33900
696	22800	30300
697	22800	30300
698	19200	26700
699	19200	26700
700	10200	33300
701	19200	26700
702	19200	26700
703	22800	30300
704	22800	30300
705	15600	23100
706	22800	30300
707	19200	26700
708	10200	33900
709	10200	33900
710	22800	30300
711	19200	26700
712	19200	26700
713	22800	30300
714	19200	26700
715	10200	33300
716	19200	26700
717	19200	26700
718	10200	33900
719	10200	33900
720	15600	23100
721	19200	26700
722	19200	26700
723	19200	26700
724	22800	30300
725	19200	26700
726	22800	30300
727	10200	33900
728	10200	33900
729	19200	26700
730	19200	26700
731	19200	26700
732	19200	26700
733	19200	26700
734	19200	26700
735	22800	30300
736	22800	30300
737	22800	30300
738	10200	33900
739	10200	33900
740	19200	26700
741	10200	33300
742	10200	33900
743	22800	29700
744	10200	33900
745	22800	30300
746	10200	33900
747	22800	30300
748	10200	33900
749	10200	33900
750	19200	26700
751	19200	26700
752	10200	33900
753	19200	26700
754	10200	33900
755	19200	26700
756	10200	33900
757	19200	26700
758	22800	29700
759	26400	33900
760	22800	30300
761	10200	33900
762	10200	33300
763	22800	30300
764	19200	26700
765	10200	33900
766	10200	33900
767	10200	33900
768	10200	33900
769	10200	33900
770	10200	33300
RELEASE_TIME_SECTION
1	0
2	7200
3	7200
4	7200
5	7200
6	7200
7	7200
8	7200
9	7200
10	7200
11	7200
12	7200
13	7200
14	7200
15	7200
16	7200
17	7200
18	7200
19	7200
20	7200
21	7200
22	7200
23	7200
24	7200
25	7200
26	7200
27	7200
28	7200
29	7200
30	7200
31	7200
32	7200
33	7200
34	7200
35	7200
36	7200
37	7200
38	7200
39	7200
40	7200
41	7200
42	7200
43	7200
44	7200
45	7200
46	7200
47	7200
48	7200
49	7200
50	7200
51	7200
52	7200
53	7200
54	7200
55	7200
56	7200
57	7200
58	7200
59	7200
60	7200
61	7200
62	7200
63	7200
64	7200
65	7200
66	7200
67	7200
68	7200
69	7200
70	7200
71	7200
72	7200
73	7200
74	7200
75	7200
76	7200
77	7200
78	7200
79	7200
80	7200
81	7200
82	7200
83	7200
84	7200
85	7200
86	7200
87	7200
88	7200
89	7200
90	7200
91	7200
92	7200
93	7200
94	7200
95	7200
96	7200
97	7200
98	7200
99	7200
100	7200
101	7200
102	9000
103	9000
104	9000
105	9000
106	9000
107	9000
108	9000
109	9000
110	9000
111	9000
112	9000
113	9000
114	9000
115	9000
116	9000
117	9000
118	9000
119	9000
120	9000
121	9000
122	9000
123	9000
124	9000
125	9000
126	9000
127	9000
128	9000
129	9000
130	9000
131	9000
132	9000
133	9000
134	9000
135	9000
136	9000
137	9000
138	9000
139	9000
140	9000
141	9000
142	9000
143	9000
144	9000
145	9000
146	9000
147	9000
148	9000
149	9000
150	9000
151	9000
152	9000
153	9000
154	9000
155	9000
156	9000
157	9000
158	9000
159	9000
160	9000
161	9000
162	9000
163	9000
164	9000
165	9000
166	9000
167	9000
168	9000
169	9000
170	9000
171	9000
172	9000
173	9000
174	9000
175	9000
176	9000
177	9000
178	9000
179	9000
180	9000
181	9000
182	9000
183	9000
184	9000
185	9000
186	9000
187	9000
188	9000
189	9000
190	9000
191	9000
192	9000
193	9000
194	9000
195	9000
196	9000
197	9000
198	9000
199	9000
200	9000
201	9000
202	10800
203	10800
204	10800
205	10800
206	10800
207	10800
208	10800
209	10800
210	10800
211	10800
212	10800
213	10800
214	10800
215	10800
216	10800
217	10800
218	10800
219	10800
220	10800
221	10800
222	10800
223	10800
224	10800
225	10800
226	10800
227	10800
228	10800
229	10800
230	10800
231	10800
232	10800
233	10800
234	10800
235	10800
236	10800
237	10800
238	10800
239	10800
240	10800
241	10800
242	10800
243	10800
244	10800
245	10800
246	10800
247	10800
248	10800
249	10800
250	10800
251	10800
252	10800
253	10800
254	10800
255	10800
256	10800
257	10800
258	10800
259	10800
260	10800
261	10800
262	10800
263	10800
264	10800
265	10800
266	10800
267	10800
268	10800
269	10800
270	10800
271	10800
272	10800
273	10800
274	10800
275	10800
276	10800
277	10800
278	10800
279	10800
280	10800
281	10800
282	10800
283	10800
284	10800
285	10800
286	10800
287	10800
288	10800
289	10800
290	10800
291	10800
292	10800
293	10800
294	10800
295	10800
296	10800
297	10800
298	10800
299	10800
300	10800
301	10800
302	12600
303	12600
304	12600
305	12600
306	12600
307	12600
308	12600
309	12600
310	12600
311	12600
312	12600
313	12600
314	12600
315	12600
316	12600
317	12600
318	12600
319	12600
320	12600
321	12600
322	12600
323	12600
324	12600
325	12600
326	12600
327	12600
328	12600
329	12600
330	12600
331	12600
332	12600
333	12600
334	12600
335	12600
336	12600
337	12600
338	12600
339	12600
340	12600
341	12600
342	12600
343	12600
344	12600
345	12600
346	12600
347	12600
348	12600
349	12600
350	12600
351	12600
352	12600
353	12600
354	12600
355	12600
356	12600
357	12600
358	12600
359	12600
360	12600
361	12600
362	12600
363	12600
364	12600
365	12600
366	12600
367	12600
368	12600
369	12600
370	12600
371	12600
372	12600
373	12600
374	12600
375	12600
376	12600
377	12600
378	12600
379	12600
380	12600
381	12600
382	12600
383	12600
384	12600
385	12600
386	12600
387	12600
388	12600
389	12600
390	12600
391	12600
392	12600
393	12600
394	12600
395	12600
396	12600
397	12600
398	12600
399	14400
400	14400
401	14400
402	14400
403	14400
404	14400
405	14400
406	14400
407	14400
408	14400
409	14400
410	14400
411	14400
412	14400
413	14400
414	14400
415	14400
416	14400
417	14400
418	14400
419	14400
420	14400
421	14400
422	14400
423	14400
424	14400
425	14400
426	14400
427	14400
428	14400
429	14400
430	14400
431	14400
432	14400
433	14400
434	14400
435	14400
436	14400
437	14400
438	14400
439	14400
440	14400
441	14400
442	14400
443	14400
444	14400
445	14400
446	14400
447	14400
448	14400
449	14400
450	14400
451	14400
452	14400
453	14400
454	14400
455	14400
456	14400
457	14400
458	14400
459	14400
460	14400
461	14400
462	14400
463	14400
464	14400
465	14400
466	14400
467	14400
468	14400
469	14400
470	14400
471	14400
472	14400
473	14400
474	14400
475	14400
476	14400
477	14400
478	14400
479	14400
480	14400
481	14400
482	14400
483	14400
484	14400
485	16200
486	16200
487	16200
488	16200
489	16200
490	16200
491	16200
492	16200
493	16200
494	16200
495	16200
496	16200
497	16200
498	16200
499	16200
500	16200
501	16200
502	16200
503	16200
504	16200
505	16200
506	16200
507	16200
508	16200
509	16200
510	16200
511	16200
512	16200
513	16200
514	16200
515	16200
516	16200
517	16200
518	16200
519	16200
520	16200
521	16200
522	16200
523	16200
524	16200
525	16200
526	16200
527	16200
528	16200
529	16200
530	16200
531	16200
532	16200
533	16200
534	16200
535	16200
536	16200
537	16200
538	16200
539	16200
540	16200
541	16200
542	16200
543	16200
544	16200
545	16200
546	16200
547	16200
548	16200
549	16200
550	16200
551	16200
552	16200
553	16200
554	16200
555	16200
556	16200
557	16200
558	16200
559	16200
560	16200
561	16200
562	16200
563	18000
564	18000
565	18000
566	18000
567	18000
568	18000
569	18000
570	18000
571	18000
572	18000
573	18000
574	18000
575	18000
576	18000
577	18000
578	18000
579	18000
580	18000
581	18000
582	18000
583	18000
584	18000
585	18000
586	18000
587	18000
588	18000
589	18000
590	18000
591	18000
592	18000
593	18000
594	18000
595	18000
596	18000
597	18000
598	18000
599	18000
600	18000
601	18000
602	18000
603	18000
604	18000
605	18000
606	18000
607	18000
608	18000
609	18000
610	18000
611	18000
612	18000
613	18000
614	18000
615	18000
616	18000
617	18000
618	18000
619	18000
620	18000
621	18000
622	19800
623	19800
624	19800
625	19800
626	19800
627	19800
628	19800
629	19800
630	19800
631	19800
632	19800
633	19800
634	19800
635	19800
636	19800
637	19800
638	19800
639	19800
640	19800
641	19800
642	19800
643	19800
644	19800
645	19800
646	19800
647	19800
648	19800
649	19800
650	19800
651	19800
652	19800
653	19800
654	19800
655	19800
656	19800
657	19800
658	19800
659	19800
660	19800
661	19800
662	19800
663	19800
664	19800
665	19800
666	19800
667	19800
668	19800
669	19800
670	19800
671	19800
672	19800
673	19800
674	19800
675	21600
676	21600
677	21600
678	21600
679	21600
680	21600
681	21600
682	21600
683	21600
684	21600
685	21600
686	21600
687	21600
688	21600
689	21600
690	21600
691	21600
692	21600
693	21600
694	21600
695	21600
696	21600
697	21600
698	21600
699	21600
700	21600
701	21600
702	21600
703	21600
704	21600
705	21600
706	21600
707	21600
708	21600
709	21600
710	21600
711	21600
712	21600
713	21600
714	21600
715	21600
716	21600
717	21600
718	21600
719	21600
720	21600
721	23400
722	23400
723	23400
724	23400
725	23400
726	23400
727	23400
728	23400
729	23400
730	23400
731	23400
732	23400
733	23400
734	23400
735	23400
736	23400
737	23400
738	23400
739	23400
740	23400
741	23400
742	23400
743	23400
744	23400
745	23400
746	23400
747	23400
748	23400
749	23400
750	25200
751	25200
752	25200
753	25200
754	25200
755	25200
756	25200
757	25200
758	25200
759	25200
760	25200
761	25200
762	25200
763	25200
764	25200
765	25200
766	25200
767	25200
768	25200
769	25200
770	25200
EOF
