NAME : ORTEC-VRPTW-ASYM-83be8e48-d1-n943
TYPE : VRPTW-RT
DIMENSION : 944
EDGE_WEIGHT_TYPE : EUC_2D
CAPACITY : 135
NODE_COORD_SECTION
1	1329	4567
2	1033	6776
3	1206	5620
4	908	3139
5	683	3892
6	1199	6163
7	1100	4091
8	413	8990
9	1006	6348
10	1927	6747
11	626	6107
12	397	3951
13	848	4502
14	1297	5367
15	287	3196
16	1803	5782
17	1572	6094
18	1267	6277
19	513	2912
20	1567	6301
21	1735	5956
22	1598	6123
23	1305	5368
24	1588	2218
25	1396	6821
26	1373	6412
27	232	4732
28	614	6810
29	938	6499
30	1765	3690
31	1572	6094
32	1093	4312
33	1927	6747
34	1541	2850
35	1502	2709
36	272	3837
37	419	3912
38	1185	5895
39	1010	6645
40	927	4214
41	571	3697
42	177	3749
43	1239	6444
44	274	5110
45	1346	3062
46	559	3763
47	1588	2218
48	1204	6055
49	1342	6208
50	710	3685
51	884	6971
52	1765	3690
53	1391	5527
54	1208	6041
55	1707	2446
56	336	3956
57	678	6377
58	1162	5850
59	1101	6374
60	1492	3259
61	397	3951
62	1163	6017
63	440	8125
64	565	8541
65	755	4740
66	1403	5183
67	1426	3194
68	333	4430
69	1410	4723
70	1151	6166
71	1204	6055
72	342	3750
73	1272	6654
74	876	6857
75	742	6672
76	1291	5981
77	1259	2944
78	1528	5947
79	1124	6034
80	1399	3658
81	1416	6117
82	243	3476
83	1728	1823
84	1589	5286
85	1309	6059
86	1291	5981
87	1438	5484
88	1297	5367
89	1259	6359
90	1693	3126
91	1373	6412
92	1635	2543
93	1259	2944
94	1006	6403
95	1008	6617
96	1672	5135
97	1652	2280
98	1099	6182
99	1341	6154
100	342	3750
101	1509	5274
102	1780	2429
103	1225	3996
104	1485	5495
105	936	3270
106	1481	5140
107	243	3476
108	333	4430
109	1503	5069
110	665	4259
111	333	4430
112	1748	3358
113	1772	2043
114	1554	6134
115	1112	5749
116	528	8740
117	1528	5947
118	1717	5827
119	1232	6088
120	614	6810
121	1297	4820
122	998	5873
123	1067	7855
124	1377	6075
125	488	3460
126	1282	6773
127	1501	6117
128	1415	5465
129	766	4338
130	683	3892
131	528	8740
132	1225	3996
133	623	5850
134	416	5771
135	1772	6322
136	1475	2251
137	1057	6609
138	1301	5889
139	848	4502
140	1426	3194
141	896	5300
142	631	3438
143	1408	2659
144	1291	6560
145	1160	3089
146	644	6503
147	1528	5947
148	1131	6928
149	1464	5887
150	1742	3701
151	1204	4150
152	243	3476
153	1267	6277
154	256	3631
155	1663	5610
156	463	3693
157	135	7856
158	727	3400
159	243	3476
160	1316	6100
161	1225	3996
162	728	5036
163	1415	5465
164	1056	5736
165	1208	6041
166	1297	4820
167	1192	6087
168	440	8125
169	1130	3644
170	1093	3408
171	220	4381
172	1467	7125
173	333	4430
174	1006	6403
175	136	2830
176	1278	6059
177	1387	5283
178	1631	5938
179	1314	6073
180	1193	5984
181	1765	2671
182	1297	5367
183	1517	7509
184	1589	5286
185	1580	3415
186	1212	6819
187	514	4111
188	1342	6208
189	927	4214
190	1509	5274
191	626	6107
192	1577	3648
193	1772	2043
194	1765	3690
195	1527	2834
196	1024	6235
197	848	4502
198	726	4163
199	1501	6117
200	777	7516
201	983	4972
202	478	5037
203	1373	5525
204	1293	7121
205	1669	5879
206	256	3631
207	1663	3065
208	649	7939
209	274	5110
210	1735	5956
211	1137	5832
212	1399	3658
213	1765	2671
214	1457	5555
215	1006	6403
216	1114	6087
217	1265	5373
218	1663	5610
219	977	7921
220	1251	3672
221	1176	6511
222	1591	2160
223	1296	6195
224	1722	2635
225	822	4310
226	232	4732
227	678	6377
228	1233	6127
229	1558	2088
230	1588	2218
231	256	3631
232	1002	6008
233	983	4972
234	1598	6123
235	709	7402
236	728	5036
237	1053	5872
238	1122	6218
239	1267	6277
240	906	2965
241	1316	6100
242	1663	3065
243	1453	5813
244	236	4623
245	1008	6617
246	683	3892
247	709	7402
248	936	3270
249	1944	3162
250	1601	3574
251	333	4430
252	1297	5367
253	1233	6127
254	1239	6444
255	243	3476
256	1514	5550
257	1693	3126
258	1509	5274
259	838	7504
260	1119	6055
261	1652	2280
262	1927	6747
263	927	6509
264	1806	2300
265	1297	4820
266	513	7572
267	1225	3996
268	1683	1897
269	514	4111
270	1103	6196
271	738	3338
272	1193	5984
273	1691	1755
274	1595	6113
275	1806	2300
276	1204	6944
277	692	6093
278	1475	2251
279	1297	5367
280	1614	2537
281	1704	2879
282	1614	2537
283	1927	6747
284	1503	5069
285	1114	6087
286	1667	1873
287	1239	6444
288	1588	2218
289	1110	2654
290	1399	3658
291	1163	6017
292	1772	6322
293	742	6672
294	709	7402
295	1232	6222
296	766	4338
297	710	3685
298	1225	3996
299	1115	2870
300	1210	6314
301	559	3763
302	765	3534
303	1410	4723
304	1580	3415
305	1104	4877
306	1160	3089
307	1527	2834
308	822	4310
309	440	8125
310	1542	2547
311	1176	6511
312	755	4740
313	256	3631
314	1588	2218
315	1163	6017
316	559	3763
317	1060	6594
318	315	3173
319	571	3697
320	1191	5193
321	1162	5850
322	1098	5839
323	1683	1897
324	1652	2280
325	423	4572
326	1162	5850
327	1492	3259
328	2003	6645
329	1728	1823
330	1442	4561
331	649	7939
332	1218	6914
333	686	4517
334	1588	2218
335	1429	6083
336	1468	6668
337	1333	5774
338	1426	3194
339	1239	6545
340	1191	5193
341	686	4517
342	907	7002
343	135	7856
344	1114	4639
345	1686	2111
346	1589	5286
347	1316	6100
348	848	4502
349	1408	2659
350	631	3438
351	1334	5362
352	1099	6182
353	1288	7055
354	1267	6277
355	1669	5879
356	710	3685
357	1056	5736
358	1144	5645
359	726	4163
360	612	8518
361	1160	3089
362	1103	6196
363	1170	2648
364	1453	5813
365	1595	6113
366	1119	6055
367	722	4762
368	1875	6467
369	850	6241
370	1103	6196
371	686	7085
372	644	6503
373	717	4425
374	765	3534
375	1387	5283
376	883	5924
377	1002	6008
378	717	4425
379	1403	5183
380	1423	2204
381	1772	2043
382	1070	6040
383	1130	3644
384	1373	6412
385	936	3270
386	1492	3259
387	998	5873
388	1686	2111
389	342	3750
390	236	4623
391	232	4732
392	908	3139
393	1210	6314
394	1373	5525
395	1124	3239
396	1721	4734
397	440	8125
398	1232	6088
399	1551	2516
400	1067	7855
401	908	3139
402	1475	2251
403	1635	2543
404	1475	2251
405	832	6624
406	1577	3648
407	804	7074
408	272	3837
409	1060	6594
410	765	3534
411	1101	6024
412	626	6107
413	195	3519
414	1380	7133
415	1006	6348
416	1265	5373
417	980	6600
418	315	3173
419	1721	4734
420	177	3749
421	1544	6243
422	1204	4150
423	751	6418
424	1577	3648
425	612	8518
426	1554	6134
427	1416	6117
428	1558	2088
429	1099	6182
430	876	6857
431	1542	2547
432	883	5924
433	1259	2944
434	705	4406
435	1717	5827
436	1143	4295
437	1131	6928
438	692	6093
439	1917	6203
440	692	6093
441	1171	2841
442	1388	5163
443	927	4214
444	0	9541
445	566	4274
446	1008	6617
447	1091	6216
448	938	6499
449	1396	6821
450	1225	3996
451	774	3341
452	1006	6348
453	1749	5753
454	2545	6727
455	1435	5335
456	1114	4639
457	896	5300
458	670	6835
459	1448	5432
460	1093	3408
461	1743	2373
462	1765	3690
463	1110	2654
464	1015	4560
465	837	6852
466	1212	6819
467	1206	5620
468	1721	4734
469	1467	7125
470	315	3173
471	391	3498
472	1663	5610
473	1245	6554
474	1151	6166
475	1442	4561
476	1435	5335
477	1371	5230
478	1591	2160
479	1137	5832
480	2545	6727
481	1772	2043
482	1519	6207
483	1033	6776
484	1572	6094
485	1571	2063
486	745	7061
487	1284	5238
488	1958	6261
489	1284	5238
490	1284	5238
491	1342	6208
492	1544	6243
493	905	5234
494	1124	3239
495	727	3400
496	1517	7509
497	1285	4858
498	1528	5947
499	1131	6928
500	1408	2659
501	1780	2429
502	1315	2317
503	626	6107
504	1208	6041
505	1101	6024
506	848	4502
507	766	4338
508	1056	5736
509	2545	6727
510	474	8816
511	1464	5887
512	1230	5401
513	1163	6017
514	1070	6040
515	1942	6462
516	1373	6412
517	1151	6166
518	1426	3194
519	840	5188
520	728	5036
521	1225	3996
522	1193	5984
523	1013	5853
524	832	6624
525	1396	6821
526	1517	7509
527	1806	2300
528	908	3139
529	1510	6184
530	1193	5984
531	980	6600
532	1727	6388
533	1589	5286
534	1475	2251
535	1199	6163
536	513	2912
537	1474	5237
538	1426	3194
539	1015	4560
540	1100	4091
541	1944	3162
542	936	3270
543	1204	4150
544	1541	2850
545	1438	5484
546	391	3498
547	1429	6083
548	1101	6374
549	1237	6253
550	1712	2830
551	397	3951
552	670	6835
553	1093	3408
554	1251	3672
555	1542	2547
556	1101	6024
557	1199	6163
558	1614	2537
559	998	5873
560	1191	5193
561	1399	3658
562	287	3196
563	397	3951
564	1588	2218
565	738	3338
566	1772	2043
567	848	4502
568	1467	7125
569	1652	2280
570	1584	3181
571	777	7516
572	419	3912
573	1510	6184
574	804	7074
575	665	4259
576	1266	6536
577	1683	1897
578	397	3951
579	1232	6088
580	1204	4150
581	1389	6533
582	1432	6672
583	2267	6329
584	745	7061
585	1296	6195
586	1199	6163
587	135	7856
588	1237	6253
589	1239	6545
590	1631	6073
591	985	6868
592	683	3892
593	1259	6359
594	2003	6645
595	1333	5774
596	1614	2537
597	236	4623
598	1577	3648
599	1772	2043
600	983	4972
601	488	3460
602	1652	2280
603	1438	5484
604	419	3912
605	936	3270
606	1528	5947
607	1314	6073
608	2267	6329
609	1380	7133
610	135	7856
611	1712	2499
612	774	3341
613	1672	5135
614	927	4214
615	1225	3996
616	1503	5069
617	1006	6403
618	683	3892
619	2003	6645
620	1707	2446
621	745	7061
622	665	4259
623	738	3338
624	2191	6695
625	1704	2879
626	1867	2229
627	1010	6645
628	1100	4091
629	1060	6594
630	1237	6253
631	413	8990
632	1580	3415
633	1056	5736
634	1453	5813
635	1772	6322
636	514	4111
637	1598	6123
638	1691	1755
639	827	7007
640	1192	6087
641	1803	5782
642	136	2830
643	1006	6403
644	1615	6086
645	670	6835
646	1278	6059
647	1551	2516
648	158	3715
649	671	4398
650	1204	4150
651	1100	4091
652	1297	5367
653	1631	5938
654	1160	3089
655	1259	2944
656	751	6418
657	1060	6594
658	983	4972
659	1266	6536
660	1227	2022
661	907	7002
662	1410	4723
663	397	3951
664	1416	6117
665	765	3534
666	1693	3126
667	1584	3181
668	1163	6017
669	915	6968
670	1104	4877
671	1388	5163
672	478	5037
673	1098	5839
674	1672	5135
675	391	3498
676	1124	3239
677	1137	5832
678	766	4338
679	440	3773
680	985	6868
681	1144	5645
682	478	5037
683	1539	5280
684	1233	6127
685	1527	2834
686	1780	2429
687	1388	5163
688	1501	6117
689	1093	4312
690	1551	2516
691	1008	6617
692	1475	2251
693	1423	2204
694	1396	6821
695	1435	5335
696	1056	5736
697	1124	3239
698	915	6968
699	1712	2499
700	1163	6017
701	1558	2088
702	1942	6462
703	568	3387
704	670	6835
705	274	5110
706	1631	5938
707	1879	2745
708	1214	6464
709	1251	3672
710	1301	5889
711	1415	5465
712	1259	2944
713	1806	2300
714	938	6499
715	416	5771
716	2267	6329
717	559	3763
718	1631	6073
719	1693	3126
720	1288	7055
721	1112	5749
722	827	7007
723	1151	6166
724	1305	5368
725	1057	6609
726	1267	6277
727	1278	6059
728	1457	5555
729	1314	6073
730	709	7402
731	1010	6645
732	1474	5237
733	709	7402
734	983	4972
735	1389	6533
736	1101	6024
737	1423	2204
738	1772	2043
739	938	6499
740	559	3763
741	1453	5813
742	1780	2429
743	717	4425
744	665	4259
745	1588	2218
746	1119	6055
747	1691	1755
748	985	6868
749	692	6093
750	1291	6560
751	1341	6154
752	1403	5183
753	1315	2317
754	838	7504
755	568	3387
756	1584	3181
757	461	3884
758	743	6018
759	368	3220
760	287	3196
761	1098	5839
762	1295	7364
763	1143	4295
764	1743	2373
765	1408	2659
766	1098	5839
767	440	3773
768	722	4762
769	315	3173
770	908	3139
771	1384	4783
772	1803	5782
773	1405	2562
774	862	4051
775	315	3173
776	703	6892
777	1341	6154
778	1185	5895
779	272	3837
780	1176	6511
781	1416	6117
782	274	5110
783	1669	5879
784	1123	4200
785	272	3837
786	368	3220
787	1571	2063
788	1103	6196
789	1228	6697
790	1426	3194
791	1514	5550
792	1185	5895
793	419	3912
794	1875	6467
795	1728	1823
796	705	4406
797	862	4051
798	1875	6467
799	1214	6464
800	440	3773
801	827	7007
802	631	3438
803	1006	6403
804	471	3752
805	1867	2229
806	1517	7509
807	1635	2543
808	1571	2063
809	1100	4091
810	397	3951
811	1373	5525
812	1282	6773
813	1539	5280
814	559	3763
815	1093	4312
816	848	4502
817	1013	6064
818	1101	6374
819	1875	6467
820	471	3752
821	1067	7855
822	1373	5525
823	1316	6100
824	1091	6216
825	461	3884
826	654	8419
827	738	3338
828	478	5037
829	1293	7121
830	1396	6821
831	1728	1823
832	1652	2280
833	1297	4820
834	1210	6314
835	2267	6329
836	1772	6322
837	423	4572
838	1122	6218
839	1410	4723
840	1123	4200
841	1387	5283
842	1426	3194
843	848	4502
844	1540	2279
845	461	3884
846	1151	6166
847	1408	2659
848	1227	2022
849	1291	6560
850	256	3631
851	1297	4820
852	1468	6668
853	822	4310
854	743	6018
855	1163	6017
856	1013	6064
857	1525	2995
858	1099	6182
859	1942	6462
860	566	4274
861	1093	4312
862	1225	3996
863	840	5188
864	1288	7055
865	907	7002
866	1233	6127
867	1389	6533
868	1584	3181
869	927	6509
870	135	7856
871	1170	2648
872	1728	1823
873	1170	2648
874	342	3750
875	1115	2870
876	1601	3574
877	1225	3996
878	1571	2063
879	742	6672
880	559	3763
881	397	3951
882	705	4406
883	1295	7364
884	1060	6594
885	1669	5879
886	1457	5555
887	565	8541
888	755	4740
889	1301	5889
890	135	7856
891	862	4051
892	559	3763
893	1163	6017
894	683	3892
895	1124	3239
896	1567	6301
897	1544	6243
898	571	3697
899	1384	4783
900	1693	3126
901	220	4381
902	1631	5938
903	1199	6163
904	342	3750
905	513	2912
906	571	3697
907	1210	6314
908	1742	3701
909	1267	6277
910	1093	3408
911	1505	1870
912	1438	5484
913	983	4972
914	1717	5827
915	1013	5853
916	1551	2516
917	1371	5230
918	907	7002
919	1204	6055
920	1185	5895
921	1010	6645
922	1193	5984
923	822	4310
924	1162	5850
925	1426	3194
926	1718	6172
927	728	5036
928	1239	6545
929	1405	2562
930	705	4406
931	1435	5335
932	1305	5368
933	1131	6928
934	1205	5087
935	1742	3701
936	1572	6094
937	1598	6123
938	1204	6055
939	1371	5230
940	884	6971
941	1208	6041
942	1540	2279
943	1251	3672
944	1371	5230
DEMAND_SECTION
1	0
2	10
3	5
4	8
5	11
6	9
7	4
8	7
9	6
10	4
11	7
12	6
13	3
14	6
15	7
16	13
17	7
18	8
19	9
20	7
21	6
22	4
23	8
24	3
25	10
26	6
27	6
28	8
29	7
30	4
31	4
32	13
33	5
34	5
35	7
36	7
37	8
38	4
39	6
40	6
41	8
42	10
43	5
44	5
45	6
46	3
47	4
48	6
49	9
50	8
51	5
52	5
53	4
54	5
55	7
56	8
57	5
58	5
59	5
60	6
61	4
62	4
63	2
64	8
65	4
66	5
67	5
68	5
69	9
70	4
71	4
72	5
73	6
74	7
75	5
76	7
77	7
78	11
79	6
80	6
81	5
82	2
83	4
84	11
85	6
86	5
87	13
88	4
89	12
90	5
91	6
92	9
93	4
94	6
95	4
96	6
97	4
98	4
99	4
100	8
101	3
102	8
103	4
104	15
105	8
106	8
107	9
108	11
109	7
110	15
111	4
112	4
113	5
114	14
115	5
116	5
117	3
118	4
119	11
120	8
121	7
122	17
123	12
124	4
125	4
126	11
127	5
128	8
129	17
130	8
131	2
132	5
133	8
134	9
135	11
136	7
137	8
138	5
139	7
140	13
141	8
142	8
143	4
144	4
145	3
146	4
147	5
148	7
149	7
150	7
151	9
152	4
153	8
154	8
155	16
156	11
157	7
158	5
159	6
160	5
161	7
162	11
163	4
164	5
165	4
166	4
167	5
168	5
169	5
170	5
171	5
172	7
173	6
174	5
175	4
176	5
177	5
178	9
179	7
180	4
181	10
182	5
183	16
184	16
185	7
186	6
187	8
188	6
189	5
190	8
191	4
192	4
193	7
194	13
195	5
196	11
197	5
198	4
199	4
200	7
201	6
202	4
203	2
204	4
205	5
206	7
207	6
208	13
209	6
210	7
211	16
212	8
213	3
214	9
215	9
216	6
217	3
218	3
219	5
220	8
221	6
222	4
223	6
224	9
225	19
226	6
227	5
228	7
229	5
230	4
231	5
232	6
233	5
234	10
235	17
236	11
237	5
238	13
239	3
240	5
241	4
242	10
243	8
244	5
245	5
246	16
247	12
248	10
249	16
250	6
251	11
252	9
253	8
254	8
255	13
256	5
257	4
258	7
259	6
260	5
261	3
262	6
263	4
264	7
265	4
266	3
267	6
268	5
269	4
270	7
271	6
272	4
273	7
274	11
275	8
276	5
277	5
278	9
279	2
280	6
281	4
282	5
283	7
284	4
285	5
286	4
287	5
288	11
289	6
290	5
291	5
292	4
293	8
294	11
295	5
296	4
297	4
298	6
299	5
300	6
301	11
302	8
303	7
304	5
305	6
306	5
307	5
308	10
309	3
310	12
311	4
312	7
313	8
314	4
315	6
316	9
317	3
318	6
319	8
320	7
321	14
322	3
323	6
324	19
325	6
326	8
327	7
328	10
329	5
330	11
331	4
332	6
333	11
334	5
335	19
336	8
337	5
338	3
339	6
340	3
341	6
342	4
343	8
344	7
345	5
346	13
347	8
348	5
349	19
350	4
351	4
352	8
353	4
354	12
355	6
356	7
357	5
358	11
359	7
360	5
361	19
362	5
363	6
364	7
365	4
366	11
367	9
368	5
369	4
370	5
371	5
372	7
373	4
374	5
375	5
376	4
377	4
378	7
379	6
380	5
381	7
382	6
383	5
384	4
385	5
386	4
387	13
388	4
389	5
390	11
391	6
392	7
393	6
394	5
395	5
396	3
397	5
398	4
399	5
400	3
401	3
402	6
403	6
404	7
405	4
406	5
407	9
408	4
409	4
410	8
411	5
412	6
413	4
414	4
415	8
416	4
417	6
418	6
419	7
420	9
421	6
422	4
423	6
424	3
425	4
426	10
427	13
428	9
429	7
430	7
431	14
432	5
433	4
434	13
435	9
436	4
437	17
438	7
439	4
440	4
441	7
442	3
443	5
444	5
445	6
446	10
447	7
448	7
449	6
450	6
451	16
452	4
453	5
454	4
455	6
456	6
457	5
458	3
459	6
460	5
461	5
462	5
463	8
464	5
465	5
466	5
467	6
468	9
469	13
470	4
471	4
472	7
473	5
474	6
475	5
476	4
477	4
478	7
479	7
480	5
481	4
482	4
483	10
484	4
485	5
486	6
487	6
488	5
489	4
490	6
491	4
492	3
493	6
494	10
495	15
496	7
497	5
498	7
499	4
500	5
501	8
502	12
503	6
504	10
505	3
506	6
507	4
508	3
509	5
510	5
511	4
512	7
513	8
514	7
515	9
516	5
517	4
518	5
519	7
520	5
521	5
522	4
523	5
524	5
525	13
526	10
527	8
528	4
529	7
530	9
531	6
532	6
533	16
534	4
535	6
536	4
537	13
538	8
539	6
540	5
541	6
542	8
543	7
544	5
545	7
546	5
547	4
548	5
549	7
550	9
551	7
552	6
553	5
554	4
555	6
556	5
557	8
558	4
559	3
560	5
561	7
562	5
563	2
564	8
565	9
566	13
567	4
568	7
569	4
570	5
571	5
572	7
573	6
574	3
575	6
576	7
577	7
578	5
579	5
580	4
581	14
582	11
583	9
584	7
585	9
586	6
587	7
588	4
589	7
590	5
591	19
592	13
593	5
594	5
595	4
596	5
597	13
598	9
599	9
600	7
601	5
602	5
603	11
604	10
605	9
606	9
607	7
608	7
609	10
610	6
611	8
612	5
613	4
614	5
615	4
616	4
617	6
618	4
619	9
620	5
621	6
622	8
623	7
624	7
625	7
626	7
627	5
628	5
629	7
630	4
631	10
632	4
633	5
634	8
635	11
636	7
637	6
638	11
639	16
640	6
641	5
642	4
643	8
644	7
645	8
646	6
647	4
648	9
649	4
650	6
651	5
652	5
653	5
654	5
655	4
656	7
657	5
658	10
659	9
660	7
661	5
662	8
663	14
664	3
665	3
666	7
667	6
668	5
669	13
670	8
671	6
672	6
673	5
674	7
675	8
676	5
677	8
678	7
679	5
680	10
681	4
682	5
683	8
684	3
685	7
686	11
687	9
688	7
689	16
690	7
691	8
692	4
693	7
694	7
695	8
696	7
697	5
698	8
699	11
700	8
701	11
702	7
703	5
704	6
705	13
706	4
707	6
708	4
709	7
710	5
711	7
712	12
713	5
714	5
715	6
716	13
717	8
718	4
719	3
720	4
721	11
722	10
723	6
724	6
725	7
726	5
727	4
728	7
729	5
730	7
731	6
732	9
733	6
734	8
735	6
736	6
737	11
738	6
739	9
740	5
741	7
742	11
743	6
744	5
745	6
746	4
747	5
748	9
749	3
750	10
751	6
752	6
753	7
754	4
755	10
756	5
757	13
758	7
759	6
760	7
761	7
762	4
763	4
764	7
765	5
766	7
767	8
768	7
769	8
770	4
771	5
772	6
773	4
774	5
775	3
776	11
777	7
778	5
779	8
780	7
781	16
782	4
783	11
784	4
785	5
786	11
787	10
788	4
789	8
790	6
791	8
792	6
793	6
794	5
795	8
796	9
797	5
798	10
799	4
800	9
801	7
802	5
803	10
804	3
805	5
806	8
807	9
808	15
809	11
810	7
811	6
812	3
813	3
814	11
815	7
816	6
817	7
818	10
819	8
820	4
821	5
822	10
823	4
824	5
825	11
826	6
827	8
828	5
829	9
830	10
831	4
832	15
833	7
834	5
835	10
836	8
837	10
838	8
839	6
840	4
841	7
842	16
843	4
844	15
845	7
846	4
847	6
848	22
849	3
850	11
851	4
852	8
853	4
854	6
855	6
856	4
857	7
858	5
859	6
860	2
861	3
862	7
863	8
864	8
865	5
866	7
867	6
868	5
869	10
870	7
871	8
872	7
873	7
874	10
875	6
876	6
877	10
878	7
879	7
880	5
881	6
882	4
883	5
884	6
885	5
886	6
887	11
888	2
889	7
890	5
891	7
892	5
893	6
894	5
895	7
896	4
897	3
898	5
899	5
900	17
901	7
902	5
903	5
904	7
905	6
906	5
907	15
908	6
909	8
910	4
911	9
912	4
913	16
914	7
915	4
916	3
917	5
918	7
919	7
920	7
921	7
922	3
923	8
924	7
925	7
926	8
927	11
928	12
929	6
930	6
931	22
932	6
933	8
934	8
935	10
936	4
937	5
938	10
939	6
940	7
941	7
942	5
943	9
944	2
DEPOT_SECTION
1
-1
SERVICE_TIME_SECTION
1	0
2	420
3	660
4	840
5	480
6	360
7	480
8	360
9	300
10	540
11	480
12	720
13	900
14	360
15	540
16	1020
17	660
18	360
19	900
20	480
21	360
22	600
23	600
24	600
25	600
26	720
27	480
28	540
29	660
30	720
31	420
32	420
33	540
34	300
35	360
36	360
37	900
38	840
39	420
40	300
41	360
42	360
43	480
44	480
45	720
46	420
47	240
48	480
49	540
50	480
51	420
52	360
53	600
54	480
55	960
56	300
57	540
58	300
59	480
60	540
61	480
62	420
63	360
64	720
65	480
66	600
67	360
68	360
69	600
70	1020
71	600
72	900
73	420
74	540
75	240
76	720
77	300
78	360
79	600
80	1020
81	360
82	480
83	360
84	240
85	300
86	360
87	540
88	300
89	360
90	540
91	480
92	360
93	540
94	480
95	420
96	840
97	660
98	480
99	420
100	420
101	720
102	360
103	480
104	720
105	480
106	720
107	720
108	600
109	600
110	480
111	1140
112	420
113	720
114	420
115	600
116	360
117	660
118	480
119	360
120	300
121	1020
122	540
123	900
124	480
125	480
126	480
127	600
128	660
129	300
130	300
131	960
132	240
133	360
134	420
135	360
136	540
137	720
138	420
139	660
140	300
141	480
142	360
143	300
144	780
145	240
146	480
147	600
148	480
149	540
150	480
151	420
152	600
153	900
154	600
155	300
156	480
157	720
158	420
159	720
160	1080
161	900
162	600
163	720
164	600
165	360
166	600
167	540
168	1140
169	420
170	480
171	300
172	420
173	900
174	360
175	480
176	300
177	780
178	900
179	420
180	300
181	540
182	360
183	480
184	1020
185	360
186	420
187	420
188	240
189	600
190	360
191	900
192	840
193	420
194	600
195	480
196	720
197	660
198	360
199	900
200	720
201	240
202	480
203	480
204	240
205	480
206	840
207	300
208	540
209	900
210	300
211	840
212	240
213	600
214	600
215	360
216	720
217	360
218	720
219	780
220	480
221	300
222	660
223	420
224	420
225	360
226	360
227	780
228	300
229	720
230	540
231	720
232	480
233	360
234	600
235	420
236	240
237	420
238	660
239	840
240	600
241	480
242	360
243	240
244	360
245	300
246	480
247	720
248	360
249	540
250	240
251	600
252	420
253	840
254	1380
255	480
256	1200
257	540
258	360
259	360
260	540
261	540
262	840
263	240
264	600
265	360
266	540
267	360
268	300
269	420
270	420
271	540
272	1200
273	600
274	180
275	420
276	480
277	540
278	540
279	480
280	600
281	660
282	480
283	420
284	300
285	840
286	360
287	360
288	540
289	420
290	780
291	420
292	300
293	1020
294	300
295	540
296	420
297	420
298	540
299	600
300	480
301	480
302	480
303	660
304	300
305	360
306	1200
307	1200
308	840
309	1140
310	420
311	480
312	360
313	720
314	1020
315	600
316	420
317	240
318	420
319	360
320	300
321	600
322	480
323	480
324	540
325	360
326	1080
327	720
328	360
329	1440
330	240
331	420
332	300
333	540
334	480
335	1260
336	660
337	960
338	540
339	840
340	420
341	360
342	360
343	300
344	540
345	540
346	480
347	1680
348	660
349	420
350	420
351	420
352	480
353	720
354	660
355	1680
356	1380
357	540
358	300
359	240
360	360
361	300
362	240
363	1140
364	420
365	720
366	480
367	600
368	540
369	300
370	600
371	660
372	420
373	480
374	360
375	540
376	600
377	600
378	720
379	600
380	300
381	300
382	720
383	300
384	780
385	1800
386	900
387	1380
388	660
389	720
390	840
391	420
392	1020
393	480
394	480
395	540
396	540
397	540
398	540
399	540
400	420
401	420
402	240
403	1020
404	600
405	420
406	420
407	240
408	360
409	480
410	420
411	420
412	480
413	840
414	360
415	240
416	480
417	720
418	480
419	1140
420	420
421	420
422	420
423	360
424	540
425	600
426	360
427	840
428	480
429	480
430	300
431	240
432	660
433	240
434	900
435	1740
436	360
437	600
438	480
439	300
440	360
441	360
442	300
443	300
444	840
445	540
446	420
447	360
448	480
449	600
450	660
451	360
452	240
453	480
454	960
455	480
456	300
457	900
458	180
459	780
460	720
461	480
462	420
463	720
464	660
465	420
466	600
467	300
468	420
469	420
470	480
471	960
472	300
473	360
474	600
475	300
476	480
477	480
478	600
479	720
480	300
481	420
482	600
483	540
484	480
485	300
486	420
487	240
488	540
489	480
490	300
491	1260
492	360
493	420
494	360
495	600
496	240
497	600
498	480
499	420
500	840
501	420
502	300
503	420
504	660
505	420
506	840
507	300
508	360
509	360
510	420
511	1140
512	480
513	360
514	1740
515	480
516	600
517	600
518	600
519	660
520	480
521	420
522	360
523	660
524	300
525	480
526	660
527	240
528	660
529	360
530	840
531	360
532	420
533	480
534	480
535	420
536	360
537	600
538	840
539	420
540	480
541	660
542	840
543	300
544	600
545	480
546	900
547	720
548	840
549	480
550	480
551	540
552	480
553	420
554	420
555	240
556	720
557	480
558	300
559	480
560	540
561	540
562	420
563	480
564	420
565	540
566	300
567	840
568	360
569	600
570	1020
571	480
572	180
573	900
574	420
575	600
576	420
577	480
578	360
579	360
580	360
581	360
582	420
583	480
584	660
585	360
586	600
587	540
588	360
589	420
590	360
591	360
592	600
593	300
594	480
595	360
596	960
597	840
598	660
599	540
600	360
601	600
602	480
603	240
604	360
605	480
606	840
607	420
608	360
609	960
610	480
611	1200
612	540
613	1140
614	540
615	360
616	480
617	240
618	720
619	300
620	840
621	660
622	480
623	300
624	480
625	600
626	1200
627	360
628	480
629	420
630	540
631	600
632	240
633	360
634	540
635	540
636	240
637	300
638	720
639	480
640	480
641	480
642	360
643	420
644	240
645	480
646	420
647	720
648	900
649	420
650	600
651	480
652	360
653	420
654	720
655	480
656	900
657	300
658	720
659	780
660	540
661	480
662	360
663	480
664	840
665	240
666	1020
667	540
668	300
669	540
670	600
671	240
672	600
673	660
674	360
675	420
676	420
677	360
678	240
679	360
680	540
681	480
682	420
683	480
684	420
685	480
686	480
687	360
688	300
689	660
690	780
691	720
692	240
693	1020
694	420
695	300
696	420
697	1020
698	1680
699	1260
700	300
701	360
702	540
703	360
704	540
705	360
706	600
707	540
708	360
709	420
710	420
711	480
712	480
713	300
714	480
715	360
716	480
717	420
718	600
719	480
720	420
721	480
722	300
723	480
724	480
725	360
726	480
727	300
728	540
729	720
730	300
731	480
732	840
733	300
734	420
735	300
736	1080
737	420
738	360
739	480
740	1260
741	600
742	540
743	300
744	240
745	840
746	420
747	300
748	480
749	420
750	480
751	240
752	540
753	240
754	240
755	600
756	240
757	1020
758	480
759	360
760	360
761	540
762	360
763	240
764	540
765	540
766	1020
767	240
768	720
769	240
770	840
771	960
772	540
773	540
774	360
775	600
776	480
777	540
778	480
779	720
780	360
781	720
782	540
783	480
784	540
785	360
786	720
787	300
788	840
789	420
790	840
791	420
792	600
793	540
794	360
795	480
796	360
797	360
798	840
799	420
800	300
801	600
802	420
803	360
804	540
805	780
806	540
807	840
808	720
809	300
810	360
811	720
812	720
813	600
814	540
815	480
816	300
817	1200
818	300
819	480
820	420
821	360
822	360
823	360
824	360
825	420
826	720
827	420
828	480
829	360
830	960
831	540
832	900
833	240
834	480
835	480
836	240
837	540
838	360
839	300
840	480
841	720
842	360
843	600
844	420
845	420
846	420
847	960
848	240
849	660
850	480
851	600
852	360
853	960
854	300
855	600
856	300
857	480
858	660
859	420
860	600
861	420
862	900
863	240
864	420
865	480
866	300
867	420
868	1200
869	540
870	720
871	240
872	480
873	240
874	360
875	1020
876	540
877	1020
878	240
879	300
880	420
881	300
882	540
883	1680
884	480
885	540
886	300
887	480
888	240
889	360
890	420
891	360
892	420
893	420
894	360
895	480
896	840
897	300
898	540
899	480
900	420
901	1260
902	720
903	780
904	480
905	420
906	720
907	420
908	300
909	300
910	240
911	660
912	420
913	420
914	300
915	240
916	600
917	900
918	540
919	720
920	780
921	480
922	480
923	480
924	1020
925	420
926	240
927	300
928	360
929	420
930	240
931	300
932	360
933	600
934	420
935	420
936	360
937	240
938	960
939	840
940	300
941	300
942	600
943	480
944	600
TIME_WINDOW_SECTION
1	0	45000
2	16200	26700
3	5400	12300
4	16200	23100
5	16200	26700
6	5400	12300
7	10800	30300
8	19800	26700
9	5400	12300
10	23400	30300
11	16200	26700
12	19800	26700
13	12600	19500
14	10800	30300
15	10800	29700
16	23400	29700
17	12600	19500
18	5400	12300
19	23400	30300
20	10800	30300
21	23400	30300
22	16200	23100
23	16200	26700
24	19800	26700
25	10800	30300
26	19800	26700
27	9000	19500
28	10800	30300
29	12600	19500
30	16200	23100
31	19800	26700
32	19800	26700
33	23400	30300
34	23400	30300
35	10800	30300
36	5400	12300
37	19800	26700
38	23400	30300
39	19800	26700
40	23400	30300
41	19800	26700
42	9000	19500
43	10800	30300
44	23400	30300
45	9000	15900
46	16200	24900
47	19800	26700
48	19800	26700
49	16200	26700
50	23400	30300
51	10800	30300
52	23400	30300
53	16200	23100
54	10800	30300
55	18000	37500
56	12600	19500
57	19800	26700
58	16200	23100
59	27000	36840
60	16200	23100
61	5400	12300
62	12600	19500
63	5400	12300
64	12600	19500
65	10800	30300
66	19800	26700
67	23400	30300
68	23400	30300
69	5400	12300
70	19800	26700
71	9000	15900
72	12600	19500
73	19800	26700
74	9000	19500
75	12600	19500
76	5400	11700
77	16200	24300
78	12600	19500
79	5400	12300
80	9000	19500
81	9000	15900
82	23400	30300
83	9000	15900
84	12600	19500
85	19800	26700
86	5400	12300
87	16200	23100
88	19800	26100
89	5400	12300
90	5400	11700
91	19800	26700
92	23400	30300
93	19800	26700
94	5400	12300
95	12600	19500
96	16200	23100
97	23400	30300
98	23400	30300
99	23400	30300
100	23400	30300
101	19800	26700
102	12600	19500
103	10800	29700
104	9000	19500
105	16200	23100
106	12600	19500
107	9000	19500
108	19800	26700
109	9000	15900
110	19800	26100
111	5400	12300
112	23400	30300
113	19800	26700
114	27000	37500
115	12600	19500
116	23400	30300
117	12600	19500
118	16200	23100
119	9000	19500
120	16200	26700
121	12600	19500
122	9000	15900
123	16200	23100
124	10800	30300
125	9000	15900
126	23400	30300
127	12600	19500
128	10800	30300
129	19800	26700
130	23400	30300
131	5400	12300
132	12600	19500
133	10800	30300
134	10800	30300
135	5400	12300
136	5400	12300
137	23400	30300
138	5400	11700
139	12600	19500
140	10800	30300
141	9000	15900
142	9000	15900
143	16200	23100
144	16200	23100
145	23400	30300
146	10800	30300
147	5400	12300
148	5400	12300
149	5400	12300
150	19800	26700
151	19800	26700
152	23400	30300
153	19800	26700
154	19800	26700
155	10800	30300
156	23400	30300
157	16200	23100
158	9000	15900
159	10800	30300
160	23400	30300
161	23400	30300
162	9000	15900
163	19800	26700
164	5400	11700
165	10800	30300
166	9000	19500
167	19800	26700
168	19800	26700
169	5400	12300
170	12600	19500
171	5400	12300
172	5400	12300
173	9000	15900
174	19800	26700
175	9000	19500
176	9000	18900
177	10800	30300
178	12600	19500
179	16200	23100
180	12600	19500
181	12600	19500
182	16200	23100
183	5400	12300
184	5400	12300
185	19800	26700
186	23400	30300
187	5400	12300
188	16200	23100
189	10800	30300
190	16200	26700
191	16200	23100
192	12600	19500
193	5400	12300
194	19800	26700
195	10800	30300
196	9000	15900
197	16200	24300
198	16200	23100
199	5400	12300
200	12600	19500
201	5400	12300
202	23400	30300
203	9000	15900
204	9000	15900
205	10800	30300
206	19800	26700
207	10800	30300
208	9000	18900
209	19800	26700
210	19800	26700
211	16200	23100
212	5400	12300
213	9000	18900
214	16200	23100
215	5400	11700
216	23400	30300
217	12600	18900
218	19800	26700
219	23400	30300
220	23400	30300
221	10800	30300
222	9000	15900
223	23400	29700
224	23400	30300
225	19800	26700
226	19800	26700
227	10800	30300
228	19800	26700
229	23400	30300
230	5400	12300
231	12600	19500
232	16200	23100
233	23400	30300
234	10800	30300
235	19800	26700
236	16200	26700
237	19800	26100
238	19800	26700
239	10800	30300
240	10800	30300
241	16200	23100
242	23400	30300
243	12600	18900
244	16200	23100
245	5400	12300
246	9000	15900
247	18000	37500
248	23400	30300
249	19800	26700
250	5400	12300
251	23400	30300
252	10800	30300
253	5400	12300
254	12600	19500
255	19800	26700
256	16200	26700
257	16200	23100
258	10800	29700
259	9000	19500
260	18000	37500
261	19800	26100
262	19800	26700
263	19800	26700
264	16200	23100
265	23400	30300
266	9000	19500
267	12600	19500
268	16200	23100
269	12600	19500
270	23400	30300
271	12600	19500
272	9000	18900
273	19800	26700
274	10800	30300
275	23400	30300
276	12600	18900
277	23400	30300
278	10800	30300
279	16200	23100
280	16200	22500
281	10800	30300
282	16200	22500
283	10800	30300
284	12600	19500
285	12600	18900
286	5400	12300
287	10800	30300
288	12600	19500
289	23400	30300
290	5400	12300
291	10800	29700
292	16200	23100
293	5400	12300
294	10800	30300
295	5400	12300
296	16200	23100
297	10800	30300
298	23400	30300
299	10800	30300
300	23400	30300
301	12600	19500
302	16200	23100
303	19800	26700
304	12600	19500
305	19800	26700
306	9000	15900
307	16200	23100
308	16200	23100
309	23400	30300
310	23400	30300
311	23400	30300
312	9000	15900
313	19800	26700
314	12600	19500
315	23400	30300
316	9000	19500
317	16200	26700
318	12600	19500
319	23400	30300
320	27000	37500
321	12600	19500
322	9000	15900
323	16200	23100
324	23400	30300
325	10800	29700
326	23400	30300
327	23400	30300
328	10800	29700
329	9000	15900
330	10800	30300
331	16200	23100
332	10800	30300
333	10800	30300
334	9000	15900
335	10800	30300
336	9000	15900
337	23400	30300
338	27000	36840
339	10800	30300
340	9000	19500
341	23400	30300
342	10800	30300
343	9000	15900
344	19800	26700
345	12600	19500
346	10800	30300
347	16200	26700
348	12600	19500
349	16200	23100
350	19800	26700
351	12600	19500
352	19800	26700
353	16200	26700
354	18000	37500
355	5400	12300
356	19800	26700
357	19800	26700
358	5400	12300
359	5400	12300
360	12600	19500
361	9000	19500
362	12600	19500
363	23400	30300
364	23400	30300
365	10800	30300
366	23400	30300
367	23400	30300
368	23400	30300
369	9000	19500
370	19800	26700
371	16200	24900
372	12600	19500
373	19800	26700
374	19800	26700
375	23400	30300
376	12600	19500
377	23400	30300
378	19800	26700
379	16200	26700
380	10800	29700
381	16200	23100
382	9000	18900
383	19800	26700
384	23400	30300
385	9000	15900
386	16200	23100
387	19800	26700
388	16200	26700
389	12600	19500
390	19800	26700
391	23400	30300
392	12600	19500
393	12600	19500
394	12600	19500
395	10800	30300
396	12600	19500
397	16200	24900
398	19800	26700
399	23400	30300
400	10800	30300
401	9000	18900
402	10800	30300
403	16200	26700
404	19800	26700
405	10800	30300
406	16200	26700
407	16200	23100
408	10800	29700
409	23400	30300
410	10800	29700
411	16200	26700
412	12600	19500
413	16200	23100
414	9000	15900
415	10800	30300
416	10800	30300
417	19800	26700
418	12600	19500
419	16200	23100
420	18000	37500
421	16200	23100
422	9000	19500
423	10800	30300
424	10800	29700
425	16200	23100
426	16200	26700
427	16200	22500
428	16200	23100
429	9000	15900
430	23400	30300
431	10800	30300
432	12600	19500
433	10800	30300
434	12600	19500
435	19800	26700
436	16200	24900
437	10800	30300
438	19800	26700
439	9000	19500
440	9000	19500
441	23400	30300
442	9000	15900
443	27000	37500
444	12600	19500
445	23400	30300
446	10800	30300
447	19800	26700
448	19800	26700
449	27000	37500
450	9000	15300
451	16200	23100
452	16200	23100
453	23400	30300
454	23400	30300
455	19800	26700
456	23400	30300
457	19800	26700
458	16200	26700
459	19800	26700
460	10800	30300
461	12600	19500
462	9000	15900
463	10800	29700
464	9000	15900
465	12600	19500
466	9000	19500
467	23400	30300
468	23400	30300
469	10800	30300
470	16200	23100
471	23400	30300
472	12600	19500
473	10800	30300
474	19800	26700
475	16200	23100
476	9000	19500
477	10800	30300
478	19800	26700
479	23400	30300
480	16200	26700
481	16200	26700
482	10800	30300
483	10800	30300
484	16200	23100
485	23400	30300
486	9000	19500
487	19800	26700
488	23400	30300
489	9000	15900
490	19800	26700
491	10800	30300
492	23400	30300
493	9000	18900
494	9000	15900
495	16200	23100
496	12600	19500
497	12600	19500
498	16200	24300
499	23400	30300
500	10800	30300
501	19800	26700
502	16200	26700
503	10800	30300
504	10800	30300
505	23400	30300
506	10800	30300
507	19800	26700
508	10800	30300
509	23400	30300
510	19800	26700
511	16200	23100
512	23400	30300
513	9000	15900
514	12600	19500
515	19800	26700
516	9000	19500
517	10800	30300
518	16200	23100
519	10800	30300
520	9000	15900
521	9000	15900
522	12600	18900
523	23400	30300
524	16200	26700
525	9000	18900
526	23400	30300
527	10800	30300
528	19800	26700
529	23400	30300
530	16200	23100
531	10800	30300
532	23400	30300
533	16200	26700
534	10800	30300
535	16200	22500
536	12600	19500
537	19800	26700
538	9000	19500
539	19800	26700
540	23400	30300
541	16200	26700
542	19800	26700
543	23400	29700
544	19800	26700
545	12600	19500
546	10800	30300
547	16200	23100
548	12600	19500
549	12600	19500
550	23400	30300
551	23400	30300
552	19800	26700
553	16200	23100
554	19800	26700
555	16200	26700
556	16200	23100
557	12600	18900
558	12600	19500
559	16200	24900
560	16200	23100
561	16200	23100
562	23400	30300
563	27000	37500
564	23400	30300
565	16200	24300
566	12600	19500
567	23400	30300
568	10800	30300
569	12600	19500
570	19800	26700
571	9000	19500
572	10800	30300
573	23400	30300
574	12600	19500
575	12600	19500
576	16200	26700
577	12600	19500
578	19800	26700
579	23400	30300
580	19800	26700
581	12600	19500
582	16200	24900
583	12600	19500
584	16200	26700
585	19800	26700
586	23400	30300
587	19800	26700
588	19800	26700
589	23400	30300
590	10800	30300
591	23400	30300
592	19800	26700
593	19800	26700
594	23400	30300
595	16200	26700
596	16200	23100
597	19800	26700
598	19800	26700
599	16200	23100
600	16200	22500
601	23400	30300
602	23400	30300
603	16200	24300
604	23400	30300
605	23400	30300
606	12600	19500
607	19800	26700
608	12600	19500
609	10800	30300
610	10800	30300
611	16200	24900
612	9000	19500
613	16200	23100
614	19800	26700
615	10800	30300
616	19800	26700
617	12600	19500
618	19800	26700
619	10800	30300
620	19800	26700
621	9000	18900
622	23400	29700
623	12600	19500
624	23400	30300
625	10800	30300
626	12600	19500
627	12600	19500
628	19800	26700
629	16200	23100
630	23400	30300
631	23400	30300
632	10800	30300
633	10800	30300
634	16200	23100
635	10800	30300
636	23400	30300
637	16200	24900
638	16200	26700
639	16200	26700
640	23400	30300
641	19800	26700
642	19800	26700
643	16200	23100
644	16200	26700
645	10800	30300
646	18000	37500
647	19800	26700
648	12600	19500
649	19800	26700
650	19800	26700
651	23400	30300
652	16200	23100
653	10800	30300
654	23400	30300
655	10800	30300
656	19800	26700
657	23400	30300
658	16200	26700
659	10800	30300
660	23400	30300
661	19800	26700
662	23400	30300
663	19800	26700
664	16200	23100
665	10800	30300
666	10800	30300
667	27000	37500
668	19800	26700
669	10800	30300
670	23400	30300
671	19800	26700
672	19800	26700
673	12600	19500
674	16200	23100
675	12600	19500
676	12600	19500
677	12600	19500
678	18000	37500
679	16200	23100
680	16200	23100
681	10800	30300
682	19800	26100
683	23400	30300
684	23400	30300
685	19800	26700
686	19800	26700
687	16200	26700
688	18000	37500
689	23400	30300
690	16200	23100
691	16200	23100
692	16200	24900
693	16200	23100
694	10800	30300
695	12600	19500
696	27000	37500
697	16200	23100
698	16200	26700
699	23400	30300
700	16200	24900
701	16200	23100
702	16200	23100
703	19800	26700
704	16200	23100
705	10800	30300
706	23400	30300
707	16200	22500
708	23400	30300
709	19800	26100
710	16200	24900
711	19800	26700
712	16200	22500
713	16200	23100
714	10800	30300
715	19800	26700
716	16200	26700
717	19800	26700
718	16200	23100
719	23400	29700
720	19800	26100
721	10800	30300
722	16200	26700
723	19800	26700
724	16200	26700
725	23400	30300
726	10800	30300
727	10800	30300
728	10800	30300
729	16200	23100
730	10800	30300
731	10800	29700
732	23400	30300
733	10800	30300
734	19800	26700
735	10800	30300
736	16200	26700
737	23400	30300
738	23400	30300
739	10800	30300
740	23400	30300
741	16200	23100
742	19800	26700
743	19800	26100
744	16200	23100
745	23400	30300
746	10800	30300
747	23400	30300
748	16200	26700
749	19800	26700
750	10800	30300
751	23400	30300
752	10800	30300
753	27000	36840
754	23400	30300
755	23400	30300
756	19800	26700
757	23400	30300
758	23400	30300
759	16200	23100
760	23400	30300
761	16200	26700
762	23400	30300
763	16200	23100
764	10800	30300
765	10800	30300
766	10800	29700
767	19800	26700
768	10800	30300
769	10800	30300
770	16200	24900
771	23400	30300
772	19800	26700
773	27000	36840
774	10800	30300
775	23400	30300
776	23400	30300
777	23400	30300
778	16200	26700
779	16200	26700
780	23400	30300
781	16200	26700
782	16200	23100
783	23400	30300
784	10800	29700
785	10800	30300
786	23400	30300
787	16200	26700
788	10800	29700
789	16200	26700
790	23400	29700
791	19800	26700
792	16200	23100
793	16200	26700
794	19800	26700
795	18000	37500
796	23400	29700
797	19800	26700
798	18000	37500
799	23400	29700
800	16200	23100
801	16200	26700
802	16200	23100
803	19800	26700
804	18000	37500
805	18000	37500
806	23400	30300
807	23400	30300
808	19800	26700
809	19800	26700
810	10800	30300
811	10800	30300
812	23400	30300
813	10800	30300
814	16200	23100
815	19800	26700
816	16200	26700
817	19800	26700
818	19800	26700
819	23400	30300
820	16200	23100
821	10800	30300
822	19800	26700
823	10800	30300
824	16200	26700
825	23400	30300
826	23400	30300
827	10800	30300
828	10800	30300
829	19800	26700
830	10800	30300
831	19800	26700
832	16200	26700
833	23400	30300
834	16200	26700
835	16200	26700
836	27000	37500
837	23400	30300
838	10800	30300
839	19800	26700
840	23400	30300
841	23400	30300
842	10800	30300
843	10800	30300
844	23400	30300
845	19800	26700
846	19800	26700
847	10800	30300
848	23400	30300
849	19800	26700
850	23400	30300
851	10800	29700
852	10800	29700
853	23400	30300
854	10800	30300
855	23400	30300
856	23400	30300
857	23400	30300
858	19800	26700
859	23400	30300
860	19800	26700
861	27000	37500
862	27000	37500
863	19800	26700
864	16200	26700
865	10800	30300
866	23400	30300
867	23400	30300
868	10800	30300
869	23400	30300
870	23400	30300
871	10800	30300
872	19800	26700
873	19800	26700
874	23400	30300
875	19800	26700
876	23400	30300
877	19800	26700
878	10800	30300
879	23400	30300
880	10800	29700
881	16200	26700
882	18000	37500
883	10800	30300
884	23400	30300
885	19800	26700
886	19800	26700
887	23400	30300
888	10800	30300
889	16200	26700
890	23400	30300
891	10800	30300
892	16200	26700
893	10800	30300
894	23400	30300
895	23400	30300
896	23400	30300
897	23400	30300
898	27000	37500
899	16200	26700
900	10800	30300
901	23400	30300
902	10800	30300
903	23400	30300
904	23400	30300
905	23400	30300
906	19800	26700
907	23400	30300
908	10800	30300
909	23400	30300
910	27000	36840
911	18000	37500
912	10800	30300
913	16200	26700
914	23400	29700
915	19800	26700
916	10800	30300
917	23400	30300
918	10800	30300
919	10800	30300
920	10800	30300
921	18000	37500
922	10800	30300
923	23400	30300
924	10800	30300
925	10800	30300
926	10800	30300
927	23400	30300
928	10800	30300
929	10800	30300
930	10800	29700
931	23400	29700
932	23400	30300
933	23400	30300
934	23400	30300
935	23400	30300
936	10800	30300
937	23400	30300
938	10800	30300
939	10800	30300
940	10800	30300
941	10800	30300
942	23400	30300
943	10800	30300
944	10800	30300
RELEASE_TIME_SECTION
1	0
2	5400
3	5400
4	5400
5	5400
6	5400
7	5400
8	5400
9	5400
10	5400
11	5400
12	5400
13	5400
14	5400
15	5400
16	5400
17	5400
18	5400
19	5400
20	5400
21	5400
22	5400
23	5400
24	5400
25	5400
26	5400
27	5400
28	5400
29	5400
30	5400
31	5400
32	5400
33	5400
34	5400
35	5400
36	5400
37	5400
38	5400
39	5400
40	5400
41	5400
42	5400
43	5400
44	5400
45	5400
46	5400
47	5400
48	5400
49	5400
50	5400
51	5400
52	5400
53	5400
54	5400
55	5400
56	5400
57	5400
58	5400
59	5400
60	5400
61	5400
62	5400
63	5400
64	5400
65	5400
66	5400
67	5400
68	5400
69	5400
70	5400
71	5400
72	5400
73	5400
74	5400
75	5400
76	5400
77	5400
78	5400
79	5400
80	5400
81	5400
82	5400
83	5400
84	5400
85	5400
86	5400
87	5400
88	5400
89	5400
90	5400
91	5400
92	5400
93	5400
94	5400
95	5400
96	5400
97	5400
98	5400
99	5400
100	5400
101	5400
102	7200
103	7200
104	7200
105	7200
106	7200
107	7200
108	7200
109	7200
110	7200
111	7200
112	7200
113	7200
114	7200
115	7200
116	7200
117	7200
118	7200
119	7200
120	7200
121	7200
122	7200
123	7200
124	7200
125	7200
126	7200
127	7200
128	7200
129	7200
130	7200
131	7200
132	7200
133	7200
134	7200
135	7200
136	7200
137	7200
138	7200
139	7200
140	7200
141	7200
142	7200
143	7200
144	7200
145	7200
146	7200
147	7200
148	7200
149	7200
150	7200
151	7200
152	7200
153	7200
154	7200
155	7200
156	7200
157	7200
158	7200
159	7200
160	7200
161	7200
162	7200
163	7200
164	7200
165	7200
166	7200
167	7200
168	7200
169	7200
170	7200
171	7200
172	7200
173	7200
174	7200
175	7200
176	7200
177	7200
178	7200
179	7200
180	7200
181	7200
182	7200
183	7200
184	7200
185	7200
186	7200
187	7200
188	7200
189	7200
190	7200
191	7200
192	7200
193	7200
194	7200
195	7200
196	7200
197	7200
198	7200
199	7200
200	7200
201	7200
202	9000
203	9000
204	9000
205	9000
206	9000
207	9000
208	9000
209	9000
210	9000
211	9000
212	9000
213	9000
214	9000
215	9000
216	9000
217	9000
218	9000
219	9000
220	9000
221	9000
222	9000
223	9000
224	9000
225	9000
226	9000
227	9000
228	9000
229	9000
230	9000
231	9000
232	9000
233	9000
234	9000
235	9000
236	9000
237	9000
238	9000
239	9000
240	9000
241	9000
242	9000
243	9000
244	9000
245	9000
246	9000
247	9000
248	9000
249	9000
250	9000
251	9000
252	9000
253	9000
254	9000
255	9000
256	9000
257	9000
258	9000
259	9000
260	9000
261	9000
262	9000
263	9000
264	9000
265	9000
266	9000
267	9000
268	9000
269	9000
270	9000
271	9000
272	9000
273	9000
274	9000
275	9000
276	9000
277	9000
278	9000
279	9000
280	9000
281	9000
282	9000
283	9000
284	9000
285	9000
286	9000
287	9000
288	9000
289	9000
290	9000
291	9000
292	9000
293	9000
294	9000
295	9000
296	9000
297	9000
298	9000
299	9000
300	10800
301	10800
302	10800
303	10800
304	10800
305	10800
306	10800
307	10800
308	10800
309	10800
310	10800
311	10800
312	10800
313	10800
314	10800
315	10800
316	10800
317	10800
318	10800
319	10800
320	10800
321	10800
322	10800
323	10800
324	10800
325	10800
326	10800
327	10800
328	10800
329	10800
330	10800
331	10800
332	10800
333	10800
334	10800
335	10800
336	10800
337	10800
338	10800
339	10800
340	10800
341	10800
342	10800
343	10800
344	10800
345	10800
346	10800
347	10800
348	10800
349	10800
350	10800
351	10800
352	10800
353	10800
354	10800
355	10800
356	10800
357	10800
358	10800
359	10800
360	10800
361	10800
362	10800
363	10800
364	10800
365	10800
366	10800
367	10800
368	10800
369	10800
370	10800
371	10800
372	10800
373	10800
374	10800
375	10800
376	10800
377	10800
378	10800
379	10800
380	10800
381	10800
382	10800
383	10800
384	10800
385	10800
386	10800
387	10800
388	10800
389	10800
390	12600
391	12600
392	12600
393	12600
394	12600
395	12600
396	12600
397	12600
398	12600
399	12600
400	12600
401	12600
402	12600
403	12600
404	12600
405	12600
406	12600
407	12600
408	12600
409	12600
410	12600
411	12600
412	12600
413	12600
414	12600
415	12600
416	12600
417	12600
418	12600
419	12600
420	12600
421	12600
422	12600
423	12600
424	12600
425	12600
426	12600
427	12600
428	12600
429	12600
430	12600
431	12600
432	12600
433	12600
434	12600
435	12600
436	12600
437	12600
438	12600
439	12600
440	12600
441	12600
442	12600
443	12600
444	12600
445	12600
446	12600
447	12600
448	12600
449	12600
450	12600
451	12600
452	12600
453	12600
454	12600
455	12600
456	12600
457	12600
458	12600
459	12600
460	12600
461	12600
462	12600
463	12600
464	12600
465	12600
466	12600
467	12600
468	12600
469	12600
470	12600
471	12600
472	12600
473	12600
474	12600
475	14400
476	14400
477	14400
478	14400
479	14400
480	14400
481	14400
482	14400
483	14400
484	14400
485	14400
486	14400
487	14400
488	14400
489	14400
490	14400
491	14400
492	14400
493	14400
494	14400
495	14400
496	14400
497	14400
498	14400
499	14400
500	14400
501	14400
502	14400
503	14400
504	14400
505	14400
506	14400
507	14400
508	14400
509	14400
510	14400
511	14400
512	14400
513	14400
514	14400
515	14400
516	14400
517	14400
518	14400
519	14400
520	14400
521	14400
522	14400
523	14400
524	14400
525	14400
526	14400
527	14400
528	14400
529	14400
530	14400
531	14400
532	14400
533	14400
534	14400
535	14400
536	14400
537	14400
538	14400
539	14400
540	14400
541	14400
542	14400
543	14400
544	14400
545	14400
546	14400
547	14400
548	14400
549	14400
550	14400
551	14400
552	14400
553	14400
554	14400
555	14400
556	16200
557	16200
558	16200
559	16200
560	16200
561	16200
562	16200
563	16200
564	16200
565	16200
566	16200
567	16200
568	16200
569	16200
570	16200
571	16200
572	16200
573	16200
574	16200
575	16200
576	16200
577	16200
578	16200
579	16200
580	16200
581	16200
582	16200
583	16200
584	16200
585	16200
586	16200
587	16200
588	16200
589	16200
590	16200
591	16200
592	16200
593	16200
594	16200
595	16200
596	16200
597	16200
598	16200
599	16200
600	16200
601	16200
602	16200
603	16200
604	16200
605	16200
606	16200
607	16200
608	16200
609	16200
610	16200
611	16200
612	16200
613	16200
614	16200
615	16200
616	16200
617	16200
618	16200
619	16200
620	16200
621	16200
622	16200
623	16200
624	16200
625	16200
626	16200
627	16200
628	16200
629	16200
630	16200
631	16200
632	16200
633	16200
634	18000
635	18000
636	18000
637	18000
638	18000
639	18000
640	18000
641	18000
642	18000
643	18000
644	18000
645	18000
646	18000
647	18000
648	18000
649	18000
650	18000
651	18000
652	18000
653	18000
654	18000
655	18000
656	18000
657	18000
658	18000
659	18000
660	18000
661	18000
662	18000
663	18000
664	18000
665	18000
666	18000
667	18000
668	18000
669	18000
670	18000
671	18000
672	18000
673	18000
674	18000
675	18000
676	18000
677	18000
678	18000
679	18000
680	18000
681	18000
682	18000
683	18000
684	18000
685	18000
686	18000
687	18000
688	18000
689	18000
690	18000
691	18000
692	18000
693	18000
694	18000
695	18000
696	18000
697	18000
698	18000
699	18000
700	18000
701	18000
702	18000
703	18000
704	18000
705	18000
706	18000
707	18000
708	18000
709	18000
710	19800
711	19800
712	19800
713	19800
714	19800
715	19800
716	19800
717	19800
718	19800
719	19800
720	19800
721	19800
722	19800
723	19800
724	19800
725	19800
726	19800
727	19800
728	19800
729	19800
730	19800
731	19800
732	19800
733	19800
734	19800
735	19800
736	19800
737	19800
738	19800
739	19800
740	19800
741	19800
742	19800
743	19800
744	19800
745	19800
746	19800
747	19800
748	19800
749	19800
750	19800
751	19800
752	19800
753	19800
754	19800
755	19800
756	19800
757	19800
758	19800
759	19800
760	19800
761	19800
762	19800
763	19800
764	19800
765	19800
766	19800
767	19800
768	19800
769	19800
770	19800
771	19800
772	19800
773	21600
774	21600
775	21600
776	21600
777	21600
778	21600
779	21600
780	21600
781	21600
782	21600
783	21600
784	21600
785	21600
786	21600
787	21600
788	21600
789	21600
790	21600
791	21600
792	21600
793	21600
794	21600
795	21600
796	21600
797	21600
798	21600
799	21600
800	21600
801	21600
802	21600
803	21600
804	21600
805	21600
806	21600
807	21600
808	21600
809	21600
810	21600
811	21600
812	21600
813	21600
814	21600
815	21600
816	21600
817	21600
818	21600
819	21600
820	21600
821	21600
822	21600
823	21600
824	21600
825	23400
826	23400
827	23400
828	23400
829	23400
830	23400
831	23400
832	23400
833	23400
834	23400
835	23400
836	23400
837	23400
838	23400
839	23400
840	23400
841	23400
842	23400
843	23400
844	23400
845	23400
846	23400
847	23400
848	23400
849	23400
850	23400
851	23400
852	23400
853	23400
854	23400
855	23400
856	23400
857	23400
858	23400
859	23400
860	23400
861	23400
862	23400
863	23400
864	23400
865	23400
866	23400
867	23400
868	23400
869	23400
870	23400
871	23400
872	23400
873	23400
874	23400
875	23400
876	23400
877	25200
878	25200
879	25200
880	25200
881	25200
882	25200
883	25200
884	25200
885	25200
886	25200
887	25200
888	25200
889	25200
890	25200
891	25200
892	25200
893	25200
894	25200
895	25200
896	25200
897	25200
898	25200
899	25200
900	25200
901	25200
902	25200
903	25200
904	25200
905	25200
906	25200
907	25200
908	25200
909	25200
910	25200
911	25200
912	25200
913	25200
914	25200
915	25200
916	27000
917	27000
918	27000
919	27000
920	27000
921	27000
922	27000
923	27000
924	27000
925	27000
926	27000
927	27000
928	27000
929	27000
930	27000
931	27000
932	27000
933	27000
934	27000
935	27000
936	27000
937	27000
938	27000
939	27000
940	27000
941	27000
942	27000
943	27000
944	27000
EOF
