NAME : ORTEC-VRPTW-ASYM-6563cca6-d1-n956
TYPE : VRPTW-RT
DIMENSION : 957
EDGE_WEIGHT_TYPE : EUC_2D
CAPACITY : 145
NODE_COORD_SECTION
1	1142	4506
2	1632	2579
3	1893	3845
4	2193	2276
5	1407	3536
6	1534	4638
7	1922	2272
8	640	5473
9	973	4871
10	1900	3948
11	1124	4160
12	225	6668
13	249	5985
14	1688	2207
15	1608	2287
16	1884	4741
17	1816	2706
18	1623	2654
19	1673	2248
20	1785	2895
21	1044	4619
22	1525	3289
23	1550	4361
24	1809	2684
25	1653	4234
26	1874	2454
27	1110	4559
28	1799	2350
29	1416	3556
30	1998	3476
31	1816	2706
32	1803	2567
33	1900	3948
34	1942	1861
35	1658	2710
36	1563	4219
37	1659	2207
38	1135	4488
39	1741	3179
40	1682	2010
41	1656	4904
42	1716	3222
43	1692	4090
44	1599	4305
45	2061	2000
46	1762	4689
47	1809	2684
48	2068	1908
49	1978	4661
50	1832	2669
51	1626	2229
52	1998	3476
53	1185	4148
54	1711	2174
55	1735	2282
56	1611	2363
57	223	5984
58	1854	3558
59	1994	4371
60	699	5223
61	225	6668
62	1458	2917
63	1299	4683
64	1597	2278
65	1761	2690
66	1654	2356
67	1828	2191
68	1959	3520
69	1151	4361
70	1803	2567
71	2068	1908
72	1311	4978
73	1306	3750
74	1656	4904
75	1672	3240
76	349	5555
77	1895	3720
78	1347	4239
79	1822	3131
80	2123	2199
81	1951	2347
82	1853	3466
83	1701	2319
84	1931	3170
85	1124	5152
86	1151	4361
87	1732	2424
88	1620	2233
89	1803	2138
90	1616	2598
91	1674	2607
92	1874	3701
93	1621	3440
94	1953	1927
95	1906	1957
96	1626	3538
97	1486	4634
98	1942	4151
99	1892	1952
100	1311	4978
101	850	4926
102	1972	1830
103	1636	4124
104	1652	2458
105	1128	4281
106	1999	2359
107	1853	3466
108	1959	3520
109	1956	3373
110	1438	4711
111	1959	3520
112	1875	1614
113	1247	4281
114	1641	3615
115	1989	1813
116	1583	3044
117	1347	4239
118	1688	2207
119	1747	2432
120	1799	2350
121	1589	4130
122	2067	1913
123	1585	3623
124	1633	2691
125	1294	3841
126	1902	1720
127	2030	1990
128	1592	3299
129	1957	1647
130	1058	4279
131	1583	3044
132	1636	4124
133	1874	2454
134	223	5984
135	2039	1690
136	1681	3532
137	2047	2232
138	1667	2325
139	249	5985
140	1828	2191
141	1998	3476
142	2008	1699
143	1227	4082
144	1525	3289
145	1902	1810
146	1732	2424
147	640	5473
148	1651	4047
149	294	5571
150	1749	3198
151	1737	2904
152	1853	3466
153	1687	3027
154	212	5993
155	1517	4314
156	1922	2272
157	1920	3972
158	1676	1814
159	1853	3466
160	1951	2347
161	1636	4124
162	1853	2983
163	1592	3299
164	2018	3468
165	1711	2174
166	1589	4130
167	1897	3744
168	1994	4371
169	1726	2118
170	1865	2080
171	1868	2323
172	2011	1767
173	1959	3520
174	1953	1927
175	1767	3115
176	1645	3079
177	1437	2535
178	1896	1841
179	539	5795
180	1728	2254
181	1897	2166
182	1688	2207
183	1989	2006
184	1931	3170
185	1989	1813
186	1544	4206
187	1639	2383
188	1978	4661
189	1682	2010
190	850	4926
191	1124	4160
192	1474	4648
193	1247	4281
194	1953	4882
195	1808	3468
196	2011	3338
197	1227	4082
198	1641	3615
199	2097	2194
200	1573	2149
201	1659	3910
202	1875	1614
203	1573	2581
204	1186	4514
205	1788	3372
206	212	5993
207	1410	3538
208	1915	2234
209	1653	4234
210	1044	4619
211	1156	4974
212	2123	2199
213	2174	2258
214	1538	3201
215	1953	1927
216	2009	2083
217	1640	2354
218	1849	3105
219	1920	2012
220	1662	3031
221	1168	3875
222	1966	3859
223	1790	2291
224	1585	2243
225	1626	3538
226	1490	4404
227	223	5984
228	1671	2279
229	1583	2323
230	2156	2478
231	1313	3749
232	1894	3062
233	1659	3910
234	1525	3289
235	1345	3814
236	1853	2983
237	1895	3720
238	1278	4251
239	1623	2654
240	1519	4622
241	1846	3120
242	1410	3538
243	1995	2443
244	212	5993
245	1906	1957
246	1407	3536
247	1345	3814
248	1128	4281
249	1883	3714
250	2093	2303
251	1560	4446
252	1688	2207
253	1671	2279
254	1692	4090
255	1809	2684
256	1921	3411
257	1616	2598
258	850	4926
259	2014	2525
260	1833	1957
261	1772	2353
262	1900	3948
263	1992	2465
264	220	6131
265	1626	2229
266	1589	4130
267	1656	2656
268	2067	1913
269	1168	3875
270	1639	2383
271	1804	3164
272	1726	2118
273	1234	4729
274	2033	3091
275	1776	2295
276	1677	2528
277	282	5670
278	1711	2174
279	1583	4149
280	1620	2233
281	1656	2656
282	1683	2599
283	1975	1774
284	1900	3948
285	1956	3373
286	2009	2083
287	1658	5044
288	1692	4090
289	1809	2684
290	1833	1957
291	2123	2199
292	1583	3044
293	1458	2917
294	2039	1690
295	1672	3240
296	1711	3662
297	1902	4190
298	1816	2706
299	1832	2669
300	1636	4124
301	1304	4883
302	1445	4290
303	1599	4305
304	1478	4163
305	1151	4361
306	1989	1813
307	1709	2509
308	2061	2000
309	1657	3385
310	1626	3538
311	1994	4371
312	1519	4622
313	1168	3875
314	1761	2690
315	1422	4531
316	1313	3749
317	2156	2478
318	1458	2917
319	1599	4305
320	1951	3233
321	1989	2006
322	1882	1637
323	1544	3143
324	1890	4068
325	1854	3558
326	1822	3131
327	1522	4165
328	1651	4047
329	1328	4070
330	1261	5076
331	1486	4634
332	2044	2989
333	1311	4978
334	699	5223
335	1659	2432
336	1583	2323
337	1583	4149
338	1958	3499
339	1721	2057
340	2011	1767
341	1523	4520
342	1039	4972
343	2156	2478
344	1569	4264
345	2077	2221
346	1578	3741
347	1751	4339
348	1704	4056
349	1890	4068
350	1854	3558
351	1523	4520
352	1808	3070
353	1920	3972
354	860	5652
355	1299	4683
356	1814	2735
357	1846	3120
358	249	5985
359	1227	4082
360	2008	1699
361	1051	4364
362	1942	4151
363	1625	3145
364	1623	2654
365	1788	3372
366	1832	2669
367	2018	3468
368	1576	2334
369	1922	2067
370	1641	3615
371	1039	4972
372	1902	1810
373	1662	2743
374	1314	4589
375	2068	1908
376	1658	5044
377	1776	2295
378	1833	1957
379	1805	1775
380	1849	3105
381	1399	3635
382	1804	3164
383	2068	3788
384	2240	2588
385	2148	2205
386	1478	4163
387	1437	2535
388	1554	3220
389	1894	3062
390	2148	2205
391	1919	3974
392	789	5083
393	1247	4281
394	1564	2760
395	1726	2118
396	1874	2454
397	1128	4281
398	1828	1664
399	2067	1913
400	1299	4683
401	1311	4978
402	212	5993
403	1490	4404
404	1897	3744
405	1445	4290
406	293	6322
407	1147	5149
408	1989	3888
409	1299	4683
410	1517	4314
411	1616	2598
412	982	5299
413	640	5473
414	1897	3744
415	1854	3558
416	1583	4149
417	1828	2090
418	1583	4149
419	1474	4648
420	1911	2641
421	1563	4219
422	1989	2006
423	1478	4163
424	1124	4160
425	1732	3475
426	1617	4085
427	973	4871
428	1640	2354
429	1917	4027
430	1882	1637
431	1865	1995
432	1989	3888
433	1862	1769
434	1737	2904
435	1883	3714
436	1786	2821
437	1039	4972
438	1641	3615
439	1999	2359
440	1560	4446
441	1471	4297
442	1656	4904
443	1883	3714
444	1814	2735
445	1751	4339
446	849	5236
447	1621	3440
448	1930	4594
449	1688	2207
450	1749	3198
451	1569	4264
452	1651	4047
453	2226	2092
454	2061	2000
455	1300	4670
456	1930	2050
457	2226	2092
458	1716	3222
459	1617	2284
460	1273	5329
461	1682	2010
462	1894	2203
463	1906	1957
464	1482	4279
465	1416	3556
466	936	5086
467	982	5299
468	1636	4124
469	1547	2514
470	1761	4230
471	1577	2783
472	1716	3222
473	1569	4264
474	1666	3769
475	860	5652
476	1828	1664
477	1880	3094
478	1890	4068
479	1772	2082
480	1700	2351
481	1953	4882
482	1932	2248
483	1474	4648
484	1578	3741
485	2156	2478
486	1471	4297
487	1687	3027
488	1989	3888
489	2011	1767
490	1882	1637
491	1865	2577
492	1051	4364
493	1885	2153
494	1849	3105
495	1702	3299
496	2110	1957
497	1958	3499
498	1666	3769
499	1118	5278
500	540	5368
501	1966	3859
502	1517	4314
503	1828	2090
504	1786	2821
505	1569	4264
506	1247	4281
507	1828	1664
508	1478	4680
509	1662	2743
510	1987	2315
511	1865	2577
512	1839	1998
513	1407	3536
514	1839	1998
515	1978	4661
516	1862	1769
517	1712	3897
518	1922	2272
519	1147	5149
520	1709	2408
521	1676	1814
522	1922	2067
523	1706	3012
524	640	5473
525	2072	2220
526	1300	4670
527	1124	4160
528	1410	3538
529	1711	2174
530	1884	4741
531	2047	2232
532	2156	2478
533	249	5985
534	1957	1647
535	1569	4264
536	2077	2134
537	294	5571
538	1458	2917
539	1458	2917
540	2077	2221
541	1674	2607
542	1803	2567
543	1828	2191
544	286	5877
545	1422	4531
546	1636	4124
547	1234	4729
548	1762	4689
549	1785	1559
550	936	5086
551	1492	3862
552	1922	2067
553	1677	2528
554	1897	3744
555	1919	3974
556	1234	4729
557	1620	2233
558	1917	4027
559	1854	3558
560	1644	2292
561	1931	3170
562	1681	3532
563	1704	4056
564	1659	2207
565	1785	2895
566	1661	2951
567	986	5228
568	1828	2191
569	2137	2030
570	1576	2334
571	1922	2272
572	1883	3714
573	1128	4281
574	1737	2904
575	1732	2424
576	1865	1995
577	1785	2895
578	1435	4100
579	986	5228
580	2240	2588
581	225	6668
582	1865	2080
583	1578	3741
584	1831	1622
585	2014	2525
586	1519	4622
587	1833	1957
588	2047	2232
589	1534	4638
590	2148	2205
591	2009	2083
592	1942	1861
593	1656	2656
594	1657	2342
595	2067	1913
596	830	4960
597	1995	2443
598	1865	2577
599	1911	2641
600	2156	2478
601	1683	2599
602	1247	4281
603	1932	2248
604	249	5985
605	2011	1767
606	1486	4634
607	1004	5263
608	1940	2616
609	1573	2149
610	1919	3974
611	1657	3385
612	1118	5278
613	1608	2287
614	1261	5076
615	1416	3556
616	1517	4314
617	1737	2904
618	1885	2153
619	1799	2350
620	1994	3484
621	1247	4281
622	1790	2291
623	1534	4638
624	1920	3972
625	1448	3428
626	2009	2257
627	1704	4056
628	2067	1913
629	1709	2291
630	1407	3536
631	1803	2138
632	1597	2278
633	1578	3741
634	1659	3910
635	1294	3841
636	1156	4974
637	1578	3741
638	1486	4634
639	1732	2424
640	1524	2389
641	1347	4239
642	1781	3309
643	1994	3484
644	1948	3671
645	1569	4264
646	1674	1719
647	1754	3159
648	1547	2514
649	1481	2671
650	1682	2010
651	2067	1913
652	1956	3373
653	1839	1998
654	1407	3536
655	1597	2278
656	1544	4206
657	1986	3723
658	2033	3091
659	1917	4027
660	1656	4904
661	1247	4281
662	1657	3385
663	1683	2599
664	2123	2199
665	1666	3769
666	1951	3233
667	2178	2161
668	951	5154
669	1788	3827
670	1922	2272
671	982	5299
672	1313	3749
673	986	5228
674	640	5473
675	1972	1830
676	2018	3468
677	1995	2443
678	2039	1690
679	1639	2383
680	1775	2275
681	1775	2275
682	1490	4404
683	1767	3115
684	1839	1998
685	1752	3723
686	1438	4711
687	1645	3079
688	1616	2598
689	1915	2234
690	1865	1995
691	1544	4206
692	1620	2233
693	1273	5329
694	1081	3937
695	1895	3720
696	2068	3788
697	1808	3070
698	1674	1719
699	1989	2006
700	1879	2163
701	1118	5278
702	1658	2710
703	1948	3671
704	1808	3070
705	1151	4361
706	225	6668
707	1761	4230
708	2077	2221
709	1953	4882
710	1458	2917
711	1735	2282
712	1709	2509
713	1273	5329
714	1278	4251
715	1994	3484
716	1875	1614
717	1522	4165
718	1481	2671
719	1639	2383
720	1885	2153
721	951	5154
722	1902	1720
723	1147	5149
724	1156	4974
725	1481	2671
726	1636	4124
727	1816	2706
728	1215	5091
729	1657	2342
730	2072	2220
731	2014	2525
732	1671	2279
733	1942	4151
734	1147	5149
735	1808	3468
736	1897	3744
737	2023	1731
738	2097	2194
739	1803	2567
740	1906	1957
741	1583	4149
742	789	5083
743	1658	2710
744	936	5086
745	2018	3468
746	1147	5149
747	1754	3159
748	1458	2917
749	1560	4446
750	1756	4081
751	1438	4711
752	1653	4234
753	1896	1841
754	1492	3862
755	1617	2284
756	1662	3031
757	2123	2199
758	1823	2274
759	1592	3299
760	1677	2528
761	2123	2199
762	2009	2257
763	1416	3556
764	223	5984
765	1661	2951
766	1687	3027
767	1578	3741
768	1599	4305
769	1625	3145
770	1989	1813
771	1803	2567
772	1958	3499
773	1418	4507
774	1677	2528
775	1690	4226
776	1623	2654
777	1645	3079
778	1538	3201
779	539	5795
780	1345	3814
781	1422	4531
782	1788	3827
783	1416	3556
784	1345	3814
785	1659	3910
786	1874	3701
787	2047	2232
788	789	5083
789	1853	2983
790	1762	4689
791	1995	2443
792	2023	1731
793	1438	4711
794	1904	3594
795	1833	1957
796	1555	3509
797	1215	5091
798	1519	4622
799	1953	1927
800	1669	2089
801	1682	3107
802	1785	1559
803	2226	2092
804	2123	2199
805	1525	3289
806	1682	3107
807	1490	4404
808	2077	2134
809	1481	2671
810	1654	2356
811	1300	4670
812	1234	5270
813	1756	4081
814	1900	3948
815	1940	2616
816	1920	2314
817	1721	2057
818	1583	4149
819	1015	5129
820	1644	2292
821	1608	2287
822	1522	4165
823	1915	1905
824	1700	2351
825	1227	4082
826	2068	3788
827	1673	1901
828	1805	1775
829	1930	2050
830	1711	3662
831	2022	4084
832	1865	1995
833	1448	3428
834	2030	1990
835	1617	2284
836	1159	4414
837	973	4871
838	1930	2050
839	2077	2221
840	1790	2291
841	2023	1731
842	1892	1952
843	1616	2598
844	1563	4219
845	1168	3875
846	1999	2359
847	1653	4234
848	1788	3372
849	1662	2743
850	1156	4974
851	1015	5129
852	1953	1927
853	1563	4219
854	2011	3338
855	1921	3411
856	1135	4488
857	1524	2389
858	2178	2161
859	1781	3309
860	1701	2319
861	1930	4594
862	1915	4888
863	1617	2284
864	1617	2284
865	1669	2089
866	1632	2579
867	1781	3309
868	2008	1699
869	1110	4559
870	951	5154
871	1922	2067
872	1471	4297
873	282	5670
874	1922	2272
875	1585	3623
876	1860	2158
877	225	6668
878	1674	1719
879	293	6322
880	1902	1720
881	2009	2083
882	1015	5129
883	1599	4305
884	1478	4680
885	1611	2363
886	1458	2917
887	1562	4478
888	1410	3538
889	1410	3538
890	1781	3309
891	1900	4074
892	849	5236
893	1484	2809
894	982	5299
895	293	6322
896	982	5299
897	1846	3120
898	1482	4279
899	1920	2314
900	1597	3167
901	1709	2291
902	1726	2118
903	2072	2220
904	1710	4189
905	936	5086
906	1701	2319
907	1486	4634
908	1894	2203
909	1589	4130
910	1478	4163
911	1994	3484
912	1306	3750
913	1772	2082
914	1620	2233
915	2044	2989
916	1186	4514
917	1641	3615
918	1554	3591
919	1712	3897
920	1828	2191
921	2137	2030
922	1227	4082
923	789	5083
924	1716	2376
925	1227	4082
926	1374	4526
927	1313	3749
928	1563	4219
929	1706	3012
930	2077	2221
931	1626	3538
932	1399	3635
933	1590	3904
934	2110	1957
935	1706	3012
936	1278	4251
937	1471	4297
938	1466	3217
939	1853	3466
940	1775	2275
941	1803	2567
942	1328	4070
943	286	5877
944	1553	3100
945	1874	3701
946	1304	4883
947	1534	4638
948	1767	3115
949	1328	4070
950	220	6131
951	1674	1719
952	1583	2323
953	1311	4978
954	1304	4883
955	1922	2272
956	1644	2292
957	1931	3170
DEMAND_SECTION
1	0
2	7
3	5
4	5
5	6
6	6
7	5
8	7
9	7
10	6
11	8
12	9
13	4
14	5
15	6
16	3
17	5
18	4
19	6
20	10
21	3
22	10
23	4
24	3
25	7
26	6
27	3
28	3
29	7
30	6
31	5
32	3
33	5
34	10
35	6
36	5
37	16
38	5
39	14
40	4
41	16
42	8
43	9
44	7
45	8
46	7
47	14
48	7
49	4
50	8
51	5
52	11
53	8
54	6
55	8
56	11
57	7
58	2
59	2
60	5
61	8
62	5
63	4
64	6
65	8
66	5
67	10
68	8
69	4
70	5
71	8
72	4
73	8
74	6
75	6
76	5
77	8
78	5
79	4
80	9
81	8
82	12
83	3
84	6
85	5
86	7
87	4
88	5
89	4
90	6
91	4
92	6
93	11
94	7
95	5
96	5
97	6
98	5
99	4
100	6
101	12
102	4
103	7
104	9
105	7
106	2
107	6
108	5
109	7
110	6
111	5
112	4
113	5
114	4
115	9
116	9
117	7
118	5
119	3
120	4
121	8
122	5
123	9
124	7
125	14
126	3
127	3
128	5
129	4
130	4
131	7
132	5
133	5
134	11
135	3
136	6
137	4
138	3
139	7
140	15
141	4
142	6
143	6
144	9
145	8
146	5
147	10
148	5
149	7
150	8
151	4
152	7
153	5
154	4
155	8
156	4
157	4
158	7
159	3
160	8
161	5
162	5
163	5
164	6
165	4
166	9
167	5
168	8
169	7
170	3
171	4
172	4
173	5
174	8
175	5
176	5
177	6
178	7
179	14
180	8
181	6
182	8
183	4
184	6
185	7
186	6
187	4
188	5
189	8
190	6
191	5
192	5
193	7
194	5
195	6
196	6
197	6
198	5
199	5
200	4
201	6
202	3
203	9
204	5
205	9
206	6
207	7
208	6
209	5
210	9
211	4
212	4
213	8
214	5
215	10
216	6
217	3
218	8
219	10
220	3
221	5
222	5
223	3
224	5
225	9
226	5
227	6
228	4
229	5
230	9
231	1
232	9
233	5
234	5
235	4
236	7
237	5
238	8
239	8
240	9
241	10
242	6
243	9
244	5
245	6
246	8
247	5
248	7
249	6
250	3
251	5
252	5
253	8
254	5
255	5
256	6
257	9
258	8
259	4
260	6
261	8
262	6
263	15
264	6
265	5
266	5
267	12
268	3
269	5
270	8
271	4
272	3
273	4
274	7
275	8
276	6
277	5
278	3
279	3
280	12
281	8
282	4
283	1
284	4
285	4
286	5
287	5
288	6
289	5
290	6
291	5
292	6
293	3
294	5
295	4
296	3
297	3
298	3
299	5
300	4
301	10
302	6
303	3
304	5
305	6
306	1
307	4
308	7
309	6
310	5
311	8
312	9
313	4
314	7
315	5
316	4
317	6
318	6
319	4
320	5
321	7
322	4
323	6
324	7
325	3
326	6
327	12
328	14
329	3
330	6
331	6
332	6
333	4
334	5
335	6
336	8
337	5
338	6
339	5
340	3
341	6
342	11
343	2
344	6
345	4
346	8
347	11
348	9
349	3
350	5
351	8
352	4
353	8
354	3
355	10
356	15
357	5
358	12
359	9
360	3
361	5
362	16
363	5
364	4
365	3
366	7
367	3
368	4
369	6
370	7
371	3
372	9
373	8
374	4
375	6
376	6
377	4
378	6
379	10
380	5
381	8
382	10
383	11
384	5
385	6
386	9
387	8
388	5
389	6
390	6
391	8
392	5
393	6
394	8
395	6
396	5
397	2
398	5
399	4
400	6
401	5
402	6
403	7
404	5
405	4
406	8
407	7
408	5
409	5
410	5
411	5
412	7
413	8
414	3
415	3
416	4
417	8
418	5
419	9
420	3
421	6
422	14
423	6
424	3
425	11
426	6
427	9
428	8
429	8
430	9
431	5
432	3
433	5
434	5
435	7
436	3
437	6
438	7
439	5
440	4
441	3
442	4
443	4
444	5
445	3
446	5
447	6
448	6
449	5
450	8
451	3
452	5
453	3
454	14
455	8
456	5
457	5
458	10
459	12
460	5
461	7
462	9
463	7
464	9
465	4
466	8
467	5
468	7
469	6
470	5
471	5
472	5
473	5
474	14
475	3
476	9
477	9
478	5
479	3
480	6
481	10
482	9
483	5
484	4
485	7
486	10
487	6
488	7
489	5
490	5
491	9
492	3
493	3
494	8
495	5
496	4
497	5
498	4
499	5
500	6
501	6
502	6
503	6
504	7
505	9
506	5
507	8
508	8
509	7
510	8
511	9
512	6
513	5
514	5
515	4
516	12
517	9
518	6
519	6
520	5
521	5
522	4
523	5
524	6
525	7
526	9
527	9
528	5
529	7
530	7
531	11
532	12
533	4
534	5
535	8
536	9
537	5
538	8
539	3
540	7
541	4
542	4
543	6
544	5
545	6
546	6
547	5
548	7
549	6
550	7
551	9
552	6
553	4
554	5
555	6
556	11
557	12
558	4
559	4
560	8
561	6
562	5
563	3
564	4
565	5
566	15
567	7
568	5
569	4
570	6
571	8
572	9
573	5
574	8
575	3
576	4
577	5
578	7
579	6
580	5
581	4
582	5
583	4
584	8
585	5
586	10
587	4
588	4
589	10
590	6
591	4
592	6
593	4
594	9
595	7
596	2
597	5
598	8
599	12
600	7
601	3
602	7
603	3
604	7
605	5
606	6
607	9
608	1
609	6
610	5
611	5
612	7
613	8
614	1
615	5
616	5
617	6
618	5
619	4
620	8
621	8
622	5
623	6
624	7
625	12
626	4
627	14
628	3
629	12
630	12
631	5
632	2
633	8
634	5
635	6
636	5
637	5
638	6
639	5
640	6
641	6
642	6
643	8
644	6
645	3
646	8
647	4
648	3
649	6
650	5
651	6
652	6
653	6
654	6
655	5
656	5
657	4
658	10
659	4
660	8
661	12
662	4
663	9
664	4
665	6
666	6
667	4
668	5
669	8
670	5
671	5
672	10
673	4
674	4
675	10
676	7
677	11
678	4
679	6
680	5
681	5
682	6
683	14
684	6
685	6
686	5
687	5
688	8
689	11
690	4
691	3
692	10
693	16
694	8
695	4
696	3
697	7
698	5
699	4
700	4
701	3
702	7
703	5
704	6
705	12
706	5
707	3
708	5
709	8
710	7
711	6
712	6
713	6
714	7
715	5
716	5
717	5
718	5
719	8
720	4
721	8
722	8
723	8
724	11
725	3
726	8
727	3
728	5
729	6
730	5
731	5
732	12
733	6
734	5
735	5
736	4
737	7
738	6
739	6
740	12
741	6
742	4
743	4
744	7
745	8
746	7
747	4
748	16
749	5
750	4
751	4
752	7
753	5
754	3
755	5
756	6
757	5
758	11
759	5
760	4
761	5
762	5
763	5
764	7
765	7
766	5
767	11
768	6
769	3
770	3
771	3
772	8
773	9
774	8
775	4
776	4
777	6
778	14
779	2
780	9
781	4
782	9
783	9
784	6
785	8
786	4
787	5
788	6
789	10
790	5
791	4
792	4
793	3
794	4
795	7
796	7
797	4
798	6
799	7
800	12
801	9
802	5
803	7
804	5
805	6
806	2
807	6
808	8
809	8
810	8
811	5
812	5
813	5
814	9
815	5
816	7
817	7
818	4
819	4
820	4
821	8
822	10
823	4
824	3
825	9
826	8
827	4
828	6
829	6
830	7
831	5
832	6
833	11
834	5
835	5
836	6
837	8
838	7
839	9
840	6
841	5
842	14
843	9
844	4
845	4
846	6
847	5
848	4
849	8
850	5
851	6
852	7
853	7
854	6
855	10
856	7
857	8
858	6
859	4
860	3
861	6
862	6
863	4
864	13
865	14
866	6
867	6
868	5
869	6
870	2
871	6
872	3
873	6
874	7
875	7
876	8
877	4
878	6
879	5
880	3
881	5
882	3
883	10
884	7
885	7
886	6
887	2
888	4
889	4
890	6
891	6
892	5
893	8
894	4
895	6
896	3
897	4
898	5
899	5
900	3
901	9
902	2
903	1
904	3
905	6
906	5
907	5
908	5
909	1
910	5
911	7
912	4
913	8
914	9
915	7
916	4
917	4
918	14
919	10
920	8
921	5
922	5
923	5
924	14
925	9
926	8
927	3
928	5
929	4
930	6
931	10
932	9
933	6
934	4
935	8
936	12
937	6
938	7
939	3
940	12
941	8
942	7
943	6
944	5
945	3
946	5
947	4
948	6
949	3
950	6
951	4
952	7
953	6
954	5
955	3
956	1
957	5
DEPOT_SECTION
1
-1
SERVICE_TIME_SECTION
1	0
2	660
3	300
4	420
5	420
6	780
7	360
8	540
9	840
10	480
11	600
12	1320
13	1320
14	480
15	780
16	540
17	840
18	600
19	360
20	780
21	600
22	660
23	960
24	960
25	480
26	480
27	240
28	540
29	420
30	780
31	300
32	300
33	420
34	480
35	360
36	420
37	780
38	540
39	540
40	240
41	420
42	1140
43	600
44	900
45	540
46	720
47	780
48	360
49	960
50	900
51	540
52	900
53	540
54	600
55	960
56	540
57	720
58	780
59	1200
60	480
61	660
62	780
63	420
64	540
65	360
66	360
67	660
68	600
69	360
70	240
71	660
72	420
73	960
74	360
75	600
76	720
77	1140
78	240
79	360
80	360
81	240
82	840
83	660
84	300
85	540
86	360
87	480
88	600
89	480
90	540
91	480
92	600
93	1020
94	360
95	240
96	900
97	420
98	360
99	420
100	1080
101	480
102	480
103	960
104	1440
105	840
106	540
107	480
108	540
109	900
110	600
111	480
112	1380
113	480
114	960
115	660
116	720
117	480
118	540
119	420
120	540
121	480
122	840
123	420
124	1140
125	600
126	480
127	660
128	480
129	420
130	960
131	540
132	540
133	600
134	780
135	240
136	480
137	420
138	360
139	540
140	480
141	300
142	360
143	300
144	360
145	600
146	360
147	420
148	600
149	660
150	1020
151	300
152	420
153	360
154	420
155	1020
156	1140
157	540
158	300
159	360
160	540
161	600
162	720
163	660
164	600
165	660
166	960
167	780
168	900
169	780
170	780
171	480
172	300
173	420
174	480
175	1200
176	780
177	360
178	1320
179	420
180	540
181	360
182	480
183	360
184	360
185	480
186	780
187	780
188	600
189	420
190	480
191	420
192	600
193	480
194	1080
195	660
196	1320
197	480
198	420
199	600
200	1320
201	360
202	480
203	360
204	480
205	300
206	300
207	600
208	480
209	420
210	420
211	600
212	300
213	780
214	420
215	780
216	660
217	900
218	480
219	420
220	900
221	780
222	420
223	780
224	780
225	960
226	1080
227	420
228	1080
229	840
230	780
231	600
232	480
233	360
234	720
235	600
236	360
237	960
238	480
239	720
240	600
241	360
242	1080
243	480
244	360
245	480
246	360
247	420
248	360
249	1200
250	480
251	1560
252	720
253	300
254	360
255	540
256	1560
257	300
258	300
259	300
260	1200
261	600
262	540
263	780
264	600
265	600
266	360
267	780
268	720
269	240
270	480
271	720
272	660
273	420
274	600
275	480
276	660
277	360
278	540
279	1020
280	360
281	600
282	420
283	540
284	660
285	480
286	480
287	960
288	660
289	1260
290	540
291	480
292	780
293	660
294	300
295	360
296	780
297	780
298	960
299	540
300	420
301	1140
302	600
303	360
304	480
305	420
306	600
307	480
308	1560
309	480
310	720
311	480
312	600
313	840
314	900
315	480
316	420
317	660
318	960
319	1260
320	540
321	600
322	420
323	480
324	1080
325	420
326	660
327	540
328	480
329	1140
330	480
331	780
332	780
333	660
334	420
335	660
336	540
337	420
338	300
339	300
340	240
341	420
342	300
343	1140
344	720
345	840
346	540
347	1200
348	600
349	720
350	420
351	600
352	660
353	660
354	780
355	600
356	1200
357	600
358	840
359	540
360	660
361	780
362	360
363	540
364	480
365	300
366	480
367	780
368	480
369	480
370	420
371	900
372	960
373	480
374	900
375	660
376	660
377	540
378	780
379	960
380	600
381	540
382	480
383	540
384	360
385	420
386	600
387	1020
388	600
389	360
390	840
391	420
392	420
393	240
394	540
395	360
396	420
397	780
398	360
399	480
400	1140
401	540
402	600
403	840
404	360
405	240
406	600
407	360
408	420
409	300
410	480
411	540
412	240
413	360
414	840
415	240
416	600
417	360
418	780
419	660
420	480
421	540
422	360
423	540
424	540
425	420
426	540
427	780
428	780
429	600
430	540
431	540
432	1140
433	540
434	420
435	600
436	360
437	600
438	660
439	420
440	780
441	540
442	780
443	540
444	480
445	600
446	420
447	600
448	420
449	840
450	420
451	480
452	600
453	360
454	360
455	780
456	480
457	360
458	420
459	480
460	1140
461	420
462	420
463	780
464	480
465	300
466	1560
467	780
468	780
469	660
470	360
471	600
472	360
473	600
474	600
475	480
476	360
477	900
478	480
479	540
480	600
481	480
482	360
483	480
484	360
485	1380
486	360
487	600
488	660
489	1260
490	360
491	540
492	240
493	540
494	240
495	540
496	540
497	960
498	240
499	780
500	300
501	420
502	1080
503	540
504	540
505	600
506	780
507	540
508	600
509	360
510	240
511	660
512	600
513	600
514	1020
515	720
516	1140
517	660
518	840
519	660
520	600
521	360
522	360
523	780
524	600
525	1320
526	660
527	660
528	1080
529	900
530	420
531	300
532	360
533	420
534	300
535	480
536	300
537	1140
538	480
539	660
540	360
541	600
542	420
543	420
544	480
545	420
546	780
547	540
548	420
549	600
550	960
551	660
552	840
553	420
554	480
555	360
556	720
557	540
558	600
559	480
560	1080
561	480
562	1140
563	540
564	600
565	540
566	300
567	660
568	600
569	360
570	660
571	720
572	420
573	900
574	1320
575	240
576	1320
577	420
578	480
579	540
580	360
581	600
582	720
583	780
584	840
585	660
586	540
587	480
588	540
589	780
590	1200
591	540
592	240
593	660
594	840
595	360
596	420
597	480
598	720
599	240
600	660
601	780
602	420
603	600
604	540
605	600
606	480
607	540
608	300
609	300
610	900
611	780
612	480
613	660
614	600
615	540
616	960
617	720
618	1080
619	780
620	660
621	660
622	600
623	420
624	480
625	780
626	360
627	840
628	540
629	600
630	540
631	540
632	840
633	1080
634	480
635	540
636	300
637	660
638	600
639	240
640	660
641	900
642	660
643	420
644	780
645	1200
646	720
647	480
648	360
649	900
650	600
651	480
652	300
653	540
654	480
655	300
656	780
657	600
658	480
659	660
660	600
661	480
662	600
663	1080
664	300
665	600
666	840
667	780
668	1560
669	540
670	540
671	840
672	840
673	720
674	300
675	480
676	720
677	540
678	420
679	480
680	840
681	480
682	780
683	1140
684	300
685	660
686	360
687	420
688	780
689	420
690	360
691	360
692	360
693	300
694	360
695	360
696	840
697	1560
698	600
699	420
700	1320
701	600
702	780
703	660
704	600
705	960
706	600
707	1200
708	480
709	540
710	540
711	780
712	840
713	1200
714	600
715	780
716	600
717	300
718	540
719	240
720	660
721	720
722	780
723	240
724	540
725	600
726	600
727	660
728	780
729	900
730	300
731	840
732	660
733	840
734	420
735	540
736	300
737	360
738	240
739	540
740	540
741	660
742	300
743	420
744	420
745	420
746	660
747	720
748	600
749	420
750	300
751	660
752	600
753	360
754	300
755	840
756	540
757	420
758	660
759	300
760	1080
761	540
762	780
763	300
764	1080
765	540
766	1080
767	720
768	900
769	360
770	1140
771	300
772	360
773	240
774	1140
775	540
776	600
777	600
778	780
779	480
780	300
781	780
782	780
783	300
784	720
785	420
786	600
787	540
788	300
789	300
790	720
791	540
792	660
793	480
794	660
795	780
796	540
797	600
798	540
799	720
800	840
801	600
802	300
803	240
804	780
805	480
806	660
807	540
808	540
809	660
810	480
811	360
812	480
813	780
814	360
815	600
816	660
817	660
818	360
819	240
820	540
821	660
822	360
823	420
824	480
825	840
826	300
827	600
828	420
829	600
830	960
831	540
832	420
833	780
834	960
835	780
836	480
837	300
838	960
839	780
840	240
841	600
842	1200
843	480
844	660
845	360
846	480
847	480
848	900
849	540
850	420
851	600
852	600
853	540
854	420
855	600
856	540
857	960
858	360
859	480
860	600
861	600
862	840
863	240
864	780
865	360
866	480
867	360
868	480
869	1380
870	360
871	780
872	360
873	480
874	360
875	660
876	600
877	540
878	780
879	540
880	420
881	600
882	780
883	660
884	480
885	600
886	600
887	480
888	300
889	540
890	840
891	540
892	780
893	540
894	540
895	300
896	360
897	360
898	480
899	480
900	600
901	600
902	660
903	300
904	780
905	960
906	360
907	420
908	780
909	420
910	300
911	360
912	360
913	360
914	840
915	360
916	420
917	480
918	1140
919	420
920	540
921	960
922	1260
923	480
924	300
925	780
926	240
927	1020
928	600
929	300
930	600
931	780
932	960
933	600
934	1200
935	720
936	600
937	540
938	1080
939	960
940	420
941	960
942	360
943	300
944	840
945	1380
946	1560
947	360
948	480
949	600
950	300
951	720
952	780
953	480
954	300
955	1080
956	360
957	600
TIME_WINDOW_SECTION
1	0	45000
2	12000	19500
3	8400	15900
4	19200	26700
5	19200	26700
6	15600	23100
7	4800	12300
8	15600	23100
9	15600	23100
10	4800	12300
11	12000	18900
12	12000	19500
13	22800	30300
14	13800	30300
15	12000	19500
16	15600	23100
17	12000	19500
18	15600	23100
19	12000	19500
20	15600	23100
21	19200	26700
22	4800	12300
23	4800	12300
24	8400	15900
25	22800	30300
26	12000	19500
27	15600	23100
28	15600	23100
29	8400	15900
30	12000	19500
31	6600	30300
32	19200	26700
33	12000	19500
34	15600	23100
35	12000	19500
36	15600	23100
37	15600	23100
38	12000	18900
39	12000	19500
40	12000	19500
41	8400	15900
42	12000	19500
43	4800	11700
44	19200	26700
45	22800	29700
46	12000	19500
47	13800	30300
48	12000	19500
49	6600	30300
50	4800	12300
51	6600	30300
52	12000	18900
53	12000	19500
54	12000	19500
55	15600	23100
56	15600	23100
57	8400	15900
58	6600	30300
59	22800	30300
60	19200	26700
61	6600	30300
62	4800	12300
63	15600	23100
64	15600	23100
65	15600	23100
66	15600	23100
67	6600	30300
68	12000	19500
69	8400	15900
70	22800	29700
71	6600	29700
72	8400	15900
73	12000	19500
74	13800	30300
75	13800	30300
76	6600	29700
77	12000	19500
78	15600	23100
79	22800	30300
80	22800	30300
81	19200	26700
82	12000	19500
83	22800	29700
84	15600	23100
85	6600	30300
86	15600	23100
87	13800	30300
88	12000	19500
89	15600	22500
90	15600	23100
91	6600	30300
92	22800	30300
93	4800	12300
94	19200	26700
95	15600	23100
96	12000	19500
97	19200	26700
98	12000	19500
99	15600	23100
100	22800	30300
101	12000	19500
102	6600	30300
103	19200	26100
104	22800	30300
105	8400	15900
106	22800	30300
107	22800	30300
108	22800	30300
109	8400	15900
110	4800	12300
111	8400	15900
112	13800	30300
113	12000	19500
114	13800	30300
115	19200	26700
116	12000	19500
117	22800	30300
118	12000	19500
119	12000	19500
120	12000	19500
121	12000	19500
122	15600	23100
123	19200	26700
124	19200	26700
125	12000	18900
126	12000	19500
127	12000	19500
128	15600	23100
129	8400	15900
130	12000	19500
131	22800	30300
132	22800	30300
133	22800	30300
134	22800	30300
135	8400	15900
136	15600	23100
137	4800	12300
138	6600	29700
139	15600	23100
140	15600	23100
141	12000	19500
142	6600	30300
143	22800	30300
144	12000	19500
145	6600	30300
146	12000	19500
147	12000	19500
148	13800	30300
149	15600	23100
150	12000	19500
151	15600	23100
152	13800	30300
153	13800	29700
154	22800	29700
155	12000	19500
156	15600	23100
157	12000	19500
158	6600	30300
159	6600	30300
160	12000	19500
161	12000	19500
162	6600	29700
163	4800	12300
164	4800	12300
165	12000	19500
166	22800	30300
167	6600	29700
168	8400	15900
169	19200	26700
170	15600	23100
171	15600	22500
172	12000	19500
173	4800	11700
174	15600	23100
175	8400	15900
176	8400	15900
177	15600	23100
178	15600	23100
179	4800	12300
180	12000	19500
181	12000	19500
182	12000	19500
183	13800	30300
184	12000	19500
185	4800	12300
186	22800	30300
187	19200	26700
188	13800	30300
189	22800	30300
190	15600	23100
191	12000	19500
192	15600	23100
193	22800	30300
194	6600	30300
195	12000	19500
196	8400	15900
197	12000	19500
198	12000	19500
199	15600	23100
200	15600	23100
201	12000	19500
202	12000	19500
203	13800	30300
204	8400	15900
205	12000	19500
206	15600	23100
207	22800	30300
208	13800	30300
209	19200	26700
210	4800	12300
211	19200	26700
212	8400	15900
213	12000	19500
214	6600	30300
215	19200	26700
216	6600	30300
217	22800	30300
218	4800	12300
219	6600	30300
220	19200	26700
221	19200	26700
222	22800	29700
223	15600	23100
224	6600	29700
225	12000	18900
226	19200	26700
227	22800	30300
228	15600	23100
229	12000	19500
230	15600	23100
231	12000	19500
232	8400	15900
233	12000	19500
234	15600	23100
235	15600	23100
236	12000	19500
237	4800	12300
238	6600	30300
239	6600	29700
240	15600	23100
241	15600	23100
242	12000	19500
243	15600	23100
244	19200	26700
245	4800	12300
246	15600	23100
247	4800	11700
248	4800	12300
249	8400	15900
250	12000	19500
251	15600	22500
252	15600	23100
253	19200	26700
254	13800	30300
255	15600	23100
256	8400	15900
257	12000	19500
258	12000	19500
259	12000	19500
260	12000	19500
261	22800	30300
262	12000	19500
263	19200	26700
264	8400	15900
265	19200	26700
266	12000	19500
267	6600	30300
268	12000	19500
269	8400	15900
270	8400	15900
271	12000	19500
272	15600	22500
273	15600	23100
274	12000	19500
275	15600	23100
276	4800	12300
277	22800	30300
278	15600	23100
279	15600	23100
280	19200	26700
281	15600	23100
282	15600	23100
283	19200	26700
284	22800	30300
285	12000	19500
286	15600	23100
287	6600	30300
288	22800	30300
289	8400	15900
290	12000	19500
291	4800	12300
292	12000	19500
293	19200	26100
294	12000	19500
295	6600	30300
296	15600	23100
297	19200	26700
298	8400	15900
299	22800	30300
300	4800	12300
301	12000	19500
302	19200	26700
303	6600	30300
304	6600	30300
305	12000	19500
306	12000	19500
307	12000	19500
308	12000	19500
309	6600	30300
310	19200	26700
311	6600	30300
312	12000	19500
313	19200	26700
314	6600	30300
315	4800	12300
316	15600	23100
317	6600	30300
318	15600	22500
319	8400	15900
320	15600	23100
321	12000	19500
322	15600	23100
323	12000	19500
324	12000	19500
325	8400	15900
326	12000	19500
327	8400	15900
328	19200	26700
329	19200	26700
330	12000	19500
331	19200	26700
332	12000	19500
333	12000	19500
334	6600	29700
335	19200	26100
336	15600	23100
337	15600	23100
338	19200	26700
339	12000	19500
340	22800	30300
341	22800	30300
342	22800	30300
343	15600	23100
344	12000	19500
345	15600	23100
346	19200	26700
347	12000	19500
348	15600	23100
349	19200	26700
350	4800	12300
351	15600	22500
352	12000	19500
353	8400	15900
354	8400	15900
355	12000	19500
356	12000	19500
357	22800	30300
358	15600	23100
359	19200	26700
360	8400	15900
361	12000	19500
362	8400	15900
363	22800	30300
364	4800	11700
365	8400	15900
366	13800	30300
367	6600	30300
368	6600	30300
369	19200	26700
370	15600	23100
371	15600	23100
372	19200	26700
373	22800	30300
374	15600	22500
375	19200	26700
376	8400	15900
377	13800	30300
378	13800	30300
379	15600	23100
380	4800	12300
381	12000	19500
382	6600	30300
383	22800	30300
384	4800	12300
385	8400	15900
386	12000	19500
387	22800	30300
388	19200	26700
389	6600	30300
390	13800	29700
391	15600	23100
392	12000	19500
393	12000	19500
394	12000	19500
395	15600	23100
396	12000	19500
397	6600	30300
398	6600	30300
399	13800	29700
400	4800	12300
401	22800	30300
402	12000	19500
403	15600	23100
404	6600	30300
405	12000	19500
406	8400	15900
407	15600	23100
408	15600	23100
409	8400	15900
410	4800	12300
411	12000	19500
412	12000	19500
413	12000	19500
414	13800	30300
415	15600	23100
416	15600	23100
417	12000	19500
418	19200	26700
419	8400	15900
420	6600	30300
421	19200	26100
422	19200	26700
423	8400	15900
424	15600	23100
425	15600	23100
426	6600	30300
427	15600	23100
428	22800	30300
429	6600	29700
430	12000	19500
431	12000	19500
432	12000	19500
433	8400	15900
434	12000	19500
435	19200	26700
436	12000	19500
437	6600	30300
438	8400	15900
439	15600	23100
440	12000	19500
441	15600	23100
442	19200	26700
443	19200	26700
444	15600	23100
445	22800	30300
446	12000	19500
447	12000	19500
448	12000	19500
449	6600	30300
450	12000	19500
451	12000	19500
452	15600	23100
453	19200	26700
454	13800	30300
455	12000	19500
456	19200	26700
457	22800	30300
458	15600	23100
459	12000	19500
460	13800	30300
461	12000	19500
462	13800	30300
463	6600	30300
464	12000	19500
465	13800	29700
466	12000	19500
467	19200	26700
468	19200	26700
469	12000	19500
470	12000	19500
471	12000	19500
472	12000	19500
473	19200	26700
474	12000	19500
475	12000	19500
476	15600	23100
477	13800	29700
478	6600	30300
479	6600	29700
480	6600	30300
481	12000	19500
482	12000	19500
483	19200	26700
484	19200	26700
485	19200	26700
486	6600	30300
487	13800	30300
488	8400	15900
489	15600	23100
490	8400	15900
491	8400	15900
492	19200	26700
493	12000	18900
494	8400	15900
495	19200	26700
496	8400	15900
497	12000	19500
498	12000	19500
499	15600	23100
500	15600	23100
501	6600	30300
502	15600	23100
503	12000	19500
504	13800	30300
505	19200	26700
506	6600	30300
507	15600	23100
508	12000	19500
509	19200	26700
510	6600	30300
511	22800	30300
512	15600	23100
513	6600	29700
514	8400	15900
515	6600	30300
516	13800	30300
517	8400	15900
518	15600	23100
519	12000	19500
520	15600	23100
521	8400	15900
522	15600	23100
523	19200	26700
524	12000	19500
525	15600	23100
526	19200	26700
527	15600	23100
528	6600	30300
529	19200	26700
530	13800	30300
531	12000	19500
532	15600	23100
533	15600	23100
534	6600	30300
535	6600	30300
536	6600	30300
537	15600	23100
538	6600	30300
539	12000	19500
540	15600	23100
541	19200	26700
542	22800	30300
543	22800	30300
544	8400	15900
545	13800	30300
546	22800	30300
547	15600	23100
548	19200	26700
549	22800	30300
550	13800	30300
551	12000	19500
552	12000	19500
553	15600	23100
554	6600	30300
555	12000	19500
556	8400	15900
557	13800	30300
558	15600	23100
559	22800	30300
560	22800	30300
561	12000	18900
562	12000	19500
563	19200	26700
564	8400	15900
565	13800	30300
566	19200	26700
567	12000	19500
568	8400	15900
569	22800	30300
570	22800	29700
571	15600	23100
572	22800	30300
573	15600	23100
574	6600	30300
575	6600	30300
576	15600	23100
577	19200	26700
578	19200	26700
579	13800	30300
580	19200	26700
581	19200	26700
582	6600	30300
583	15600	23100
584	15600	23100
585	12000	18900
586	15600	23100
587	8400	15900
588	6600	30300
589	15600	23100
590	19200	26700
591	6600	30300
592	6600	30300
593	15600	23100
594	15600	23100
595	22800	30300
596	6600	29700
597	19200	26700
598	12000	18900
599	13800	30300
600	12000	19500
601	15600	23100
602	15600	23100
603	12000	18900
604	15600	22500
605	12000	19500
606	6600	30300
607	15600	23100
608	12000	19500
609	19200	26700
610	6600	30300
611	19200	26700
612	15600	23100
613	15600	23100
614	6600	30300
615	19200	26700
616	22800	30300
617	12000	19500
618	6600	30300
619	22800	30300
620	12000	19500
621	12000	18900
622	22800	30300
623	12000	19500
624	15600	23100
625	6600	30300
626	12000	19500
627	15600	23100
628	12000	19500
629	15600	23100
630	13800	30300
631	6600	30300
632	12000	19500
633	12000	18900
634	15600	23100
635	19200	26700
636	15600	23100
637	6600	30300
638	22800	30300
639	12000	19500
640	12000	19500
641	13800	30300
642	15600	23100
643	19200	26700
644	19200	26700
645	22800	29700
646	15600	23100
647	8400	15900
648	19200	26700
649	12000	19500
650	15600	23100
651	12000	19500
652	8400	15900
653	12000	19500
654	12000	19500
655	22800	30300
656	6600	30300
657	15600	23100
658	6600	30300
659	15600	23100
660	8400	15900
661	8400	15900
662	19200	26700
663	12000	19500
664	12000	19500
665	12000	19500
666	15600	23100
667	15600	23100
668	13800	30300
669	12000	19500
670	12000	19500
671	8400	15900
672	19200	26700
673	6600	29700
674	6600	30300
675	22800	30300
676	6600	30300
677	15600	23100
678	6600	30300
679	22800	30300
680	22800	30300
681	15600	23100
682	12000	19500
683	12000	19500
684	12000	19500
685	19200	26700
686	22800	30300
687	15600	23100
688	15600	23100
689	19200	26700
690	22800	30300
691	19200	26700
692	13800	30300
693	12000	19500
694	12000	19500
695	22800	30300
696	22800	30300
697	15600	23100
698	22800	29700
699	6600	30300
700	6600	30300
701	19200	26700
702	12000	19500
703	13800	30300
704	22800	30300
705	12000	19500
706	22800	30300
707	22800	30300
708	6600	30300
709	22800	29700
710	12000	19500
711	15600	23100
712	6600	29700
713	12000	19500
714	19200	26700
715	15600	23100
716	15600	23100
717	12000	19500
718	22800	30300
719	15600	23100
720	6600	30300
721	12000	19500
722	15600	22500
723	22800	30300
724	15600	23100
725	15600	23100
726	12000	19500
727	22800	30300
728	6600	29700
729	15600	23100
730	22800	30300
731	6600	29700
732	12000	19500
733	12000	18900
734	13800	30300
735	15600	23100
736	19200	26700
737	12000	19500
738	15600	23100
739	12000	19500
740	12000	19500
741	12000	19500
742	19200	26700
743	22800	30300
744	6600	30300
745	12000	19500
746	12000	19500
747	12000	19500
748	22800	30300
749	12000	19500
750	6600	30300
751	12000	19500
752	12000	19500
753	15600	23100
754	15600	23100
755	19200	26700
756	12000	19500
757	22800	30300
758	15600	23100
759	15600	23100
760	15600	23100
761	13800	30300
762	15600	23100
763	19200	26700
764	6600	30300
765	22800	30300
766	15600	23100
767	19200	26700
768	6600	29700
769	22800	30300
770	15600	23100
771	6600	29700
772	19200	26700
773	12000	19500
774	22800	30300
775	19200	26700
776	22800	30300
777	15600	23100
778	6600	30300
779	19200	26700
780	19200	26700
781	6600	30300
782	19200	26100
783	15600	23100
784	6600	30300
785	12000	19500
786	6600	30300
787	19200	26700
788	15600	22500
789	19200	26700
790	12000	19500
791	19200	26700
792	22800	29700
793	22800	30300
794	6600	30300
795	15600	23100
796	12000	19500
797	15600	23100
798	12000	19500
799	6600	29700
800	6600	30300
801	15600	23100
802	6600	30300
803	15600	23100
804	22800	30300
805	22800	30300
806	19200	26700
807	6600	30300
808	19200	26700
809	19200	26700
810	19200	26700
811	22800	30300
812	12000	19500
813	15600	23100
814	6600	30300
815	15600	23100
816	6600	30300
817	19200	26700
818	12000	18900
819	15600	23100
820	6600	29700
821	6600	30300
822	22800	30300
823	6600	30300
824	15600	23100
825	12000	19500
826	12000	19500
827	15600	23100
828	22800	30300
829	15600	23100
830	19200	26700
831	15600	23100
832	15600	23100
833	22800	30300
834	6600	30300
835	19200	26700
836	22800	30300
837	19200	26700
838	6600	30300
839	19200	26700
840	15600	23100
841	15600	23100
842	6600	30300
843	22800	30300
844	6600	30300
845	19200	26700
846	15600	23100
847	22800	30300
848	19200	26700
849	6600	30300
850	6600	30300
851	6600	30300
852	15600	23100
853	15600	23100
854	19200	26700
855	15600	23100
856	6600	30300
857	19200	26700
858	15600	23100
859	15600	23100
860	15600	23100
861	15600	23100
862	15600	23100
863	6600	30300
864	6600	30300
865	6600	30300
866	6600	30300
867	22800	30300
868	6600	30300
869	22800	30300
870	15600	23100
871	6600	30300
872	22800	30300
873	13800	30300
874	6600	30300
875	6600	30300
876	19200	26700
877	15600	23100
878	19200	26700
879	15600	23100
880	15600	23100
881	15600	23100
882	15600	23100
883	6600	30300
884	13800	30300
885	19200	26700
886	13800	30300
887	19200	26700
888	6600	30300
889	22800	30300
890	6600	30300
891	19200	26700
892	19200	26700
893	15600	23100
894	22800	30300
895	6600	30300
896	15600	23100
897	19200	26700
898	22800	30300
899	19200	26700
900	15600	23100
901	22800	30300
902	6600	30300
903	6600	30300
904	15600	23100
905	15600	23100
906	6600	30300
907	13800	30300
908	6600	30300
909	6600	30300
910	6600	30300
911	15600	23100
912	6600	30300
913	22800	30300
914	6600	30300
915	22800	30300
916	15600	23100
917	6600	30300
918	6600	30300
919	6600	30300
920	22800	30300
921	19200	26700
922	22800	30300
923	15600	22500
924	6600	30300
925	15600	23100
926	19200	26700
927	19200	26700
928	6600	30300
929	19200	26100
930	19200	26100
931	19200	26700
932	15600	23100
933	15600	23100
934	22800	30300
935	22800	30300
936	6600	30300
937	6600	29700
938	19200	26700
939	15600	23100
940	6600	30300
941	13800	30300
942	6600	30300
943	22800	29700
944	6600	30300
945	15600	23100
946	22800	30300
947	15600	23100
948	6600	30300
949	6600	30300
950	19200	26700
951	19200	26700
952	13800	29700
953	19200	26700
954	15600	23100
955	6600	30300
956	19200	26700
957	19200	26700
RELEASE_TIME_SECTION
1	0
2	3600
3	3600
4	3600
5	3600
6	3600
7	3600
8	3600
9	3600
10	3600
11	3600
12	3600
13	3600
14	3600
15	3600
16	3600
17	3600
18	3600
19	3600
20	3600
21	3600
22	3600
23	3600
24	3600
25	3600
26	3600
27	3600
28	3600
29	3600
30	3600
31	3600
32	3600
33	3600
34	3600
35	3600
36	3600
37	3600
38	3600
39	3600
40	3600
41	3600
42	3600
43	3600
44	3600
45	3600
46	3600
47	3600
48	3600
49	3600
50	3600
51	3600
52	3600
53	3600
54	3600
55	3600
56	3600
57	3600
58	3600
59	3600
60	3600
61	3600
62	3600
63	3600
64	3600
65	3600
66	3600
67	3600
68	3600
69	3600
70	3600
71	3600
72	3600
73	3600
74	3600
75	3600
76	3600
77	3600
78	3600
79	3600
80	3600
81	3600
82	3600
83	3600
84	3600
85	3600
86	3600
87	3600
88	3600
89	3600
90	3600
91	3600
92	3600
93	3600
94	3600
95	3600
96	3600
97	3600
98	3600
99	3600
100	3600
101	3600
102	5400
103	5400
104	5400
105	5400
106	5400
107	5400
108	5400
109	5400
110	5400
111	5400
112	5400
113	5400
114	5400
115	5400
116	5400
117	5400
118	5400
119	5400
120	5400
121	5400
122	5400
123	5400
124	5400
125	5400
126	5400
127	5400
128	5400
129	5400
130	5400
131	5400
132	5400
133	5400
134	5400
135	5400
136	5400
137	5400
138	5400
139	5400
140	5400
141	5400
142	5400
143	5400
144	5400
145	5400
146	5400
147	5400
148	5400
149	5400
150	5400
151	5400
152	5400
153	5400
154	5400
155	5400
156	5400
157	5400
158	5400
159	5400
160	5400
161	5400
162	5400
163	5400
164	5400
165	5400
166	5400
167	5400
168	5400
169	5400
170	5400
171	5400
172	5400
173	5400
174	5400
175	5400
176	5400
177	5400
178	5400
179	5400
180	5400
181	5400
182	5400
183	5400
184	5400
185	5400
186	5400
187	5400
188	5400
189	5400
190	5400
191	5400
192	5400
193	5400
194	5400
195	5400
196	5400
197	5400
198	5400
199	5400
200	5400
201	5400
202	7200
203	7200
204	7200
205	7200
206	7200
207	7200
208	7200
209	7200
210	7200
211	7200
212	7200
213	7200
214	7200
215	7200
216	7200
217	7200
218	7200
219	7200
220	7200
221	7200
222	7200
223	7200
224	7200
225	7200
226	7200
227	7200
228	7200
229	7200
230	7200
231	7200
232	7200
233	7200
234	7200
235	7200
236	7200
237	7200
238	7200
239	7200
240	7200
241	7200
242	7200
243	7200
244	7200
245	7200
246	7200
247	7200
248	7200
249	7200
250	7200
251	7200
252	7200
253	7200
254	7200
255	7200
256	7200
257	7200
258	7200
259	7200
260	7200
261	7200
262	7200
263	7200
264	7200
265	7200
266	7200
267	7200
268	7200
269	7200
270	7200
271	7200
272	7200
273	7200
274	7200
275	7200
276	7200
277	7200
278	7200
279	7200
280	7200
281	7200
282	7200
283	7200
284	7200
285	7200
286	7200
287	7200
288	7200
289	7200
290	7200
291	7200
292	7200
293	7200
294	7200
295	7200
296	7200
297	7200
298	7200
299	7200
300	7200
301	7200
302	9000
303	9000
304	9000
305	9000
306	9000
307	9000
308	9000
309	9000
310	9000
311	9000
312	9000
313	9000
314	9000
315	9000
316	9000
317	9000
318	9000
319	9000
320	9000
321	9000
322	9000
323	9000
324	9000
325	9000
326	9000
327	9000
328	9000
329	9000
330	9000
331	9000
332	9000
333	9000
334	9000
335	9000
336	9000
337	9000
338	9000
339	9000
340	9000
341	9000
342	9000
343	9000
344	9000
345	9000
346	9000
347	9000
348	9000
349	9000
350	9000
351	9000
352	9000
353	9000
354	9000
355	9000
356	9000
357	9000
358	9000
359	9000
360	9000
361	9000
362	9000
363	9000
364	9000
365	9000
366	9000
367	9000
368	9000
369	9000
370	9000
371	9000
372	9000
373	9000
374	9000
375	9000
376	9000
377	9000
378	9000
379	9000
380	9000
381	9000
382	9000
383	9000
384	9000
385	9000
386	9000
387	9000
388	9000
389	9000
390	9000
391	9000
392	9000
393	9000
394	9000
395	9000
396	9000
397	9000
398	9000
399	9000
400	9000
401	9000
402	10800
403	10800
404	10800
405	10800
406	10800
407	10800
408	10800
409	10800
410	10800
411	10800
412	10800
413	10800
414	10800
415	10800
416	10800
417	10800
418	10800
419	10800
420	10800
421	10800
422	10800
423	10800
424	10800
425	10800
426	10800
427	10800
428	10800
429	10800
430	10800
431	10800
432	10800
433	10800
434	10800
435	10800
436	10800
437	10800
438	10800
439	10800
440	10800
441	10800
442	10800
443	10800
444	10800
445	10800
446	10800
447	10800
448	10800
449	10800
450	10800
451	10800
452	10800
453	10800
454	10800
455	10800
456	10800
457	10800
458	10800
459	10800
460	10800
461	10800
462	10800
463	10800
464	10800
465	10800
466	10800
467	10800
468	10800
469	10800
470	10800
471	10800
472	10800
473	10800
474	10800
475	10800
476	10800
477	10800
478	10800
479	10800
480	10800
481	10800
482	10800
483	10800
484	10800
485	10800
486	10800
487	10800
488	10800
489	10800
490	10800
491	10800
492	10800
493	10800
494	10800
495	10800
496	10800
497	12600
498	12600
499	12600
500	12600
501	12600
502	12600
503	12600
504	12600
505	12600
506	12600
507	12600
508	12600
509	12600
510	12600
511	12600
512	12600
513	12600
514	12600
515	12600
516	12600
517	12600
518	12600
519	12600
520	12600
521	12600
522	12600
523	12600
524	12600
525	12600
526	12600
527	12600
528	12600
529	12600
530	12600
531	12600
532	12600
533	12600
534	12600
535	12600
536	12600
537	12600
538	12600
539	12600
540	12600
541	12600
542	12600
543	12600
544	12600
545	12600
546	12600
547	12600
548	12600
549	12600
550	12600
551	12600
552	12600
553	12600
554	12600
555	12600
556	12600
557	12600
558	12600
559	12600
560	12600
561	12600
562	12600
563	12600
564	12600
565	12600
566	12600
567	12600
568	12600
569	12600
570	12600
571	12600
572	12600
573	12600
574	12600
575	12600
576	12600
577	12600
578	12600
579	12600
580	12600
581	12600
582	12600
583	12600
584	12600
585	12600
586	12600
587	12600
588	14400
589	14400
590	14400
591	14400
592	14400
593	14400
594	14400
595	14400
596	14400
597	14400
598	14400
599	14400
600	14400
601	14400
602	14400
603	14400
604	14400
605	14400
606	14400
607	14400
608	14400
609	14400
610	14400
611	14400
612	14400
613	14400
614	14400
615	14400
616	14400
617	14400
618	14400
619	14400
620	14400
621	14400
622	14400
623	14400
624	14400
625	14400
626	14400
627	14400
628	14400
629	14400
630	14400
631	14400
632	14400
633	14400
634	14400
635	14400
636	14400
637	14400
638	14400
639	14400
640	14400
641	14400
642	14400
643	14400
644	14400
645	14400
646	14400
647	14400
648	14400
649	14400
650	14400
651	14400
652	14400
653	14400
654	14400
655	14400
656	14400
657	14400
658	14400
659	14400
660	14400
661	14400
662	14400
663	14400
664	14400
665	14400
666	14400
667	14400
668	14400
669	14400
670	14400
671	14400
672	14400
673	14400
674	14400
675	14400
676	14400
677	16200
678	16200
679	16200
680	16200
681	16200
682	16200
683	16200
684	16200
685	16200
686	16200
687	16200
688	16200
689	16200
690	16200
691	16200
692	16200
693	16200
694	16200
695	16200
696	16200
697	16200
698	16200
699	16200
700	16200
701	16200
702	16200
703	16200
704	16200
705	16200
706	16200
707	16200
708	16200
709	16200
710	16200
711	16200
712	16200
713	16200
714	16200
715	16200
716	16200
717	16200
718	16200
719	16200
720	16200
721	16200
722	16200
723	16200
724	16200
725	16200
726	16200
727	16200
728	16200
729	16200
730	16200
731	16200
732	16200
733	16200
734	16200
735	16200
736	16200
737	16200
738	16200
739	16200
740	16200
741	16200
742	16200
743	16200
744	16200
745	16200
746	16200
747	16200
748	16200
749	16200
750	16200
751	16200
752	16200
753	16200
754	16200
755	16200
756	16200
757	16200
758	18000
759	18000
760	18000
761	18000
762	18000
763	18000
764	18000
765	18000
766	18000
767	18000
768	18000
769	18000
770	18000
771	18000
772	18000
773	18000
774	18000
775	18000
776	18000
777	18000
778	18000
779	18000
780	18000
781	18000
782	18000
783	18000
784	18000
785	18000
786	18000
787	18000
788	18000
789	18000
790	18000
791	18000
792	18000
793	18000
794	18000
795	18000
796	18000
797	18000
798	18000
799	18000
800	18000
801	18000
802	18000
803	18000
804	18000
805	18000
806	18000
807	18000
808	18000
809	18000
810	18000
811	18000
812	18000
813	18000
814	18000
815	18000
816	18000
817	18000
818	18000
819	18000
820	18000
821	18000
822	18000
823	18000
824	18000
825	18000
826	18000
827	18000
828	18000
829	18000
830	18000
831	18000
832	18000
833	19800
834	19800
835	19800
836	19800
837	19800
838	19800
839	19800
840	19800
841	19800
842	19800
843	19800
844	19800
845	19800
846	19800
847	19800
848	19800
849	19800
850	19800
851	19800
852	19800
853	19800
854	19800
855	19800
856	19800
857	19800
858	19800
859	19800
860	19800
861	19800
862	19800
863	19800
864	19800
865	19800
866	19800
867	19800
868	19800
869	19800
870	19800
871	19800
872	19800
873	19800
874	19800
875	19800
876	19800
877	19800
878	19800
879	19800
880	19800
881	19800
882	19800
883	19800
884	19800
885	19800
886	19800
887	19800
888	19800
889	19800
890	19800
891	19800
892	19800
893	19800
894	19800
895	19800
896	19800
897	19800
898	19800
899	21600
900	21600
901	21600
902	21600
903	21600
904	21600
905	21600
906	21600
907	21600
908	21600
909	21600
910	21600
911	21600
912	21600
913	21600
914	21600
915	21600
916	21600
917	21600
918	21600
919	21600
920	21600
921	21600
922	21600
923	21600
924	21600
925	21600
926	21600
927	21600
928	21600
929	21600
930	21600
931	21600
932	21600
933	21600
934	21600
935	21600
936	21600
937	21600
938	21600
939	21600
940	21600
941	21600
942	21600
943	21600
944	21600
945	21600
946	21600
947	21600
948	21600
949	21600
950	21600
951	21600
952	21600
953	21600
954	21600
955	21600
956	21600
957	21600
EOF
