NAME : ORTEC-VRPTW-ASYM-e03a17e0-d1-n960
TYPE : VRPTW-RT
DIMENSION : 961
EDGE_WEIGHT_TYPE : EUC_2D
CAPACITY : 160
NODE_COORD_SECTION
1	5210	1488
2	2780	2318
3	4500	2194
4	5157	2276
5	2369	3044
6	4328	1630
7	5516	1417
8	3854	2728
9	4260	1789
10	5674	1544
11	4501	1513
12	4925	1524
13	4635	1602
14	6756	2053
15	7076	1913
16	6987	637
17	6762	2130
18	6853	1941
19	3890	1914
20	3846	2924
21	1279	3608
22	3750	2709
23	2710	3432
24	3812	1851
25	6254	1768
26	3267	3176
27	4643	1599
28	7687	748
29	6741	1902
30	1224	4377
31	6762	2130
32	7336	1151
33	5674	1544
34	5507	1206
35	5429	2134
36	5337	1127
37	5630	1416
38	7071	1365
39	4022	1825
40	1575	3665
41	5217	2088
42	7482	509
43	1355	3741
44	7208	699
45	7147	1481
46	5433	2942
47	3812	1851
48	7366	681
49	6629	1627
50	5257	1448
51	2608	3148
52	1224	4377
53	6012	1471
54	4177	1626
55	3780	2701
56	2896	1987
57	7335	1033
58	371	4517
59	4664	1475
60	4745	1735
61	6674	1687
62	6754	2310
63	4376	1847
64	1577	3759
65	4257	2613
66	4401	1726
67	6579	1489
68	7125	765
69	4900	2400
70	7336	1151
71	7366	681
72	1977	3770
73	3725	2493
74	5217	2088
75	7148	1291
76	5621	1473
77	4054	1917
78	3505	2940
79	1279	3608
80	3547	2938
81	2914	1371
82	7924	1087
83	4995	1736
84	2674	3321
85	5561	1598
86	4900	2400
87	4647	1654
88	6756	2053
89	0	4666
90	7731	634
91	4780	2605
92	4003	2528
93	4054	1917
94	1316	4464
95	6057	1558
96	4709	2669
97	3920	1904
98	4578	1596
99	6727	1881
100	493	4748
101	7454	690
102	6777	1367
103	5809	1153
104	5885	2584
105	3800	2002
106	5867	1846
107	7924	1087
108	7125	765
109	3799	3008
110	7285	1256
111	3025	1839
112	2970	1883
113	6897	2215
114	4662	2468
115	6721	2089
116	2574	1966
117	3505	2940
118	6756	2053
119	7251	616
120	7687	748
121	7210	1078
122	5887	1457
123	5674	1544
124	7260	1212
125	4257	2613
126	6994	904
127	4117	2143
128	6988	1346
129	4072	2786
130	6496	1200
131	2574	1966
132	5809	1153
133	3267	3176
134	2969	3002
135	2127	3601
136	7601	750
137	5045	2105
138	5101	2248
139	4635	1602
140	6579	1489
141	1224	4377
142	2737	2986
143	3313	2729
144	3750	2709
145	514	4518
146	4647	1654
147	3505	2940
148	4718	1559
149	4797	1610
150	2345	3990
151	7518	1326
152	7924	1087
153	4872	1515
154	3225	2539
155	6022	1624
156	5516	1417
157	4221	2958
158	6628	2185
159	7924	1087
160	6710	1821
161	5809	1153
162	5953	1933
163	7604	1113
164	5754	2094
165	4766	2589
166	7210	1078
167	1149	4137
168	4664	1475
169	7704	830
170	6982	1327
171	7791	1009
172	6623	1706
173	3025	1839
174	1316	4464
175	3629	2085
176	975	4452
177	4891	2234
178	4779	1579
179	3588	2616
180	5806	2619
181	6856	1474
182	6756	2053
183	4828	2667
184	2674	3321
185	6721	2089
186	6036	2333
187	6658	2519
188	6629	1627
189	1575	3665
190	7454	690
191	4501	1513
192	5366	1497
193	6897	2215
194	1224	4377
195	2592	1636
196	7148	1291
197	4635	1602
198	4518	1381
199	6914	988
200	6037	1716
201	6808	2060
202	2970	1883
203	2008	3612
204	2373	1999
205	5003	2742
206	6026	1384
207	4273	2840
208	6660	1752
209	6254	1768
210	1279	3608
211	7166	1244
212	3547	2938
213	5582	2268
214	4603	1556
215	1316	4464
216	92	4590
217	6579	1558
218	2064	3470
219	4346	1543
220	7188	883
221	5679	2106
222	4496	2638
223	3796	2167
224	5209	2413
225	4619	1653
226	4643	1599
227	7335	1033
228	1466	3948
229	4724	2974
230	6864	884
231	6026	1384
232	5509	1344
233	6808	2060
234	3750	2709
235	4496	2638
236	5953	1933
237	3093	2884
238	2570	2907
239	6853	1941
240	4551	1539
241	6710	1821
242	4273	2840
243	180	4772
244	3225	2539
245	6982	1327
246	2369	3044
247	4496	2638
248	3800	2002
249	3275	2774
250	385	4612
251	3025	1839
252	6756	2053
253	1355	3741
254	3812	1851
255	6841	786
256	7731	634
257	7454	690
258	3851	2529
259	7091	1245
260	3920	1904
261	4346	1543
262	7543	1290
263	1313	3522
264	2608	3148
265	7274	1126
266	7173	1011
267	5887	1457
268	2101	3303
269	6658	2519
270	6891	1977
271	7052	1048
272	5466	2423
273	4272	1915
274	4177	1626
275	5209	2413
276	4177	1912
277	4766	2589
278	7601	750
279	6756	2053
280	7014	1879
281	4576	1638
282	7014	1879
283	4346	1543
284	3799	3008
285	92	4590
286	6987	637
287	1355	3741
288	3812	1851
289	7091	1245
290	3547	2938
291	2574	1966
292	6754	2310
293	7148	1291
294	7894	1147
295	3761	2040
296	4278	1844
297	5257	1448
298	5809	1153
299	4020	1952
300	3801	2582
301	7208	699
302	2976	3182
303	4900	2400
304	2486	3059
305	7405	954
306	6360	1481
307	4619	1653
308	4376	1847
309	3973	2504
310	5679	2106
311	4780	2605
312	2377	3194
313	6026	1384
314	6864	884
315	6754	2310
316	7208	699
317	2665	3069
318	4828	2667
319	5655	1181
320	6051	2080
321	6015	1317
322	493	4748
323	1279	3608
324	4356	2451
325	4718	1559
326	5397	1273
327	2101	3303
328	3920	1904
329	7518	1326
330	4745	1735
331	6988	1346
332	4995	1736
333	7601	750
334	7274	1126
335	6471	1303
336	6714	1729
337	4440	1890
338	4790	1702
339	6864	884
340	3839	2037
341	5159	2017
342	4821	1487
343	5404	1161
344	7078	723
345	6015	1317
346	371	4517
347	4440	1890
348	4055	2842
349	4221	2958
350	6902	1340
351	4376	1847
352	6710	1821
353	4635	1602
354	3313	2729
355	3756	2033
356	4578	1596
357	5501	1778
358	6853	1941
359	5003	2742
360	5257	1448
361	5571	1331
362	6660	2177
363	3213	2701
364	4518	1381
365	4790	1702
366	6891	1977
367	6853	1861
368	7366	681
369	6987	637
370	3772	2973
371	5063	1969
372	2064	3470
373	4419	1691
374	6891	1977
375	2746	3054
376	3794	2876
377	4010	1903
378	2976	3182
379	6769	829
380	4169	2709
381	5509	1344
382	4010	1903
383	4401	1726
384	4640	2281
385	2316	3767
386	3800	2002
387	4745	1735
388	5887	1457
389	4376	1847
390	1977	3770
391	4643	1599
392	3801	2582
393	4256	1852
394	2733	3298
395	4891	2234
396	4376	1847
397	7251	616
398	7731	634
399	5244	1309
400	3854	2728
401	371	4517
402	6057	1558
403	6856	1973
404	3186	1735
405	5366	1497
406	2976	3182
407	4211	2828
408	4501	1513
409	2660	3187
410	4260	1789
411	4194	2695
412	2641	3897
413	4891	2234
414	2613	2013
415	7518	1326
416	2270	3150
417	4790	1702
418	4518	1381
419	5867	1846
420	4724	2974
421	4578	1596
422	4608	2467
423	5690	1896
424	5963	1128
425	5312	2072
426	4054	1917
427	7657	743
428	6756	2053
429	5996	1987
430	4681	1566
431	4718	1559
432	4766	2589
433	7147	1481
434	7467	671
435	7392	1100
436	4766	2589
437	7482	509
438	4305	2304
439	7176	1258
440	1575	3665
441	6673	1866
442	6210	1457
443	6982	1327
444	6946	1248
445	2500	2045
446	5809	1153
447	7679	836
448	4001	1850
449	4260	1789
450	7482	509
451	4681	1566
452	6902	1340
453	3782	2006
454	5455	1528
455	4808	2257
456	6547	791
457	6982	1327
458	6037	1716
459	4140	2554
460	7091	1245
461	5366	1497
462	3300	2697
463	4178	1789
464	4668	1512
465	4872	1515
466	4891	2234
467	6623	1706
468	5655	1181
469	6669	1956
470	3756	2033
471	2641	3897
472	6022	1624
473	4859	2322
474	7374	1112
475	7274	1126
476	3885	1915
477	7895	890
478	6022	1624
479	6856	1973
480	6897	2215
481	3782	2006
482	2780	2318
483	6762	2130
484	6669	1956
485	5459	2702
486	3772	2973
487	2297	3132
488	2369	3044
489	5459	2702
490	6629	1627
491	6914	988
492	5516	1417
493	4890	1898
494	6711	1202
495	4828	2667
496	6748	945
497	3854	2728
498	3451	2567
499	4447	1562
500	7467	671
501	4501	1513
502	4273	2840
503	4766	2589
504	6987	637
505	4211	2828
506	4178	1789
507	4635	1602
508	4072	2786
509	5754	2094
510	3839	2037
511	4797	1610
512	6754	2310
513	2665	3069
514	5397	1273
515	2316	3767
516	7336	1151
517	5497	1350
518	5809	1153
519	5806	2619
520	5433	2942
521	5663	1148
522	4828	2667
523	1149	4137
524	4411	1826
525	5466	2423
526	6756	2053
527	4194	2695
528	7160	676
529	5257	1448
530	7601	750
531	4328	1630
532	3890	1914
533	3846	2924
534	5509	1344
535	7457	707
536	5404	1161
537	4702	1499
538	2881	2843
539	5516	1417
540	3275	2774
541	3800	2002
542	7349	754
543	5507	1206
544	4647	1654
545	2641	3897
546	3846	2924
547	3877	1790
548	3104	2840
549	4925	1524
550	6982	1327
551	4821	1487
552	7188	883
553	3851	2529
554	3973	2504
555	7469	1201
556	5045	2105
557	4328	1630
558	4010	1903
559	92	4590
560	5507	1206
561	7014	1879
562	1577	3759
563	5887	1457
564	3547	2938
565	7076	1913
566	6674	1687
567	6864	884
568	7052	1048
569	6897	2215
570	7091	1245
571	4635	1602
572	3920	1904
573	5147	1688
574	6792	1281
575	5630	1416
576	2592	1636
577	6360	1481
578	3885	1915
579	5269	2090
580	6674	1687
581	7008	1116
582	4890	1898
583	4029	2571
584	6669	1956
585	3796	2167
586	4221	2958
587	7457	707
588	2574	1966
589	4211	2828
590	7078	723
591	5887	1457
592	4296	1936
593	2976	3182
594	2369	3044
595	0	4666
596	2680	3364
597	4821	1487
598	7014	1879
599	6856	1474
600	5101	2248
601	7454	690
602	4162	1796
603	7166	1244
604	3300	2697
605	3920	1904
606	4647	1654
607	5630	1416
608	3800	2002
609	3505	2940
610	6711	2041
611	4115	2864
612	2660	3187
613	3839	2037
614	4798	2039
615	6847	632
616	7895	890
617	4576	1638
618	4709	2669
619	1575	3665
620	5887	1457
621	3799	3008
622	2369	3044
623	7467	761
624	4272	1915
625	4194	2695
626	4608	2467
627	7285	1256
628	7052	1048
629	4815	2157
630	2665	3069
631	4576	1638
632	7469	1201
633	5516	1417
634	2500	2045
635	6026	1384
636	3912	1787
637	3854	2728
638	5571	1331
639	2127	3601
640	6658	2519
641	6210	1457
642	4272	1915
643	2613	2013
644	6210	1457
645	4125	1659
646	3629	2085
647	3657	2110
648	7731	634
649	7731	634
650	7349	754
651	6036	2333
652	5377	1113
653	6748	2024
654	4718	1559
655	4054	1917
656	2377	3194
657	4055	2842
658	4798	2039
659	4828	2667
660	2393	2991
661	3885	1915
662	5429	2134
663	4900	2400
664	2914	1371
665	5159	2017
666	5679	2106
667	4140	2554
668	6792	1281
669	7405	954
670	4229	2853
671	0	4666
672	2970	1883
673	4356	2451
674	4709	2669
675	6658	2519
676	6010	2513
677	6994	904
678	2733	3298
679	7166	1244
680	4709	2669
681	5809	1153
682	4278	1844
683	5269	2090
684	4447	1562
685	6092	1893
686	4578	1596
687	2733	3298
688	6360	1481
689	5377	1113
690	6914	988
691	7731	634
692	6057	1558
693	6057	1558
694	4165	1703
695	6254	1768
696	4815	2157
697	5754	2094
698	2733	3298
699	4815	2109
700	6754	2310
701	4724	2974
702	4608	2467
703	6254	1768
704	4779	1579
705	6724	1964
706	3815	1700
707	4305	2304
708	6011	1846
709	4196	2671
710	5101	2248
711	4054	1917
712	5209	2413
713	4196	2671
714	5045	2105
715	4796	1473
716	6741	1902
717	4821	1487
718	4872	1515
719	7208	699
720	4296	1936
721	5501	1778
722	6721	2089
723	7336	1151
724	7274	1126
725	2710	3432
726	5209	2413
727	6853	1941
728	975	4452
729	4603	1556
730	3588	2616
731	4496	2638
732	2377	3194
733	4821	1487
734	4029	2571
735	7894	1147
736	4003	2528
737	4640	2281
738	5953	1933
739	5101	2248
740	6741	1902
741	5433	2942
742	180	4772
743	7285	1256
744	6853	1892
745	3812	1851
746	7469	1201
747	7266	1319
748	3547	2938
749	3750	2709
750	7387	1401
751	6727	1881
752	3129	1820
753	2924	3346
754	4709	2669
755	7467	671
756	1315	3821
757	3451	2567
758	6792	1281
759	6724	1964
760	4551	1539
761	6057	1558
762	5009	1685
763	4356	2451
764	6037	1716
765	5217	2088
766	2746	3054
767	3839	2037
768	5655	1181
769	5564	1923
770	4790	2495
771	2641	3897
772	7457	707
773	6918	1279
774	4942	1571
775	3853	2081
776	5655	1181
777	3796	2167
778	7543	1290
779	6777	1367
780	6727	1881
781	5754	2094
782	5679	2106
783	4001	1850
784	6711	1202
785	5159	2017
786	4054	1917
787	5754	2094
788	6891	1977
789	5404	1161
790	5423	1428
791	5630	1416
792	5564	1923
793	6711	2041
794	7657	743
795	4942	1571
796	4135	2744
797	6847	632
798	4177	1912
799	6711	2041
800	4305	2304
801	5269	2090
802	2780	2318
803	6711	2041
804	3071	2674
805	5806	2619
806	2680	3364
807	4668	1512
808	5473	1258
809	4003	2528
810	3930	2744
811	4117	2143
812	5473	1258
813	6674	1687
814	5690	1896
815	6994	904
816	92	4590
817	6092	1893
818	4464	1697
819	4635	1602
820	6769	829
821	4273	2840
822	3877	1790
823	4501	1513
824	3071	2674
825	3790	1797
826	2500	2045
827	6710	1821
828	4859	2322
829	6724	1964
830	6847	632
831	7052	1048
832	4447	1562
833	6946	1248
834	4995	1736
835	3920	1904
836	2976	3182
837	6711	1202
838	5423	1428
839	6547	791
840	4078	1599
841	5377	1113
842	7518	1326
843	2570	2907
844	4798	2039
845	2970	1883
846	4627	2323
847	7162	949
848	6769	829
849	6210	1457
850	4702	1499
851	5617	1663
852	7336	1151
853	3129	1820
854	4135	2744
855	4518	1381
856	5754	2094
857	4627	2323
858	4419	1691
859	5605	1652
860	6748	945
861	2570	2907
862	6198	1667
863	4578	1596
864	5397	1273
865	7467	761
866	5887	1457
867	4608	2467
868	4012	2576
869	4055	2842
870	1466	3948
871	3854	2728
872	7008	1116
873	3725	2493
874	3629	2085
875	1313	3522
876	6853	1861
877	1977	3770
878	7160	676
879	5674	1544
880	6547	791
881	5257	1448
882	4518	1381
883	3930	2744
884	3967	1739
885	4125	1659
886	6674	1687
887	6792	1281
888	6011	1846
889	4643	1599
890	4780	2605
891	4221	2958
892	7148	1291
893	6092	1893
894	7396	738
895	2345	3990
896	4790	2495
897	5507	1206
898	7791	1009
899	4597	1852
900	4162	1796
901	4194	2695
902	4925	1524
903	6856	1973
904	6853	1941
905	4815	2157
906	4221	2958
907	6982	1327
908	5564	1923
909	4419	1691
910	4603	1556
911	6853	1861
912	5202	1526
913	3104	2840
914	5366	1497
915	3129	1820
916	7208	699
917	4664	1475
918	3885	1915
919	3284	2783
920	2737	2986
921	7091	1245
922	3885	1915
923	4221	2958
924	5655	1181
925	7469	1201
926	6741	1902
927	4022	1825
928	3588	2616
929	4328	1630
930	7457	707
931	3547	2938
932	3794	2876
933	6762	2130
934	6669	1956
935	6210	1457
936	4821	1487
937	4766	2589
938	6210	1457
939	5702	2024
940	5605	1652
941	7454	690
942	7924	1087
943	4745	1735
944	4305	2304
945	4054	1917
946	4072	2786
947	6547	791
948	5501	1778
949	5473	1258
950	5477	1787
951	6853	1941
952	4500	2194
953	6579	1558
954	6705	2063
955	4635	1602
956	4278	1844
957	5269	2090
958	5963	1128
959	4257	2613
960	6057	1558
961	4796	1473
DEMAND_SECTION
1	0
2	9
3	9
4	5
5	5
6	8
7	6
8	2
9	5
10	3
11	10
12	5
13	4
14	10
15	4
16	5
17	5
18	3
19	5
20	4
21	3
22	6
23	5
24	10
25	3
26	5
27	4
28	6
29	3
30	13
31	12
32	5
33	7
34	25
35	5
36	10
37	5
38	7
39	6
40	8
41	6
42	9
43	5
44	7
45	4
46	5
47	8
48	5
49	7
50	4
51	4
52	7
53	4
54	5
55	5
56	4
57	7
58	5
59	5
60	4
61	4
62	6
63	6
64	8
65	4
66	4
67	2
68	7
69	3
70	9
71	4
72	6
73	8
74	5
75	7
76	4
77	6
78	6
79	10
80	13
81	9
82	10
83	4
84	9
85	6
86	4
87	9
88	7
89	6
90	7
91	7
92	5
93	8
94	8
95	4
96	5
97	5
98	5
99	7
100	8
101	4
102	6
103	25
104	13
105	6
106	7
107	5
108	3
109	6
110	5
111	13
112	4
113	4
114	6
115	10
116	3
117	4
118	14
119	4
120	4
121	13
122	4
123	8
124	7
125	6
126	7
127	7
128	5
129	4
130	5
131	9
132	7
133	15
134	15
135	7
136	8
137	4
138	8
139	4
140	8
141	4
142	13
143	4
144	12
145	5
146	4
147	25
148	9
149	3
150	5
151	6
152	6
153	4
154	6
155	6
156	8
157	4
158	5
159	6
160	9
161	4
162	5
163	7
164	9
165	6
166	7
167	5
168	7
169	9
170	12
171	8
172	10
173	5
174	8
175	5
176	3
177	2
178	6
179	2
180	7
181	2
182	5
183	6
184	12
185	7
186	7
187	8
188	10
189	6
190	9
191	7
192	8
193	2
194	7
195	7
196	4
197	7
198	4
199	4
200	10
201	6
202	4
203	10
204	5
205	11
206	4
207	8
208	13
209	3
210	7
211	6
212	6
213	5
214	7
215	6
216	5
217	3
218	10
219	25
220	9
221	10
222	4
223	9
224	4
225	6
226	5
227	7
228	4
229	11
230	6
231	7
232	5
233	2
234	6
235	4
236	6
237	8
238	3
239	10
240	11
241	6
242	11
243	4
244	9
245	7
246	6
247	4
248	5
249	11
250	9
251	9
252	10
253	5
254	5
255	5
256	12
257	6
258	8
259	5
260	5
261	7
262	8
263	8
264	5
265	11
266	8
267	5
268	4
269	7
270	8
271	6
272	6
273	2
274	6
275	7
276	5
277	4
278	17
279	10
280	4
281	8
282	6
283	4
284	5
285	7
286	4
287	9
288	6
289	8
290	5
291	6
292	6
293	5
294	4
295	3
296	7
297	8
298	8
299	8
300	4
301	3
302	15
303	11
304	10
305	8
306	6
307	8
308	9
309	8
310	6
311	7
312	5
313	5
314	8
315	4
316	7
317	6
318	7
319	8
320	8
321	4
322	6
323	5
324	4
325	6
326	7
327	7
328	3
329	5
330	9
331	5
332	6
333	8
334	3
335	6
336	4
337	4
338	3
339	5
340	3
341	9
342	40
343	7
344	7
345	5
346	5
347	19
348	7
349	4
350	10
351	5
352	10
353	8
354	6
355	4
356	6
357	5
358	6
359	15
360	7
361	3
362	9
363	4
364	4
365	8
366	4
367	4
368	6
369	6
370	7
371	6
372	3
373	7
374	2
375	7
376	7
377	4
378	3
379	6
380	14
381	8
382	7
383	3
384	11
385	4
386	5
387	2
388	9
389	6
390	2
391	8
392	6
393	5
394	5
395	8
396	7
397	7
398	4
399	7
400	4
401	6
402	4
403	19
404	5
405	11
406	13
407	12
408	4
409	3
410	4
411	4
412	8
413	5
414	2
415	4
416	9
417	7
418	3
419	4
420	6
421	4
422	7
423	9
424	5
425	3
426	5
427	13
428	12
429	4
430	5
431	4
432	6
433	6
434	10
435	2
436	5
437	4
438	5
439	7
440	7
441	3
442	8
443	8
444	9
445	10
446	10
447	11
448	5
449	6
450	5
451	7
452	6
453	6
454	3
455	7
456	6
457	5
458	3
459	8
460	11
461	11
462	3
463	5
464	3
465	5
466	2
467	7
468	8
469	11
470	2
471	7
472	6
473	4
474	3
475	2
476	8
477	4
478	7
479	6
480	6
481	13
482	7
483	5
484	7
485	6
486	8
487	6
488	6
489	5
490	5
491	8
492	6
493	10
494	5
495	4
496	9
497	8
498	6
499	3
500	8
501	13
502	7
503	6
504	6
505	5
506	8
507	4
508	6
509	5
510	7
511	2
512	5
513	9
514	23
515	2
516	8
517	4
518	5
519	3
520	5
521	7
522	2
523	3
524	6
525	15
526	5
527	10
528	8
529	11
530	4
531	9
532	5
533	13
534	8
535	5
536	5
537	10
538	2
539	3
540	10
541	12
542	13
543	7
544	6
545	2
546	5
547	10
548	12
549	3
550	2
551	4
552	4
553	6
554	3
555	6
556	9
557	3
558	5
559	4
560	6
561	6
562	12
563	4
564	2
565	40
566	10
567	6
568	4
569	3
570	6
571	12
572	3
573	6
574	6
575	6
576	5
577	6
578	4
579	8
580	7
581	6
582	5
583	9
584	6
585	7
586	4
587	5
588	5
589	9
590	2
591	6
592	10
593	3
594	8
595	8
596	5
597	4
598	9
599	7
600	6
601	13
602	7
603	3
604	7
605	6
606	5
607	7
608	12
609	5
610	8
611	6
612	4
613	6
614	5
615	2
616	7
617	3
618	6
619	5
620	6
621	4
622	4
623	6
624	3
625	5
626	19
627	2
628	7
629	6
630	11
631	3
632	6
633	2
634	10
635	6
636	8
637	3
638	6
639	9
640	5
641	10
642	3
643	6
644	8
645	9
646	8
647	8
648	11
649	3
650	8
651	4
652	8
653	6
654	7
655	7
656	7
657	5
658	8
659	2
660	5
661	4
662	7
663	3
664	9
665	5
666	2
667	13
668	7
669	8
670	8
671	2
672	10
673	6
674	13
675	9
676	19
677	4
678	40
679	4
680	3
681	10
682	5
683	5
684	7
685	5
686	7
687	10
688	8
689	3
690	11
691	6
692	4
693	5
694	7
695	2
696	4
697	5
698	2
699	9
700	5
701	9
702	7
703	6
704	6
705	10
706	15
707	3
708	5
709	8
710	7
711	8
712	6
713	7
714	4
715	5
716	3
717	12
718	9
719	8
720	8
721	9
722	4
723	5
724	6
725	6
726	7
727	3
728	13
729	2
730	5
731	7
732	5
733	15
734	5
735	6
736	5
737	8
738	8
739	10
740	5
741	8
742	7
743	3
744	9
745	5
746	5
747	3
748	6
749	7
750	5
751	5
752	9
753	7
754	9
755	6
756	6
757	6
758	8
759	3
760	8
761	9
762	6
763	5
764	2
765	3
766	5
767	6
768	7
769	9
770	4
771	3
772	4
773	13
774	4
775	6
776	5
777	3
778	9
779	2
780	10
781	6
782	9
783	8
784	8
785	4
786	8
787	5
788	5
789	5
790	5
791	5
792	6
793	5
794	13
795	6
796	4
797	4
798	15
799	8
800	8
801	4
802	3
803	8
804	3
805	10
806	7
807	4
808	2
809	3
810	13
811	2
812	4
813	3
814	7
815	10
816	6
817	4
818	6
819	16
820	2
821	8
822	4
823	9
824	6
825	13
826	6
827	3
828	4
829	9
830	9
831	7
832	10
833	4
834	4
835	5
836	7
837	6
838	7
839	6
840	9
841	5
842	6
843	5
844	3
845	8
846	6
847	4
848	10
849	4
850	8
851	10
852	5
853	24
854	6
855	6
856	8
857	7
858	7
859	8
860	10
861	5
862	5
863	3
864	6
865	6
866	4
867	5
868	9
869	8
870	9
871	5
872	9
873	6
874	6
875	2
876	6
877	11
878	10
879	5
880	11
881	5
882	5
883	7
884	4
885	8
886	3
887	7
888	6
889	4
890	9
891	6
892	4
893	5
894	7
895	6
896	7
897	4
898	8
899	5
900	5
901	6
902	10
903	9
904	5
905	11
906	4
907	6
908	6
909	5
910	11
911	6
912	10
913	4
914	3
915	4
916	5
917	11
918	5
919	3
920	5
921	5
922	3
923	4
924	5
925	5
926	19
927	6
928	7
929	6
930	5
931	4
932	23
933	8
934	7
935	2
936	5
937	7
938	3
939	10
940	12
941	3
942	5
943	4
944	4
945	5
946	7
947	5
948	11
949	5
950	5
951	7
952	6
953	8
954	6
955	13
956	4
957	5
958	6
959	12
960	5
961	5
DEPOT_SECTION
1
-1
SERVICE_TIME_SECTION
1	0
2	480
3	480
4	540
5	720
6	660
7	480
8	300
9	600
10	540
11	540
12	540
13	360
14	600
15	600
16	720
17	840
18	720
19	840
20	660
21	480
22	240
23	720
24	780
25	420
26	1080
27	600
28	360
29	600
30	420
31	660
32	720
33	600
34	480
35	480
36	480
37	300
38	600
39	360
40	660
41	480
42	900
43	300
44	540
45	480
46	600
47	540
48	600
49	420
50	480
51	360
52	480
53	420
54	540
55	600
56	480
57	840
58	720
59	540
60	780
61	660
62	780
63	480
64	360
65	420
66	420
67	780
68	300
69	360
70	720
71	840
72	480
73	540
74	360
75	480
76	600
77	720
78	300
79	420
80	600
81	300
82	480
83	540
84	660
85	480
86	600
87	540
88	540
89	360
90	480
91	660
92	300
93	840
94	540
95	240
96	300
97	540
98	660
99	540
100	300
101	300
102	900
103	540
104	780
105	540
106	540
107	300
108	420
109	420
110	660
111	900
112	480
113	300
114	540
115	840
116	480
117	660
118	540
119	660
120	540
121	600
122	600
123	480
124	420
125	420
126	600
127	240
128	840
129	300
130	480
131	180
132	360
133	660
134	720
135	540
136	720
137	300
138	720
139	600
140	480
141	420
142	600
143	600
144	540
145	480
146	780
147	840
148	420
149	660
150	600
151	720
152	420
153	600
154	660
155	780
156	540
157	1620
158	720
159	1020
160	720
161	420
162	480
163	720
164	780
165	540
166	540
167	600
168	840
169	660
170	660
171	600
172	720
173	480
174	360
175	360
176	420
177	540
178	600
179	540
180	780
181	360
182	780
183	780
184	600
185	900
186	420
187	420
188	480
189	360
190	180
191	540
192	540
193	720
194	600
195	660
196	660
197	240
198	480
199	300
200	540
201	420
202	660
203	540
204	420
205	660
206	420
207	540
208	660
209	660
210	540
211	600
212	540
213	480
214	660
215	300
216	720
217	480
218	180
219	360
220	540
221	780
222	540
223	780
224	780
225	540
226	360
227	480
228	660
229	420
230	600
231	300
232	660
233	480
234	480
235	720
236	420
237	540
238	1020
239	540
240	660
241	660
242	600
243	420
244	600
245	540
246	360
247	480
248	480
249	1200
250	480
251	660
252	540
253	600
254	300
255	360
256	480
257	300
258	420
259	1200
260	420
261	600
262	780
263	360
264	420
265	480
266	600
267	480
268	480
269	540
270	660
271	1200
272	540
273	840
274	720
275	420
276	1020
277	660
278	780
279	660
280	780
281	540
282	300
283	420
284	720
285	660
286	540
287	480
288	360
289	540
290	420
291	540
292	300
293	360
294	300
295	540
296	540
297	600
298	540
299	480
300	420
301	420
302	420
303	540
304	540
305	900
306	540
307	540
308	900
309	720
310	660
311	600
312	360
313	480
314	660
315	780
316	660
317	720
318	540
319	600
320	660
321	660
322	360
323	300
324	420
325	720
326	2100
327	660
328	420
329	660
330	840
331	360
332	420
333	360
334	780
335	660
336	300
337	960
338	480
339	420
340	420
341	480
342	540
343	1200
344	360
345	660
346	660
347	420
348	480
349	960
350	420
351	240
352	720
353	840
354	660
355	480
356	540
357	1620
358	420
359	480
360	720
361	420
362	360
363	600
364	660
365	480
366	420
367	840
368	720
369	360
370	840
371	780
372	360
373	540
374	420
375	600
376	720
377	720
378	780
379	780
380	720
381	480
382	360
383	840
384	540
385	360
386	1320
387	300
388	720
389	660
390	360
391	360
392	480
393	660
394	360
395	660
396	240
397	780
398	360
399	720
400	360
401	960
402	540
403	720
404	540
405	360
406	540
407	540
408	300
409	360
410	720
411	300
412	540
413	2100
414	1140
415	540
416	360
417	780
418	720
419	420
420	780
421	720
422	480
423	420
424	180
425	540
426	540
427	540
428	360
429	660
430	600
431	840
432	420
433	360
434	600
435	300
436	480
437	540
438	780
439	720
440	540
441	360
442	480
443	420
444	840
445	1140
446	600
447	420
448	1020
449	540
450	660
451	180
452	420
453	600
454	300
455	720
456	540
457	420
458	780
459	300
460	420
461	420
462	720
463	1140
464	420
465	540
466	420
467	660
468	480
469	480
470	540
471	180
472	660
473	300
474	720
475	480
476	540
477	780
478	600
479	480
480	780
481	480
482	360
483	780
484	720
485	360
486	480
487	240
488	780
489	780
490	360
491	900
492	600
493	540
494	480
495	1020
496	900
497	420
498	540
499	360
500	540
501	540
502	660
503	660
504	660
505	720
506	540
507	360
508	600
509	300
510	420
511	2100
512	840
513	360
514	360
515	780
516	660
517	840
518	720
519	300
520	600
521	360
522	840
523	660
524	480
525	540
526	540
527	360
528	720
529	660
530	540
531	600
532	420
533	480
534	420
535	660
536	480
537	360
538	360
539	600
540	600
541	720
542	660
543	660
544	480
545	360
546	840
547	660
548	660
549	240
550	540
551	720
552	360
553	720
554	360
555	1020
556	780
557	480
558	360
559	360
560	360
561	960
562	360
563	540
564	540
565	540
566	480
567	480
568	360
569	420
570	360
571	600
572	420
573	540
574	780
575	720
576	420
577	300
578	480
579	240
580	420
581	420
582	780
583	240
584	420
585	300
586	660
587	480
588	420
589	600
590	540
591	1140
592	300
593	540
594	240
595	840
596	660
597	420
598	540
599	900
600	360
601	660
602	480
603	480
604	240
605	720
606	720
607	480
608	720
609	300
610	900
611	780
612	540
613	300
614	600
615	540
616	1020
617	480
618	900
619	300
620	780
621	420
622	300
623	720
624	840
625	780
626	420
627	420
628	240
629	660
630	540
631	420
632	540
633	480
634	540
635	360
636	780
637	840
638	540
639	360
640	300
641	600
642	180
643	660
644	300
645	660
646	900
647	720
648	420
649	540
650	780
651	420
652	600
653	720
654	420
655	720
656	540
657	660
658	420
659	960
660	660
661	480
662	360
663	420
664	420
665	480
666	540
667	420
668	360
669	660
670	480
671	300
672	780
673	720
674	360
675	600
676	300
677	660
678	960
679	300
680	420
681	180
682	720
683	360
684	900
685	660
686	600
687	720
688	900
689	420
690	660
691	540
692	480
693	360
694	720
695	360
696	240
697	480
698	360
699	360
700	360
701	480
702	720
703	720
704	360
705	480
706	240
707	420
708	1140
709	660
710	540
711	300
712	660
713	540
714	660
715	420
716	240
717	360
718	600
719	300
720	360
721	360
722	540
723	480
724	1020
725	600
726	900
727	720
728	360
729	360
730	300
731	480
732	420
733	240
734	300
735	360
736	360
737	720
738	360
739	600
740	720
741	420
742	360
743	480
744	240
745	540
746	480
747	240
748	420
749	660
750	480
751	420
752	660
753	660
754	780
755	420
756	300
757	420
758	660
759	660
760	720
761	600
762	540
763	360
764	660
765	360
766	780
767	720
768	660
769	600
770	1140
771	540
772	360
773	780
774	300
775	300
776	780
777	300
778	540
779	360
780	1200
781	720
782	600
783	360
784	420
785	540
786	600
787	300
788	540
789	240
790	840
791	420
792	540
793	300
794	420
795	360
796	720
797	660
798	540
799	420
800	540
801	300
802	300
803	720
804	1200
805	780
806	360
807	420
808	540
809	300
810	300
811	720
812	660
813	360
814	540
815	300
816	300
817	420
818	660
819	660
820	420
821	660
822	660
823	540
824	1140
825	300
826	420
827	480
828	600
829	540
830	420
831	300
832	420
833	600
834	360
835	660
836	300
837	300
838	360
839	720
840	840
841	360
842	480
843	360
844	720
845	420
846	420
847	360
848	780
849	840
850	540
851	720
852	540
853	720
854	720
855	540
856	300
857	360
858	540
859	540
860	360
861	300
862	660
863	600
864	480
865	240
866	660
867	360
868	360
869	420
870	600
871	840
872	1140
873	600
874	420
875	240
876	600
877	360
878	240
879	540
880	480
881	600
882	360
883	420
884	300
885	780
886	720
887	480
888	1200
889	360
890	660
891	480
892	600
893	840
894	1080
895	360
896	540
897	360
898	360
899	960
900	600
901	480
902	540
903	720
904	360
905	600
906	900
907	480
908	240
909	1620
910	540
911	540
912	660
913	1620
914	480
915	660
916	420
917	480
918	900
919	600
920	840
921	840
922	540
923	420
924	1320
925	480
926	420
927	540
928	960
929	720
930	480
931	360
932	600
933	600
934	540
935	540
936	420
937	540
938	1140
939	540
940	600
941	420
942	660
943	360
944	600
945	360
946	600
947	480
948	960
949	720
950	900
951	420
952	300
953	540
954	660
955	540
956	360
957	600
958	420
959	600
960	720
961	360
TIME_WINDOW_SECTION
1	0	45000
2	16200	27000
3	16200	27000
4	16200	25200
5	16200	23400
6	16200	27000
7	23400	30600
8	12600	19800
9	7200	30600
10	12600	19800
11	12600	19800
12	16200	23400
13	19800	26100
14	23400	30600
15	16200	27000
16	19800	27000
17	19800	27000
18	16200	23400
19	19800	27000
20	16200	27000
21	12600	19800
22	23400	30600
23	12600	19800
24	7200	29700
25	5400	12600
26	9000	18900
27	12600	19800
28	19800	27000
29	19800	27000
30	12600	19800
31	19800	27000
32	5400	12600
33	12600	19800
34	23400	30600
35	16200	23400
36	7200	30600
37	16200	27000
38	7200	30600
39	9000	16200
40	19800	27000
41	5400	12600
42	5400	12600
43	16200	27000
44	9000	19800
45	9000	19800
46	16200	27000
47	23400	30600
48	19800	27000
49	9000	19800
50	12600	19800
51	19800	27000
52	9000	16200
53	5400	12600
54	5400	12600
55	12600	19800
56	9000	19800
57	7200	29700
58	9000	19800
59	23400	30600
60	19800	27000
61	7200	30600
62	7200	30600
63	7200	30600
64	9000	19800
65	5400	12600
66	16200	27000
67	23400	30600
68	19800	27000
69	16200	27000
70	19800	27000
71	7200	30600
72	19800	27000
73	5400	12600
74	9000	16200
75	12600	19800
76	5400	12600
77	16200	27000
78	19800	27000
79	7200	30600
80	23400	30600
81	9000	16200
82	23400	30600
83	9000	19800
84	7200	30600
85	5400	12600
86	23400	30600
87	12600	19800
88	7200	30600
89	16200	27000
90	5400	12600
91	19800	27000
92	5400	12600
93	12600	19800
94	16200	27000
95	7200	30600
96	23400	30600
97	16200	25200
98	5400	12600
99	23400	30600
100	5400	12600
101	12600	19800
102	9000	19800
103	5400	12600
104	5400	11700
105	23400	30600
106	23400	30600
107	9000	19800
108	23400	30600
109	5400	12600
110	19800	27000
111	12600	19800
112	23400	30600
113	23400	30600
114	12600	19800
115	16200	23400
116	23400	30600
117	12600	19800
118	7200	29700
119	23400	30600
120	16200	27000
121	19800	27000
122	16200	26100
123	19800	27000
124	16200	27000
125	19800	27000
126	16200	27000
127	19800	27000
128	7200	30600
129	19800	27000
130	19800	27000
131	23400	30600
132	23400	30600
133	16200	22500
134	16200	27000
135	23400	30600
136	19800	27000
137	23400	30600
138	5400	12600
139	9000	19800
140	16200	27000
141	7200	30600
142	9000	19800
143	7200	30600
144	12600	19800
145	12600	19800
146	16200	23400
147	7200	30600
148	5400	12600
149	12600	19800
150	19800	27000
151	12600	19800
152	9000	19800
153	19800	27000
154	7200	30600
155	5400	12600
156	19800	27000
157	5400	12600
158	12600	19800
159	19800	27000
160	19800	27000
161	5400	12600
162	7200	30600
163	19800	27000
164	12600	19800
165	19800	27000
166	5400	11700
167	5400	12600
168	7200	30600
169	23400	30600
170	7200	30600
171	16200	27000
172	16200	27000
173	7200	30600
174	16200	23400
175	9000	19800
176	5400	12600
177	16200	27000
178	12600	19800
179	23400	30600
180	23400	30600
181	12600	19800
182	16200	27000
183	5400	12600
184	16200	23400
185	7200	30600
186	9000	19800
187	23400	30600
188	12600	19800
189	5400	12600
190	12600	19800
191	5400	12600
192	16200	23400
193	19800	27000
194	19800	27000
195	7200	30600
196	19800	27000
197	12600	19800
198	12600	19800
199	12600	19800
200	23400	30600
201	23400	30600
202	7200	30600
203	12600	19800
204	5400	12600
205	5400	12600
206	7200	30600
207	5400	12600
208	5400	12600
209	5400	12600
210	16200	27000
211	19800	27000
212	19800	27000
213	23400	30600
214	5400	11700
215	19800	27000
216	23400	30600
217	16200	27000
218	16200	23400
219	16200	27000
220	23400	30600
221	16200	23400
222	9000	19800
223	19800	27000
224	19800	27000
225	7200	30600
226	9000	19800
227	5400	12600
228	12600	19800
229	19800	27000
230	16200	27000
231	19800	27000
232	16200	27000
233	16200	27000
234	16200	27000
235	7200	30600
236	16200	27000
237	19800	27000
238	19800	27000
239	7200	30600
240	7200	30600
241	23400	30600
242	16200	27000
243	9000	19800
244	19800	27000
245	7200	30600
246	23400	30600
247	16200	27000
248	12600	19800
249	7200	30600
250	7200	30600
251	16200	23400
252	5400	12600
253	12600	19800
254	12600	19800
255	12600	19800
256	9000	19800
257	16200	27000
258	9000	19800
259	5400	12600
260	7200	30600
261	23400	30600
262	16200	27000
263	7200	29700
264	23400	30600
265	9000	16200
266	23400	30600
267	19800	27000
268	19800	27000
269	16200	27000
270	19800	27000
271	19800	27000
272	5400	12600
273	7200	30600
274	23400	30600
275	19800	27000
276	16200	27000
277	7200	30600
278	19800	27000
279	16200	25200
280	12600	19800
281	19800	27000
282	19800	27000
283	7200	30600
284	19800	27000
285	19800	27000
286	23400	30600
287	23400	30600
288	16200	27000
289	12600	19800
290	19800	27000
291	23400	30600
292	5400	12600
293	23400	29700
294	23400	30600
295	16200	27000
296	23400	29700
297	5400	12600
298	5400	12600
299	5400	12600
300	16200	25200
301	9000	16200
302	23400	30600
303	16200	27000
304	23400	30600
305	12600	19800
306	19800	27000
307	19800	27000
308	12600	19800
309	12600	19800
310	12600	19800
311	9000	16200
312	7200	30600
313	16200	27000
314	5400	12600
315	16200	23400
316	16200	27000
317	19800	27000
318	16200	27000
319	9000	19800
320	16200	25200
321	9000	19800
322	12600	19800
323	9000	19800
324	5400	12600
325	16200	27000
326	23400	30600
327	23400	30600
328	23400	30600
329	16200	27000
330	19800	27000
331	12600	19800
332	19800	27000
333	16200	27000
334	16200	27000
335	9000	19800
336	23400	30600
337	16200	27000
338	23400	30600
339	16200	26100
340	16200	23400
341	7200	30600
342	23400	30600
343	23400	30600
344	7200	30600
345	12600	19800
346	12600	19800
347	5400	11700
348	5400	12600
349	16200	27000
350	23400	30600
351	9000	16200
352	23400	30600
353	9000	19800
354	23400	30600
355	12600	19800
356	7200	29700
357	5400	12600
358	23400	30600
359	9000	19800
360	23400	30600
361	5400	12600
362	7200	30600
363	23400	30600
364	7200	29700
365	7200	30600
366	12600	19800
367	16200	23400
368	9000	19800
369	12600	19800
370	23400	30600
371	23400	30600
372	12600	19800
373	5400	12600
374	12600	19800
375	23400	30600
376	16200	27000
377	19800	27000
378	19800	27000
379	7200	30600
380	19800	27000
381	12600	19800
382	12600	19800
383	12600	19800
384	16200	27000
385	9000	16200
386	9000	19800
387	12600	19800
388	5400	12600
389	12600	19800
390	23400	30600
391	19800	27000
392	9000	16200
393	19800	27000
394	16200	27000
395	23400	30600
396	23400	30600
397	23400	30600
398	19800	27000
399	12600	19800
400	7200	30600
401	12600	19800
402	19800	27000
403	16200	27000
404	16200	27000
405	23400	30600
406	12600	19800
407	16200	27000
408	19800	27000
409	7200	30600
410	12600	19800
411	16200	27000
412	23400	30600
413	23400	30600
414	16200	27000
415	16200	23400
416	9000	19800
417	23400	30600
418	12600	19800
419	19800	27000
420	7200	30600
421	9000	19800
422	9000	19800
423	23400	30600
424	16200	27000
425	12600	19800
426	19800	27000
427	16200	26100
428	12600	19800
429	16200	27000
430	16200	23400
431	19800	27000
432	23400	30600
433	23400	30600
434	16200	25200
435	19800	27000
436	23400	30600
437	12600	19800
438	19800	27000
439	12600	19800
440	9000	19800
441	12600	19800
442	12600	19800
443	12600	19800
444	9000	19800
445	23400	30600
446	19800	27000
447	23400	30600
448	16200	25200
449	23400	30600
450	23400	30600
451	12600	19800
452	9000	16200
453	7200	29700
454	12600	19800
455	12600	19800
456	19800	27000
457	16200	27000
458	9000	19800
459	7200	30600
460	16200	27000
461	16200	27000
462	16200	27000
463	16200	23400
464	23400	30600
465	9000	19800
466	23400	30600
467	19800	27000
468	16200	27000
469	19800	27000
470	19800	27000
471	7200	30600
472	16200	23400
473	16200	27000
474	16200	27000
475	23400	30600
476	12600	19800
477	16200	23400
478	16200	27000
479	19800	27000
480	12600	19800
481	16200	27000
482	16200	26100
483	16200	27000
484	23400	30600
485	16200	27000
486	19800	27000
487	23400	30600
488	16200	22500
489	16200	27000
490	19800	27000
491	9000	19800
492	9000	19800
493	23400	30600
494	19800	27000
495	23400	30600
496	16200	23400
497	16200	27000
498	9000	19800
499	7200	30600
500	19800	27000
501	12600	19800
502	12600	19800
503	16200	27000
504	16200	23400
505	23400	30600
506	7200	30600
507	23400	30600
508	12600	19800
509	16200	27000
510	12600	19800
511	23400	30600
512	16200	27000
513	19800	27000
514	16200	23400
515	16200	23400
516	16200	22500
517	16200	27000
518	23400	30600
519	19800	27000
520	23400	30600
521	7200	30600
522	19800	27000
523	12600	19800
524	9000	16200
525	30600	43200
526	16200	23400
527	7200	30600
528	9000	19800
529	12600	19800
530	7200	30600
531	19800	27000
532	23400	30600
533	23400	30600
534	12600	19800
535	7200	30600
536	16200	27000
537	23400	30600
538	9000	19800
539	7200	30600
540	7200	30600
541	7200	30600
542	16200	23400
543	23400	30600
544	9000	19800
545	16200	27000
546	16200	27000
547	19800	27000
548	23400	30600
549	23400	30600
550	9000	19800
551	23400	30600
552	23400	30600
553	19800	27000
554	9000	19800
555	9000	18900
556	23400	30600
557	19800	27000
558	16200	27000
559	16200	27000
560	12600	19800
561	12600	19800
562	16200	26100
563	19800	26100
564	19800	27000
565	7200	30600
566	12600	19800
567	19800	27000
568	16200	27000
569	9000	19800
570	19800	27000
571	16200	23400
572	23400	30600
573	16200	26100
574	12600	19800
575	16200	27000
576	7200	29700
577	19800	27000
578	12600	18840
579	9000	19800
580	7200	29700
581	23400	30600
582	23400	30600
583	16200	27000
584	12600	19800
585	23400	30600
586	7200	30600
587	9000	19800
588	9000	19800
589	23400	30600
590	19800	27000
591	12600	19800
592	23400	30600
593	19800	27000
594	23400	30600
595	16200	23400
596	12600	19800
597	12600	19800
598	7200	30600
599	12600	19800
600	12600	19800
601	12600	19800
602	23400	30600
603	7200	30600
604	7200	30600
605	12600	19800
606	12600	19800
607	23400	30600
608	12600	19800
609	23400	30600
610	16200	27000
611	16200	27000
612	19800	27000
613	9000	19800
614	7200	30600
615	23400	30600
616	12600	19800
617	16200	23400
618	7200	29700
619	19800	27000
620	19800	27000
621	7200	29700
622	19800	27000
623	12600	19800
624	23400	29700
625	12600	19800
626	16200	27000
627	16200	23400
628	19800	27000
629	12600	19800
630	12600	19800
631	16200	27000
632	19800	27000
633	16200	23400
634	19800	27000
635	23400	30600
636	7200	30600
637	23400	30600
638	23400	30600
639	19800	27000
640	12600	19800
641	23400	30600
642	23400	30600
643	7200	30600
644	12600	19800
645	7200	29700
646	23400	30600
647	19800	27000
648	23400	30600
649	19800	27000
650	16200	23400
651	19800	27000
652	19800	27000
653	12600	19800
654	7200	30600
655	23400	30600
656	7200	30600
657	7200	30600
658	19800	27000
659	23400	30600
660	7200	30600
661	7200	29700
662	19800	27000
663	23400	30600
664	23400	30600
665	16200	23400
666	19800	27000
667	7200	30600
668	19800	27000
669	7200	30600
670	12600	19800
671	16200	26100
672	16200	23400
673	12600	19800
674	12600	19800
675	23400	30600
676	12600	19800
677	16200	27000
678	16200	27000
679	16200	27000
680	16200	27000
681	16200	27000
682	12600	19800
683	23400	30600
684	7200	30600
685	19800	27000
686	19800	27000
687	7200	30600
688	16200	23400
689	16200	27000
690	12600	19800
691	16200	27000
692	23400	30600
693	12600	19800
694	19800	27000
695	19800	27000
696	16200	23400
697	7200	29700
698	16200	23400
699	23400	30600
700	19800	26100
701	12600	19800
702	16200	27000
703	12600	19800
704	23400	30600
705	16200	27000
706	12600	19800
707	9000	19800
708	7200	30600
709	16200	27000
710	23400	30600
711	7200	30600
712	7200	30600
713	23400	30600
714	19800	27000
715	7200	30600
716	16200	27000
717	16200	27000
718	19800	27000
719	16200	27000
720	7200	30600
721	7200	30600
722	16200	27000
723	16200	27000
724	16200	27000
725	16200	27000
726	23400	30600
727	7200	30600
728	16200	27000
729	19800	27000
730	23400	30600
731	16200	27000
732	7200	30600
733	7200	30600
734	19800	27000
735	23400	30600
736	23400	30600
737	16200	23400
738	16200	27000
739	23400	30600
740	16200	27000
741	19800	27000
742	19800	27000
743	7200	30600
744	7200	29700
745	19800	27000
746	23400	30600
747	19800	27000
748	7200	30600
749	16200	27000
750	16200	27000
751	19800	27000
752	23400	30600
753	16200	27000
754	16200	27000
755	23400	30600
756	19800	27000
757	19800	27000
758	7200	30600
759	16200	27000
760	16200	23400
761	19800	27000
762	16200	27000
763	23400	30600
764	7200	30600
765	19800	27000
766	16200	27000
767	16200	27000
768	16200	27000
769	23400	30600
770	23400	30600
771	7200	30600
772	23400	30600
773	23400	30600
774	16200	27000
775	23400	30600
776	23400	30600
777	23400	30600
778	16200	27000
779	23400	30600
780	23400	30600
781	19800	27000
782	23400	30600
783	16200	27000
784	7200	30600
785	7200	29700
786	16200	27000
787	16200	27000
788	16200	27000
789	19800	27000
790	16200	27000
791	16200	23400
792	23400	30600
793	7200	30600
794	16200	27000
795	19800	27000
796	16200	27000
797	7200	30600
798	7200	30600
799	16200	27000
800	16200	23400
801	16200	27000
802	19800	27000
803	23400	30600
804	16200	27000
805	19800	27000
806	16200	27000
807	23400	30600
808	7200	30600
809	23400	30600
810	23400	30600
811	19800	27000
812	19800	27000
813	19800	27000
814	16200	27000
815	16200	27000
816	7200	29700
817	23400	30600
818	23400	30600
819	16200	27000
820	19800	27000
821	16200	23400
822	16200	27000
823	16200	23400
824	23400	30600
825	16200	23400
826	23400	30600
827	23400	30600
828	19800	27000
829	23400	30600
830	7200	30600
831	23400	30600
832	23400	30600
833	19800	27000
834	23400	30600
835	19800	27000
836	23400	30600
837	19800	27000
838	19800	27000
839	7200	30600
840	16200	27000
841	19800	27000
842	19800	27000
843	23400	30600
844	7200	30600
845	19800	27000
846	16200	27000
847	23400	30600
848	23400	30600
849	7200	29700
850	23400	29700
851	7200	30600
852	16200	27000
853	19800	27000
854	16200	27000
855	23400	30600
856	7200	30600
857	19800	27000
858	7200	30600
859	16200	27000
860	7200	30600
861	7200	30600
862	19800	27000
863	7200	30600
864	7200	30600
865	23400	30600
866	19800	27000
867	23400	30600
868	19800	27000
869	16200	25200
870	7200	29700
871	7200	30600
872	23400	30600
873	7200	30600
874	23400	29700
875	23400	30600
876	7200	30600
877	23400	30600
878	16200	26100
879	7200	30600
880	19800	27000
881	19800	27000
882	7200	30600
883	7200	30600
884	7200	30600
885	23400	30600
886	19800	27000
887	19800	27000
888	7200	30600
889	16200	27000
890	16200	27000
891	7200	30600
892	7200	30600
893	23400	30600
894	23400	29700
895	23400	30600
896	23400	30600
897	19800	27000
898	23400	30600
899	19800	27000
900	23400	30600
901	23400	30600
902	7200	30600
903	16200	27000
904	19800	27000
905	16200	27000
906	19800	27000
907	23400	30600
908	16200	27000
909	19800	27000
910	19800	27000
911	19800	27000
912	16200	27000
913	7200	30600
914	7200	30600
915	23400	30600
916	23400	29700
917	16200	27000
918	23400	30600
919	7200	30600
920	23400	30600
921	7200	30600
922	23400	30600
923	23400	30600
924	7200	30600
925	23400	30600
926	23400	30600
927	7200	30600
928	23400	30600
929	7200	30600
930	23400	30600
931	7200	30600
932	23400	30600
933	7200	30600
934	23400	30600
935	23400	30600
936	7200	30600
937	23400	30600
938	7200	30600
939	23400	30600
940	7200	30600
941	7200	30600
942	7200	30600
943	23400	30600
944	7200	30600
945	7200	30600
946	23400	30600
947	23400	30600
948	7200	30600
949	23400	30600
950	23400	30600
951	23400	30600
952	23400	30600
953	7200	30600
954	7200	30600
955	7200	30600
956	23400	30600
957	23400	30600
958	23400	30600
959	7200	30600
960	23400	29700
961	23400	30600
RELEASE_TIME_SECTION
1	0
2	5400
3	5400
4	5400
5	5400
6	5400
7	5400
8	5400
9	5400
10	5400
11	5400
12	5400
13	5400
14	5400
15	5400
16	5400
17	5400
18	5400
19	5400
20	5400
21	5400
22	5400
23	5400
24	5400
25	5400
26	5400
27	5400
28	5400
29	5400
30	5400
31	5400
32	5400
33	5400
34	5400
35	5400
36	5400
37	5400
38	5400
39	5400
40	5400
41	5400
42	5400
43	5400
44	5400
45	5400
46	5400
47	5400
48	5400
49	5400
50	5400
51	5400
52	5400
53	5400
54	5400
55	5400
56	5400
57	5400
58	5400
59	5400
60	5400
61	5400
62	5400
63	5400
64	5400
65	5400
66	5400
67	5400
68	5400
69	5400
70	5400
71	5400
72	5400
73	5400
74	5400
75	5400
76	5400
77	5400
78	5400
79	5400
80	5400
81	5400
82	5400
83	5400
84	5400
85	5400
86	5400
87	5400
88	5400
89	5400
90	5400
91	5400
92	5400
93	5400
94	5400
95	5400
96	5400
97	5400
98	5400
99	5400
100	5400
101	5400
102	7200
103	7200
104	7200
105	7200
106	7200
107	7200
108	7200
109	7200
110	7200
111	7200
112	7200
113	7200
114	7200
115	7200
116	7200
117	7200
118	7200
119	7200
120	7200
121	7200
122	7200
123	7200
124	7200
125	7200
126	7200
127	7200
128	7200
129	7200
130	7200
131	7200
132	7200
133	7200
134	7200
135	7200
136	7200
137	7200
138	7200
139	7200
140	7200
141	7200
142	7200
143	7200
144	7200
145	7200
146	7200
147	7200
148	7200
149	7200
150	7200
151	7200
152	7200
153	7200
154	7200
155	7200
156	7200
157	7200
158	7200
159	7200
160	7200
161	7200
162	7200
163	7200
164	7200
165	7200
166	7200
167	7200
168	7200
169	7200
170	7200
171	7200
172	7200
173	7200
174	7200
175	7200
176	7200
177	7200
178	7200
179	7200
180	7200
181	7200
182	7200
183	7200
184	7200
185	7200
186	7200
187	7200
188	7200
189	7200
190	7200
191	7200
192	7200
193	7200
194	7200
195	7200
196	7200
197	7200
198	7200
199	7200
200	7200
201	7200
202	9000
203	9000
204	9000
205	9000
206	9000
207	9000
208	9000
209	9000
210	9000
211	9000
212	9000
213	9000
214	9000
215	9000
216	9000
217	9000
218	9000
219	9000
220	9000
221	9000
222	9000
223	9000
224	9000
225	9000
226	9000
227	9000
228	9000
229	9000
230	9000
231	9000
232	9000
233	9000
234	9000
235	9000
236	9000
237	9000
238	9000
239	9000
240	9000
241	9000
242	9000
243	9000
244	9000
245	9000
246	9000
247	9000
248	9000
249	9000
250	9000
251	9000
252	9000
253	9000
254	9000
255	9000
256	9000
257	9000
258	9000
259	9000
260	9000
261	9000
262	9000
263	9000
264	9000
265	9000
266	9000
267	9000
268	9000
269	9000
270	9000
271	9000
272	9000
273	9000
274	9000
275	9000
276	9000
277	9000
278	9000
279	9000
280	9000
281	9000
282	9000
283	9000
284	9000
285	9000
286	9000
287	9000
288	9000
289	9000
290	9000
291	9000
292	9000
293	9000
294	9000
295	9000
296	9000
297	9000
298	9000
299	9000
300	10800
301	10800
302	10800
303	10800
304	10800
305	10800
306	10800
307	10800
308	10800
309	10800
310	10800
311	10800
312	10800
313	10800
314	10800
315	10800
316	10800
317	10800
318	10800
319	10800
320	10800
321	10800
322	10800
323	10800
324	10800
325	10800
326	10800
327	10800
328	10800
329	10800
330	10800
331	10800
332	10800
333	10800
334	10800
335	10800
336	10800
337	10800
338	10800
339	10800
340	10800
341	10800
342	10800
343	10800
344	10800
345	10800
346	10800
347	10800
348	10800
349	10800
350	10800
351	10800
352	10800
353	10800
354	10800
355	10800
356	10800
357	10800
358	10800
359	10800
360	10800
361	10800
362	10800
363	10800
364	10800
365	10800
366	10800
367	10800
368	10800
369	10800
370	10800
371	10800
372	10800
373	10800
374	10800
375	10800
376	10800
377	10800
378	10800
379	10800
380	10800
381	10800
382	10800
383	10800
384	10800
385	10800
386	10800
387	10800
388	10800
389	10800
390	10800
391	12600
392	12600
393	12600
394	12600
395	12600
396	12600
397	12600
398	12600
399	12600
400	12600
401	12600
402	12600
403	12600
404	12600
405	12600
406	12600
407	12600
408	12600
409	12600
410	12600
411	12600
412	12600
413	12600
414	12600
415	12600
416	12600
417	12600
418	12600
419	12600
420	12600
421	12600
422	12600
423	12600
424	12600
425	12600
426	12600
427	12600
428	12600
429	12600
430	12600
431	12600
432	12600
433	12600
434	12600
435	12600
436	12600
437	12600
438	12600
439	12600
440	12600
441	12600
442	12600
443	12600
444	12600
445	12600
446	12600
447	12600
448	12600
449	12600
450	12600
451	12600
452	12600
453	12600
454	12600
455	12600
456	12600
457	12600
458	12600
459	12600
460	12600
461	12600
462	12600
463	12600
464	12600
465	12600
466	12600
467	12600
468	12600
469	12600
470	12600
471	12600
472	12600
473	12600
474	12600
475	14400
476	14400
477	14400
478	14400
479	14400
480	14400
481	14400
482	14400
483	14400
484	14400
485	14400
486	14400
487	14400
488	14400
489	14400
490	14400
491	14400
492	14400
493	14400
494	14400
495	14400
496	14400
497	14400
498	14400
499	14400
500	14400
501	14400
502	14400
503	14400
504	14400
505	14400
506	14400
507	14400
508	14400
509	14400
510	14400
511	14400
512	14400
513	14400
514	14400
515	14400
516	14400
517	14400
518	14400
519	14400
520	14400
521	14400
522	14400
523	14400
524	14400
525	14400
526	14400
527	14400
528	14400
529	14400
530	14400
531	14400
532	14400
533	14400
534	14400
535	14400
536	14400
537	14400
538	14400
539	14400
540	14400
541	14400
542	14400
543	14400
544	14400
545	14400
546	14400
547	14400
548	14400
549	14400
550	14400
551	14400
552	14400
553	14400
554	14400
555	14400
556	16200
557	16200
558	16200
559	16200
560	16200
561	16200
562	16200
563	16200
564	16200
565	16200
566	16200
567	16200
568	16200
569	16200
570	16200
571	16200
572	16200
573	16200
574	16200
575	16200
576	16200
577	16200
578	16200
579	16200
580	16200
581	16200
582	16200
583	16200
584	16200
585	16200
586	16200
587	16200
588	16200
589	16200
590	16200
591	16200
592	16200
593	16200
594	16200
595	16200
596	16200
597	16200
598	16200
599	16200
600	16200
601	16200
602	16200
603	16200
604	16200
605	16200
606	16200
607	16200
608	16200
609	16200
610	16200
611	16200
612	16200
613	16200
614	16200
615	16200
616	16200
617	16200
618	16200
619	16200
620	16200
621	16200
622	16200
623	16200
624	16200
625	16200
626	16200
627	16200
628	16200
629	16200
630	16200
631	16200
632	16200
633	16200
634	16200
635	16200
636	16200
637	16200
638	16200
639	18000
640	18000
641	18000
642	18000
643	18000
644	18000
645	18000
646	18000
647	18000
648	18000
649	18000
650	18000
651	18000
652	18000
653	18000
654	18000
655	18000
656	18000
657	18000
658	18000
659	18000
660	18000
661	18000
662	18000
663	18000
664	18000
665	18000
666	18000
667	18000
668	18000
669	18000
670	18000
671	18000
672	18000
673	18000
674	18000
675	18000
676	18000
677	18000
678	18000
679	18000
680	18000
681	18000
682	18000
683	18000
684	18000
685	18000
686	18000
687	18000
688	18000
689	18000
690	18000
691	18000
692	18000
693	18000
694	18000
695	18000
696	18000
697	18000
698	18000
699	18000
700	18000
701	18000
702	18000
703	18000
704	18000
705	18000
706	18000
707	18000
708	18000
709	18000
710	19800
711	19800
712	19800
713	19800
714	19800
715	19800
716	19800
717	19800
718	19800
719	19800
720	19800
721	19800
722	19800
723	19800
724	19800
725	19800
726	19800
727	19800
728	19800
729	19800
730	19800
731	19800
732	19800
733	19800
734	19800
735	19800
736	19800
737	19800
738	19800
739	19800
740	19800
741	19800
742	19800
743	19800
744	19800
745	19800
746	19800
747	19800
748	19800
749	19800
750	19800
751	19800
752	19800
753	19800
754	19800
755	19800
756	19800
757	19800
758	19800
759	19800
760	19800
761	19800
762	19800
763	19800
764	19800
765	19800
766	19800
767	19800
768	19800
769	19800
770	19800
771	19800
772	21600
773	21600
774	21600
775	21600
776	21600
777	21600
778	21600
779	21600
780	21600
781	21600
782	21600
783	21600
784	21600
785	21600
786	21600
787	21600
788	21600
789	21600
790	21600
791	21600
792	21600
793	21600
794	21600
795	21600
796	21600
797	21600
798	21600
799	21600
800	21600
801	21600
802	21600
803	21600
804	21600
805	21600
806	21600
807	21600
808	21600
809	21600
810	21600
811	21600
812	21600
813	21600
814	21600
815	21600
816	21600
817	21600
818	21600
819	21600
820	21600
821	21600
822	21600
823	21600
824	21600
825	21600
826	21600
827	21600
828	21600
829	23400
830	23400
831	23400
832	23400
833	23400
834	23400
835	23400
836	23400
837	23400
838	23400
839	23400
840	23400
841	23400
842	23400
843	23400
844	23400
845	23400
846	23400
847	23400
848	23400
849	23400
850	23400
851	23400
852	23400
853	23400
854	23400
855	23400
856	23400
857	23400
858	23400
859	23400
860	23400
861	23400
862	23400
863	23400
864	23400
865	23400
866	23400
867	23400
868	23400
869	23400
870	23400
871	23400
872	23400
873	23400
874	23400
875	23400
876	23400
877	23400
878	23400
879	23400
880	23400
881	23400
882	23400
883	25200
884	25200
885	25200
886	25200
887	25200
888	25200
889	25200
890	25200
891	25200
892	25200
893	25200
894	25200
895	25200
896	25200
897	25200
898	25200
899	25200
900	25200
901	25200
902	25200
903	25200
904	25200
905	25200
906	25200
907	25200
908	25200
909	25200
910	25200
911	25200
912	25200
913	25200
914	25200
915	25200
916	25200
917	25200
918	27000
919	27000
920	27000
921	27000
922	27000
923	27000
924	27000
925	27000
926	27000
927	27000
928	27000
929	27000
930	27000
931	27000
932	27000
933	27000
934	27000
935	27000
936	27000
937	27000
938	27000
939	27000
940	27000
941	27000
942	27000
943	27000
944	28800
945	28800
946	28800
947	28800
948	28800
949	28800
950	28800
951	28800
952	28800
953	28800
954	28800
955	28800
956	28800
957	28800
958	28800
959	28800
960	28800
961	28800
EOF
