NAME : ORTEC-VRPTW-ASYM-b3059fbe-d1-n830
TYPE : VRPTW-RT
DIMENSION : 831
EDGE_WEIGHT_TYPE : EUC_2D
CAPACITY : 135
NODE_COORD_SECTION
1	0	4286
2	3943	3579
3	3110	2029
4	2823	2342
5	3468	2235
6	2483	2434
7	3536	4520
8	4526	4149
9	3388	2529
10	2856	2590
11	4184	3514
12	3804	3349
13	4035	3355
14	3511	3163
15	3990	2773
16	4205	3832
17	3494	3461
18	4282	3403
19	4119	3356
20	3308	3209
21	4488	3102
22	2826	2130
23	3634	3714
24	4325	3367
25	4278	2731
26	4007	3436
27	4935	3819
28	3585	3281
29	4963	3438
30	3906	3122
31	3494	3461
32	2799	2760
33	3177	2709
34	4372	4547
35	5197	3771
36	5026	3344
37	3302	3358
38	4668	4618
39	2112	2776
40	3749	2920
41	3695	2497
42	3582	2490
43	4907	3532
44	3260	2907
45	4602	4622
46	3373	2618
47	3710	1843
48	3393	1975
49	5241	3324
50	3218	2618
51	4744	3359
52	3906	3122
53	2921	3102
54	3514	3201
55	4864	3198
56	4213	3751
57	3860	3754
58	3341	3211
59	3260	3609
60	4195	3494
61	3804	3349
62	3683	2476
63	3090	3540
64	3384	3530
65	3543	3186
66	3804	3919
67	3197	2814
68	3370	3076
69	4045	3677
70	4918	3859
71	3393	1975
72	3030	3510
73	2483	2434
74	3695	2497
75	3447	2937
76	3769	3350
77	2869	2561
78	5135	3527
79	4488	3102
80	3196	3333
81	2461	2434
82	4325	3367
83	3691	3100
84	3318	2541
85	4446	3162
86	3769	3350
87	3368	3317
88	3511	3163
89	3272	2375
90	3999	2765
91	3537	3230
92	2679	2730
93	2869	2561
94	2294	2437
95	3137	2315
96	4004	2759
97	3608	3074
98	2874	3012
99	5053	3815
100	3030	3510
101	2816	2630
102	4427	3484
103	3531	2623
104	3358	2837
105	3893	2478
106	3482	2930
107	4325	3367
108	3370	3076
109	3345	3065
110	4084	3363
111	3172	3247
112	4338	2789
113	3601	3298
114	3960	3534
115	3788	4257
116	4982	4046
117	5135	3527
118	3511	3163
119	2389	2437
120	3585	3281
121	3845	3239
122	3218	2048
123	3177	2709
124	3406	3556
125	3543	3186
126	4676	3983
127	3120	2775
128	3959	2389
129	3689	3357
130	3324	2827
131	4982	4046
132	3531	2623
133	4007	3436
134	3860	3754
135	4039	3838
136	3237	3003
137	3635	2841
138	3513	3385
139	4035	3355
140	3197	2814
141	3906	3122
142	3435	4524
143	4342	3417
144	2826	2130
145	3658	2639
146	2622	2852
147	5135	3527
148	5335	3774
149	2973	2914
150	2758	2466
151	3600	3855
152	4325	3367
153	3669	3190
154	2845	2753
155	3278	3135
156	4321	4531
157	3000	2987
158	3473	1860
159	4325	3367
160	2461	2434
161	3531	2623
162	1556	2785
163	3410	1874
164	5026	3344
165	3514	3201
166	3845	3239
167	3640	3177
168	3090	3540
169	5348	3660
170	3137	2315
171	3349	2241
172	5502	3042
173	3370	3076
174	2294	2437
175	3866	2507
176	3940	3121
177	3258	2582
178	4138	3938
179	4026	2450
180	3063	3334
181	4861	3181
182	3511	3163
183	3310	2699
184	3218	2618
185	3788	4257
186	3077	2926
187	5172	3580
188	5241	3324
189	3749	2920
190	2816	2630
191	4184	3514
192	2854	3275
193	3601	3298
194	3906	3122
195	3747	3354
196	3447	2937
197	4035	3355
198	3562	2792
199	4704	3886
200	3283	3385
201	4101	3516
202	4164	3293
203	3280	2926
204	2314	2346
205	4316	2803
206	2845	2753
207	3349	2241
208	4194	3056
209	3260	2907
210	4488	3102
211	4446	3162
212	3196	3333
213	4861	3181
214	4406	2544
215	3512	2267
216	3075	3343
217	3905	2643
218	3875	3445
219	2856	2590
220	3748	3707
221	3904	3278
222	5000	3595
223	3465	4576
224	3770	3259
225	4004	2759
226	2810	2885
227	3860	3754
228	3330	3205
229	3647	3492
230	3710	1843
231	3308	2315
232	3431	3440
233	4406	2544
234	2826	2130
235	5000	3595
236	1556	2785
237	4123	3463
238	2943	3066
239	4282	3403
240	3077	2986
241	2428	2676
242	4966	4201
243	2845	2753
244	3137	2315
245	3468	2235
246	5000	3595
247	3121	2951
248	3702	2701
249	3450	2706
250	3172	3247
251	3511	3163
252	3330	3205
253	4856	3748
254	4325	3367
255	2907	3321
256	3999	2765
257	2816	2630
258	4986	4033
259	3105	3130
260	3828	2633
261	2856	2590
262	4104	1972
263	2456	2677
264	4000	3343
265	3845	3239
266	4163	3466
267	3531	2623
268	3904	3278
269	5172	3580
270	3940	3121
271	5348	3660
272	3063	3334
273	3370	3076
274	3334	2120
275	4000	3343
276	3110	2573
277	3514	3201
278	3407	2928
279	3511	3163
280	4163	3466
281	4173	3228
282	3174	3751
283	2856	2590
284	3345	3065
285	3075	3343
286	4205	3832
287	4907	3532
288	4325	3367
289	3105	3130
290	3196	3333
291	4982	4046
292	3683	2476
293	4039	3838
294	4026	2450
295	4621	3612
296	5270	3127
297	2797	3061
298	3218	2618
299	3531	2623
300	4582	3847
301	3711	3462
302	3373	2618
303	4505	3121
304	4045	3677
305	4427	3484
306	3088	3511
307	4602	4622
308	3608	3547
309	3090	3540
310	3077	2986
311	3904	3278
312	3543	3186
313	2892	2991
314	3308	2315
315	3710	1843
316	3683	2476
317	3373	2618
318	3430	3211
319	3310	2699
320	4152	3846
321	3296	3700
322	3030	3510
323	4488	3102
324	3239	2470
325	5335	3774
326	3400	3116
327	3377	3178
328	3608	3074
329	3600	3855
330	3030	3510
331	3959	2389
332	3647	3492
333	3845	3239
334	2520	2432
335	5502	3042
336	4217	3308
337	3205	2978
338	3710	1843
339	4285	3365
340	3331	3152
341	3315	2447
342	3412	2380
343	3296	3700
344	3341	3211
345	4217	3308
346	3000	2987
347	3199	2916
348	3213	3502
349	3318	2541
350	2428	2676
351	4035	3355
352	4342	3417
353	3435	4524
354	3522	3509
355	2874	3012
356	3324	2827
357	4282	3403
358	3218	2618
359	4856	3748
360	4051	3331
361	3893	2478
362	3562	2792
363	3173	2989
364	3658	2639
365	3494	3461
366	3658	2908
367	5026	3325
368	4205	3832
369	3334	2120
370	4017	2604
371	3594	3133
372	3875	3445
373	3890	3454
374	3940	3121
375	3239	2470
376	2622	2852
377	2104	2383
378	3332	3159
379	3258	2582
380	3831	2540
381	3431	3440
382	2104	2383
383	3804	3919
384	4329	2841
385	3601	3298
386	3430	3211
387	5348	3660
388	4007	3436
389	3893	2478
390	4195	3494
391	3218	2048
392	3090	3540
393	3030	3510
394	2845	2753
395	4332	3291
396	3711	3462
397	3280	2926
398	2872	2913
399	3090	3540
400	3278	3135
401	4415	3614
402	3314	2990
403	4526	4149
404	4332	3291
405	3341	3211
406	3407	2928
407	2679	2730
408	3407	2928
409	3691	3100
410	2854	3275
411	3747	3354
412	5026	3344
413	3332	3159
414	4682	3262
415	4184	3514
416	4731	4143
417	4058	4761
418	3388	2529
419	3905	2643
420	3463	2989
421	4234	3298
422	2788	3149
423	2872	2913
424	3582	2490
425	4704	3886
426	3600	3855
427	4262	2581
428	2854	3275
429	3173	2989
430	3960	3534
431	2461	2434
432	2874	3012
433	3400	3116
434	3702	2701
435	3077	2986
436	2869	2561
437	3799	3233
438	3511	3163
439	2758	2466
440	2849	2885
441	5335	3774
442	3514	3201
443	4602	4622
444	2881	3038
445	4234	3298
446	2870	3341
447	3582	2490
448	2827	2694
449	3901	3060
450	3749	2920
451	4530	4003
452	2989	2960
453	3137	2315
454	3084	2966
455	4963	3438
456	4278	2731
457	3314	2990
458	4373	3536
459	3332	3159
460	3388	2529
461	2849	2885
462	4848	3507
463	3199	2916
464	4272	3663
465	4523	3581
466	3296	3700
467	3594	3133
468	3368	3344
469	3906	3122
470	3105	3130
471	3296	3358
472	2870	3341
473	4140	3040
474	3077	2926
475	3669	3190
476	2872	2913
477	5502	3042
478	4152	3846
479	3522	3509
480	2788	3149
481	2537	2874
482	4918	3859
483	3845	3239
484	4848	3507
485	3510	3222
486	3905	2643
487	2739	2406
488	2827	2694
489	2849	2885
490	3601	3298
491	3943	3579
492	3494	3461
493	2702	3162
494	3542	3135
495	3512	2267
496	4306	3029
497	5245	3070
498	3468	2235
499	5241	3324
500	4704	3886
501	2705	2171
502	3536	4520
503	3199	2916
504	3636	2620
505	2294	2437
506	4458	3372
507	4526	4149
508	3751	2493
509	2881	3038
510	4184	3514
511	3349	2241
512	4205	3832
513	4682	3262
514	3689	3357
515	5026	3344
516	2849	2885
517	3327	2680
518	3430	3211
519	4918	3859
520	4350	3754
521	1556	2785
522	3373	2618
523	3349	3247
524	4278	2731
525	3943	3164
526	4000	3343
527	3196	4227
528	3063	3334
529	3511	3163
530	3218	2618
531	3237	3003
532	4119	3356
533	4285	3365
534	4081	2674
535	4051	3331
536	3702	2701
537	3121	2951
538	3600	3855
539	4372	4547
540	3368	3317
541	3287	3174
542	3804	3349
543	3296	3700
544	3594	3133
545	3315	2447
546	4986	4033
547	3077	2986
548	4017	2604
549	3635	2841
550	3979	2721
551	2104	2383
552	4163	3466
553	3384	3530
554	3218	2048
555	3296	3700
556	3542	3135
557	3804	3349
558	3710	1843
559	3105	3130
560	4035	3355
561	3608	3074
562	3087	3030
563	3292	2902
564	3283	3385
565	3196	4227
566	3747	3354
567	3990	2773
568	3377	3178
569	4963	3438
570	3804	3349
571	3278	3135
572	3600	3855
573	2983	3191
574	3636	2620
575	3471	3000
576	3542	3135
577	3465	4576
578	3979	2721
579	3000	2987
580	4081	2674
581	4982	4046
582	3979	2721
583	3289	1956
584	4505	3121
585	3468	2235
586	3447	1862
587	3315	2447
588	4163	3466
589	4861	3181
590	2854	3275
591	3601	3298
592	4101	3516
593	3992	2427
594	2870	3341
595	3608	3074
596	3368	3317
597	3302	3358
598	5135	3527
599	3471	3000
600	4058	4761
601	2849	2885
602	3102	2384
603	4373	3536
604	3749	2920
605	3345	3065
606	3512	2267
607	3468	2235
608	3447	1862
609	3536	4520
610	4864	3198
611	3377	3178
612	3463	2989
613	3695	2497
614	3542	3135
615	4084	3363
616	4173	3228
617	3196	3333
618	3430	3211
619	4438	2653
620	4017	2604
621	3536	4520
622	3314	2990
623	4081	2674
624	4526	4149
625	4427	3484
626	4856	3748
627	5026	3325
628	4039	3838
629	5172	3580
630	2826	2130
631	2826	2130
632	4332	3291
633	4205	3832
634	3866	2507
635	4084	3363
636	3788	3208
637	4415	3614
638	4415	3614
639	2788	3149
640	3640	3177
641	3901	3060
642	4138	3938
643	3658	2639
644	2892	2991
645	3310	2699
646	3510	3222
647	4058	4761
648	4045	3677
649	3804	3349
650	2461	2434
651	3332	3159
652	3331	3152
653	3904	3278
654	3999	2765
655	4608	3336
656	4045	3677
657	3901	3060
658	2943	3066
659	2456	2677
660	3410	1874
661	5172	3580
662	2788	3149
663	3410	3186
664	3345	3065
665	3410	1874
666	2797	3061
667	4164	3293
668	4986	4033
669	3330	3205
670	2874	3012
671	3199	2916
672	3640	3177
673	3901	3060
674	3120	2775
675	2799	2760
676	3407	2928
677	4329	2841
678	2810	2885
679	4278	2731
680	3683	2476
681	3172	3247
682	5335	3774
683	3260	2907
684	4138	3938
685	3943	3164
686	2827	2694
687	3748	3707
688	3153	3269
689	4306	3029
690	3513	3385
691	2869	2561
692	4000	3343
693	3153	3269
694	3635	2841
695	4306	3029
696	3860	3754
697	3315	2447
698	2870	3341
699	3999	2765
700	2893	3176
701	3541	3016
702	3634	3714
703	3770	3259
704	3635	2841
705	3940	3121
706	4406	2544
707	4026	2450
708	1556	2785
709	2112	2776
710	4963	3438
711	3315	2447
712	2456	2677
713	4621	3612
714	4101	3516
715	4682	3262
716	1556	2785
717	4963	3438
718	3373	2618
719	3751	2493
720	2104	2383
721	3110	2029
722	3687	2473
723	4505	3121
724	2294	2437
725	3582	2490
726	3797	2449
727	3514	3201
728	2893	3176
729	3023	3044
730	3327	2680
731	3804	3919
732	2856	2590
733	3292	2902
734	5274	3200
735	3205	2978
736	3407	2928
737	4239	2368
738	3990	2773
739	3239	2470
740	3046	2981
741	3423	3325
742	3239	2470
743	2849	2885
744	4332	3291
745	3231	3438
746	2788	3149
747	3120	2775
748	2827	2694
749	3308	3209
750	4234	3298
751	3465	4576
752	3751	2493
753	5053	3815
754	4415	3614
755	3494	3461
756	3332	3159
757	4239	2368
758	2869	2561
759	5026	3344
760	3447	2937
761	3388	2529
762	3940	3121
763	3412	2380
764	2907	3321
765	3302	3358
766	3691	3100
767	3799	3233
768	2937	3131
769	3110	2573
770	2827	2694
771	3582	2490
772	1988	2673
773	3435	4524
774	3512	2267
775	4446	3162
776	3410	3186
777	3063	3334
778	3310	2699
779	3077	2926
780	3120	2775
781	3536	4520
782	3177	2709
783	4262	2581
784	4676	3983
785	2799	2760
786	4035	3355
787	3683	2476
788	4184	3514
789	1988	2673
790	3541	3570
791	4500	3586
792	3314	2990
793	2428	2676
794	4138	3938
795	3788	3208
796	3102	2384
797	3289	1956
798	2150	2281
799	2314	2346
800	3828	2633
801	4458	3372
802	3711	3462
803	4338	2789
804	2989	2960
805	4035	3355
806	2810	2885
807	5053	3815
808	2893	3176
809	4966	4201
810	4458	3372
811	3331	3152
812	2869	2561
813	3205	2978
814	3683	2476
815	2823	2342
816	3331	3152
817	3400	3116
818	2893	3176
819	3153	3269
820	3866	2507
821	3400	3116
822	3410	3186
823	4731	4143
824	3658	2908
825	4321	4531
826	3890	3325
827	3450	2706
828	3177	2709
829	3531	3113
830	3447	2937
831	2826	2130
DEMAND_SECTION
1	0
2	8
3	6
4	8
5	9
6	11
7	4
8	5
9	11
10	5
11	9
12	5
13	10
14	3
15	6
16	4
17	5
18	5
19	9
20	4
21	5
22	6
23	7
24	8
25	5
26	6
27	8
28	6
29	8
30	8
31	3
32	4
33	13
34	5
35	6
36	3
37	7
38	6
39	7
40	7
41	7
42	5
43	7
44	12
45	4
46	5
47	15
48	5
49	5
50	11
51	5
52	4
53	6
54	10
55	3
56	9
57	12
58	13
59	13
60	16
61	7
62	4
63	6
64	9
65	3
66	8
67	6
68	4
69	5
70	4
71	7
72	4
73	5
74	5
75	13
76	7
77	7
78	7
79	7
80	7
81	6
82	5
83	6
84	9
85	23
86	8
87	4
88	7
89	4
90	4
91	3
92	9
93	8
94	7
95	9
96	7
97	4
98	6
99	5
100	6
101	3
102	6
103	4
104	15
105	4
106	10
107	9
108	6
109	7
110	15
111	4
112	7
113	7
114	5
115	9
116	6
117	4
118	5
119	9
120	6
121	12
122	8
123	7
124	6
125	7
126	4
127	4
128	6
129	7
130	7
131	6
132	6
133	10
134	4
135	8
136	4
137	6
138	10
139	4
140	9
141	9
142	7
143	3
144	6
145	5
146	4
147	5
148	5
149	6
150	6
151	7
152	4
153	8
154	6
155	5
156	5
157	6
158	12
159	5
160	8
161	5
162	4
163	7
164	4
165	5
166	9
167	13
168	3
169	8
170	6
171	7
172	6
173	9
174	6
175	6
176	5
177	3
178	20
179	7
180	6
181	3
182	5
183	4
184	4
185	7
186	3
187	4
188	6
189	6
190	4
191	4
192	4
193	7
194	7
195	5
196	6
197	7
198	4
199	12
200	6
201	4
202	6
203	5
204	7
205	5
206	6
207	7
208	8
209	3
210	10
211	4
212	7
213	4
214	4
215	6
216	6
217	5
218	5
219	4
220	5
221	6
222	8
223	4
224	9
225	16
226	9
227	17
228	5
229	4
230	4
231	5
232	5
233	5
234	3
235	7
236	7
237	4
238	6
239	5
240	4
241	6
242	3
243	6
244	7
245	4
246	18
247	7
248	5
249	4
250	5
251	4
252	11
253	8
254	7
255	10
256	6
257	7
258	8
259	12
260	5
261	8
262	9
263	3
264	5
265	4
266	3
267	6
268	5
269	16
270	8
271	6
272	5
273	7
274	15
275	8
276	13
277	6
278	9
279	5
280	16
281	3
282	6
283	5
284	9
285	4
286	6
287	4
288	23
289	8
290	4
291	11
292	4
293	3
294	6
295	4
296	5
297	8
298	4
299	4
300	5
301	5
302	3
303	13
304	5
305	22
306	8
307	5
308	6
309	5
310	7
311	5
312	7
313	5
314	6
315	5
316	5
317	5
318	3
319	9
320	8
321	5
322	5
323	4
324	3
325	7
326	4
327	8
328	8
329	6
330	4
331	3
332	5
333	4
334	4
335	8
336	6
337	5
338	13
339	8
340	7
341	7
342	4
343	5
344	4
345	4
346	11
347	20
348	9
349	9
350	4
351	17
352	16
353	11
354	12
355	7
356	6
357	4
358	7
359	5
360	15
361	3
362	5
363	4
364	16
365	4
366	6
367	10
368	5
369	5
370	4
371	6
372	6
373	6
374	7
375	4
376	6
377	3
378	9
379	6
380	5
381	5
382	6
383	5
384	5
385	10
386	7
387	13
388	12
389	13
390	5
391	4
392	4
393	3
394	9
395	4
396	4
397	5
398	3
399	4
400	4
401	8
402	9
403	8
404	5
405	6
406	12
407	4
408	5
409	5
410	5
411	4
412	23
413	7
414	6
415	8
416	8
417	5
418	5
419	7
420	4
421	9
422	4
423	4
424	4
425	3
426	11
427	7
428	9
429	6
430	5
431	4
432	6
433	5
434	6
435	5
436	4
437	5
438	8
439	6
440	5
441	8
442	10
443	7
444	4
445	14
446	9
447	4
448	5
449	7
450	4
451	6
452	5
453	10
454	3
455	6
456	9
457	3
458	5
459	3
460	5
461	7
462	7
463	5
464	4
465	6
466	7
467	10
468	8
469	5
470	4
471	4
472	12
473	5
474	9
475	23
476	4
477	4
478	4
479	8
480	5
481	5
482	4
483	7
484	12
485	7
486	4
487	10
488	18
489	7
490	4
491	4
492	4
493	4
494	9
495	9
496	8
497	4
498	5
499	7
500	3
501	9
502	6
503	9
504	22
505	4
506	6
507	4
508	7
509	7
510	7
511	6
512	5
513	3
514	4
515	5
516	3
517	6
518	4
519	15
520	7
521	6
522	5
523	13
524	3
525	6
526	5
527	11
528	4
529	4
530	5
531	8
532	12
533	5
534	5
535	3
536	4
537	4
538	12
539	17
540	10
541	8
542	5
543	23
544	3
545	10
546	4
547	5
548	6
549	4
550	11
551	9
552	4
553	6
554	4
555	5
556	5
557	5
558	4
559	6
560	6
561	5
562	16
563	22
564	5
565	9
566	5
567	4
568	8
569	4
570	5
571	4
572	3
573	5
574	4
575	8
576	7
577	4
578	5
579	5
580	6
581	3
582	7
583	6
584	8
585	4
586	13
587	6
588	5
589	5
590	4
591	20
592	6
593	5
594	10
595	11
596	3
597	4
598	9
599	7
600	3
601	6
602	14
603	4
604	6
605	12
606	23
607	5
608	4
609	16
610	4
611	10
612	5
613	4
614	6
615	14
616	10
617	6
618	5
619	5
620	7
621	7
622	8
623	15
624	3
625	10
626	5
627	8
628	15
629	5
630	3
631	4
632	5
633	8
634	15
635	5
636	7
637	3
638	5
639	7
640	5
641	7
642	8
643	7
644	10
645	4
646	4
647	7
648	4
649	5
650	9
651	3
652	5
653	7
654	7
655	5
656	6
657	7
658	5
659	6
660	5
661	5
662	4
663	4
664	5
665	5
666	4
667	13
668	6
669	3
670	5
671	6
672	8
673	4
674	9
675	5
676	11
677	5
678	8
679	7
680	7
681	3
682	7
683	3
684	4
685	5
686	3
687	6
688	8
689	5
690	5
691	7
692	4
693	4
694	4
695	7
696	6
697	4
698	8
699	3
700	5
701	5
702	9
703	5
704	5
705	8
706	7
707	5
708	6
709	11
710	9
711	4
712	5
713	9
714	11
715	5
716	5
717	6
718	8
719	4
720	4
721	8
722	6
723	5
724	5
725	5
726	5
727	5
728	4
729	13
730	4
731	9
732	7
733	4
734	6
735	7
736	7
737	4
738	6
739	13
740	9
741	5
742	3
743	4
744	5
745	5
746	6
747	5
748	4
749	5
750	5
751	6
752	5
753	9
754	4
755	4
756	7
757	3
758	7
759	6
760	5
761	5
762	4
763	23
764	4
765	7
766	8
767	5
768	4
769	10
770	6
771	9
772	3
773	6
774	8
775	8
776	13
777	20
778	6
779	4
780	14
781	23
782	5
783	8
784	5
785	9
786	4
787	6
788	8
789	8
790	8
791	7
792	5
793	4
794	9
795	4
796	5
797	4
798	4
799	9
800	4
801	4
802	7
803	7
804	4
805	5
806	3
807	5
808	5
809	7
810	3
811	7
812	4
813	6
814	4
815	5
816	9
817	6
818	4
819	5
820	11
821	10
822	3
823	5
824	8
825	8
826	22
827	5
828	4
829	4
830	11
831	10
DEPOT_SECTION
1
-1
SERVICE_TIME_SECTION
1	0
2	720
3	420
4	660
5	240
6	600
7	300
8	840
9	240
10	300
11	1440
12	540
13	360
14	660
15	720
16	540
17	840
18	300
19	1860
20	480
21	300
22	540
23	540
24	840
25	300
26	780
27	720
28	660
29	360
30	600
31	480
32	360
33	780
34	660
35	240
36	540
37	720
38	1200
39	600
40	720
41	540
42	660
43	660
44	960
45	720
46	660
47	780
48	1200
49	600
50	600
51	600
52	600
53	360
54	600
55	360
56	600
57	420
58	780
59	600
60	360
61	660
62	360
63	840
64	720
65	360
66	360
67	660
68	780
69	360
70	1620
71	480
72	480
73	420
74	720
75	1200
76	660
77	1020
78	540
79	360
80	960
81	540
82	240
83	1140
84	600
85	300
86	420
87	300
88	360
89	300
90	300
91	660
92	420
93	600
94	720
95	360
96	540
97	360
98	960
99	360
100	600
101	540
102	240
103	600
104	600
105	600
106	360
107	540
108	480
109	480
110	420
111	720
112	540
113	480
114	420
115	480
116	240
117	420
118	600
119	660
120	300
121	960
122	840
123	540
124	420
125	540
126	720
127	540
128	660
129	480
130	720
131	780
132	360
133	480
134	660
135	720
136	480
137	600
138	1260
139	360
140	660
141	780
142	420
143	300
144	300
145	1200
146	600
147	720
148	540
149	660
150	480
151	720
152	480
153	660
154	660
155	360
156	420
157	780
158	720
159	540
160	960
161	720
162	540
163	720
164	840
165	1140
166	1080
167	1380
168	480
169	1020
170	480
171	780
172	360
173	540
174	1140
175	780
176	720
177	300
178	480
179	540
180	960
181	720
182	360
183	480
184	960
185	240
186	720
187	540
188	1200
189	600
190	360
191	540
192	660
193	480
194	780
195	660
196	360
197	300
198	840
199	720
200	540
201	1200
202	660
203	720
204	360
205	480
206	600
207	360
208	780
209	720
210	420
211	720
212	480
213	720
214	660
215	720
216	720
217	240
218	480
219	480
220	960
221	780
222	360
223	360
224	360
225	420
226	240
227	540
228	720
229	360
230	1380
231	720
232	660
233	780
234	540
235	600
236	600
237	720
238	300
239	480
240	660
241	480
242	480
243	300
244	480
245	540
246	480
247	240
248	420
249	780
250	420
251	420
252	600
253	660
254	480
255	780
256	420
257	1140
258	420
259	420
260	300
261	1200
262	420
263	1140
264	600
265	240
266	540
267	240
268	480
269	840
270	660
271	720
272	660
273	240
274	540
275	720
276	300
277	480
278	540
279	960
280	360
281	360
282	480
283	720
284	480
285	360
286	420
287	780
288	420
289	600
290	480
291	600
292	660
293	480
294	960
295	600
296	720
297	720
298	1320
299	360
300	720
301	600
302	360
303	480
304	360
305	360
306	240
307	780
308	420
309	720
310	600
311	240
312	540
313	300
314	480
315	840
316	840
317	540
318	540
319	420
320	360
321	420
322	540
323	600
324	420
325	540
326	780
327	480
328	660
329	600
330	360
331	780
332	300
333	1320
334	360
335	660
336	1140
337	480
338	420
339	1140
340	2040
341	420
342	420
343	660
344	540
345	720
346	360
347	300
348	300
349	480
350	720
351	780
352	720
353	540
354	1020
355	720
356	780
357	420
358	660
359	300
360	720
361	960
362	540
363	240
364	420
365	960
366	480
367	420
368	480
369	780
370	360
371	840
372	480
373	300
374	300
375	360
376	1140
377	240
378	1020
379	540
380	540
381	720
382	600
383	480
384	420
385	480
386	540
387	720
388	420
389	240
390	720
391	660
392	720
393	720
394	480
395	660
396	780
397	420
398	540
399	720
400	360
401	660
402	360
403	480
404	1140
405	480
406	420
407	720
408	600
409	1140
410	540
411	660
412	480
413	540
414	780
415	480
416	480
417	360
418	600
419	300
420	720
421	600
422	720
423	420
424	420
425	720
426	540
427	720
428	720
429	360
430	420
431	480
432	600
433	720
434	600
435	1080
436	1440
437	660
438	480
439	660
440	960
441	240
442	360
443	600
444	540
445	660
446	300
447	660
448	360
449	1020
450	420
451	1140
452	420
453	720
454	240
455	780
456	900
457	660
458	480
459	660
460	1440
461	780
462	300
463	660
464	420
465	840
466	540
467	360
468	600
469	660
470	480
471	420
472	420
473	420
474	360
475	540
476	720
477	540
478	300
479	1080
480	780
481	420
482	540
483	720
484	1080
485	300
486	780
487	540
488	480
489	540
490	600
491	480
492	600
493	720
494	420
495	960
496	240
497	300
498	600
499	600
500	660
501	420
502	840
503	360
504	960
505	720
506	600
507	420
508	600
509	360
510	720
511	720
512	660
513	720
514	480
515	780
516	480
517	480
518	480
519	720
520	420
521	600
522	240
523	540
524	600
525	660
526	240
527	240
528	480
529	660
530	480
531	600
532	720
533	540
534	600
535	720
536	360
537	780
538	360
539	420
540	780
541	360
542	300
543	840
544	420
545	660
546	360
547	360
548	300
549	360
550	600
551	480
552	360
553	960
554	720
555	1140
556	420
557	780
558	720
559	1140
560	1200
561	300
562	660
563	960
564	600
565	840
566	720
567	660
568	540
569	720
570	720
571	360
572	240
573	360
574	420
575	600
576	480
577	420
578	540
579	780
580	840
581	480
582	1140
583	420
584	600
585	360
586	600
587	1080
588	1320
589	1200
590	420
591	720
592	480
593	600
594	360
595	300
596	1620
597	780
598	360
599	480
600	660
601	480
602	420
603	300
604	480
605	480
606	720
607	540
608	720
609	540
610	540
611	660
612	1020
613	720
614	420
615	420
616	720
617	420
618	540
619	420
620	660
621	300
622	1140
623	360
624	660
625	960
626	660
627	480
628	540
629	720
630	720
631	480
632	360
633	1020
634	660
635	600
636	600
637	360
638	720
639	360
640	420
641	660
642	1260
643	540
644	1140
645	360
646	1020
647	300
648	360
649	420
650	360
651	780
652	660
653	600
654	540
655	600
656	300
657	780
658	480
659	720
660	600
661	660
662	660
663	600
664	480
665	600
666	720
667	480
668	600
669	540
670	840
671	660
672	660
673	600
674	720
675	360
676	1320
677	540
678	840
679	420
680	960
681	840
682	1140
683	720
684	540
685	720
686	540
687	660
688	540
689	480
690	540
691	480
692	1140
693	540
694	480
695	780
696	1080
697	600
698	720
699	360
700	360
701	1020
702	540
703	660
704	420
705	540
706	540
707	540
708	1380
709	360
710	720
711	1140
712	540
713	540
714	420
715	600
716	780
717	600
718	1140
719	480
720	420
721	360
722	600
723	600
724	1140
725	600
726	720
727	720
728	480
729	780
730	540
731	540
732	480
733	600
734	780
735	1200
736	420
737	420
738	600
739	720
740	1140
741	720
742	960
743	720
744	780
745	420
746	660
747	720
748	420
749	420
750	840
751	720
752	960
753	420
754	480
755	960
756	360
757	480
758	840
759	420
760	600
761	600
762	660
763	1140
764	780
765	600
766	420
767	840
768	540
769	540
770	1860
771	420
772	720
773	960
774	720
775	600
776	300
777	1020
778	600
779	360
780	600
781	720
782	420
783	660
784	600
785	480
786	360
787	540
788	720
789	600
790	600
791	540
792	360
793	300
794	360
795	960
796	600
797	720
798	360
799	1080
800	480
801	240
802	660
803	360
804	540
805	420
806	720
807	1620
808	720
809	720
810	660
811	420
812	720
813	540
814	480
815	720
816	540
817	360
818	360
819	240
820	540
821	420
822	720
823	360
824	240
825	360
826	420
827	480
828	420
829	540
830	480
831	720
TIME_WINDOW_SECTION
1	0	45000
2	22800	33900
3	19200	26700
4	15600	23100
5	17400	37500
6	12000	19500
7	10200	30300
8	12000	19500
9	19200	26700
10	15600	23100
11	12000	19500
12	22800	30300
13	12000	18840
14	15600	22500
15	19200	26700
16	22800	30300
17	15600	23100
18	19200	26100
19	4800	12300
20	4800	12300
21	15600	23100
22	12000	19500
23	10200	30300
24	15600	23100
25	12000	18900
26	19200	26700
27	12000	19500
28	8400	15900
29	22800	30300
30	8400	15900
31	19200	26700
32	19200	26700
33	15600	23100
34	15600	23100
35	12000	18900
36	4800	11700
37	12000	19500
38	15600	24900
39	10200	30300
40	8400	15300
41	22800	30300
42	15600	23100
43	15600	23100
44	19200	26700
45	10200	29700
46	17400	37500
47	8400	15900
48	8400	15900
49	12000	19500
50	15600	23100
51	15600	23100
52	15600	23100
53	4800	12300
54	19200	26700
55	10200	30300
56	8400	15300
57	15600	23100
58	15600	24240
59	8400	15900
60	8400	15900
61	10200	30300
62	4800	12300
63	4800	11700
64	8400	15900
65	15600	23100
66	22800	30300
67	19200	26700
68	4800	12300
69	19200	26700
70	12000	19500
71	4800	12300
72	22800	30300
73	19200	26700
74	10200	30300
75	15600	24900
76	8400	15900
77	4800	12300
78	10200	30300
79	10200	30300
80	10200	30300
81	10200	30300
82	4800	12300
83	10200	29700
84	4800	12300
85	22800	29700
86	10200	30300
87	15600	23100
88	10200	30300
89	12000	19500
90	15600	23100
91	15600	23100
92	12000	19500
93	10200	30300
94	22800	30300
95	12000	18840
96	12000	19500
97	10200	30300
98	8400	15900
99	15600	23100
100	10200	30300
101	10200	30300
102	15600	23100
103	10200	30300
104	15600	23100
105	12000	19500
106	19200	26700
107	15600	23100
108	10200	30300
109	19200	26700
110	10200	30300
111	15600	23100
112	4800	12300
113	4800	12300
114	15600	23100
115	22800	30300
116	4800	12300
117	22800	30300
118	4800	12300
119	22800	30300
120	19200	26700
121	10200	30300
122	12000	19500
123	10200	30300
124	19200	26700
125	19200	26700
126	15600	23100
127	15600	23100
128	4800	12300
129	4800	12300
130	17400	37500
131	22800	30300
132	19200	26700
133	10200	30300
134	22800	30300
135	8400	15900
136	22800	30300
137	10200	30300
138	8400	15900
139	8400	15900
140	15600	22500
141	10200	30300
142	22800	30300
143	4800	12300
144	19200	26700
145	22800	30300
146	12000	18900
147	22800	30300
148	4800	11700
149	12000	19500
150	19200	26700
151	4800	11700
152	12000	19500
153	10200	30300
154	15600	24900
155	12000	19500
156	4800	12300
157	4800	12300
158	4800	12300
159	15600	23100
160	10200	30300
161	10200	30300
162	4800	12300
163	8400	15900
164	8400	15900
165	8400	15900
166	15600	23100
167	4800	12300
168	12000	19500
169	8400	15900
170	10200	30300
171	12000	19500
172	4800	12300
173	12000	19500
174	4800	12300
175	8400	15900
176	15600	23100
177	4800	12300
178	19200	26700
179	12000	19500
180	12000	19500
181	8400	15900
182	15600	23100
183	4800	11700
184	15600	24900
185	12000	19500
186	22800	30300
187	8400	15900
188	15600	23100
189	22800	30300
190	19200	26700
191	4800	12300
192	19200	26700
193	12000	19500
194	15600	23100
195	12000	18900
196	17400	37500
197	12000	19500
198	19200	26700
199	19200	26700
200	19200	26700
201	10200	30300
202	22800	30300
203	15600	24900
204	19200	26700
205	12000	19500
206	12000	19500
207	15600	23100
208	10200	30300
209	8400	15900
210	8400	15900
211	10200	30300
212	4800	12300
213	10200	29700
214	8400	15900
215	22800	30300
216	22800	30300
217	12000	19500
218	12000	19500
219	22800	30300
220	8400	15300
221	22800	30300
222	10200	29700
223	22800	30300
224	15600	23100
225	15600	24900
226	12000	19500
227	12000	18900
228	15600	23100
229	8400	15300
230	19200	26700
231	10200	30300
232	12000	19500
233	15600	23100
234	15600	23100
235	12000	19500
236	22800	33900
237	10200	30300
238	15600	23100
239	4800	12300
240	12000	18840
241	4800	12300
242	15600	23100
243	4800	12300
244	15600	23100
245	15600	24300
246	12000	19500
247	15600	23100
248	12000	19500
249	22800	30300
250	8400	15900
251	4800	12300
252	8400	15900
253	22800	30300
254	4800	11700
255	12000	19500
256	12000	19500
257	19200	26700
258	8400	15900
259	8400	15900
260	15600	23100
261	22800	30300
262	22800	30300
263	15600	23100
264	10200	30300
265	15600	24240
266	10200	30300
267	10200	30300
268	19200	26700
269	19200	26700
270	22800	30300
271	22800	33900
272	12000	19500
273	12000	19500
274	4800	12300
275	15600	23100
276	12000	19500
277	8400	15300
278	8400	15900
279	15600	23100
280	19200	26700
281	15600	23100
282	4800	12300
283	4800	12300
284	19200	26700
285	4800	12300
286	4800	12300
287	12000	19500
288	10200	30300
289	15600	23100
290	19200	26700
291	8400	15300
292	10200	30300
293	4800	12300
294	10200	29700
295	4800	12300
296	12000	19500
297	12000	19500
298	22800	30300
299	4800	12300
300	8400	15900
301	10200	30300
302	8400	15900
303	12000	19500
304	15600	23100
305	12000	19500
306	10200	30300
307	8400	15900
308	10200	30300
309	22800	30300
310	12000	19500
311	8400	15900
312	12000	19500
313	15600	23100
314	22800	30300
315	12000	19500
316	8400	15900
317	8400	15900
318	22800	30300
319	22800	33900
320	8400	15900
321	12000	19500
322	12000	19500
323	8400	15300
324	19200	26700
325	22800	30300
326	8400	15900
327	12000	19500
328	19200	26700
329	19200	26700
330	10200	30300
331	10200	30300
332	10200	30300
333	19200	26700
334	8400	15900
335	12000	19500
336	22800	30300
337	22800	30300
338	12000	19500
339	12000	18900
340	10200	30300
341	15600	23100
342	8400	15900
343	8400	15900
344	8400	15900
345	8400	15900
346	8400	15900
347	15600	23100
348	15600	24240
349	12000	19500
350	8400	15240
351	8400	15900
352	10200	30300
353	15600	23100
354	15600	23100
355	15600	23100
356	12000	19500
357	8400	15900
358	10200	30300
359	22800	30300
360	10200	30300
361	8400	15900
362	12000	19500
363	12000	18840
364	10200	30300
365	22800	30300
366	12000	19500
367	12000	19500
368	10200	30300
369	15600	22500
370	12000	19500
371	15600	23100
372	15600	23100
373	15600	23100
374	10200	30300
375	10200	30300
376	4800	12300
377	4800	12300
378	19200	26700
379	22800	30300
380	8400	15900
381	22800	30300
382	8400	15900
383	8400	15900
384	19200	26700
385	17400	36840
386	10200	30300
387	22800	30300
388	8400	15900
389	22800	30300
390	19200	26700
391	10200	30300
392	10200	30300
393	22800	30300
394	12000	19500
395	12000	19500
396	15600	24240
397	22800	30300
398	8400	15900
399	19200	26700
400	15600	23100
401	19200	26700
402	10200	30300
403	10200	30300
404	10200	30300
405	10200	30300
406	8400	15900
407	19200	26700
408	19200	26700
409	15600	23100
410	12000	19500
411	8400	15900
412	10200	30300
413	10200	30300
414	19200	26700
415	10200	30300
416	15600	23100
417	10200	30300
418	10200	30300
419	15600	23100
420	8400	15900
421	19200	26700
422	8400	15300
423	12000	19500
424	8400	15900
425	22800	30300
426	19200	26100
427	19200	26700
428	19200	26700
429	19200	26700
430	12000	19500
431	15600	23100
432	8400	15300
433	19200	26700
434	8400	15900
435	15600	23100
436	8400	15900
437	19200	26700
438	8400	15300
439	17400	37500
440	19200	26700
441	22800	30300
442	15600	22500
443	15600	22500
444	8400	15300
445	15600	23100
446	19200	26700
447	22800	30300
448	19200	26700
449	15600	24900
450	12000	19500
451	22800	30300
452	19200	26700
453	15600	23100
454	22800	30300
455	8400	15900
456	12000	19500
457	10200	30300
458	12000	19500
459	8400	15300
460	12000	19500
461	8400	15900
462	8400	15900
463	8400	15900
464	15600	23100
465	8400	15900
466	19200	26700
467	15600	23100
468	15600	23100
469	10200	30300
470	15600	23100
471	22800	30300
472	19200	26700
473	22800	30300
474	10200	30300
475	12000	19500
476	12000	19500
477	15600	23100
478	12000	19500
479	8400	15900
480	15600	24900
481	19200	26700
482	15600	23100
483	12000	19500
484	12000	19500
485	12000	19500
486	15600	23100
487	19200	26700
488	12000	19500
489	12000	19500
490	19200	26700
491	12000	19500
492	22800	30300
493	8400	15900
494	10200	30300
495	12000	19500
496	19200	26700
497	10200	30300
498	10200	30300
499	15600	23100
500	12000	19500
501	15600	23100
502	12000	19500
503	15600	23100
504	15600	23100
505	19200	26700
506	22800	30300
507	12000	19500
508	10200	30300
509	12000	19500
510	15600	23100
511	15600	24900
512	19200	26700
513	22800	29700
514	15600	23100
515	19200	26700
516	22800	30300
517	10200	30300
518	22800	33900
519	10200	30300
520	12000	19500
521	10200	30300
522	15600	23100
523	19200	26700
524	10200	30300
525	22800	30300
526	12000	18840
527	10200	30300
528	19200	26700
529	15600	22500
530	12000	19500
531	12000	18900
532	19200	26700
533	12000	19500
534	22800	30300
535	10200	29700
536	19200	26700
537	22800	30300
538	15600	24900
539	15600	23100
540	15600	23100
541	19200	26700
542	15600	23100
543	10200	30300
544	15600	24240
545	15600	23100
546	19200	26700
547	17400	37500
548	15600	23100
549	12000	19500
550	22800	33900
551	22800	30300
552	15600	23100
553	12000	19500
554	10200	30300
555	12000	19500
556	15600	24900
557	15600	23100
558	19200	26700
559	19200	26700
560	12000	19500
561	22800	30300
562	12000	19500
563	10200	30300
564	10200	30300
565	10200	30300
566	15600	23100
567	19200	26700
568	12000	19500
569	22800	30300
570	15600	23100
571	12000	19500
572	19200	26700
573	12000	19500
574	10200	30300
575	19200	26700
576	12000	19500
577	10200	30300
578	10200	30300
579	12000	19500
580	22800	30300
581	22800	30300
582	10200	30300
583	19200	26700
584	15600	23100
585	10200	30300
586	15600	23100
587	12000	19500
588	22800	33900
589	10200	30300
590	22800	30300
591	10200	30300
592	19200	26700
593	15600	23100
594	10200	30300
595	15600	23100
596	12000	19500
597	15600	23100
598	22800	30300
599	19200	26700
600	15600	23100
601	10200	29700
602	19200	26700
603	15600	22500
604	19200	26100
605	15600	23100
606	22800	30300
607	10200	30300
608	15600	23100
609	22800	30300
610	10200	30300
611	10200	29700
612	15600	23100
613	19200	26700
614	15600	23100
615	10200	30300
616	15600	23100
617	10200	30300
618	15600	23100
619	15600	23100
620	15600	23100
621	22800	30300
622	19200	26700
623	19200	26700
624	12000	19500
625	12000	18900
626	15600	22500
627	22800	30300
628	15600	23100
629	10200	30300
630	22800	30300
631	15600	23100
632	15600	23100
633	15600	23100
634	19200	26700
635	15600	23100
636	22800	30300
637	15600	23100
638	22800	30300
639	10200	30300
640	15600	23100
641	15600	24900
642	15600	23100
643	22800	30300
644	10200	30300
645	22800	30300
646	19200	26700
647	10200	30300
648	22800	29700
649	10200	30300
650	12000	19500
651	22800	30300
652	19200	26700
653	17400	37500
654	10200	29700
655	10200	30300
656	10200	30300
657	19200	26700
658	19200	26700
659	19200	26700
660	22800	30300
661	15600	24300
662	15600	23100
663	10200	30300
664	19200	26700
665	22800	33900
666	22800	30300
667	17400	36840
668	19200	26700
669	10200	30300
670	19200	26700
671	22800	30300
672	22800	30300
673	10200	30300
674	10200	30300
675	10200	30300
676	15600	23100
677	10200	30300
678	22800	30300
679	15600	23100
680	10200	30300
681	19200	26700
682	22800	30300
683	15600	23100
684	15600	23100
685	19200	26700
686	19200	26700
687	10200	30300
688	22800	33900
689	22800	33900
690	19200	26700
691	19200	26700
692	10200	30300
693	19200	26700
694	22800	33900
695	10200	30300
696	22800	29700
697	19200	26700
698	15600	22500
699	10200	30300
700	17400	36840
701	22800	30300
702	19200	26700
703	22800	30300
704	15600	23100
705	15600	24900
706	15600	23100
707	10200	30300
708	15600	23100
709	10200	30300
710	10200	30300
711	22800	30300
712	19200	26700
713	10200	30300
714	22800	30300
715	10200	30300
716	22800	30300
717	15600	24900
718	15600	23100
719	15600	24900
720	17400	36840
721	10200	30300
722	19200	26700
723	17400	37500
724	10200	29700
725	10200	30300
726	15600	23100
727	10200	30300
728	15600	22500
729	22800	30300
730	19200	26700
731	10200	30300
732	15600	23100
733	22800	30300
734	15600	24240
735	15600	23100
736	19200	26700
737	19200	26700
738	15600	24240
739	22800	30300
740	15600	23100
741	10200	30300
742	15600	23100
743	19200	26700
744	10200	30300
745	15600	23100
746	19200	26700
747	22800	30300
748	10200	30300
749	19200	26700
750	19200	26700
751	10200	30300
752	10200	30300
753	10200	30300
754	22800	30300
755	19200	26700
756	19200	26700
757	15600	24900
758	19200	26700
759	10200	30300
760	22800	30300
761	10200	30300
762	19200	26700
763	10200	30300
764	10200	30300
765	17400	37500
766	22800	30300
767	10200	30300
768	10200	30300
769	19200	26700
770	15600	24900
771	19200	26700
772	10200	30300
773	19200	26700
774	22800	30300
775	22800	30300
776	22800	30300
777	19200	26700
778	22800	30300
779	22800	30300
780	22800	30300
781	10200	30300
782	15600	24900
783	19200	26700
784	19200	26700
785	10200	30300
786	19200	26700
787	10200	30300
788	15600	24900
789	10200	29700
790	10200	30300
791	19200	26700
792	10200	30300
793	10200	30300
794	10200	30300
795	17400	37500
796	19200	26700
797	10200	30300
798	19200	26700
799	10200	30300
800	10200	30300
801	10200	30300
802	19200	26700
803	22800	30300
804	19200	26700
805	22800	30300
806	10200	30300
807	22800	30300
808	19200	26700
809	10200	30300
810	10200	30300
811	10200	30300
812	10200	30300
813	10200	30300
814	10200	30300
815	22800	30300
816	19200	26700
817	10200	30300
818	19200	26700
819	10200	29700
820	10200	29700
821	10200	30300
822	19200	26700
823	10200	30300
824	10200	30300
825	10200	30300
826	19200	26700
827	19200	26700
828	19200	26700
829	22800	33900
830	22800	30300
831	19200	26700
RELEASE_TIME_SECTION
1	0
2	3600
3	3600
4	3600
5	3600
6	3600
7	3600
8	3600
9	3600
10	3600
11	3600
12	3600
13	3600
14	3600
15	3600
16	3600
17	3600
18	3600
19	3600
20	3600
21	3600
22	3600
23	3600
24	3600
25	3600
26	3600
27	3600
28	3600
29	3600
30	3600
31	3600
32	3600
33	3600
34	3600
35	3600
36	3600
37	3600
38	3600
39	3600
40	3600
41	3600
42	3600
43	3600
44	3600
45	3600
46	3600
47	3600
48	3600
49	3600
50	3600
51	3600
52	3600
53	3600
54	3600
55	3600
56	3600
57	3600
58	3600
59	3600
60	3600
61	3600
62	3600
63	3600
64	3600
65	3600
66	3600
67	3600
68	3600
69	3600
70	3600
71	3600
72	3600
73	3600
74	3600
75	3600
76	3600
77	3600
78	3600
79	3600
80	3600
81	3600
82	3600
83	3600
84	3600
85	3600
86	3600
87	3600
88	3600
89	3600
90	3600
91	3600
92	3600
93	3600
94	3600
95	3600
96	3600
97	3600
98	3600
99	3600
100	3600
101	3600
102	5400
103	5400
104	5400
105	5400
106	5400
107	5400
108	5400
109	5400
110	5400
111	5400
112	5400
113	5400
114	5400
115	5400
116	5400
117	5400
118	5400
119	5400
120	5400
121	5400
122	5400
123	5400
124	5400
125	5400
126	5400
127	5400
128	5400
129	5400
130	5400
131	5400
132	5400
133	5400
134	5400
135	5400
136	5400
137	5400
138	5400
139	5400
140	5400
141	5400
142	5400
143	5400
144	5400
145	5400
146	5400
147	5400
148	5400
149	5400
150	5400
151	5400
152	5400
153	5400
154	5400
155	5400
156	5400
157	5400
158	5400
159	5400
160	5400
161	5400
162	5400
163	5400
164	5400
165	5400
166	5400
167	5400
168	5400
169	5400
170	5400
171	5400
172	5400
173	5400
174	5400
175	5400
176	5400
177	5400
178	5400
179	5400
180	5400
181	5400
182	5400
183	5400
184	5400
185	5400
186	5400
187	5400
188	5400
189	5400
190	5400
191	5400
192	5400
193	5400
194	5400
195	5400
196	5400
197	5400
198	5400
199	5400
200	5400
201	5400
202	7200
203	7200
204	7200
205	7200
206	7200
207	7200
208	7200
209	7200
210	7200
211	7200
212	7200
213	7200
214	7200
215	7200
216	7200
217	7200
218	7200
219	7200
220	7200
221	7200
222	7200
223	7200
224	7200
225	7200
226	7200
227	7200
228	7200
229	7200
230	7200
231	7200
232	7200
233	7200
234	7200
235	7200
236	7200
237	7200
238	7200
239	7200
240	7200
241	7200
242	7200
243	7200
244	7200
245	7200
246	7200
247	7200
248	7200
249	7200
250	7200
251	7200
252	7200
253	7200
254	7200
255	7200
256	7200
257	7200
258	7200
259	7200
260	7200
261	7200
262	7200
263	7200
264	7200
265	7200
266	7200
267	7200
268	7200
269	7200
270	7200
271	7200
272	7200
273	7200
274	7200
275	7200
276	7200
277	7200
278	7200
279	7200
280	7200
281	7200
282	7200
283	7200
284	7200
285	7200
286	7200
287	7200
288	7200
289	7200
290	7200
291	7200
292	7200
293	7200
294	7200
295	7200
296	7200
297	7200
298	7200
299	7200
300	7200
301	9000
302	9000
303	9000
304	9000
305	9000
306	9000
307	9000
308	9000
309	9000
310	9000
311	9000
312	9000
313	9000
314	9000
315	9000
316	9000
317	9000
318	9000
319	9000
320	9000
321	9000
322	9000
323	9000
324	9000
325	9000
326	9000
327	9000
328	9000
329	9000
330	9000
331	9000
332	9000
333	9000
334	9000
335	9000
336	9000
337	9000
338	9000
339	9000
340	9000
341	9000
342	9000
343	9000
344	9000
345	9000
346	9000
347	9000
348	9000
349	9000
350	9000
351	9000
352	9000
353	9000
354	9000
355	9000
356	9000
357	9000
358	9000
359	9000
360	9000
361	9000
362	9000
363	9000
364	9000
365	9000
366	9000
367	9000
368	9000
369	9000
370	9000
371	9000
372	9000
373	9000
374	9000
375	9000
376	9000
377	9000
378	9000
379	9000
380	9000
381	9000
382	9000
383	9000
384	9000
385	9000
386	9000
387	9000
388	9000
389	9000
390	9000
391	9000
392	9000
393	9000
394	10800
395	10800
396	10800
397	10800
398	10800
399	10800
400	10800
401	10800
402	10800
403	10800
404	10800
405	10800
406	10800
407	10800
408	10800
409	10800
410	10800
411	10800
412	10800
413	10800
414	10800
415	10800
416	10800
417	10800
418	10800
419	10800
420	10800
421	10800
422	10800
423	10800
424	10800
425	10800
426	10800
427	10800
428	10800
429	10800
430	10800
431	10800
432	10800
433	10800
434	10800
435	10800
436	10800
437	10800
438	10800
439	10800
440	10800
441	10800
442	10800
443	10800
444	10800
445	10800
446	10800
447	10800
448	10800
449	10800
450	10800
451	10800
452	10800
453	10800
454	10800
455	10800
456	10800
457	10800
458	10800
459	10800
460	10800
461	10800
462	10800
463	10800
464	10800
465	10800
466	10800
467	10800
468	10800
469	10800
470	10800
471	10800
472	10800
473	10800
474	10800
475	10800
476	10800
477	10800
478	10800
479	10800
480	10800
481	10800
482	10800
483	12600
484	12600
485	12600
486	12600
487	12600
488	12600
489	12600
490	12600
491	12600
492	12600
493	12600
494	12600
495	12600
496	12600
497	12600
498	12600
499	12600
500	12600
501	12600
502	12600
503	12600
504	12600
505	12600
506	12600
507	12600
508	12600
509	12600
510	12600
511	12600
512	12600
513	12600
514	12600
515	12600
516	12600
517	12600
518	12600
519	12600
520	12600
521	12600
522	12600
523	12600
524	12600
525	12600
526	12600
527	12600
528	12600
529	12600
530	12600
531	12600
532	12600
533	12600
534	12600
535	12600
536	12600
537	12600
538	12600
539	12600
540	12600
541	12600
542	12600
543	12600
544	12600
545	12600
546	12600
547	12600
548	12600
549	14400
550	14400
551	14400
552	14400
553	14400
554	14400
555	14400
556	14400
557	14400
558	14400
559	14400
560	14400
561	14400
562	14400
563	14400
564	14400
565	14400
566	14400
567	14400
568	14400
569	14400
570	14400
571	14400
572	14400
573	14400
574	14400
575	14400
576	14400
577	14400
578	14400
579	14400
580	14400
581	14400
582	14400
583	14400
584	14400
585	14400
586	14400
587	14400
588	14400
589	14400
590	14400
591	14400
592	14400
593	14400
594	14400
595	14400
596	14400
597	14400
598	14400
599	14400
600	14400
601	14400
602	14400
603	14400
604	14400
605	14400
606	14400
607	14400
608	14400
609	14400
610	14400
611	14400
612	14400
613	14400
614	14400
615	14400
616	14400
617	14400
618	14400
619	14400
620	14400
621	14400
622	14400
623	14400
624	14400
625	14400
626	14400
627	16200
628	16200
629	16200
630	16200
631	16200
632	16200
633	16200
634	16200
635	16200
636	16200
637	16200
638	16200
639	16200
640	16200
641	16200
642	16200
643	16200
644	16200
645	16200
646	16200
647	16200
648	16200
649	16200
650	16200
651	16200
652	16200
653	16200
654	16200
655	16200
656	16200
657	16200
658	16200
659	16200
660	16200
661	16200
662	16200
663	16200
664	16200
665	16200
666	16200
667	16200
668	16200
669	16200
670	16200
671	16200
672	16200
673	16200
674	16200
675	16200
676	16200
677	16200
678	16200
679	16200
680	16200
681	16200
682	16200
683	16200
684	16200
685	16200
686	16200
687	16200
688	16200
689	18000
690	18000
691	18000
692	18000
693	18000
694	18000
695	18000
696	18000
697	18000
698	18000
699	18000
700	18000
701	18000
702	18000
703	18000
704	18000
705	18000
706	18000
707	18000
708	18000
709	18000
710	18000
711	18000
712	18000
713	18000
714	18000
715	18000
716	18000
717	18000
718	18000
719	18000
720	18000
721	18000
722	18000
723	18000
724	18000
725	18000
726	18000
727	18000
728	18000
729	18000
730	18000
731	18000
732	18000
733	18000
734	18000
735	18000
736	18000
737	18000
738	18000
739	18000
740	18000
741	18000
742	18000
743	18000
744	18000
745	18000
746	18000
747	19800
748	19800
749	19800
750	19800
751	19800
752	19800
753	19800
754	19800
755	19800
756	19800
757	19800
758	19800
759	19800
760	19800
761	19800
762	19800
763	19800
764	19800
765	19800
766	19800
767	19800
768	19800
769	19800
770	19800
771	19800
772	19800
773	19800
774	19800
775	19800
776	19800
777	19800
778	19800
779	19800
780	19800
781	19800
782	19800
783	19800
784	19800
785	19800
786	19800
787	19800
788	19800
789	19800
790	19800
791	19800
792	19800
793	19800
794	19800
795	19800
796	21600
797	21600
798	21600
799	21600
800	21600
801	21600
802	21600
803	21600
804	21600
805	21600
806	21600
807	21600
808	21600
809	21600
810	21600
811	21600
812	21600
813	21600
814	21600
815	21600
816	21600
817	21600
818	21600
819	21600
820	21600
821	21600
822	21600
823	21600
824	21600
825	21600
826	21600
827	21600
828	21600
829	21600
830	21600
831	21600
EOF
