NAME : ORTEC-VRPTW-ASYM-1a452a2c-d1-n750
TYPE : VRPTW-RT
DIMENSION : 751
EDGE_WEIGHT_TYPE : EUC_2D
CAPACITY : 160
NODE_COORD_SECTION
1	3946	848
2	60	1061
3	2054	1365
4	4978	861
5	139	925
6	4996	1572
7	4414	938
8	2574	677
9	4073	1823
10	360	1412
11	3113	1078
12	3821	1776
13	6703	513
14	3561	1384
15	5877	1042
16	2532	1827
17	1868	1533
18	2534	966
19	5897	1048
20	3244	1473
21	5001	1045
22	3346	1518
23	2124	1250
24	3929	1343
25	5158	2234
26	2756	1032
27	7240	1038
28	4842	2013
29	4329	949
30	4285	2274
31	1868	1533
32	2394	809
33	360	1412
34	3176	1267
35	2086	1071
36	3201	1251
37	4979	1982
38	3262	1315
39	3926	886
40	1964	1429
41	4923	2048
42	3046	1829
43	3779	856
44	1999	1251
45	7927	1667
46	6395	346
47	3929	1343
48	3711	1473
49	3821	1776
50	4243	1654
51	6579	2731
52	941	1011
53	4628	1981
54	5277	1121
55	2998	611
56	5934	1151
57	2110	1378
58	1812	883
59	7139	1381
60	5046	2905
61	4208	814
62	4996	1705
63	2787	1583
64	917	865
65	3960	829
66	1860	1059
67	3842	1771
68	2659	1102
69	2163	851
70	3346	1609
71	3711	1473
72	4972	1924
73	2035	1270
74	4923	2048
75	5376	3104
76	2256	947
77	5174	902
78	1626	1266
79	5001	1045
80	5412	868
81	2862	1036
82	5924	1178
83	4365	2710
84	2779	1788
85	2954	1879
86	2256	947
87	5754	1057
88	2242	1614
89	1996	916
90	7492	1599
91	641	1034
92	5261	2710
93	1852	808
94	4415	2761
95	4794	968
96	5919	1204
97	2490	1016
98	2561	1331
99	2519	1915
100	1290	1499
101	5392	1986
102	3924	902
103	4545	2596
104	3979	1349
105	4993	997
106	6439	1100
107	3929	1343
108	2659	1102
109	4943	2865
110	2892	1731
111	4042	847
112	1684	856
113	4449	2418
114	4037	992
115	7640	1582
116	3176	1267
117	1626	1266
118	3561	1384
119	1013	729
120	2517	1557
121	3337	750
122	1324	741
123	4167	1882
124	2410	966
125	2255	1233
126	3179	1105
127	400	927
128	2191	1259
129	1339	1340
130	139	925
131	3176	1267
132	4545	2596
133	2756	1032
134	612	1362
135	5095	2078
136	4531	1296
137	4095	2364
138	313	1089
139	6703	513
140	3842	1771
141	4285	2274
142	3406	1574
143	399	1113
144	3346	1518
145	3994	1447
146	5754	1057
147	1626	1266
148	674	1148
149	2078	2019
150	2574	1904
151	3797	714
152	5924	1178
153	2534	966
154	417	833
155	1915	1597
156	6990	1245
157	4458	1930
158	7399	1292
159	5924	1178
160	2862	1036
161	4545	2596
162	2555	1680
163	2191	1259
164	3658	621
165	2077	783
166	1916	958
167	934	644
168	7139	1381
169	2029	1620
170	5625	937
171	5698	845
172	740	991
173	2659	1102
174	4415	2761
175	2884	1538
176	1529	947
177	3238	1519
178	3699	1269
179	6912	1217
180	1886	1019
181	2184	1436
182	3561	1384
183	2778	1553
184	4243	1654
185	7640	1582
186	4414	938
187	2295	1183
188	3821	1776
189	1964	1429
190	5392	1986
191	2124	1250
192	1570	2007
193	4449	2418
194	941	1011
195	4110	1290
196	5376	3104
197	399	1113
198	4037	992
199	6760	1326
200	6668	353
201	910	1194
202	1684	856
203	2132	830
204	1806	972
205	5268	1085
206	417	833
207	7380	1082
208	1620	819
209	5158	2234
210	5001	1045
211	1505	1071
212	5412	868
213	4932	1830
214	5538	980
215	4415	2761
216	1848	1811
217	5275	991
218	3293	1301
219	2889	2095
220	3272	1158
221	2990	1097
222	3804	1554
223	2911	2930
224	1980	1444
225	5711	1007
226	7240	1038
227	2110	1378
228	1805	1674
229	4986	2178
230	5920	991
231	5036	933
232	5696	946
233	5538	980
234	3346	1518
235	7406	1178
236	2555	1680
237	5174	902
238	1996	916
239	7021	1016
240	6905	422
241	2862	1036
242	7380	1082
243	1040	1011
244	417	833
245	4794	968
246	7406	1178
247	4993	997
248	1079	1391
249	1300	1303
250	4042	847
251	3561	1384
252	1805	1674
253	1904	972
254	3929	1343
255	2017	1414
256	7492	1599
257	5392	1986
258	3851	664
259	5040	819
260	2815	1641
261	8764	1859
262	7262	1527
263	6579	2731
264	3337	750
265	7100	1395
266	4545	2596
267	3273	1445
268	2295	1183
269	3826	1012
270	2029	1620
271	7212	91
272	2947	1354
273	5277	1121
274	1980	1444
275	4974	2083
276	2077	783
277	4910	924
278	2242	1614
279	7100	1395
280	2781	2034
281	5167	666
282	360	1412
283	4943	2865
284	4972	1924
285	2532	1827
286	1904	972
287	3929	1343
288	3991	1747
289	5412	868
290	946	1491
291	4996	1705
292	5095	2078
293	2592	1412
294	7406	1178
295	4049	883
296	3225	1116
297	4243	1654
298	4545	2596
299	729	927
300	8429	1751
301	4853	1950
302	2256	947
303	2141	1629
304	3994	1447
305	4110	1290
306	5919	1204
307	7139	1381
308	2661	1824
309	2990	1097
310	3960	829
311	4932	1263
312	5036	933
313	4996	1705
314	1999	1251
315	2434	1548
316	2778	1553
317	3741	1484
318	6403	744
319	1290	1499
320	5001	1045
321	4738	1676
322	674	1148
323	5624	1047
324	3273	1445
325	2490	1016
326	3797	714
327	1290	1499
328	5046	2905
329	2191	1259
330	4986	2178
331	4531	1296
332	3337	750
333	1620	819
334	740	991
335	3386	1317
336	80	907
337	4739	718
338	1074	1216
339	725	978
340	5049	1661
341	1812	883
342	7142	444
343	5007	794
344	5443	1676
345	2352	1511
346	2787	1583
347	2779	1788
348	2862	1036
349	6703	513
350	399	1113
351	3406	1574
352	2561	1331
353	1202	1515
354	7021	1016
355	5268	1085
356	4243	1654
357	3658	621
358	4558	2951
359	3372	1249
360	4428	1616
361	3971	2506
362	3994	1447
363	3826	1012
364	7026	730
365	3711	1473
366	2532	1827
367	4598	1514
368	5040	819
369	5625	937
370	3293	1301
371	7849	1329
372	3826	1012
373	4932	1263
374	2776	2137
375	3870	779
376	4853	1950
377	3238	1519
378	6008	1216
379	5696	946
380	3870	779
381	1860	1059
382	7016	1216
383	4449	2418
384	2434	1548
385	2029	1620
386	2756	1032
387	4993	997
388	2787	1583
389	1290	1499
390	417	833
391	7240	1038
392	4978	861
393	8429	1751
394	5931	881
395	5574	1025
396	1915	1597
397	3804	1754
398	934	644
399	4910	924
400	3575	2468
401	4531	1296
402	4365	2710
403	3588	1660
404	7204	764
405	3201	1251
406	3454	3060
407	4853	1950
408	1971	1822
409	3113	1078
410	4932	1830
411	4910	1414
412	4073	1823
413	5275	991
414	1848	1811
415	7348	885
416	5574	1025
417	4247	1223
418	4650	1768
419	3797	714
420	3588	1660
421	3971	2506
422	4037	992
423	7009	1133
424	4042	847
425	5624	1047
426	1079	1391
427	4049	1601
428	2661	1824
429	6008	1216
430	1852	808
431	3584	1054
432	3561	1384
433	2574	1904
434	1028	1187
435	2077	783
436	3994	1447
437	7348	885
438	2077	783
439	3046	1829
440	3973	2202
441	2528	857
442	3395	1332
443	4846	1938
444	1869	1762
445	3454	3060
446	4545	2596
447	2789	2425
448	3046	1829
449	1028	1187
450	756	1075
451	2352	1511
452	3601	2875
453	4285	2274
454	4719	1474
455	5703	813
456	5625	937
457	7108	993
458	221	1092
459	2368	2209
460	2590	945
461	1864	1152
462	4380	2464
463	3741	1484
464	4611	1316
465	3275	1060
466	69	962
467	3293	1301
468	4370	1733
469	3337	750
470	1817	1497
471	4225	2214
472	4028	1265
473	2789	2425
474	1915	1597
475	3575	2468
476	4194	1860
477	1028	1187
478	4449	2418
479	3601	2875
480	5244	1756
481	4611	1316
482	1981	920
483	4598	1514
484	446	1103
485	1981	920
486	1981	920
487	6760	1326
488	4414	938
489	5931	881
490	1916	958
491	2574	677
492	5458	2068
493	2688	1089
494	5022	892
495	3429	2303
496	3113	1078
497	7380	1082
498	2532	1827
499	1971	1822
500	3658	621
501	7494	1192
502	2078	2019
503	2528	857
504	4370	1733
505	2434	1548
506	3346	1609
507	3842	1771
508	3826	2133
509	5565	783
510	4545	2596
511	6395	346
512	7691	1562
513	7203	143
514	3467	1366
515	2778	1553
516	1980	1444
517	1591	1383
518	4416	2181
519	4243	1654
520	4531	1296
521	5049	1661
522	4739	718
523	5696	946
524	5832	934
525	1570	2007
526	4558	2951
527	1079	1391
528	4993	997
529	3797	714
530	3137	1310
531	5754	1057
532	69	962
533	4739	718
534	3746	1456
535	5073	914
536	4710	1325
537	4208	814
538	4719	1474
539	5625	937
540	3272	1158
541	3851	664
542	2661	1824
543	4095	2364
544	3137	1310
545	1324	741
546	4611	1316
547	2781	2034
548	6703	513
549	740	991
550	710	1237
551	6668	353
552	4979	1982
553	1591	1383
554	7204	764
555	2892	1731
556	4225	2214
557	5877	1042
558	1869	1762
559	4208	814
560	1915	1597
561	2995	1904
562	4170	1789
563	4842	2013
564	7130	1023
565	4611	1316
566	7287	1539
567	4996	1572
568	4458	1930
569	5832	934
570	1971	1822
571	5049	1661
572	4545	2596
573	3584	1054
574	5024	1002
575	139	925
576	1996	916
577	725	978
578	7100	1395
579	2184	1436
580	3588	1660
581	910	1194
582	4628	1981
583	1505	1071
584	221	1092
585	5754	1057
586	4979	1982
587	1626	1266
588	6912	1217
589	1028	1187
590	5443	1676
591	2789	2425
592	1964	1429
593	4545	2596
594	4943	2865
595	4415	2761
596	139	925
597	917	865
598	4414	938
599	4923	2048
600	4449	2418
601	2892	1731
602	5412	868
603	3783	1387
604	6990	1245
605	5036	933
606	5073	914
607	3658	621
608	2295	1183
609	934	644
610	2532	1827
611	2884	1538
612	4719	1474
613	69	962
614	4414	938
615	5174	902
616	4932	1263
617	5007	794
618	5881	962
619	2778	1553
620	4329	949
621	5007	794
622	2256	947
623	3821	1776
624	4416	2181
625	1074	1216
626	941	1011
627	729	927
628	4370	1733
629	2998	611
630	2163	851
631	2620	1149
632	1996	916
633	4738	1676
634	3185	2072
635	3179	1105
636	5919	1204
637	2954	1879
638	3225	1116
639	2688	1089
640	3851	664
641	5022	892
642	2394	809
643	7492	1599
644	4606	1781
645	3801	1738
646	4996	1705
647	4986	2178
648	5624	1047
649	3699	1269
650	7212	91
651	3973	2202
652	4598	1514
653	1184	819
654	1916	958
655	7130	1023
656	1999	1251
657	7287	1539
658	7612	1871
659	3346	1609
660	3781	738
661	5714	1042
662	5090	1465
663	2534	966
664	1959	1361
665	4329	949
666	7406	1178
667	5261	2710
668	6395	346
669	77	957
670	2892	1731
671	3929	1343
672	618	669
673	5024	1002
674	4415	2761
675	7691	1562
676	4606	1781
677	2555	1680
678	5458	2068
679	2889	2095
680	729	927
681	4972	1924
682	2532	1964
683	7108	993
684	399	1113
685	7348	885
686	4650	1768
687	2472	1168
688	2532	1827
689	3973	2202
690	7348	885
691	1074	1216
692	2459	970
693	946	1491
694	3804	1754
695	4786	1124
696	1505	1071
697	4416	2181
698	3851	664
699	4073	1823
700	5090	1465
701	4979	1982
702	4175	848
703	1555	1357
704	3973	2202
705	4175	848
706	4175	848
707	1886	1019
708	5180	739
709	3973	2202
710	360	1412
711	3973	2202
712	3179	1105
713	2648	2101
714	2394	809
715	4996	1705
716	5014	1007
717	5698	845
718	7380	1082
719	3746	1456
720	4175	848
721	2620	1149
722	7478	267
723	2862	1036
724	4846	1938
725	2029	1620
726	2688	1089
727	4365	2710
728	2815	1641
729	1916	958
730	4650	1768
731	4037	992
732	2163	851
733	1684	856
734	1570	2007
735	7380	1082
736	1916	958
737	5195	1170
738	2434	1548
739	2561	1331
740	5624	1047
741	3826	2133
742	1805	1674
743	2884	1538
744	1074	1216
745	729	930
746	3801	1738
747	5443	1676
748	1290	1499
749	7021	1016
750	1300	1303
751	4428	1616
DEMAND_SECTION
1	0
2	3
3	12
4	22
5	4
6	9
7	7
8	6
9	2
10	5
11	9
12	5
13	8
14	7
15	10
16	6
17	2
18	9
19	5
20	8
21	6
22	7
23	7
24	6
25	6
26	5
27	9
28	5
29	6
30	10
31	19
32	6
33	7
34	9
35	5
36	9
37	5
38	8
39	8
40	7
41	6
42	3
43	5
44	7
45	5
46	4
47	3
48	8
49	4
50	7
51	3
52	5
53	6
54	7
55	9
56	7
57	7
58	7
59	7
60	8
61	12
62	7
63	7
64	5
65	23
66	5
67	8
68	7
69	4
70	8
71	12
72	7
73	4
74	8
75	4
76	3
77	7
78	6
79	7
80	7
81	9
82	7
83	23
84	4
85	9
86	4
87	7
88	8
89	6
90	9
91	6
92	3
93	4
94	5
95	3
96	9
97	8
98	14
99	5
100	6
101	3
102	4
103	12
104	7
105	4
106	6
107	5
108	3
109	4
110	13
111	5
112	7
113	3
114	10
115	6
116	6
117	5
118	8
119	7
120	7
121	7
122	6
123	5
124	5
125	5
126	5
127	4
128	14
129	2
130	7
131	4
132	8
133	7
134	7
135	5
136	5
137	7
138	4
139	4
140	8
141	5
142	9
143	4
144	6
145	8
146	6
147	9
148	2
149	6
150	8
151	8
152	9
153	5
154	4
155	2
156	6
157	8
158	7
159	4
160	6
161	5
162	7
163	7
164	6
165	5
166	4
167	7
168	4
169	3
170	8
171	6
172	3
173	5
174	9
175	14
176	8
177	4
178	6
179	2
180	2
181	6
182	8
183	8
184	6
185	4
186	8
187	10
188	7
189	3
190	8
191	4
192	3
193	9
194	4
195	4
196	3
197	5
198	6
199	5
200	3
201	3
202	23
203	8
204	14
205	6
206	10
207	7
208	10
209	4
210	5
211	8
212	6
213	7
214	5
215	7
216	5
217	5
218	5
219	9
220	7
221	7
222	3
223	4
224	3
225	5
226	5
227	11
228	4
229	4
230	9
231	5
232	5
233	9
234	3
235	2
236	9
237	9
238	4
239	5
240	4
241	7
242	10
243	6
244	12
245	5
246	8
247	9
248	7
249	4
250	7
251	4
252	5
253	22
254	7
255	7
256	6
257	7
258	10
259	13
260	8
261	8
262	7
263	12
264	5
265	3
266	6
267	3
268	2
269	4
270	6
271	5
272	9
273	7
274	10
275	7
276	5
277	5
278	7
279	8
280	5
281	7
282	4
283	3
284	7
285	11
286	6
287	9
288	7
289	11
290	6
291	5
292	6
293	7
294	12
295	3
296	5
297	5
298	6
299	9
300	3
301	7
302	7
303	10
304	5
305	4
306	4
307	5
308	5
309	5
310	4
311	5
312	3
313	3
314	4
315	3
316	7
317	10
318	5
319	2
320	8
321	3
322	8
323	3
324	6
325	10
326	4
327	10
328	8
329	7
330	6
331	7
332	12
333	7
334	9
335	3
336	9
337	10
338	7
339	4
340	6
341	11
342	6
343	2
344	5
345	4
346	5
347	8
348	6
349	11
350	4
351	6
352	6
353	14
354	6
355	3
356	4
357	3
358	7
359	10
360	6
361	4
362	5
363	9
364	6
365	6
366	8
367	5
368	12
369	7
370	13
371	2
372	8
373	5
374	8
375	10
376	5
377	3
378	3
379	5
380	8
381	8
382	3
383	3
384	6
385	4
386	5
387	7
388	5
389	4
390	7
391	5
392	3
393	7
394	5
395	7
396	8
397	5
398	7
399	11
400	6
401	8
402	6
403	6
404	5
405	8
406	3
407	9
408	3
409	9
410	4
411	5
412	6
413	5
414	6
415	6
416	3
417	9
418	4
419	6
420	8
421	8
422	6
423	7
424	5
425	3
426	7
427	7
428	2
429	5
430	8
431	3
432	5
433	6
434	4
435	3
436	8
437	6
438	3
439	8
440	8
441	11
442	11
443	5
444	8
445	7
446	5
447	7
448	5
449	5
450	8
451	12
452	9
453	11
454	11
455	12
456	13
457	3
458	6
459	5
460	5
461	8
462	4
463	5
464	4
465	6
466	3
467	11
468	10
469	8
470	6
471	8
472	10
473	4
474	6
475	6
476	8
477	5
478	7
479	5
480	7
481	6
482	7
483	3
484	5
485	6
486	6
487	3
488	4
489	4
490	12
491	5
492	6
493	6
494	11
495	6
496	8
497	8
498	4
499	6
500	3
501	11
502	6
503	6
504	5
505	4
506	3
507	8
508	3
509	4
510	13
511	5
512	4
513	4
514	3
515	6
516	9
517	6
518	7
519	7
520	8
521	4
522	7
523	8
524	4
525	7
526	4
527	7
528	6
529	11
530	11
531	3
532	5
533	3
534	5
535	7
536	5
537	9
538	9
539	4
540	6
541	6
542	6
543	8
544	3
545	5
546	5
547	5
548	6
549	4
550	7
551	6
552	13
553	5
554	8
555	4
556	6
557	4
558	5
559	4
560	3
561	4
562	2
563	7
564	5
565	11
566	5
567	4
568	6
569	6
570	7
571	6
572	5
573	7
574	10
575	6
576	8
577	6
578	6
579	13
580	4
581	4
582	4
583	5
584	5
585	6
586	6
587	5
588	5
589	7
590	8
591	4
592	4
593	5
594	5
595	8
596	8
597	5
598	5
599	2
600	6
601	6
602	6
603	9
604	8
605	9
606	3
607	9
608	8
609	6
610	3
611	3
612	4
613	7
614	5
615	6
616	7
617	5
618	9
619	5
620	10
621	13
622	6
623	2
624	5
625	8
626	7
627	6
628	6
629	3
630	9
631	3
632	1
633	6
634	4
635	9
636	3
637	4
638	3
639	7
640	22
641	16
642	7
643	5
644	8
645	7
646	5
647	6
648	4
649	7
650	3
651	6
652	9
653	4
654	7
655	4
656	7
657	7
658	3
659	6
660	5
661	5
662	9
663	4
664	5
665	6
666	7
667	7
668	8
669	5
670	13
671	8
672	6
673	5
674	10
675	4
676	6
677	13
678	10
679	6
680	9
681	7
682	3
683	6
684	3
685	5
686	5
687	3
688	6
689	7
690	4
691	6
692	8
693	2
694	9
695	7
696	5
697	7
698	6
699	5
700	6
701	14
702	13
703	3
704	6
705	4
706	5
707	4
708	7
709	1
710	5
711	3
712	6
713	7
714	13
715	3
716	4
717	10
718	6
719	8
720	10
721	6
722	10
723	5
724	5
725	7
726	6
727	6
728	7
729	10
730	8
731	6
732	5
733	7
734	8
735	6
736	4
737	5
738	5
739	12
740	10
741	6
742	7
743	6
744	3
745	6
746	3
747	8
748	10
749	6
750	8
751	6
DEPOT_SECTION
1
-1
SERVICE_TIME_SECTION
1	0
2	660
3	360
4	1200
5	480
6	960
7	660
8	240
9	300
10	300
11	840
12	300
13	420
14	660
15	600
16	300
17	660
18	600
19	360
20	660
21	600
22	600
23	420
24	300
25	300
26	540
27	420
28	600
29	720
30	780
31	840
32	360
33	300
34	360
35	540
36	1200
37	360
38	600
39	780
40	540
41	1200
42	660
43	540
44	420
45	840
46	840
47	420
48	300
49	480
50	480
51	780
52	540
53	480
54	840
55	600
56	420
57	840
58	600
59	480
60	480
61	540
62	960
63	600
64	840
65	600
66	720
67	540
68	540
69	600
70	480
71	600
72	720
73	720
74	660
75	480
76	600
77	360
78	720
79	720
80	540
81	420
82	540
83	720
84	240
85	480
86	420
87	300
88	480
89	600
90	480
91	480
92	600
93	660
94	660
95	600
96	540
97	720
98	720
99	300
100	420
101	420
102	1320
103	480
104	480
105	420
106	480
107	420
108	360
109	720
110	420
111	420
112	660
113	540
114	720
115	600
116	360
117	720
118	540
119	360
120	420
121	240
122	660
123	540
124	420
125	540
126	600
127	600
128	720
129	360
130	660
131	900
132	240
133	540
134	540
135	420
136	600
137	420
138	480
139	720
140	360
141	960
142	240
143	480
144	360
145	480
146	540
147	600
148	540
149	540
150	360
151	660
152	540
153	540
154	1080
155	480
156	420
157	780
158	420
159	780
160	720
161	420
162	360
163	420
164	1560
165	720
166	420
167	600
168	360
169	420
170	660
171	660
172	360
173	540
174	480
175	780
176	660
177	360
178	420
179	420
180	780
181	660
182	1380
183	540
184	540
185	1320
186	360
187	780
188	480
189	540
190	300
191	540
192	660
193	360
194	240
195	540
196	300
197	600
198	600
199	420
200	300
201	720
202	480
203	540
204	1380
205	660
206	540
207	480
208	960
209	600
210	660
211	420
212	480
213	420
214	1080
215	360
216	420
217	540
218	540
219	540
220	420
221	300
222	720
223	960
224	960
225	840
226	1320
227	360
228	420
229	360
230	600
231	240
232	480
233	300
234	360
235	480
236	420
237	540
238	360
239	660
240	420
241	660
242	540
243	660
244	480
245	600
246	360
247	540
248	420
249	360
250	480
251	660
252	540
253	420
254	360
255	540
256	540
257	600
258	540
259	540
260	600
261	420
262	240
263	600
264	540
265	600
266	360
267	420
268	900
269	840
270	480
271	720
272	660
273	420
274	360
275	360
276	600
277	480
278	720
279	420
280	720
281	360
282	360
283	300
284	480
285	840
286	480
287	480
288	420
289	360
290	420
291	480
292	540
293	540
294	480
295	480
296	540
297	720
298	1080
299	420
300	240
301	480
302	720
303	1320
304	540
305	1080
306	660
307	420
308	480
309	540
310	600
311	720
312	360
313	300
314	840
315	780
316	1080
317	300
318	420
319	540
320	360
321	360
322	600
323	360
324	480
325	420
326	600
327	660
328	300
329	600
330	240
331	540
332	360
333	720
334	600
335	420
336	480
337	360
338	600
339	360
340	300
341	360
342	540
343	660
344	660
345	480
346	600
347	360
348	420
349	660
350	420
351	300
352	660
353	540
354	840
355	600
356	420
357	480
358	660
359	240
360	360
361	540
362	840
363	660
364	360
365	420
366	960
367	780
368	240
369	300
370	540
371	420
372	300
373	720
374	360
375	480
376	540
377	480
378	780
379	540
380	480
381	660
382	660
383	420
384	480
385	480
386	540
387	540
388	780
389	840
390	480
391	240
392	240
393	480
394	660
395	360
396	480
397	600
398	480
399	1080
400	480
401	420
402	660
403	720
404	300
405	360
406	960
407	420
408	540
409	360
410	720
411	660
412	420
413	420
414	240
415	420
416	840
417	660
418	420
419	420
420	660
421	420
422	420
423	480
424	960
425	660
426	360
427	300
428	480
429	600
430	840
431	240
432	720
433	360
434	240
435	480
436	720
437	600
438	540
439	540
440	300
441	540
442	360
443	1320
444	540
445	420
446	600
447	1020
448	960
449	900
450	600
451	600
452	240
453	600
454	420
455	1260
456	360
457	540
458	660
459	660
460	420
461	720
462	840
463	660
464	480
465	420
466	900
467	540
468	420
469	660
470	540
471	360
472	540
473	780
474	240
475	480
476	660
477	540
478	360
479	300
480	540
481	420
482	840
483	540
484	600
485	540
486	480
487	660
488	660
489	600
490	420
491	420
492	540
493	420
494	720
495	660
496	600
497	660
498	360
499	660
500	540
501	540
502	840
503	600
504	720
505	720
506	600
507	540
508	720
509	420
510	540
511	540
512	420
513	480
514	540
515	660
516	480
517	540
518	480
519	420
520	420
521	720
522	300
523	780
524	480
525	720
526	660
527	720
528	240
529	960
530	360
531	480
532	420
533	300
534	420
535	420
536	600
537	600
538	600
539	660
540	240
541	960
542	420
543	480
544	660
545	540
546	660
547	480
548	1260
549	300
550	240
551	480
552	420
553	600
554	360
555	1080
556	720
557	420
558	420
559	540
560	480
561	540
562	480
563	420
564	600
565	720
566	840
567	540
568	960
569	600
570	480
571	660
572	420
573	840
574	720
575	480
576	720
577	420
578	360
579	600
580	720
581	600
582	300
583	480
584	660
585	480
586	660
587	960
588	480
589	360
590	420
591	420
592	600
593	1380
594	660
595	600
596	420
597	480
598	780
599	540
600	840
601	420
602	360
603	1200
604	660
605	720
606	600
607	600
608	420
609	480
610	420
611	660
612	480
613	360
614	480
615	660
616	480
617	480
618	420
619	600
620	420
621	240
622	480
623	420
624	360
625	360
626	720
627	660
628	480
629	360
630	480
631	360
632	600
633	360
634	420
635	660
636	240
637	900
638	600
639	540
640	540
641	540
642	720
643	420
644	600
645	600
646	840
647	600
648	540
649	480
650	540
651	720
652	540
653	300
654	660
655	720
656	600
657	420
658	540
659	360
660	420
661	540
662	420
663	420
664	780
665	540
666	720
667	420
668	480
669	660
670	480
671	660
672	360
673	240
674	360
675	720
676	420
677	480
678	1200
679	480
680	240
681	840
682	840
683	540
684	660
685	240
686	540
687	360
688	660
689	1200
690	420
691	960
692	660
693	540
694	360
695	480
696	720
697	420
698	480
699	780
700	420
701	480
702	480
703	720
704	960
705	300
706	600
707	540
708	540
709	300
710	540
711	480
712	420
713	300
714	420
715	600
716	1080
717	240
718	540
719	480
720	540
721	840
722	300
723	540
724	600
725	480
726	540
727	840
728	720
729	480
730	600
731	300
732	600
733	720
734	840
735	600
736	780
737	900
738	420
739	720
740	720
741	360
742	300
743	600
744	420
745	540
746	600
747	600
748	600
749	600
750	300
751	660
TIME_WINDOW_SECTION
1	0	41340
2	9000	16200
3	16200	22500
4	9000	16200
5	19800	27000
6	9000	16200
7	19800	27000
8	12600	19800
9	16200	23400
10	12600	19800
11	19800	27000
12	10800	33300
13	27000	34200
14	27000	34200
15	19800	27000
16	9000	16200
17	12600	19800
18	10800	34200
19	27000	34200
20	10800	34200
21	10800	34200
22	16200	23400
23	10800	34200
24	10800	34200
25	12600	19800
26	16200	23400
27	19800	27000
28	16200	23400
29	16200	23400
30	9000	16200
31	9000	16200
32	16200	23400
33	12600	19800
34	10800	34200
35	9000	16200
36	16200	23400
37	16200	23400
38	16200	23400
39	19800	27000
40	16200	23400
41	19800	27000
42	19800	27000
43	12600	19800
44	12600	19800
45	19800	27000
46	16200	23400
47	16200	23400
48	16200	23400
49	19800	27000
50	12600	23400
51	9000	15300
52	16200	23400
53	10800	34200
54	12600	19800
55	10800	34200
56	9000	16200
57	10800	34200
58	16200	23400
59	9000	16200
60	16200	23400
61	10800	34200
62	12600	19800
63	16200	23400
64	12600	19800
65	12600	19800
66	19800	27000
67	10800	34200
68	27000	34200
69	16200	22500
70	23400	29700
71	10800	34200
72	19800	27000
73	19800	27000
74	9000	16200
75	12600	19800
76	9000	16200
77	10800	33300
78	12600	19800
79	23400	30600
80	10800	34200
81	9000	16200
82	12600	18900
83	19800	27000
84	23400	30600
85	27000	34200
86	9000	16200
87	9000	16200
88	9000	16200
89	19800	26100
90	19800	27000
91	10800	34200
92	19800	27000
93	9000	16200
94	16200	23400
95	27000	34200
96	9000	16200
97	23400	30600
98	19800	27000
99	16200	23400
100	16200	23400
101	16200	23400
102	16200	23400
103	23400	30600
104	19800	27000
105	9000	16200
106	9000	16200
107	10800	34200
108	19800	27000
109	9000	16200
110	16200	23400
111	9000	16200
112	27000	34200
113	12600	19800
114	9000	16200
115	19800	27000
116	12600	18900
117	16200	23400
118	19800	26100
119	10800	34200
120	16200	23400
121	19800	27000
122	9000	16200
123	16200	23400
124	9000	16200
125	19800	27000
126	10800	34200
127	12600	19800
128	10800	34200
129	9000	16200
130	16200	23400
131	12600	19800
132	9000	16200
133	12600	19800
134	19800	27000
135	9000	16200
136	16200	23400
137	23400	30600
138	9000	16200
139	12600	19800
140	9000	16200
141	9000	16200
142	16200	23400
143	16200	23400
144	16200	23400
145	9000	16200
146	9000	16200
147	9000	16200
148	19800	27000
149	10800	34200
150	16200	23400
151	16200	23400
152	19800	27000
153	10800	34200
154	9000	15300
155	19800	27000
156	19800	27000
157	12600	19800
158	10800	34200
159	10800	34200
160	10800	33300
161	23400	30600
162	10800	34200
163	19800	27000
164	19800	27000
165	19800	27000
166	19800	27000
167	9000	15300
168	12600	19800
169	9000	16200
170	23400	30600
171	19800	26100
172	12600	19800
173	19800	27000
174	12600	19800
175	12600	19800
176	9000	16200
177	19800	27000
178	19800	27000
179	9000	16200
180	9000	16200
181	12600	19800
182	9000	15300
183	9000	16200
184	12600	19800
185	12600	19800
186	19800	27000
187	9000	16200
188	9000	16200
189	19800	27000
190	9000	16200
191	12600	19800
192	10800	33300
193	19800	27000
194	10800	34200
195	19800	27000
196	12600	19800
197	19800	27000
198	16200	23400
199	10800	33300
200	16200	23400
201	12600	19800
202	19800	27000
203	12600	19800
204	9000	16200
205	12600	19800
206	10800	34200
207	19800	27000
208	16200	23400
209	9000	16200
210	9000	16200
211	16200	23400
212	10800	34200
213	23400	30600
214	19800	27000
215	16200	23400
216	9000	16200
217	16200	23400
218	9000	16200
219	19800	27000
220	16200	23400
221	19800	27000
222	19800	27000
223	9000	16200
224	16200	23400
225	9000	15300
226	12600	19800
227	12600	19800
228	27000	34200
229	16200	23400
230	12600	19800
231	19800	27000
232	9000	16200
233	10800	34200
234	10800	33300
235	10800	34200
236	9000	16200
237	16200	23400
238	10800	34200
239	10800	34200
240	10800	33300
241	12600	19800
242	10800	34200
243	9000	16200
244	12600	19800
245	27000	34200
246	10800	34200
247	10800	34200
248	12600	19800
249	19800	27000
250	16200	23400
251	19800	27000
252	16200	23400
253	16200	23400
254	16200	23400
255	16200	23400
256	12600	19800
257	9000	16200
258	12600	19800
259	9000	16200
260	16200	23400
261	12600	19800
262	10800	34200
263	16200	23400
264	10800	34200
265	10800	34200
266	12600	19800
267	9000	16200
268	16200	23400
269	12600	19800
270	12600	19800
271	16200	23400
272	12600	19800
273	12600	19800
274	16200	23400
275	16200	23400
276	19800	27000
277	16200	23400
278	9000	16200
279	19800	27000
280	12600	19800
281	19800	27000
282	19800	27000
283	19800	27000
284	9000	16200
285	12600	19800
286	19800	27000
287	16200	23400
288	12600	19800
289	10800	34200
290	9000	16200
291	23400	30600
292	12600	19800
293	9000	16200
294	12600	19800
295	19800	27000
296	10800	34200
297	19800	27000
298	19800	27000
299	19800	27000
300	23400	30600
301	16200	23400
302	23400	30600
303	16200	23400
304	9000	16200
305	10800	34200
306	12600	19800
307	16200	23400
308	16200	23400
309	16200	23400
310	16200	23400
311	27000	34200
312	19800	27000
313	16200	23400
314	12600	19800
315	16200	23400
316	9000	16200
317	12600	19800
318	12600	18900
319	19800	27000
320	9000	16200
321	9000	16200
322	12600	19800
323	16200	23400
324	9000	16200
325	10800	34200
326	9000	16200
327	19800	27000
328	16200	23400
329	23400	30600
330	19800	27000
331	19800	26100
332	9000	16200
333	16200	23400
334	19800	27000
335	19800	27000
336	12600	19800
337	9000	16200
338	10800	34200
339	16200	23400
340	27000	34200
341	19800	27000
342	19800	27000
343	10800	34200
344	23400	30600
345	19800	27000
346	10800	34200
347	19800	27000
348	10800	34200
349	12600	19800
350	16200	23400
351	9000	16200
352	10800	34200
353	10800	34200
354	16200	23400
355	23400	30600
356	27000	34200
357	16200	23400
358	10800	34200
359	9000	16200
360	9000	16200
361	27000	34200
362	10800	34200
363	10800	33300
364	16200	23400
365	12600	19800
366	23400	30600
367	27000	34200
368	19800	27000
369	10800	34200
370	12600	23400
371	19800	27000
372	9000	16200
373	9000	16200
374	12600	19800
375	9000	16200
376	16200	23400
377	19800	27000
378	19800	27000
379	9000	16200
380	12600	19800
381	16200	23400
382	19800	27000
383	10800	34200
384	16200	23400
385	10800	34200
386	19800	27000
387	16200	23400
388	10800	34200
389	19800	27000
390	16200	23400
391	19800	27000
392	23400	30600
393	10800	34200
394	19800	27000
395	10800	34200
396	19800	27000
397	12600	19800
398	16200	23400
399	16200	23400
400	16200	23400
401	16200	23400
402	12600	19800
403	12600	19800
404	10800	34200
405	23400	30600
406	19800	27000
407	23400	30600
408	16200	23400
409	19800	27000
410	12600	19800
411	10800	34200
412	27000	34200
413	19800	27000
414	27000	34200
415	16200	23400
416	12600	19800
417	16200	23400
418	19800	27000
419	10800	34200
420	19800	27000
421	16200	23400
422	16200	23400
423	19800	27000
424	12600	19800
425	12600	19800
426	16200	23400
427	19800	26100
428	19800	27000
429	10800	34200
430	19800	27000
431	10800	34200
432	12600	18900
433	16200	23400
434	12600	19800
435	16200	23400
436	27000	34200
437	10800	33300
438	10800	34200
439	23400	30600
440	12600	19800
441	12600	19800
442	16200	23400
443	10800	34200
444	19800	27000
445	16200	23400
446	10800	33300
447	12600	19800
448	12600	18900
449	16200	23400
450	19800	27000
451	19800	27000
452	19800	27000
453	19800	27000
454	16200	23400
455	10800	34200
456	10800	33300
457	16200	23400
458	10800	34200
459	19800	27000
460	10800	34200
461	10800	33300
462	12600	19800
463	10800	34200
464	19800	27000
465	16200	23400
466	16200	23400
467	12600	19800
468	19800	27000
469	12600	19800
470	19800	27000
471	10800	34200
472	12600	19800
473	19800	27000
474	19800	26100
475	12600	19800
476	12600	19800
477	19800	27000
478	16200	23400
479	19800	27000
480	19800	30600
481	10800	34200
482	16200	23400
483	10800	34200
484	23400	30600
485	10800	34200
486	19800	27000
487	10800	33300
488	16200	23400
489	16200	23400
490	19800	27000
491	10800	33300
492	19800	27000
493	27000	34200
494	10800	34200
495	16200	23400
496	27000	34200
497	10800	33300
498	12600	19800
499	27000	34200
500	12600	19800
501	16200	23400
502	19800	26100
503	19800	27000
504	12600	19800
505	12600	19800
506	12600	19800
507	19800	27000
508	12600	19800
509	27000	34200
510	10800	33300
511	16200	23400
512	16200	23400
513	16200	23400
514	16200	23400
515	10800	33300
516	10800	33300
517	19800	27000
518	10800	34200
519	19800	27000
520	19800	27000
521	19800	27000
522	12600	19800
523	16200	23400
524	19800	27000
525	16200	23400
526	27000	34200
527	16200	23400
528	10800	34200
529	10800	33300
530	12600	19800
531	16200	23400
532	19800	27000
533	16200	23400
534	16200	23400
535	12600	19800
536	10800	34200
537	16200	23400
538	10800	34200
539	16200	23400
540	19800	27000
541	19800	27000
542	19800	27000
543	16200	23400
544	10800	34200
545	16200	23400
546	16200	23400
547	10800	33300
548	16200	23400
549	19800	27000
550	16200	23400
551	10800	34200
552	16200	23400
553	10800	34200
554	19800	27000
555	19800	27000
556	10800	34200
557	19800	27000
558	10800	34200
559	10800	34200
560	19800	27000
561	19800	27000
562	23400	30600
563	16200	23400
564	10800	34200
565	19800	27000
566	19800	27000
567	16200	23400
568	10800	34200
569	12600	23400
570	10800	33300
571	19800	27000
572	19800	27000
573	19800	27000
574	16200	23400
575	27000	34200
576	19800	27000
577	19800	27000
578	16200	23400
579	19800	27000
580	19800	27000
581	19800	27000
582	10800	34200
583	16200	23400
584	10800	34200
585	19800	27000
586	23400	30600
587	16200	23400
588	19800	27000
589	19800	27000
590	16200	23400
591	19800	27000
592	16200	23400
593	19800	27000
594	10800	34200
595	16200	23400
596	19800	27000
597	19800	27000
598	16200	23400
599	23400	30600
600	16200	23400
601	19800	27000
602	16200	23400
603	10800	34200
604	10800	33300
605	16200	23400
606	16200	23400
607	27000	34200
608	19800	27000
609	10800	34200
610	10800	34200
611	10800	34200
612	19800	27000
613	19800	27000
614	23400	29700
615	19800	27000
616	23400	30600
617	19800	27000
618	23400	29700
619	19800	27000
620	27000	34200
621	16200	23400
622	27000	34200
623	19800	27000
624	19800	27000
625	10800	34200
626	27000	34200
627	19800	27000
628	19800	27000
629	27000	34200
630	23400	30600
631	16200	23400
632	10800	34200
633	10800	34200
634	19800	27000
635	19800	26100
636	19800	27000
637	23400	30600
638	16200	23400
639	10800	34200
640	16200	23400
641	16200	23400
642	23400	30600
643	10800	34200
644	19800	27000
645	16200	23400
646	16200	23400
647	16200	23400
648	10800	34200
649	10800	34200
650	19800	27000
651	10800	34200
652	19800	27000
653	10800	34200
654	19800	26100
655	19800	27000
656	27000	34200
657	19800	27000
658	10800	33300
659	27000	34200
660	19800	27000
661	19800	27000
662	10800	34200
663	19800	27000
664	23400	30600
665	10800	34200
666	23400	30600
667	19800	26100
668	10800	34200
669	10800	34200
670	19800	27000
671	27000	34200
672	10800	34200
673	19800	27000
674	19800	27000
675	10800	34200
676	23400	30600
677	19800	27000
678	19800	27000
679	19800	27000
680	10800	34200
681	19800	27000
682	10800	34200
683	27000	34200
684	19800	27000
685	19800	27000
686	10800	34200
687	10800	34200
688	10800	34200
689	10800	34200
690	10800	34200
691	10800	34200
692	10800	34200
693	10800	34200
694	10800	33300
695	19800	27000
696	10800	34200
697	19800	27000
698	10800	33300
699	23400	30600
700	10800	34200
701	19800	27000
702	10800	34200
703	10800	33300
704	10800	33300
705	10800	34200
706	10800	34200
707	10800	34200
708	19800	27000
709	19800	27000
710	10800	33300
711	10800	33300
712	19800	27000
713	10800	34200
714	27000	34200
715	27000	34200
716	19800	27000
717	10800	34200
718	10800	33300
719	23400	30600
720	19800	30600
721	19800	27000
722	10800	33300
723	19800	27000
724	10800	34200
725	27000	34200
726	27000	34200
727	10800	34200
728	10800	34200
729	10800	34200
730	23400	30600
731	10800	33300
732	10800	34200
733	10800	33300
734	10800	34200
735	10800	34200
736	23400	30600
737	23400	30600
738	10800	34200
739	10800	34200
740	10800	34200
741	23400	29700
742	10800	34200
743	23400	30600
744	10800	34200
745	10800	34200
746	23400	30600
747	10800	34200
748	10800	34200
749	10800	34200
750	10800	33300
751	27000	34200
RELEASE_TIME_SECTION
1	0
2	9000
3	9000
4	9000
5	9000
6	9000
7	9000
8	9000
9	9000
10	9000
11	9000
12	9000
13	9000
14	9000
15	9000
16	9000
17	9000
18	9000
19	9000
20	9000
21	9000
22	9000
23	9000
24	9000
25	9000
26	9000
27	9000
28	9000
29	9000
30	9000
31	9000
32	9000
33	9000
34	9000
35	9000
36	9000
37	9000
38	9000
39	9000
40	9000
41	9000
42	9000
43	9000
44	9000
45	9000
46	9000
47	9000
48	9000
49	9000
50	9000
51	9000
52	9000
53	9000
54	9000
55	9000
56	9000
57	9000
58	9000
59	9000
60	9000
61	9000
62	9000
63	9000
64	9000
65	9000
66	9000
67	9000
68	9000
69	9000
70	9000
71	9000
72	9000
73	9000
74	9000
75	9000
76	9000
77	9000
78	9000
79	9000
80	9000
81	9000
82	9000
83	9000
84	9000
85	9000
86	9000
87	9000
88	9000
89	9000
90	9000
91	9000
92	9000
93	9000
94	9000
95	9000
96	9000
97	9000
98	9000
99	9000
100	9000
101	9000
102	10800
103	10800
104	10800
105	10800
106	10800
107	10800
108	10800
109	10800
110	10800
111	10800
112	10800
113	10800
114	10800
115	10800
116	10800
117	10800
118	10800
119	10800
120	10800
121	10800
122	10800
123	10800
124	10800
125	10800
126	10800
127	10800
128	10800
129	10800
130	10800
131	10800
132	10800
133	10800
134	10800
135	10800
136	10800
137	10800
138	10800
139	10800
140	10800
141	10800
142	10800
143	10800
144	10800
145	10800
146	10800
147	10800
148	10800
149	10800
150	10800
151	10800
152	10800
153	10800
154	10800
155	10800
156	10800
157	10800
158	10800
159	10800
160	10800
161	10800
162	10800
163	10800
164	10800
165	10800
166	10800
167	10800
168	10800
169	10800
170	10800
171	10800
172	10800
173	10800
174	10800
175	10800
176	10800
177	10800
178	10800
179	10800
180	10800
181	10800
182	10800
183	10800
184	10800
185	10800
186	10800
187	10800
188	10800
189	10800
190	10800
191	10800
192	10800
193	10800
194	10800
195	10800
196	10800
197	10800
198	10800
199	10800
200	10800
201	10800
202	12600
203	12600
204	12600
205	12600
206	12600
207	12600
208	12600
209	12600
210	12600
211	12600
212	12600
213	12600
214	12600
215	12600
216	12600
217	12600
218	12600
219	12600
220	12600
221	12600
222	12600
223	12600
224	12600
225	12600
226	12600
227	12600
228	12600
229	12600
230	12600
231	12600
232	12600
233	12600
234	12600
235	12600
236	12600
237	12600
238	12600
239	12600
240	12600
241	12600
242	12600
243	12600
244	12600
245	12600
246	12600
247	12600
248	12600
249	12600
250	12600
251	12600
252	12600
253	12600
254	12600
255	12600
256	12600
257	12600
258	12600
259	12600
260	12600
261	12600
262	12600
263	12600
264	12600
265	12600
266	12600
267	12600
268	12600
269	12600
270	12600
271	12600
272	12600
273	12600
274	12600
275	12600
276	12600
277	12600
278	12600
279	12600
280	12600
281	12600
282	12600
283	12600
284	12600
285	12600
286	12600
287	12600
288	12600
289	12600
290	12600
291	12600
292	12600
293	12600
294	12600
295	12600
296	12600
297	12600
298	12600
299	12600
300	14400
301	14400
302	14400
303	14400
304	14400
305	14400
306	14400
307	14400
308	14400
309	14400
310	14400
311	14400
312	14400
313	14400
314	14400
315	14400
316	14400
317	14400
318	14400
319	14400
320	14400
321	14400
322	14400
323	14400
324	14400
325	14400
326	14400
327	14400
328	14400
329	14400
330	14400
331	14400
332	14400
333	14400
334	14400
335	14400
336	14400
337	14400
338	14400
339	14400
340	14400
341	14400
342	14400
343	14400
344	14400
345	14400
346	14400
347	14400
348	14400
349	14400
350	14400
351	14400
352	14400
353	14400
354	14400
355	14400
356	14400
357	14400
358	14400
359	14400
360	14400
361	14400
362	14400
363	14400
364	14400
365	14400
366	14400
367	14400
368	14400
369	14400
370	14400
371	14400
372	14400
373	14400
374	14400
375	14400
376	14400
377	14400
378	14400
379	14400
380	14400
381	14400
382	14400
383	14400
384	14400
385	14400
386	14400
387	14400
388	14400
389	14400
390	16200
391	16200
392	16200
393	16200
394	16200
395	16200
396	16200
397	16200
398	16200
399	16200
400	16200
401	16200
402	16200
403	16200
404	16200
405	16200
406	16200
407	16200
408	16200
409	16200
410	16200
411	16200
412	16200
413	16200
414	16200
415	16200
416	16200
417	16200
418	16200
419	16200
420	16200
421	16200
422	16200
423	16200
424	16200
425	16200
426	16200
427	16200
428	16200
429	16200
430	16200
431	16200
432	16200
433	16200
434	16200
435	16200
436	16200
437	16200
438	16200
439	16200
440	16200
441	16200
442	16200
443	16200
444	16200
445	16200
446	16200
447	16200
448	16200
449	16200
450	16200
451	16200
452	16200
453	16200
454	16200
455	16200
456	16200
457	16200
458	16200
459	16200
460	16200
461	16200
462	16200
463	16200
464	16200
465	16200
466	16200
467	16200
468	16200
469	18000
470	18000
471	18000
472	18000
473	18000
474	18000
475	18000
476	18000
477	18000
478	18000
479	18000
480	18000
481	18000
482	18000
483	18000
484	18000
485	18000
486	18000
487	18000
488	18000
489	18000
490	18000
491	18000
492	18000
493	18000
494	18000
495	18000
496	18000
497	18000
498	18000
499	18000
500	18000
501	18000
502	18000
503	18000
504	18000
505	18000
506	18000
507	18000
508	18000
509	18000
510	18000
511	18000
512	18000
513	18000
514	18000
515	18000
516	18000
517	18000
518	18000
519	18000
520	18000
521	18000
522	18000
523	18000
524	18000
525	18000
526	18000
527	18000
528	18000
529	18000
530	18000
531	18000
532	18000
533	18000
534	18000
535	18000
536	18000
537	18000
538	18000
539	18000
540	18000
541	18000
542	18000
543	19800
544	19800
545	19800
546	19800
547	19800
548	19800
549	19800
550	19800
551	19800
552	19800
553	19800
554	19800
555	19800
556	19800
557	19800
558	19800
559	19800
560	19800
561	19800
562	19800
563	19800
564	19800
565	19800
566	19800
567	19800
568	19800
569	19800
570	19800
571	19800
572	19800
573	19800
574	19800
575	19800
576	19800
577	19800
578	19800
579	19800
580	19800
581	19800
582	19800
583	19800
584	19800
585	19800
586	19800
587	19800
588	19800
589	19800
590	19800
591	19800
592	19800
593	19800
594	19800
595	19800
596	19800
597	19800
598	19800
599	19800
600	19800
601	19800
602	19800
603	19800
604	19800
605	19800
606	19800
607	19800
608	21600
609	21600
610	21600
611	21600
612	21600
613	21600
614	21600
615	21600
616	21600
617	21600
618	21600
619	21600
620	21600
621	21600
622	21600
623	21600
624	21600
625	21600
626	21600
627	21600
628	21600
629	21600
630	21600
631	21600
632	21600
633	21600
634	21600
635	21600
636	21600
637	21600
638	21600
639	21600
640	21600
641	21600
642	21600
643	21600
644	21600
645	21600
646	21600
647	21600
648	21600
649	21600
650	21600
651	21600
652	23400
653	23400
654	23400
655	23400
656	23400
657	23400
658	23400
659	23400
660	23400
661	23400
662	23400
663	23400
664	23400
665	23400
666	23400
667	23400
668	23400
669	23400
670	23400
671	23400
672	23400
673	23400
674	23400
675	23400
676	23400
677	23400
678	23400
679	23400
680	23400
681	23400
682	23400
683	23400
684	23400
685	23400
686	23400
687	23400
688	23400
689	25200
690	25200
691	25200
692	25200
693	25200
694	25200
695	25200
696	25200
697	25200
698	25200
699	25200
700	25200
701	25200
702	25200
703	25200
704	25200
705	25200
706	25200
707	25200
708	25200
709	25200
710	25200
711	25200
712	25200
713	25200
714	25200
715	25200
716	25200
717	25200
718	25200
719	25200
720	25200
721	25200
722	25200
723	25200
724	25200
725	27000
726	27000
727	27000
728	27000
729	27000
730	27000
731	27000
732	27000
733	27000
734	27000
735	27000
736	27000
737	27000
738	27000
739	27000
740	27000
741	27000
742	27000
743	27000
744	27000
745	27000
746	27000
747	27000
748	27000
749	27000
750	27000
751	27000
EOF
