NAME : ORTEC-VRPTW-ASYM-4fe9435f-d1-n955
TYPE : VRPTW-RT
DIMENSION : 956
EDGE_WEIGHT_TYPE : EUC_2D
CAPACITY : 145
NODE_COORD_SECTION
1	1191	0
2	425	338
3	3711	1152
4	511	218
5	4570	1296
6	2580	1227
7	1263	1012
8	3811	1117
9	3864	1399
10	1103	548
11	1860	924
12	1204	655
13	3924	1086
14	4251	1323
15	1795	508
16	1868	872
17	1231	753
18	4681	1203
19	2087	839
20	921	1106
21	4448	916
22	3617	1263
23	3974	1247
24	1841	692
25	1413	490
26	4184	1592
27	2101	1338
28	977	394
29	1454	610
30	3791	1296
31	1231	753
32	1184	665
33	1103	548
34	3693	978
35	4658	1383
36	1059	552
37	1043	1314
38	1127	413
39	313	262
40	0	354
41	4109	1148
42	4356	1012
43	1499	575
44	4759	1340
45	3996	1356
46	3552	775
47	1841	692
48	1041	416
49	784	469
50	4048	1196
51	2268	1219
52	3791	1296
53	5018	1035
54	2418	1051
55	1887	1011
56	1869	1008
57	483	304
58	2008	870
59	1837	605
60	1425	914
61	1204	655
62	1559	936
63	4707	1324
64	1229	496
65	1689	540
66	1586	1021
67	198	469
68	1271	548
69	1033	542
70	1184	665
71	1041	416
72	883	388
73	2554	1215
74	4109	1148
75	4786	1742
76	4356	1208
77	1597	873
78	5850	1141
79	4448	916
80	4378	1487
81	947	467
82	861	455
83	283	855
84	369	212
85	4022	1326
86	4356	1208
87	1056	438
88	4251	1323
89	4088	1401
90	1636	789
91	214	510
92	4802	1017
93	1561	889
94	368	445
95	859	435
96	462	299
97	3796	1272
98	4086	1526
99	1952	1410
100	100	710
101	4356	1595
102	3990	1260
103	3658	1083
104	1855	1004
105	3518	913
106	4032	1120
107	861	455
108	884	377
109	2077	1056
110	1718	868
111	1271	548
112	1783	921
113	3938	1349
114	4362	1356
115	1791	1171
116	4337	899
117	5850	1141
118	4251	1323
119	812	479
120	977	394
121	1521	767
122	3987	1101
123	653	455
124	1833	846
125	1689	540
126	1446	965
127	1647	1036
128	1775	735
129	4165	815
130	2573	1120
131	4337	899
132	3658	1083
133	363	670
134	483	304
135	1586	1021
136	3631	892
137	2496	1260
138	441	288
139	3924	1086
140	198	469
141	695	570
142	1704	1032
143	4369	1328
144	3617	1263
145	3853	1098
146	1056	438
147	5850	1141
148	4332	1577
149	3715	1272
150	2511	1078
151	4210	1139
152	861	455
153	3678	1036
154	4269	924
155	4866	1750
156	1872	975
157	1026	466
158	1018	578
159	861	455
160	947	467
161	3747	1041
162	1337	766
163	1276	570
164	285	295
165	2418	1051
166	1521	767
167	759	537
168	4707	1324
169	1750	912
170	859	435
171	1709	941
172	246	414
173	1271	548
174	368	445
175	3781	1225
176	1781	960
177	1735	961
178	1542	957
179	3431	1136
180	444	205
181	4339	1260
182	4251	1323
183	4305	1275
184	369	212
185	1791	1171
186	4490	1531
187	1773	907
188	784	469
189	0	354
190	4356	1595
191	4102	1343
192	1581	1395
193	3938	1349
194	3791	1296
195	1618	541
196	4195	1100
197	3924	1086
198	4362	1356
199	1940	923
200	76	655
201	1977	989
202	1783	921
203	2270	986
204	131	727
205	1822	847
206	4269	924
207	3957	1217
208	517	901
209	4448	916
210	4022	1326
211	3851	1226
212	959	683
213	1744	843
214	368	445
215	883	388
216	3707	1121
217	1190	437
218	1378	525
219	1631	998
220	3761	1106
221	1587	670
222	2573	1075
223	3654	1170
224	823	678
225	2101	1338
226	483	304
227	1874	707
228	698	335
229	4912	1066
230	4269	924
231	1325	681
232	1977	989
233	477	394
234	1622	783
235	1337	766
236	1597	873
237	4686	1356
238	3856	1057
239	2573	1195
240	1788	1047
241	5249	1673
242	1826	971
243	859	435
244	1622	783
245	3518	913
246	1983	662
247	165	622
248	1271	548
249	4251	1323
250	1874	707
251	1499	575
252	1841	692
253	3987	1101
254	1636	789
255	4356	1595
256	470	956
257	1408	880
258	832	491
259	1103	548
260	337	535
261	2607	1363
262	1798	757
263	1495	812
264	1126	410
265	3747	1041
266	1097	685
267	1903	1015
268	4577	1141
269	1583	791
270	4235	1454
271	4786	1011
272	171	357
273	1798	757
274	549	576
275	2418	1051
276	1193	1041
277	4251	1323
278	1126	410
279	1671	937
280	1126	410
281	1378	525
282	2077	1056
283	883	388
284	2061	1349
285	1499	575
286	1841	692
287	2217	1284
288	4378	1487
289	4337	899
290	1559	936
291	1643	825
292	4786	1742
293	1622	783
294	936	445
295	4165	815
296	4048	1196
297	3658	1083
298	2195	1101
299	802	407
300	4759	1340
301	720	460
302	1033	542
303	1791	1171
304	1820	810
305	4601	1765
306	1846	875
307	823	678
308	4707	1324
309	1537	1248
310	3761	1106
311	1689	540
312	4115	1460
313	4912	1066
314	1559	936
315	284	491
316	1892	922
317	4543	1202
318	493	928
319	2008	870
320	1205	889
321	4332	1577
322	1376	649
323	1097	685
324	3796	1272
325	1630	887
326	100	710
327	1019	485
328	1775	735
329	4911	935
330	3631	892
331	1495	812
332	517	901
333	1825	1298
334	539	530
335	4912	1066
336	921	1106
337	5624	1122
338	1542	553
339	905	1134
340	3577	851
341	493	928
342	2008	870
343	3831	1153
344	3929	1435
345	1026	466
346	1885	1000
347	369	212
348	2573	1195
349	3924	1086
350	4369	1328
351	1704	1032
352	1591	818
353	4086	1526
354	1218	791
355	4681	1203
356	1822	847
357	4048	1196
358	285	295
359	1890	574
360	415	888
361	4413	1140
362	539	530
363	4601	1765
364	505	883
365	1041	416
366	2061	1349
367	1184	601
368	1408	880
369	4176	1279
370	1190	437
371	824	1106
372	4577	1141
373	1888	679
374	2627	1306
375	2007	623
376	1735	961
377	1693	805
378	1325	681
379	2627	1306
380	4452	1394
381	1564	987
382	284	491
383	1750	912
384	4184	1592
385	3518	913
386	1425	914
387	3747	1041
388	100	710
389	1826	971
390	2101	1338
391	759	537
392	2077	1056
393	1484	539
394	4707	1324
395	812	479
396	1636	789
397	653	455
398	3811	1117
399	759	537
400	2008	870
401	1193	1041
402	3442	1016
403	3631	892
404	283	855
405	1581	1395
406	3485	920
407	2298	1095
408	1976	770
409	1860	924
410	672	977
411	3864	1399
412	3707	1121
413	428	647
414	1923	838
415	1448	825
416	1484	539
417	3471	1057
418	1884	1207
419	4210	1139
420	1880	1067
421	539	530
422	4362	1356
423	2535	1238
424	698	335
425	530	1142
426	1254	784
427	1880	1067
428	3963	1217
429	1537	1248
430	1828	896
431	1561	889
432	3916	1094
433	4251	1323
434	2511	1078
435	3976	1086
436	4332	1577
437	4448	1419
438	4601	1765
439	1703	1463
440	1923	838
441	4356	1012
442	251	292
443	0	354
444	2008	1191
445	338	307
446	859	435
447	1451	1189
448	1722	463
449	3882	816
450	2298	1095
451	3658	1083
452	1696	940
453	2007	623
454	3864	1399
455	2453	1306
456	3976	1086
457	1885	1000
458	1425	914
459	695	570
460	1986	857
461	104	407
462	4176	1279
463	5681	1000
464	1801	854
465	2217	1284
466	1581	1395
467	1542	553
468	1648	607
469	530	1142
470	3678	1036
471	1484	539
472	246	414
473	1923	838
474	1795	508
475	1591	818
476	1448	825
477	4866	1750
478	1731	750
479	1896	1017
480	1495	812
481	5907	1009
482	1910	711
483	1696	940
484	4866	1750
485	3442	1016
486	738	471
487	3976	1086
488	3938	1349
489	1542	957
490	425	338
491	1498	760
492	378	494
493	2417	1226
494	1184	601
495	4086	1526
496	4570	1296
497	2417	1226
498	784	469
499	1940	923
500	1263	1012
501	2032	1086
502	977	394
503	2511	1243
504	4305	1275
505	4064	1157
506	3811	1117
507	4332	1577
508	1713	910
509	3599	908
510	610	955
511	1860	924
512	3957	1217
513	1868	872
514	1976	770
515	1648	607
516	4165	815
517	285	295
518	3976	1086
519	1001	1310
520	3715	1272
521	1788	1103
522	1559	936
523	1559	936
524	284	491
525	1376	649
526	4184	1592
527	1184	665
528	198	469
529	3717	1335
530	4227	1413
531	444	205
532	3552	775
533	1894	728
534	1413	490
535	2033	879
536	4305	1275
537	759	537
538	4452	1394
539	444	205
540	4251	1323
541	252	467
542	2008	870
543	4048	1196
544	3631	892
545	2580	1227
546	2087	839
547	921	1106
548	203	524
549	1587	857
550	924	606
551	1890	574
552	1263	1012
553	1983	662
554	3518	913
555	4210	1139
556	3693	978
557	1056	438
558	1448	825
559	921	1106
560	1837	605
561	1855	1004
562	4160	1483
563	1204	655
564	1986	857
565	1542	553
566	1631	998
567	1537	1248
568	1408	880
569	2580	1227
570	2627	1306
571	883	388
572	3693	978
573	1126	410
574	1585	847
575	3747	1041
576	493	928
577	3851	1226
578	1795	508
579	3485	920
580	4912	1066
581	1671	937
582	3938	1349
583	3924	1086
584	2497	1145
585	3882	1258
586	76	655
587	4452	1394
588	1618	541
589	1910	711
590	1795	508
591	4786	1011
592	1722	463
593	3485	920
594	812	479
595	4210	1139
596	5906	1092
597	977	394
598	3928	1136
599	533	945
600	3675	1199
601	1026	466
602	1587	857
603	4337	899
604	3577	851
605	3747	1041
606	4306	1282
607	4088	1401
608	203	524
609	1126	410
610	4339	1260
611	1581	1395
612	441	288
613	4356	1595
614	1680	1448
615	898	965
616	1542	553
617	971	341
618	3518	913
619	3715	1272
620	3620	902
621	672	977
622	4072	1029
623	4065	1059
624	1696	940
625	3663	1005
626	462	299
627	0	354
628	3747	1041
629	3781	1225
630	368	445
631	1229	496
632	1263	1012
633	4023	1404
634	4786	1011
635	428	647
636	1718	868
637	1583	791
638	284	491
639	3663	1005
640	827	354
641	2103	736
642	1872	975
643	2298	1095
644	1803	915
645	1855	1004
646	3811	1117
647	3990	1260
648	285	295
649	5249	1673
650	1643	825
651	1773	907
652	4786	1011
653	477	394
654	1868	872
655	1478	1194
656	4569	1448
657	1986	857
658	1781	960
659	1636	789
660	1636	789
661	1703	1463
662	1448	825
663	4210	1139
664	1263	1012
665	4411	1679
666	1788	1103
667	2597	1086
668	3853	1098
669	1597	873
670	4115	1460
671	4072	1029
672	4305	1275
673	4356	1595
674	1910	711
675	1454	610
676	3929	1435
677	1033	542
678	1204	655
679	252	467
680	5624	1122
681	3761	1106
682	1801	854
683	2195	1101
684	1820	810
685	1033	542
686	1582	871
687	4088	1401
688	3928	1136
689	1205	889
690	1276	570
691	1448	825
692	827	354
693	1446	965
694	2077	1056
695	898	965
696	462	299
697	1231	753
698	5136	893
699	720	460
700	1713	910
701	470	956
702	2032	1086
703	1582	871
704	1647	1036
705	1636	789
706	1193	1041
707	1193	1041
708	1564	987
709	3407	856
710	1413	490
711	5907	1009
712	1059	552
713	2077	1056
714	595	1162
715	4065	1059
716	1559	936
717	1376	649
718	1986	857
719	1413	490
720	4235	1454
721	251	292
722	1561	889
723	1798	757
724	4378	1487
725	2192	1120
726	203	524
727	4306	1282
728	1801	854
729	1218	791
730	3675	1199
731	1184	665
732	1568	693
733	3654	1170
734	1781	960
735	1744	843
736	3431	1136
737	1587	670
738	4227	1413
739	1454	610
740	203	524
741	1977	989
742	4802	1017
743	1976	770
744	1337	766
745	441	288
746	1454	610
747	3552	775
748	3599	908
749	1718	868
750	3711	1152
751	1841	692
752	884	377
753	4032	1120
754	1806	1072
755	1894	728
756	4448	1419
757	3851	1226
758	1885	1397
759	3996	1356
760	462	299
761	1586	1021
762	610	955
763	1557	944
764	1337	766
765	497	923
766	1378	525
767	2195	1101
768	2461	1268
769	4825	1780
770	2459	1154
771	883	388
772	3550	1376
773	4222	1156
774	85	677
775	2036	1022
776	5681	1000
777	4109	1148
778	5136	893
779	3976	1086
780	511	218
781	1868	872
782	4547	1168
783	1647	1036
784	251	292
785	4712	1570
786	5624	1122
787	337	535
788	3990	1260
789	1059	552
790	3761	1106
791	1413	490
792	1822	847
793	936	1283
794	1059	552
795	4222	1156
796	4712	1570
797	198	469
798	971	341
799	3663	1005
800	4911	935
801	3916	1094
802	3680	1113
803	1399	990
804	1337	766
805	251	292
806	251	292
807	5136	893
808	698	335
809	368	445
810	1670	851
811	827	354
812	415	888
813	1458	698
814	4490	1531
815	1103	548
816	219	670
817	3485	920
818	883	388
819	3862	1097
820	1869	1008
821	3957	1217
822	1837	605
823	1670	851
824	1582	871
825	1871	1268
826	2298	1095
827	947	467
828	1542	957
829	1731	750
830	998	620
831	2461	1268
832	3936	952
833	1583	791
834	1713	910
835	477	394
836	3882	816
837	4911	935
838	832	491
839	1521	767
840	2511	1243
841	104	407
842	3678	1036
843	1783	921
844	477	394
845	924	606
846	1362	695
847	1184	665
848	3617	1263
849	4269	924
850	4413	1140
851	1059	552
852	1896	1017
853	1376	649
854	3862	1097
855	3747	1041
856	1254	784
857	1770	1018
858	1218	791
859	2002	923
860	3781	1225
861	2607	1363
862	595	1162
863	100	710
864	1872	975
865	165	622
866	4195	1100
867	477	394
868	4048	1196
869	1908	816
870	3599	908
871	3882	1258
872	1822	847
873	4448	1419
874	3407	856
875	1229	496
876	1689	540
877	441	288
878	1806	1072
879	1026	466
880	1559	936
881	2032	1086
882	3924	1407
883	1126	410
884	2511	1078
885	244	508
886	1801	854
887	1458	698
888	1795	508
889	171	357
890	1542	957
891	285	295
892	2087	839
893	610	955
894	4109	1148
895	1680	1448
896	428	647
897	998	620
898	1631	998
899	4821	1315
900	2461	1268
901	1026	466
902	859	435
903	1744	843
904	1495	812
905	3996	1356
906	4233	1022
907	4160	1483
908	4821	1315
909	4759	1340
910	1910	711
911	3916	1094
912	824	1106
913	2033	879
914	1026	466
915	1923	838
916	3963	1217
917	2008	870
918	2453	1306
919	1018	578
920	198	469
921	432	411
922	4547	1168
923	1694	847
924	1795	508
925	1231	753
926	1769	936
927	3811	1117
928	1910	711
929	483	304
930	549	576
931	1362	695
932	1631	998
933	3642	734
934	4356	1595
935	2497	1145
936	2008	870
937	1597	873
938	827	354
939	921	1106
940	905	1134
941	1618	541
942	1781	960
943	1689	540
944	1276	570
945	246	414
946	1537	1248
947	2033	879
948	1218	791
949	1231	753
950	1119	511
951	1680	1448
952	1193	1041
953	1026	466
954	1033	542
955	1872	975
956	2087	839
DEMAND_SECTION
1	0
2	9
3	6
4	16
5	2
6	10
7	4
8	2
9	5
10	7
11	5
12	4
13	5
14	6
15	6
16	7
17	8
18	6
19	8
20	6
21	5
22	7
23	8
24	4
25	6
26	7
27	7
28	3
29	8
30	6
31	9
32	7
33	8
34	9
35	11
36	5
37	5
38	6
39	10
40	4
41	5
42	8
43	5
44	7
45	3
46	7
47	8
48	2
49	8
50	14
51	5
52	6
53	4
54	12
55	12
56	3
57	7
58	3
59	3
60	5
61	4
62	4
63	4
64	6
65	6
66	7
67	4
68	6
69	4
70	9
71	4
72	5
73	4
74	4
75	3
76	6
77	4
78	8
79	7
80	5
81	6
82	3
83	4
84	7
85	9
86	9
87	7
88	9
89	6
90	8
91	3
92	10
93	4
94	4
95	7
96	9
97	9
98	5
99	5
100	3
101	2
102	4
103	4
104	5
105	5
106	5
107	8
108	6
109	7
110	7
111	9
112	3
113	6
114	6
115	2
116	10
117	32
118	10
119	4
120	5
121	5
122	4
123	3
124	4
125	6
126	8
127	4
128	7
129	12
130	4
131	12
132	6
133	11
134	4
135	8
136	7
137	5
138	9
139	5
140	5
141	9
142	5
143	8
144	6
145	4
146	5
147	9
148	8
149	12
150	6
151	7
152	5
153	5
154	4
155	10
156	7
157	5
158	7
159	7
160	7
161	5
162	7
163	9
164	6
165	8
166	5
167	8
168	2
169	9
170	4
171	4
172	12
173	1
174	5
175	7
176	5
177	2
178	6
179	8
180	6
181	10
182	4
183	8
184	5
185	10
186	5
187	9
188	10
189	7
190	10
191	6
192	5
193	11
194	8
195	8
196	6
197	5
198	6
199	3
200	12
201	26
202	6
203	12
204	9
205	7
206	6
207	4
208	6
209	8
210	8
211	6
212	5
213	6
214	7
215	7
216	5
217	4
218	9
219	8
220	10
221	7
222	14
223	10
224	7
225	1
226	3
227	5
228	7
229	6
230	5
231	4
232	6
233	6
234	12
235	5
236	9
237	5
238	4
239	7
240	5
241	4
242	5
243	5
244	9
245	5
246	8
247	14
248	7
249	6
250	14
251	16
252	8
253	12
254	6
255	4
256	9
257	7
258	4
259	5
260	5
261	4
262	9
263	10
264	5
265	5
266	5
267	6
268	7
269	6
270	8
271	11
272	4
273	6
274	8
275	5
276	4
277	3
278	6
279	4
280	3
281	5
282	4
283	5
284	7
285	6
286	9
287	4
288	6
289	8
290	4
291	10
292	5
293	7
294	5
295	8
296	9
297	7
298	7
299	8
300	3
301	3
302	8
303	9
304	7
305	6
306	4
307	5
308	2
309	3
310	8
311	7
312	11
313	8
314	8
315	6
316	9
317	6
318	5
319	10
320	2
321	10
322	10
323	5
324	7
325	8
326	9
327	6
328	5
329	3
330	4
331	5
332	4
333	7
334	4
335	3
336	7
337	4
338	6
339	6
340	6
341	14
342	6
343	4
344	6
345	14
346	4
347	5
348	6
349	5
350	2
351	3
352	4
353	5
354	5
355	6
356	9
357	7
358	5
359	4
360	4
361	5
362	6
363	7
364	4
365	4
366	9
367	5
368	5
369	7
370	4
371	6
372	5
373	6
374	4
375	5
376	7
377	10
378	8
379	4
380	5
381	7
382	7
383	3
384	3
385	4
386	6
387	7
388	5
389	2
390	4
391	5
392	6
393	6
394	5
395	6
396	7
397	5
398	7
399	14
400	4
401	8
402	4
403	6
404	6
405	7
406	10
407	7
408	7
409	7
410	7
411	4
412	6
413	3
414	6
415	9
416	12
417	13
418	7
419	9
420	4
421	6
422	6
423	3
424	10
425	5
426	10
427	12
428	5
429	10
430	5
431	9
432	6
433	9
434	4
435	8
436	3
437	4
438	10
439	4
440	3
441	6
442	6
443	6
444	7
445	7
446	8
447	8
448	12
449	5
450	6
451	5
452	8
453	7
454	4
455	5
456	6
457	10
458	6
459	7
460	4
461	10
462	6
463	4
464	7
465	12
466	7
467	6
468	6
469	5
470	3
471	5
472	6
473	9
474	6
475	13
476	10
477	4
478	5
479	6
480	5
481	6
482	5
483	7
484	6
485	4
486	9
487	5
488	3
489	6
490	4
491	4
492	6
493	11
494	7
495	4
496	4
497	3
498	2
499	5
500	4
501	7
502	6
503	5
504	6
505	6
506	7
507	4
508	12
509	8
510	3
511	5
512	6
513	5
514	6
515	5
516	11
517	8
518	6
519	7
520	6
521	11
522	3
523	8
524	7
525	13
526	4
527	8
528	6
529	5
530	4
531	10
532	6
533	3
534	2
535	2
536	10
537	5
538	8
539	25
540	3
541	7
542	5
543	8
544	7
545	14
546	6
547	6
548	5
549	8
550	10
551	2
552	5
553	8
554	6
555	5
556	3
557	4
558	7
559	5
560	6
561	8
562	9
563	4
564	9
565	5
566	4
567	7
568	2
569	9
570	2
571	8
572	26
573	5
574	6
575	32
576	5
577	2
578	6
579	3
580	4
581	6
582	5
583	4
584	2
585	9
586	7
587	1
588	4
589	5
590	5
591	13
592	9
593	5
594	5
595	4
596	10
597	10
598	7
599	4
600	6
601	5
602	5
603	4
604	18
605	7
606	3
607	3
608	4
609	4
610	3
611	6
612	6
613	6
614	5
615	3
616	6
617	8
618	9
619	10
620	7
621	8
622	3
623	3
624	4
625	7
626	7
627	8
628	7
629	4
630	3
631	4
632	8
633	4
634	6
635	4
636	3
637	8
638	8
639	4
640	8
641	3
642	5
643	6
644	4
645	8
646	10
647	6
648	5
649	3
650	4
651	4
652	8
653	5
654	8
655	8
656	8
657	7
658	7
659	5
660	4
661	25
662	3
663	4
664	5
665	9
666	6
667	7
668	3
669	3
670	8
671	9
672	7
673	6
674	10
675	6
676	6
677	4
678	10
679	5
680	5
681	5
682	5
683	3
684	3
685	5
686	9
687	4
688	10
689	8
690	6
691	6
692	4
693	10
694	6
695	3
696	5
697	12
698	12
699	6
700	8
701	16
702	5
703	13
704	6
705	9
706	4
707	4
708	10
709	5
710	11
711	4
712	6
713	4
714	8
715	4
716	5
717	10
718	7
719	2
720	9
721	10
722	3
723	5
724	6
725	8
726	4
727	6
728	7
729	3
730	4
731	5
732	4
733	4
734	6
735	18
736	4
737	4
738	3
739	2
740	25
741	14
742	10
743	5
744	10
745	5
746	5
747	3
748	10
749	4
750	10
751	5
752	2
753	13
754	12
755	10
756	8
757	4
758	3
759	6
760	8
761	5
762	4
763	6
764	3
765	6
766	4
767	9
768	5
769	8
770	4
771	10
772	4
773	7
774	3
775	7
776	13
777	8
778	6
779	4
780	8
781	5
782	4
783	5
784	3
785	3
786	10
787	9
788	6
789	6
790	10
791	5
792	4
793	5
794	6
795	7
796	6
797	3
798	9
799	26
800	8
801	6
802	10
803	4
804	4
805	6
806	10
807	10
808	8
809	9
810	5
811	3
812	3
813	3
814	6
815	7
816	9
817	4
818	8
819	3
820	2
821	7
822	8
823	7
824	11
825	6
826	8
827	9
828	6
829	8
830	5
831	9
832	4
833	5
834	9
835	5
836	6
837	10
838	5
839	5
840	8
841	7
842	3
843	4
844	7
845	5
846	5
847	8
848	4
849	4
850	11
851	8
852	10
853	8
854	4
855	5
856	6
857	10
858	4
859	7
860	8
861	10
862	6
863	5
864	8
865	3
866	3
867	8
868	5
869	6
870	5
871	5
872	9
873	5
874	5
875	5
876	12
877	6
878	3
879	7
880	5
881	10
882	7
883	2
884	8
885	5
886	12
887	5
888	6
889	6
890	4
891	6
892	5
893	4
894	8
895	5
896	4
897	5
898	7
899	12
900	4
901	7
902	3
903	12
904	11
905	5
906	5
907	4
908	9
909	5
910	5
911	7
912	14
913	7
914	10
915	5
916	9
917	8
918	5
919	7
920	11
921	2
922	5
923	6
924	4
925	4
926	7
927	3
928	5
929	9
930	6
931	8
932	4
933	2
934	10
935	4
936	8
937	8
938	6
939	8
940	5
941	3
942	8
943	12
944	3
945	5
946	5
947	4
948	5
949	7
950	7
951	4
952	6
953	4
954	13
955	13
956	6
DEPOT_SECTION
1
-1
SERVICE_TIME_SECTION
1	0
2	720
3	420
4	840
5	360
6	780
7	780
8	720
9	960
10	480
11	840
12	1020
13	480
14	960
15	960
16	660
17	720
18	660
19	600
20	660
21	420
22	360
23	480
24	420
25	660
26	420
27	480
28	240
29	600
30	420
31	840
32	1020
33	780
34	480
35	660
36	720
37	600
38	360
39	600
40	240
41	720
42	960
43	840
44	300
45	720
46	600
47	300
48	780
49	600
50	660
51	600
52	660
53	2340
54	840
55	420
56	600
57	540
58	540
59	600
60	600
61	240
62	720
63	360
64	720
65	660
66	540
67	600
68	360
69	720
70	420
71	600
72	720
73	480
74	840
75	420
76	900
77	300
78	600
79	300
80	720
81	600
82	420
83	480
84	600
85	480
86	480
87	600
88	480
89	600
90	480
91	600
92	720
93	840
94	600
95	840
96	660
97	360
98	780
99	600
100	420
101	660
102	840
103	600
104	660
105	540
106	720
107	660
108	960
109	780
110	600
111	720
112	480
113	720
114	840
115	540
116	360
117	900
118	300
119	780
120	720
121	360
122	660
123	720
124	420
125	480
126	600
127	360
128	480
129	360
130	840
131	600
132	660
133	780
134	840
135	660
136	600
137	360
138	900
139	540
140	600
141	660
142	480
143	780
144	1020
145	240
146	480
147	540
148	480
149	240
150	360
151	480
152	960
153	660
154	780
155	300
156	420
157	600
158	480
159	780
160	360
161	360
162	540
163	900
164	600
165	480
166	480
167	360
168	780
169	360
170	660
171	540
172	1020
173	720
174	420
175	540
176	660
177	960
178	480
179	720
180	660
181	840
182	780
183	480
184	720
185	840
186	780
187	240
188	240
189	420
190	480
191	720
192	840
193	840
194	780
195	240
196	1020
197	420
198	360
199	360
200	1020
201	420
202	600
203	780
204	780
205	420
206	300
207	480
208	840
209	420
210	960
211	660
212	600
213	780
214	600
215	660
216	660
217	780
218	900
219	480
220	540
221	540
222	720
223	720
224	360
225	780
226	480
227	600
228	840
229	960
230	780
231	600
232	360
233	540
234	840
235	540
236	480
237	480
238	420
239	900
240	780
241	300
242	780
243	540
244	840
245	660
246	960
247	1020
248	960
249	420
250	480
251	900
252	600
253	720
254	240
255	420
256	420
257	960
258	900
259	960
260	420
261	600
262	600
263	660
264	720
265	360
266	420
267	540
268	600
269	1500
270	600
271	1080
272	660
273	780
274	480
275	360
276	720
277	780
278	600
279	540
280	600
281	780
282	540
283	840
284	360
285	720
286	240
287	360
288	480
289	660
290	240
291	480
292	720
293	900
294	300
295	480
296	660
297	480
298	420
299	480
300	660
301	780
302	360
303	480
304	840
305	540
306	300
307	960
308	720
309	180
310	240
311	240
312	840
313	960
314	420
315	420
316	600
317	480
318	900
319	600
320	1740
321	660
322	840
323	360
324	960
325	300
326	420
327	900
328	600
329	900
330	420
331	600
332	540
333	660
334	1140
335	420
336	600
337	1140
338	1080
339	960
340	720
341	600
342	1620
343	600
344	720
345	540
346	840
347	600
348	540
349	240
350	780
351	840
352	360
353	780
354	600
355	900
356	420
357	900
358	840
359	540
360	720
361	1620
362	660
363	540
364	780
365	360
366	480
367	600
368	660
369	420
370	660
371	720
372	660
373	900
374	360
375	600
376	300
377	780
378	600
379	660
380	540
381	420
382	540
383	660
384	900
385	360
386	600
387	900
388	720
389	1020
390	720
391	720
392	840
393	1620
394	360
395	600
396	240
397	1020
398	720
399	600
400	660
401	300
402	420
403	720
404	600
405	420
406	600
407	840
408	180
409	600
410	540
411	540
412	540
413	420
414	300
415	660
416	840
417	720
418	780
419	720
420	600
421	480
422	480
423	660
424	720
425	360
426	840
427	420
428	480
429	360
430	360
431	720
432	720
433	960
434	840
435	720
436	1080
437	660
438	480
439	720
440	660
441	720
442	480
443	420
444	360
445	240
446	780
447	840
448	660
449	720
450	960
451	720
452	480
453	780
454	840
455	840
456	600
457	840
458	480
459	420
460	660
461	660
462	540
463	300
464	540
465	780
466	900
467	1020
468	720
469	540
470	300
471	540
472	600
473	780
474	780
475	780
476	600
477	240
478	420
479	420
480	840
481	780
482	480
483	660
484	780
485	540
486	840
487	660
488	960
489	840
490	660
491	480
492	240
493	720
494	660
495	720
496	300
497	300
498	480
499	360
500	660
501	1500
502	540
503	600
504	780
505	720
506	600
507	660
508	480
509	480
510	540
511	360
512	600
513	780
514	480
515	720
516	480
517	660
518	480
519	660
520	840
521	780
522	480
523	480
524	960
525	840
526	600
527	600
528	420
529	900
530	600
531	720
532	900
533	960
534	600
535	240
536	720
537	900
538	660
539	420
540	840
541	420
542	660
543	960
544	420
545	780
546	600
547	840
548	480
549	300
550	660
551	420
552	420
553	600
554	660
555	600
556	720
557	420
558	480
559	900
560	420
561	720
562	600
563	900
564	360
565	840
566	720
567	420
568	480
569	420
570	360
571	840
572	480
573	540
574	780
575	780
576	480
577	600
578	420
579	240
580	720
581	360
582	420
583	960
584	840
585	360
586	540
587	900
588	780
589	660
590	540
591	480
592	540
593	600
594	720
595	360
596	660
597	420
598	360
599	780
600	720
601	840
602	600
603	480
604	600
605	360
606	720
607	840
608	780
609	360
610	360
611	900
612	840
613	300
614	840
615	720
616	420
617	720
618	900
619	720
620	240
621	1080
622	420
623	660
624	1020
625	540
626	780
627	600
628	780
629	420
630	540
631	480
632	420
633	540
634	480
635	600
636	600
637	600
638	360
639	360
640	540
641	480
642	780
643	600
644	780
645	720
646	480
647	420
648	900
649	360
650	480
651	1020
652	480
653	720
654	840
655	960
656	540
657	600
658	720
659	840
660	360
661	600
662	660
663	480
664	660
665	480
666	600
667	900
668	420
669	900
670	600
671	360
672	540
673	780
674	600
675	900
676	480
677	660
678	600
679	240
680	480
681	600
682	600
683	840
684	480
685	780
686	240
687	600
688	600
689	1020
690	780
691	240
692	720
693	660
694	840
695	420
696	720
697	540
698	480
699	780
700	660
701	480
702	720
703	780
704	240
705	420
706	540
707	600
708	300
709	360
710	900
711	480
712	720
713	360
714	540
715	480
716	720
717	720
718	1500
719	780
720	360
721	780
722	600
723	600
724	420
725	660
726	780
727	720
728	660
729	480
730	420
731	240
732	1020
733	960
734	960
735	660
736	660
737	1140
738	360
739	360
740	360
741	840
742	960
743	360
744	360
745	660
746	360
747	600
748	420
749	420
750	420
751	420
752	240
753	720
754	360
755	360
756	480
757	840
758	420
759	480
760	420
761	660
762	420
763	660
764	360
765	720
766	780
767	600
768	960
769	900
770	780
771	900
772	660
773	780
774	300
775	420
776	660
777	660
778	600
779	540
780	660
781	840
782	360
783	720
784	360
785	660
786	720
787	480
788	660
789	660
790	480
791	480
792	660
793	1020
794	420
795	540
796	420
797	360
798	600
799	960
800	840
801	360
802	480
803	360
804	540
805	660
806	360
807	660
808	720
809	600
810	1500
811	960
812	840
813	720
814	300
815	240
816	420
817	780
818	780
819	960
820	360
821	300
822	960
823	360
824	720
825	660
826	300
827	780
828	300
829	720
830	480
831	540
832	900
833	240
834	660
835	360
836	420
837	840
838	900
839	900
840	540
841	420
842	780
843	300
844	720
845	360
846	480
847	600
848	420
849	360
850	300
851	660
852	360
853	840
854	840
855	720
856	660
857	600
858	540
859	960
860	480
861	360
862	540
863	600
864	660
865	720
866	420
867	660
868	600
869	420
870	300
871	420
872	720
873	360
874	600
875	360
876	1620
877	720
878	960
879	480
880	720
881	660
882	720
883	480
884	420
885	300
886	420
887	600
888	840
889	660
890	660
891	840
892	840
893	840
894	720
895	660
896	720
897	720
898	420
899	360
900	720
901	840
902	420
903	360
904	900
905	420
906	240
907	600
908	420
909	660
910	660
911	420
912	600
913	960
914	660
915	360
916	420
917	360
918	660
919	600
920	420
921	420
922	480
923	660
924	600
925	360
926	660
927	360
928	600
929	600
930	360
931	360
932	420
933	420
934	780
935	540
936	480
937	600
938	360
939	1020
940	360
941	420
942	780
943	360
944	600
945	1500
946	540
947	900
948	840
949	420
950	660
951	660
952	840
953	480
954	360
955	180
956	480
TIME_WINDOW_SECTION
1	0	45000
2	5400	12600
3	9000	16200
4	23400	30600
5	16200	23400
6	12600	19800
7	23400	30600
8	19800	27000
9	9000	16200
10	19800	27000
11	12600	19800
12	23400	30600
13	19800	26100
14	7200	30600
15	5400	12600
16	23400	30600
17	7200	30600
18	16200	22500
19	7200	30600
20	12600	19800
21	5400	12600
22	9000	16200
23	5400	11700
24	16200	23400
25	16200	25200
26	7200	30600
27	5400	12600
28	23400	30600
29	19800	27000
30	16200	23400
31	12600	19800
32	7200	30600
33	19800	27000
34	9000	16200
35	5400	12600
36	7200	30600
37	16200	23400
38	19800	27000
39	23400	30600
40	9000	15300
41	7200	29700
42	18000	41400
43	7200	30600
44	23400	30600
45	9000	16200
46	19800	27000
47	12600	19800
48	12600	18900
49	12600	19800
50	12600	18900
51	7200	30600
52	19800	27000
53	5400	12600
54	7200	30600
55	16200	23400
56	7200	30600
57	9000	16200
58	9000	16200
59	19800	27000
60	16200	23400
61	12600	19800
62	19800	27000
63	7200	30600
64	23400	30600
65	5400	12600
66	5400	11700
67	12600	19800
68	7200	30600
69	16200	23400
70	23400	30600
71	19800	27000
72	5400	12600
73	12600	19800
74	12600	19800
75	7200	30600
76	7200	30600
77	23400	30600
78	16200	23400
79	19800	27000
80	5400	12600
81	7200	29700
82	16200	23400
83	9000	16200
84	12600	19800
85	7200	30600
86	9000	16200
87	16200	23400
88	9000	16200
89	16200	23400
90	5400	12600
91	19800	27000
92	23400	30600
93	23400	30600
94	12600	19800
95	19800	26100
96	7200	29700
97	23400	30600
98	9000	16200
99	19800	27000
100	12600	19800
101	19800	27000
102	19800	27000
103	5400	12600
104	23400	30600
105	12600	19800
106	16200	25200
107	9000	16200
108	23400	30600
109	19800	27000
110	19800	27000
111	16200	23400
112	19800	27000
113	9000	16200
114	19800	27000
115	23400	30600
116	16200	23400
117	5400	12600
118	19800	27000
119	23400	30600
120	16200	23400
121	9000	16200
122	23400	30600
123	16200	23400
124	7200	30600
125	5400	12600
126	16200	23400
127	7200	30600
128	5400	12600
129	23400	30600
130	12600	19800
131	16200	23400
132	16200	25200
133	16200	23400
134	5400	11700
135	12600	18900
136	19800	27000
137	5400	12600
138	7200	30600
139	23400	30600
140	5400	12600
141	23400	30600
142	16200	23400
143	16200	23400
144	5400	12600
145	16200	23400
146	5400	12600
147	7200	30600
148	12600	19800
149	16200	22500
150	16200	23400
151	19800	27000
152	19800	27000
153	19800	27000
154	19800	27000
155	9000	16200
156	23400	30600
157	5400	12600
158	16200	23400
159	16200	23400
160	5400	12600
161	5400	12600
162	19800	27000
163	12600	19800
164	12600	19800
165	7200	30600
166	23400	30600
167	9000	16200
168	30600	43200
169	23400	30600
170	16200	23400
171	16200	23400
172	7200	30600
173	9000	16200
174	9000	16200
175	5400	12600
176	5400	12600
177	12600	19800
178	23400	30600
179	9000	16200
180	7200	29700
181	5400	12600
182	5400	11700
183	12600	19800
184	16200	23400
185	19800	27000
186	19800	27000
187	23400	30600
188	16200	23400
189	7200	30600
190	9000	16200
191	5400	12600
192	7200	30600
193	19800	27000
194	19800	27000
195	23400	30600
196	19800	27000
197	9000	16200
198	5400	12600
199	12600	19800
200	7200	30600
201	23400	30600
202	19800	27000
203	7200	30600
204	19800	27000
205	9000	16200
206	16200	23400
207	23400	30600
208	23400	30600
209	5400	12600
210	19800	27000
211	19800	27000
212	5400	12600
213	12600	19800
214	12600	19800
215	16200	23400
216	12600	19800
217	9000	16200
218	16200	23400
219	5400	12600
220	23400	30600
221	19800	27000
222	7200	30600
223	7200	29700
224	19800	27000
225	23400	30600
226	16200	25200
227	16200	23400
228	5400	12600
229	9000	16200
230	9000	16200
231	9000	16200
232	16200	23400
233	19800	27000
234	30600	43200
235	5400	12600
236	9000	16200
237	19800	27000
238	12600	19800
239	16200	23400
240	19800	27000
241	23400	30600
242	19800	26100
243	16200	23400
244	12600	19800
245	5400	12600
246	30600	43200
247	12600	19800
248	23400	30600
249	7200	30600
250	12600	19800
251	23400	30600
252	19800	27000
253	16200	23400
254	16200	23400
255	12600	18900
256	5400	12600
257	9000	16200
258	19800	27000
259	19800	27000
260	12600	19800
261	16200	23400
262	19800	27000
263	5400	12600
264	19800	27000
265	23400	30600
266	7200	29700
267	16200	23400
268	9000	15300
269	16200	23400
270	12600	19800
271	12600	19800
272	12600	19800
273	5400	12600
274	7200	30600
275	9000	16200
276	23400	30600
277	23400	30600
278	23400	30600
279	7200	30600
280	12600	19800
281	12600	19800
282	9000	16200
283	23400	30600
284	19800	27000
285	16200	23400
286	16200	23400
287	5400	12600
288	16200	23400
289	16200	23400
290	12600	19800
291	5400	12600
292	7200	30600
293	12600	19800
294	16200	23400
295	19800	27000
296	16200	25200
297	23400	30600
298	9000	16200
299	23400	30600
300	9000	16200
301	9000	16200
302	23400	30600
303	7200	29700
304	19800	27000
305	16200	23400
306	5400	12600
307	19800	26100
308	16200	23400
309	5400	12600
310	19800	27000
311	12600	19800
312	16200	23400
313	12600	19800
314	12600	19800
315	19800	27000
316	23400	30600
317	16200	23400
318	16200	23400
319	23400	30600
320	19800	27000
321	16200	23400
322	12600	18900
323	7200	29700
324	19800	27000
325	5400	12600
326	9000	16200
327	12600	19800
328	5400	12600
329	23400	30600
330	23400	30600
331	7200	30600
332	5400	12600
333	16200	23400
334	16200	23400
335	23400	30600
336	5400	12600
337	16200	23400
338	7200	30600
339	7200	29700
340	19800	27000
341	19800	27000
342	12600	19800
343	12600	19800
344	16200	25200
345	5400	12600
346	12600	19800
347	9000	16200
348	23400	30600
349	23400	30600
350	19800	27000
351	23400	30600
352	7200	30600
353	16200	23400
354	23400	30600
355	16200	23400
356	12600	19800
357	19800	27000
358	9000	16200
359	12600	19800
360	12600	18900
361	12600	19800
362	19800	26100
363	9000	16200
364	23400	30600
365	23400	30600
366	23400	30600
367	7200	30600
368	23400	30600
369	9000	16200
370	12600	18900
371	18000	41400
372	23400	30600
373	19800	27000
374	23400	30600
375	16200	23400
376	19800	27000
377	5400	12600
378	16200	23400
379	9000	16200
380	9000	16200
381	5400	12600
382	23400	30600
383	12600	18900
384	9000	16200
385	19800	27000
386	12600	19800
387	19800	27000
388	7200	30600
389	12600	19800
390	23400	30600
391	7200	30600
392	12600	19800
393	19800	27000
394	12600	19800
395	12600	19800
396	19800	27000
397	16200	22500
398	23400	30600
399	23400	30600
400	19800	27000
401	23400	30600
402	16200	23400
403	7200	30600
404	7200	30600
405	19800	27000
406	23400	30600
407	16200	23400
408	7200	30600
409	12600	19800
410	12600	19800
411	9000	16200
412	23400	30600
413	16200	23400
414	12600	19800
415	16200	23400
416	23400	30600
417	16200	23400
418	7200	29700
419	12600	19800
420	7200	30600
421	12600	19800
422	16200	23400
423	16200	23400
424	7200	29700
425	12600	19800
426	23400	30600
427	12600	19800
428	23400	30600
429	23400	30600
430	12600	19800
431	7200	30600
432	16200	23400
433	16200	22500
434	19800	27000
435	19800	27000
436	7200	30600
437	12600	19800
438	7200	30600
439	16200	23400
440	23400	30600
441	16200	23400
442	7200	30600
443	16200	23400
444	23400	30600
445	19800	27000
446	12600	19800
447	12600	18900
448	9000	16200
449	16200	23400
450	19800	27000
451	19800	27000
452	23400	30600
453	16200	23400
454	7200	29700
455	16200	23400
456	19800	27000
457	9000	16200
458	23400	30600
459	9000	16200
460	16200	23400
461	12600	19800
462	19800	27000
463	19800	27000
464	23400	30600
465	12600	18900
466	23400	30600
467	7200	30600
468	16200	23400
469	19800	27000
470	19800	27000
471	16200	23400
472	7200	30600
473	19800	27000
474	19800	27000
475	12600	18900
476	19800	27000
477	16200	23400
478	7200	30600
479	16200	23400
480	23400	30600
481	18000	41400
482	16200	22500
483	30600	43200
484	23400	30600
485	7200	30600
486	23400	30600
487	7200	30600
488	16200	23400
489	16200	23400
490	19800	27000
491	23400	30600
492	12600	19800
493	16200	23400
494	16200	23400
495	12600	18900
496	16200	23400
497	16200	23400
498	7200	30600
499	19800	27000
500	23400	30600
501	19800	27000
502	23400	30600
503	7200	29700
504	7200	30600
505	16200	23400
506	23400	30600
507	16200	22500
508	19800	27000
509	16200	23400
510	16200	23400
511	9000	16200
512	16200	23400
513	19800	27000
514	16200	23400
515	16200	23400
516	12600	19800
517	16200	23400
518	16200	23400
519	12600	19800
520	19800	27000
521	16200	23400
522	19800	27000
523	16200	23400
524	12600	19800
525	9000	16200
526	7200	29700
527	16200	23400
528	7200	30600
529	19800	27000
530	23400	30600
531	23400	30600
532	19800	27000
533	19800	27000
534	23400	30600
535	12600	19800
536	19800	27000
537	16200	22500
538	23400	30600
539	7200	30600
540	7200	30600
541	23400	30600
542	16200	23400
543	12600	19800
544	12600	18900
545	12600	19800
546	19800	27000
547	23400	30600
548	19800	27000
549	19800	27000
550	19800	27000
551	19800	27000
552	9000	16200
553	19800	27000
554	7200	30600
555	19800	27000
556	19800	27000
557	19800	27000
558	12600	19800
559	16200	23400
560	16200	23400
561	12600	19800
562	19800	27000
563	7200	30600
564	16200	23400
565	23400	30600
566	9000	16200
567	19800	27000
568	16200	23400
569	12600	19800
570	23400	30600
571	19800	27000
572	19800	27000
573	7200	30600
574	23400	30600
575	12600	19800
576	23400	30600
577	12600	19800
578	19800	27000
579	19800	27000
580	7200	30600
581	23400	30600
582	7200	30600
583	23400	30600
584	23400	30600
585	19800	27000
586	7200	29700
587	16200	23400
588	12600	19800
589	23400	30600
590	16200	23400
591	16200	23400
592	7200	30600
593	16200	23400
594	23400	30600
595	16200	23400
596	7200	30600
597	12600	19800
598	23400	30600
599	12600	19800
600	16200	23400
601	30600	43200
602	16200	23400
603	19800	26100
604	23400	30600
605	7200	30600
606	16200	23400
607	30600	43200
608	12600	19800
609	23400	29700
610	19800	27000
611	7200	29700
612	16200	23400
613	23400	30600
614	23400	30600
615	7200	30600
616	12600	19800
617	16200	22500
618	19800	27000
619	23400	30600
620	16200	23400
621	16200	23400
622	23400	30600
623	12600	19800
624	19800	27000
625	16200	23400
626	19800	26100
627	12600	19800
628	7200	30600
629	16200	23400
630	19800	27000
631	23400	30600
632	19800	27000
633	16200	23400
634	7200	30600
635	19800	27000
636	16200	23400
637	7200	30600
638	19800	27000
639	19800	27000
640	12600	19800
641	7200	30600
642	23400	30600
643	7200	29700
644	12600	19800
645	7200	29700
646	16200	23400
647	16200	25200
648	7200	30600
649	16200	23400
650	23400	30600
651	19800	27000
652	19800	27000
653	19800	27000
654	16200	23400
655	16200	23400
656	16200	23400
657	23400	30600
658	23400	30600
659	19800	27000
660	19800	27000
661	12600	19800
662	23400	30600
663	30600	43200
664	12600	19800
665	16200	23400
666	16200	23400
667	12600	19800
668	19800	27000
669	16200	23400
670	19800	27000
671	23400	30600
672	16200	23400
673	16200	23400
674	12600	19800
675	23400	30600
676	19800	27000
677	7200	30600
678	23400	30600
679	16200	25200
680	19800	27000
681	19800	27000
682	19800	27000
683	19800	27000
684	19800	27000
685	23400	30600
686	7200	30600
687	16200	23400
688	19800	27000
689	16200	22500
690	18000	41400
691	19800	27000
692	12600	19800
693	16200	23400
694	16200	25200
695	12600	19800
696	12600	19800
697	16200	23400
698	23400	30600
699	23400	30600
700	19800	27000
701	7200	29700
702	7200	30600
703	12600	19800
704	23400	30600
705	12600	19800
706	23400	30600
707	23400	30600
708	19800	27000
709	18000	41400
710	16200	23400
711	16200	23400
712	19800	27000
713	7200	30600
714	19800	27000
715	16200	23400
716	12600	19800
717	19800	27000
718	19800	27000
719	12600	19800
720	23400	30600
721	23400	30600
722	23400	29700
723	16200	23400
724	23400	30600
725	16200	23400
726	7200	30600
727	7200	29700
728	23400	30600
729	19800	27000
730	16200	23400
731	16200	23400
732	16200	23400
733	16200	23400
734	19800	27000
735	7200	30600
736	19800	27000
737	19800	27000
738	23400	30600
739	19800	27000
740	19800	27000
741	7200	29700
742	19800	27000
743	7200	30600
744	23400	30600
745	16200	23400
746	19800	27000
747	7200	30600
748	19800	27000
749	16200	23400
750	7200	30600
751	7200	30600
752	23400	30600
753	19800	27000
754	19800	27000
755	16200	23400
756	16200	23400
757	16200	23400
758	16200	23400
759	23400	30600
760	19800	27000
761	16200	22500
762	19800	27000
763	23400	30600
764	23400	30600
765	23400	30600
766	19800	27000
767	7200	30600
768	16200	23400
769	7200	29700
770	19800	27000
771	18000	41400
772	16200	23400
773	23400	30600
774	16200	23400
775	16200	22500
776	19800	27000
777	19800	27000
778	19800	27000
779	16200	23400
780	23400	30600
781	19800	27000
782	19800	27000
783	16200	23400
784	19800	27000
785	19800	27000
786	23400	30600
787	7200	30600
788	19800	27000
789	23400	30600
790	7200	30600
791	7200	30600
792	16200	23400
793	16200	23400
794	16200	23400
795	16200	25200
796	23400	30600
797	23400	30600
798	16200	23400
799	23400	30600
800	23400	30600
801	23400	30600
802	7200	30600
803	7200	29700
804	19800	27000
805	16200	23400
806	19800	27000
807	23400	30600
808	16200	22500
809	23400	30600
810	16200	23400
811	23400	30600
812	16200	23400
813	19800	27000
814	7200	30600
815	16200	23400
816	19800	27000
817	7200	30600
818	19800	26100
819	19800	27000
820	23400	30600
821	19800	27000
822	23400	30600
823	19800	27000
824	19800	27000
825	7200	30600
826	19800	27000
827	23400	30600
828	23400	30600
829	19800	27000
830	23400	30600
831	19800	27000
832	19800	27000
833	19800	27000
834	7200	30600
835	7200	30600
836	23400	30600
837	23400	30600
838	7200	30600
839	23400	30600
840	19800	26100
841	19800	27000
842	23400	30600
843	19800	27000
844	23400	30600
845	19800	27000
846	23400	30600
847	7200	30600
848	7200	30600
849	19800	27000
850	23400	30600
851	23400	30600
852	19800	27000
853	23400	30600
854	19800	27000
855	19800	27000
856	19800	27000
857	23400	30600
858	19800	27000
859	23400	30600
860	7200	30600
861	19800	27000
862	23400	30600
863	23400	30600
864	19800	27000
865	23400	30600
866	7200	29700
867	19800	27000
868	23400	30600
869	19800	27000
870	23400	30600
871	7200	30600
872	30600	43200
873	7200	30600
874	7200	30600
875	7200	30600
876	7200	30600
877	23400	30600
878	23400	30600
879	23400	30600
880	23400	30600
881	19800	27000
882	7200	30600
883	19800	27000
884	19800	27000
885	23400	30600
886	19800	27000
887	23400	30600
888	23400	30600
889	19800	27000
890	7200	30600
891	7200	30600
892	7200	29700
893	23400	30600
894	23400	30600
895	7200	30600
896	19800	27000
897	23400	30600
898	7200	30600
899	7200	30600
900	23400	30600
901	7200	29700
902	7200	29700
903	7200	30600
904	7200	30600
905	7200	30600
906	23400	30600
907	7200	30600
908	23400	30600
909	7200	30600
910	7200	30600
911	23400	30600
912	23400	30600
913	7200	29700
914	23400	30600
915	23400	30600
916	23400	30600
917	7200	30600
918	7200	30600
919	7200	29700
920	23400	30600
921	7200	30600
922	7200	30600
923	7200	30600
924	23400	30600
925	23400	30600
926	7200	29700
927	23400	30600
928	30600	43200
929	7200	30600
930	23400	30600
931	23400	30600
932	7200	30600
933	23400	30600
934	7200	30600
935	23400	30600
936	7200	30600
937	23400	30600
938	23400	30600
939	7200	30600
940	7200	30600
941	23400	30600
942	23400	30600
943	7200	30600
944	7200	30600
945	7200	30600
946	23400	30600
947	7200	30600
948	23400	30600
949	23400	30600
950	7200	30600
951	23400	30600
952	7200	30600
953	23400	30600
954	23400	30600
955	30600	43200
956	30600	43200
RELEASE_TIME_SECTION
1	0
2	5400
3	5400
4	5400
5	5400
6	5400
7	5400
8	5400
9	5400
10	5400
11	5400
12	5400
13	5400
14	5400
15	5400
16	5400
17	5400
18	5400
19	5400
20	5400
21	5400
22	5400
23	5400
24	5400
25	5400
26	5400
27	5400
28	5400
29	5400
30	5400
31	5400
32	5400
33	5400
34	5400
35	5400
36	5400
37	5400
38	5400
39	5400
40	5400
41	5400
42	5400
43	5400
44	5400
45	5400
46	5400
47	5400
48	5400
49	5400
50	5400
51	5400
52	5400
53	5400
54	5400
55	5400
56	5400
57	5400
58	5400
59	5400
60	5400
61	5400
62	5400
63	5400
64	5400
65	5400
66	5400
67	5400
68	5400
69	5400
70	5400
71	5400
72	5400
73	5400
74	5400
75	5400
76	5400
77	5400
78	5400
79	5400
80	5400
81	5400
82	5400
83	5400
84	5400
85	5400
86	5400
87	5400
88	5400
89	5400
90	5400
91	5400
92	5400
93	5400
94	5400
95	5400
96	5400
97	5400
98	5400
99	5400
100	5400
101	5400
102	7200
103	7200
104	7200
105	7200
106	7200
107	7200
108	7200
109	7200
110	7200
111	7200
112	7200
113	7200
114	7200
115	7200
116	7200
117	7200
118	7200
119	7200
120	7200
121	7200
122	7200
123	7200
124	7200
125	7200
126	7200
127	7200
128	7200
129	7200
130	7200
131	7200
132	7200
133	7200
134	7200
135	7200
136	7200
137	7200
138	7200
139	7200
140	7200
141	7200
142	7200
143	7200
144	7200
145	7200
146	7200
147	7200
148	7200
149	7200
150	7200
151	7200
152	7200
153	7200
154	7200
155	7200
156	7200
157	7200
158	7200
159	7200
160	7200
161	7200
162	7200
163	7200
164	7200
165	7200
166	7200
167	7200
168	7200
169	7200
170	7200
171	7200
172	7200
173	7200
174	7200
175	7200
176	7200
177	7200
178	7200
179	7200
180	7200
181	7200
182	7200
183	7200
184	7200
185	7200
186	7200
187	7200
188	7200
189	7200
190	7200
191	7200
192	7200
193	7200
194	7200
195	7200
196	7200
197	7200
198	7200
199	7200
200	7200
201	7200
202	9000
203	9000
204	9000
205	9000
206	9000
207	9000
208	9000
209	9000
210	9000
211	9000
212	9000
213	9000
214	9000
215	9000
216	9000
217	9000
218	9000
219	9000
220	9000
221	9000
222	9000
223	9000
224	9000
225	9000
226	9000
227	9000
228	9000
229	9000
230	9000
231	9000
232	9000
233	9000
234	9000
235	9000
236	9000
237	9000
238	9000
239	9000
240	9000
241	9000
242	9000
243	9000
244	9000
245	9000
246	9000
247	9000
248	9000
249	9000
250	9000
251	9000
252	9000
253	9000
254	9000
255	9000
256	9000
257	9000
258	9000
259	9000
260	9000
261	9000
262	9000
263	9000
264	9000
265	9000
266	9000
267	9000
268	9000
269	9000
270	9000
271	9000
272	9000
273	9000
274	9000
275	9000
276	9000
277	9000
278	9000
279	9000
280	9000
281	9000
282	9000
283	9000
284	9000
285	9000
286	9000
287	9000
288	9000
289	9000
290	9000
291	9000
292	9000
293	9000
294	9000
295	9000
296	9000
297	9000
298	9000
299	10800
300	10800
301	10800
302	10800
303	10800
304	10800
305	10800
306	10800
307	10800
308	10800
309	10800
310	10800
311	10800
312	10800
313	10800
314	10800
315	10800
316	10800
317	10800
318	10800
319	10800
320	10800
321	10800
322	10800
323	10800
324	10800
325	10800
326	10800
327	10800
328	10800
329	10800
330	10800
331	10800
332	10800
333	10800
334	10800
335	10800
336	10800
337	10800
338	10800
339	10800
340	10800
341	10800
342	10800
343	10800
344	10800
345	10800
346	10800
347	10800
348	10800
349	10800
350	10800
351	10800
352	10800
353	10800
354	10800
355	10800
356	10800
357	10800
358	10800
359	10800
360	10800
361	10800
362	10800
363	10800
364	10800
365	10800
366	10800
367	10800
368	10800
369	10800
370	10800
371	10800
372	10800
373	10800
374	10800
375	10800
376	10800
377	10800
378	10800
379	10800
380	10800
381	10800
382	10800
383	10800
384	10800
385	10800
386	10800
387	10800
388	10800
389	12600
390	12600
391	12600
392	12600
393	12600
394	12600
395	12600
396	12600
397	12600
398	12600
399	12600
400	12600
401	12600
402	12600
403	12600
404	12600
405	12600
406	12600
407	12600
408	12600
409	12600
410	12600
411	12600
412	12600
413	12600
414	12600
415	12600
416	12600
417	12600
418	12600
419	12600
420	12600
421	12600
422	12600
423	12600
424	12600
425	12600
426	12600
427	12600
428	12600
429	12600
430	12600
431	12600
432	12600
433	12600
434	12600
435	12600
436	12600
437	12600
438	12600
439	12600
440	12600
441	12600
442	12600
443	12600
444	12600
445	12600
446	12600
447	12600
448	12600
449	12600
450	12600
451	12600
452	12600
453	12600
454	12600
455	12600
456	12600
457	12600
458	12600
459	12600
460	12600
461	12600
462	12600
463	12600
464	12600
465	12600
466	12600
467	12600
468	12600
469	12600
470	12600
471	12600
472	12600
473	12600
474	12600
475	12600
476	12600
477	12600
478	12600
479	12600
480	14400
481	14400
482	14400
483	14400
484	14400
485	14400
486	14400
487	14400
488	14400
489	14400
490	14400
491	14400
492	14400
493	14400
494	14400
495	14400
496	14400
497	14400
498	14400
499	14400
500	14400
501	14400
502	14400
503	14400
504	14400
505	14400
506	14400
507	14400
508	14400
509	14400
510	14400
511	14400
512	14400
513	14400
514	14400
515	14400
516	14400
517	14400
518	14400
519	14400
520	14400
521	14400
522	14400
523	14400
524	14400
525	14400
526	14400
527	14400
528	14400
529	14400
530	14400
531	14400
532	14400
533	14400
534	14400
535	14400
536	14400
537	14400
538	14400
539	14400
540	14400
541	14400
542	14400
543	14400
544	14400
545	14400
546	14400
547	14400
548	14400
549	14400
550	14400
551	14400
552	14400
553	14400
554	14400
555	14400
556	14400
557	14400
558	14400
559	14400
560	14400
561	14400
562	14400
563	14400
564	14400
565	14400
566	14400
567	14400
568	14400
569	16200
570	16200
571	16200
572	16200
573	16200
574	16200
575	16200
576	16200
577	16200
578	16200
579	16200
580	16200
581	16200
582	16200
583	16200
584	16200
585	16200
586	16200
587	16200
588	16200
589	16200
590	16200
591	16200
592	16200
593	16200
594	16200
595	16200
596	16200
597	16200
598	16200
599	16200
600	16200
601	16200
602	16200
603	16200
604	16200
605	16200
606	16200
607	16200
608	16200
609	16200
610	16200
611	16200
612	16200
613	16200
614	16200
615	16200
616	16200
617	16200
618	16200
619	16200
620	16200
621	16200
622	16200
623	16200
624	16200
625	16200
626	16200
627	16200
628	16200
629	16200
630	16200
631	16200
632	16200
633	16200
634	16200
635	16200
636	16200
637	16200
638	16200
639	16200
640	16200
641	16200
642	16200
643	16200
644	16200
645	16200
646	16200
647	16200
648	16200
649	18000
650	18000
651	18000
652	18000
653	18000
654	18000
655	18000
656	18000
657	18000
658	18000
659	18000
660	18000
661	18000
662	18000
663	18000
664	18000
665	18000
666	18000
667	18000
668	18000
669	18000
670	18000
671	18000
672	18000
673	18000
674	18000
675	18000
676	18000
677	18000
678	18000
679	18000
680	18000
681	18000
682	18000
683	18000
684	18000
685	18000
686	18000
687	18000
688	18000
689	18000
690	18000
691	18000
692	18000
693	18000
694	18000
695	18000
696	18000
697	18000
698	18000
699	18000
700	18000
701	18000
702	18000
703	18000
704	18000
705	18000
706	18000
707	18000
708	18000
709	18000
710	18000
711	18000
712	18000
713	18000
714	18000
715	18000
716	18000
717	18000
718	18000
719	18000
720	18000
721	18000
722	19800
723	19800
724	19800
725	19800
726	19800
727	19800
728	19800
729	19800
730	19800
731	19800
732	19800
733	19800
734	19800
735	19800
736	19800
737	19800
738	19800
739	19800
740	19800
741	19800
742	19800
743	19800
744	19800
745	19800
746	19800
747	19800
748	19800
749	19800
750	19800
751	19800
752	19800
753	19800
754	19800
755	19800
756	19800
757	19800
758	19800
759	19800
760	19800
761	19800
762	19800
763	19800
764	19800
765	19800
766	19800
767	19800
768	19800
769	19800
770	19800
771	19800
772	19800
773	19800
774	19800
775	19800
776	19800
777	19800
778	19800
779	19800
780	19800
781	19800
782	21600
783	21600
784	21600
785	21600
786	21600
787	21600
788	21600
789	21600
790	21600
791	21600
792	21600
793	21600
794	21600
795	21600
796	21600
797	21600
798	21600
799	21600
800	21600
801	21600
802	21600
803	21600
804	21600
805	21600
806	21600
807	21600
808	21600
809	21600
810	21600
811	21600
812	21600
813	21600
814	21600
815	21600
816	21600
817	21600
818	21600
819	21600
820	21600
821	21600
822	21600
823	21600
824	21600
825	21600
826	21600
827	21600
828	21600
829	21600
830	21600
831	23400
832	23400
833	23400
834	23400
835	23400
836	23400
837	23400
838	23400
839	23400
840	23400
841	23400
842	23400
843	23400
844	23400
845	23400
846	23400
847	23400
848	23400
849	23400
850	23400
851	23400
852	23400
853	23400
854	23400
855	23400
856	23400
857	23400
858	23400
859	23400
860	23400
861	23400
862	23400
863	23400
864	23400
865	23400
866	23400
867	23400
868	23400
869	25200
870	25200
871	25200
872	25200
873	25200
874	25200
875	25200
876	25200
877	25200
878	25200
879	25200
880	25200
881	25200
882	25200
883	25200
884	25200
885	25200
886	25200
887	25200
888	25200
889	25200
890	25200
891	25200
892	25200
893	25200
894	25200
895	25200
896	25200
897	25200
898	25200
899	25200
900	25200
901	25200
902	25200
903	25200
904	25200
905	25200
906	25200
907	25200
908	25200
909	25200
910	27000
911	27000
912	27000
913	27000
914	27000
915	27000
916	27000
917	27000
918	27000
919	27000
920	27000
921	27000
922	27000
923	27000
924	27000
925	27000
926	27000
927	27000
928	27000
929	27000
930	27000
931	27000
932	27000
933	27000
934	27000
935	27000
936	28800
937	28800
938	28800
939	28800
940	28800
941	28800
942	28800
943	28800
944	28800
945	28800
946	28800
947	28800
948	28800
949	28800
950	28800
951	28800
952	28800
953	28800
954	28800
955	30600
956	30600
EOF
