NAME : ORTEC-VRPTW-ASYM-acc237bb-d1-n825
TYPE : VRPTW-RT
DIMENSION : 826
EDGE_WEIGHT_TYPE : EUC_2D
CAPACITY : 135
NODE_COORD_SECTION
1	0	8041
2	3668	4880
3	3089	6334
4	3748	5477
5	2576	5417
6	3162	4938
7	2597	5211
8	4829	5392
9	3801	6440
10	2635	5637
11	2374	4539
12	1274	5898
13	3049	6273
14	2542	6156
15	720	6081
16	2286	5401
17	4392	5424
18	3361	5794
19	2467	5999
20	2367	5976
21	2883	5472
22	2336	5545
23	2166	5759
24	3836	5670
25	1941	5615
26	2261	5469
27	3403	5958
28	2904	5295
29	2193	5928
30	3209	5960
31	4392	5424
32	3783	5854
33	2635	5637
34	4395	6018
35	4207	5894
36	3895	5615
37	2715	5959
38	4183	6215
39	2418	5755
40	2884	5097
41	1559	5574
42	2468	5744
43	4155	5465
44	2016	5660
45	2317	5953
46	4519	5562
47	3836	5670
48	2638	5928
49	2262	4636
50	3031	4615
51	3372	5653
52	3210	6000
53	2924	5904
54	2796	5639
55	2127	5650
56	3353	5513
57	2198	5893
58	2746	5536
59	3056	5977
60	4526	6014
61	1274	5898
62	2969	5136
63	3060	5888
64	3195	5959
65	2546	5428
66	3559	5637
67	2209	5243
68	2786	5597
69	3275	5660
70	3537	5450
71	2638	5928
72	2651	5601
73	3162	4938
74	1559	5574
75	2970	5007
76	2224	5757
77	2344	5359
78	4207	6140
79	2883	5472
80	1831	5057
81	2553	5948
82	2342	4611
83	2375	5625
84	2693	5242
85	3809	5270
86	2224	5757
87	3445	5520
88	2542	6156
89	2545	4911
90	3161	5367
91	2741	4758
92	2292	6000
93	3678	5088
94	3043	5765
95	2082	5208
96	3167	5730
97	2965	5242
98	4948	5199
99	3905	7029
100	2826	5623
101	3226	5695
102	4479	5925
103	2443	5489
104	3393	5405
105	2927	4977
106	2505	5831
107	2342	4611
108	1058	6041
109	2679	5607
110	3568	4901
111	2786	5597
112	2682	5517
113	2693	6150
114	3579	5251
115	3696	5792
116	4395	6018
117	4207	6140
118	2396	5083
119	2342	4831
120	2904	5295
121	2181	5577
122	2417	4815
123	2343	5364
124	3121	4657
125	2546	5428
126	4317	6271
127	4390	5272
128	2113	5622
129	3005	5879
130	2576	5417
131	4395	6018
132	2443	5489
133	2172	5976
134	4066	6385
135	3640	5389
136	3144	4835
137	2737	5819
138	1996	6235
139	3049	6273
140	2209	5243
141	3209	5960
142	3599	5253
143	4704	5462
144	2336	5545
145	1629	5643
146	3445	5520
147	4207	6140
148	2002	5351
149	2203	5615
150	2300	5735
151	3605	5419
152	2342	4611
153	3682	5644
154	4640	6210
155	3404	5599
156	2597	5211
157	1647	5705
158	2491	5382
159	2342	4611
160	2553	5948
161	2443	5489
162	3488	4723
163	3183	5787
164	3983	5421
165	2796	5639
166	2181	5577
167	2434	5979
168	3056	5977
169	4008	5963
170	4745	5523
171	4101	6381
172	4444	6309
173	2786	5597
174	3043	5765
175	2679	5607
176	4105	5889
177	3295	5906
178	3946	5090
179	3007	5814
180	4150	5026
181	3691	6593
182	2542	6156
183	2386	5734
184	2693	5242
185	3696	5792
186	4276	5258
187	3625	6068
188	2262	4636
189	2884	5097
190	2035	5609
191	2374	4539
192	4513	5034
193	2790	5920
194	3210	6000
195	2956	5745
196	2970	5007
197	4704	5462
198	3579	5251
199	2314	5706
200	3264	5600
201	2035	5609
202	2682	5517
203	2449	5501
204	1895	4949
205	3674	5230
206	4640	6210
207	4101	6381
208	2874	4824
209	1941	5615
210	2883	5472
211	3809	5270
212	1831	5057
213	3750	6409
214	2969	5136
215	2344	5691
216	2721	5578
217	3323	6412
218	2064	5667
219	3179	5302
220	3677	5242
221	3349	5582
222	3039	4943
223	3794	5830
224	2784	5777
225	3196	5843
226	3403	5958
227	2198	5893
228	991	5868
229	4196	5437
230	3832	5753
231	3424	6480
232	2758	6074
233	3360	5611
234	2336	5545
235	2721	5408
236	3488	4723
237	2344	5359
238	2447	5739
239	3361	5794
240	2300	5806
241	2444	5719
242	4257	6329
243	3273	4745
244	4640	6210
245	2082	5208
246	2516	5835
247	2721	5408
248	2927	4977
249	2191	5685
250	3418	5658
251	2786	5597
252	2542	6156
253	991	5868
254	4354	5324
255	2342	4611
256	2417	4815
257	3161	5367
258	3226	5695
259	4321	6215
260	2568	5593
261	2965	5242
262	2635	5637
263	2659	5253
264	3723	4995
265	2630	5965
266	2181	5577
267	3024	5365
268	2617	5089
269	3349	5582
270	3625	6068
271	3384	5882
272	4008	5963
273	2231	5672
274	1058	6041
275	2899	5640
276	2784	5777
277	2320	5789
278	2796	5639
279	2689	5507
280	2542	6156
281	2437	4541
282	3112	6150
283	2437	4541
284	2635	5637
285	2679	5607
286	2721	5578
287	2062	5468
288	3836	5670
289	2568	5593
290	1831	5057
291	4262	6124
292	3258	6105
293	3640	5389
294	2970	5007
295	2253	5242
296	2631	5909
297	3005	5879
298	3031	4615
299	2443	5489
300	2538	5649
301	3597	5630
302	2016	5660
303	2493	5789
304	3696	5792
305	3229	5863
306	1629	5643
307	1924	5378
308	3196	5843
309	3060	5888
310	2478	5610
311	3349	5582
312	2546	5428
313	1869	5705
314	3424	6480
315	2969	5136
316	2016	5660
317	2806	5304
318	2386	5734
319	3726	6201
320	1559	5574
321	3151	5128
322	2826	5623
323	2883	5472
324	4557	5668
325	2002	5351
326	2746	5960
327	779	5856
328	2965	5242
329	3605	5419
330	2826	5623
331	4526	6014
332	2113	5622
333	3585	5436
334	3144	4835
335	2752	6233
336	2874	4824
337	4027	5687
338	1802	5689
339	3832	5753
340	3084	5705
341	2599	5693
342	3097	5607
343	3416	5408
344	2322	5605
345	3151	5128
346	2746	5536
347	4027	5687
348	3310	6457
349	1647	5705
350	1776	5207
351	2693	5242
352	2444	5719
353	4704	5462
354	3599	5253
355	2361	5278
356	4948	5199
357	2469	5346
358	3361	5794
359	3674	5230
360	3031	4615
361	3983	5421
362	3489	6012
363	1884	5198
364	3579	5251
365	1802	5689
366	1629	5643
367	3384	5882
368	2936	4962
369	4246	5345
370	2286	5401
371	3576	5616
372	4388	5561
373	2064	5667
374	3517	4811
375	4105	5889
376	2232	5037
377	3327	5799
378	2493	5789
379	3287	4829
380	3399	5845
381	2099	5277
382	4701	6194
383	3559	5637
384	3367	5565
385	2693	6150
386	2309	6009
387	4008	5963
388	2261	5469
389	2927	4977
390	4526	6014
391	2617	5089
392	3060	5888
393	2651	5601
394	3403	5958
395	3122	4843
396	2449	5501
397	2673	5424
398	3295	5906
399	3060	5888
400	2342	4831
401	3161	5367
402	2343	5364
403	4829	5392
404	3122	4843
405	2826	5623
406	2689	5507
407	2292	6000
408	2689	5507
409	2375	5625
410	4513	5034
411	3225	5057
412	2214	6183
413	2493	5789
414	2374	4539
415	3750	6409
416	2631	5172
417	3801	6440
418	3323	6412
419	2474	5753
420	3142	6954
421	2492	5747
422	3295	5906
423	2520	5300
424	3127	5100
425	3605	5419
426	4436	7086
427	2596	5652
428	1802	5689
429	3579	5251
430	2718	5583
431	4196	5437
432	2580	4658
433	2191	5685
434	2407	5637
435	3399	5845
436	2830	6008
437	2396	5083
438	2300	5735
439	2745	5784
440	2002	5351
441	2796	5639
442	2317	5953
443	2326	5718
444	3142	6954
445	2836	5398
446	2468	5744
447	3166	6378
448	2884	5097
449	2291	5942
450	2147	5721
451	2082	5208
452	2936	4962
453	2787	7007
454	2240	5734
455	2214	6183
456	4119	5800
457	1908	4968
458	3801	6440
459	2978	4631
460	2745	5784
461	1965	5514
462	1776	5207
463	3715	5749
464	3209	5960
465	3151	5128
466	2879	5365
467	4745	5523
468	3210	6000
469	2568	5593
470	4513	5034
471	2836	5398
472	3894	5350
473	3682	5644
474	3295	5906
475	4444	6309
476	3726	6201
477	720	6081
478	2361	5278
479	2288	5849
480	3404	5599
481	3005	6139
482	3537	5450
483	2752	6233
484	2437	4608
485	2050	5265
486	3209	6195
487	3039	4943
488	3404	5599
489	2596	5652
490	2745	5784
491	2693	6150
492	3715	5749
493	3668	4880
494	4392	5424
495	3259	5167
496	720	6081
497	3576	5616
498	3831	6794
499	2516	5835
500	2344	5691
501	2262	4636
502	2314	5706
503	2063	5627
504	2673	5424
505	2846	6071
506	2386	5734
507	4550	6022
508	3591	5811
509	1901	5814
510	3902	7176
511	2374	4539
512	2796	5639
513	2286	5401
514	4391	5136
515	3832	5753
516	3049	6273
517	3983	5421
518	3084	5705
519	4537	5763
520	2203	5615
521	3166	6378
522	3258	6105
523	3258	6105
524	2309	6009
525	2261	5469
526	3537	5450
527	2209	5243
528	3690	5062
529	1869	5705
530	4150	5026
531	4519	5562
532	2200	5329
533	2240	5734
534	2231	5672
535	2386	5734
536	2630	5965
537	3122	4843
538	3411	5931
539	4150	5026
540	2542	6156
541	2474	5753
542	3426	5712
543	3031	4615
544	3144	4835
545	2551	5241
546	2715	5959
547	2367	5976
548	2758	6074
549	1314	5766
550	3456	5936
551	2597	5211
552	2191	5685
553	2023	5159
554	4214	6049
555	2492	5747
556	2367	5976
557	3023	5888
558	3327	5799
559	1274	5898
560	3151	5128
561	4745	5523
562	3097	5607
563	3677	5242
564	2433	5659
565	4391	5136
566	2551	5241
567	4701	6194
568	2721	5578
569	4214	6049
570	2437	4541
571	3195	5959
572	2617	5089
573	3273	4745
574	720	6081
575	3832	5753
576	2693	6150
577	3049	6273
578	4444	6309
579	2965	5242
580	2456	5627
581	3753	5045
582	2467	5999
583	3411	5931
584	3225	5057
585	1924	5378
586	2050	5265
587	720	6081
588	1274	5898
589	2846	6071
590	3733	5122
591	2790	5920
592	4264	6003
593	1647	5705
594	3498	5263
595	4395	6018
596	2322	5605
597	2617	5089
598	2410	6303
599	2493	5789
600	2576	5417
601	2545	4911
602	3316	5514
603	3097	5607
604	2596	5652
605	2693	6150
606	2035	5609
607	2766	4900
608	3097	5607
609	2965	5242
610	3014	5909
611	2890	5706
612	2203	5615
613	2430	5891
614	2631	5172
615	3084	5705
616	2867	5407
617	2292	5207
618	3022	6525
619	2884	5097
620	2679	5607
621	2344	5691
622	3316	5514
623	2127	5619
624	4008	5963
625	1965	5514
626	3022	6525
627	2433	5659
628	2597	5211
629	3424	6480
630	4829	5392
631	4479	5925
632	3983	5421
633	779	5856
634	2520	5300
635	3122	4843
636	3265	5688
637	2286	5401
638	2344	5691
639	2560	5498
640	3161	5367
641	3161	5367
642	2492	5747
643	2002	5351
644	2232	5037
645	3310	6457
646	4436	7086
647	2386	5734
648	2063	5627
649	2035	5609
650	4207	5894
651	2193	5928
652	1274	5898
653	2553	5948
654	2599	5693
655	3349	5582
656	3210	6000
657	3258	6105
658	2127	5650
659	3229	5863
660	3275	5660
661	3733	5122
662	3353	5513
663	1519	5363
664	2673	5424
665	3005	5879
666	3591	5811
667	4321	6215
668	4948	5199
669	2434	5979
670	3783	5854
671	3367	5565
672	3265	5688
673	2240	5734
674	1965	5514
675	3983	5421
676	2673	5424
677	3539	6689
678	2969	5136
679	4196	5437
680	2746	5960
681	1941	5615
682	3946	5090
683	3368	5423
684	3149	6567
685	1996	6235
686	2113	5622
687	2784	5777
688	1831	5057
689	2737	5819
690	2735	5580
691	2193	5928
692	2181	5577
693	2016	5660
694	3210	6000
695	2469	5346
696	4264	6003
697	2520	5300
698	3537	5450
699	2752	6233
700	2166	5759
701	2784	5777
702	2737	5819
703	3361	5794
704	4105	5889
705	2969	5136
706	3007	5814
707	2721	5408
708	1869	5705
709	2193	5928
710	3097	5607
711	3360	5611
712	4391	5136
713	3367	5565
714	3488	4723
715	2193	5928
716	4246	5345
717	1901	5814
718	4701	6194
719	3836	5670
720	2433	5659
721	1058	6041
722	2300	5806
723	3043	5765
724	2200	5329
725	2542	5405
726	2477	5545
727	4262	6124
728	3265	5688
729	3167	5730
730	3902	7176
731	3447	5838
732	4321	6215
733	4550	6022
734	3771	5090
735	2300	5806
736	2651	5601
737	2133	5824
738	3008	5335
739	2232	5037
740	3142	6954
741	2253	5242
742	2651	5210
743	2286	5401
744	3436	5253
745	2298	5409
746	2599	5693
747	4479	5925
748	3161	5367
749	2718	5583
750	3384	5882
751	3809	5270
752	1908	4968
753	3043	5765
754	3678	5088
755	3895	5615
756	2970	5007
757	2806	6074
758	4105	5889
759	3416	5408
760	2430	5891
761	2830	6008
762	4249	5916
763	3488	4723
764	2430	5891
765	2520	5300
766	3952	5962
767	3599	5253
768	2344	5691
769	2013	5491
770	3809	5270
771	2386	5734
772	3894	5350
773	1694	5239
774	2111	5797
775	4390	5272
776	1274	5898
777	2449	5501
778	2258	5253
779	2016	5660
780	2969	5136
781	4101	6381
782	2430	5891
783	2013	5491
784	2214	6183
785	2553	5948
786	3763	5852
787	2410	6303
788	3591	5811
789	2147	5721
790	3585	5436
791	2965	5242
792	2493	5789
793	3733	5122
794	2200	5329
795	3605	5419
796	1895	4949
797	2867	5407
798	3275	5660
799	2682	5517
800	2147	5721
801	2336	5545
802	1314	5766
803	4704	5462
804	3579	5251
805	4257	6329
806	2599	5693
807	3167	5730
808	2262	5755
809	4323	5837
810	4948	5199
811	2746	5960
812	4323	5837
813	2342	4611
814	2617	5089
815	2580	4658
816	2469	5346
817	3310	6457
818	974	5776
819	2365	5683
820	1519	5363
821	2867	5407
822	3585	5436
823	2651	5601
824	2597	5211
825	2336	5545
826	3579	5251
DEMAND_SECTION
1	0
2	9
3	5
4	8
5	4
6	13
7	4
8	11
9	11
10	10
11	4
12	6
13	7
14	4
15	3
16	10
17	8
18	4
19	5
20	5
21	12
22	4
23	5
24	8
25	9
26	8
27	8
28	5
29	9
30	4
31	6
32	10
33	14
34	4
35	4
36	4
37	5
38	3
39	13
40	4
41	3
42	10
43	4
44	4
45	5
46	6
47	5
48	4
49	6
50	4
51	5
52	4
53	4
54	6
55	3
56	3
57	4
58	11
59	11
60	4
61	6
62	4
63	9
64	10
65	8
66	8
67	6
68	7
69	8
70	5
71	6
72	7
73	4
74	7
75	4
76	4
77	9
78	6
79	4
80	6
81	7
82	5
83	6
84	4
85	10
86	9
87	3
88	6
89	5
90	4
91	4
92	7
93	18
94	6
95	7
96	10
97	8
98	4
99	4
100	6
101	12
102	9
103	3
104	6
105	8
106	6
107	5
108	6
109	6
110	7
111	5
112	5
113	9
114	8
115	6
116	6
117	5
118	4
119	5
120	3
121	6
122	8
123	5
124	8
125	3
126	13
127	7
128	18
129	4
130	5
131	3
132	5
133	13
134	4
135	13
136	5
137	3
138	8
139	6
140	4
141	5
142	8
143	9
144	6
145	11
146	7
147	4
148	8
149	5
150	4
151	8
152	8
153	8
154	9
155	4
156	14
157	5
158	4
159	11
160	10
161	8
162	3
163	6
164	15
165	6
166	16
167	14
168	8
169	6
170	7
171	5
172	5
173	6
174	5
175	18
176	6
177	4
178	4
179	6
180	10
181	4
182	6
183	7
184	12
185	3
186	4
187	4
188	4
189	7
190	5
191	4
192	4
193	3
194	5
195	5
196	6
197	6
198	7
199	3
200	5
201	6
202	6
203	4
204	11
205	4
206	3
207	6
208	4
209	6
210	7
211	7
212	3
213	11
214	5
215	4
216	8
217	10
218	8
219	4
220	9
221	4
222	7
223	10
224	7
225	7
226	6
227	3
228	7
229	6
230	11
231	5
232	6
233	5
234	5
235	4
236	8
237	5
238	7
239	8
240	4
241	4
242	6
243	11
244	4
245	6
246	4
247	4
248	6
249	4
250	10
251	4
252	5
253	6
254	8
255	5
256	6
257	6
258	9
259	4
260	7
261	11
262	8
263	4
264	6
265	6
266	6
267	12
268	5
269	4
270	10
271	11
272	4
273	6
274	3
275	4
276	6
277	14
278	5
279	5
280	5
281	10
282	5
283	8
284	7
285	4
286	6
287	8
288	10
289	8
290	7
291	6
292	9
293	6
294	3
295	8
296	3
297	6
298	5
299	14
300	4
301	5
302	5
303	13
304	8
305	8
306	8
307	6
308	7
309	7
310	5
311	6
312	3
313	4
314	3
315	5
316	6
317	5
318	4
319	4
320	10
321	5
322	5
323	8
324	12
325	13
326	4
327	8
328	5
329	9
330	4
331	4
332	6
333	5
334	6
335	13
336	4
337	6
338	6
339	11
340	5
341	19
342	8
343	7
344	14
345	4
346	7
347	7
348	5
349	6
350	6
351	4
352	9
353	6
354	5
355	4
356	5
357	4
358	5
359	5
360	6
361	12
362	8
363	9
364	5
365	8
366	6
367	6
368	3
369	6
370	8
371	6
372	4
373	6
374	5
375	6
376	7
377	3
378	9
379	7
380	4
381	6
382	3
383	6
384	6
385	6
386	10
387	5
388	3
389	11
390	4
391	3
392	4
393	5
394	6
395	4
396	6
397	8
398	4
399	6
400	3
401	8
402	4
403	6
404	4
405	4
406	8
407	7
408	4
409	4
410	4
411	6
412	5
413	5
414	8
415	18
416	10
417	11
418	3
419	5
420	6
421	5
422	4
423	8
424	6
425	4
426	6
427	4
428	9
429	9
430	4
431	4
432	7
433	9
434	11
435	7
436	14
437	6
438	4
439	5
440	8
441	6
442	6
443	14
444	6
445	4
446	5
447	5
448	4
449	5
450	14
451	8
452	10
453	4
454	5
455	4
456	4
457	6
458	5
459	4
460	4
461	6
462	5
463	11
464	5
465	5
466	5
467	6
468	4
469	4
470	6
471	9
472	9
473	10
474	4
475	4
476	5
477	5
478	5
479	4
480	9
481	5
482	6
483	6
484	9
485	6
486	5
487	6
488	10
489	4
490	4
491	4
492	3
493	3
494	3
495	7
496	14
497	5
498	9
499	4
500	9
501	19
502	12
503	6
504	4
505	10
506	9
507	5
508	5
509	9
510	5
511	6
512	4
513	4
514	7
515	3
516	5
517	6
518	8
519	5
520	6
521	9
522	7
523	6
524	3
525	4
526	5
527	9
528	4
529	6
530	6
531	8
532	5
533	6
534	4
535	4
536	4
537	6
538	6
539	4
540	8
541	5
542	4
543	4
544	5
545	10
546	9
547	10
548	4
549	4
550	4
551	6
552	4
553	6
554	3
555	4
556	4
557	3
558	6
559	4
560	10
561	5
562	7
563	4
564	5
565	7
566	4
567	12
568	8
569	6
570	4
571	6
572	5
573	11
574	8
575	8
576	7
577	8
578	5
579	10
580	6
581	8
582	8
583	6
584	11
585	6
586	5
587	14
588	5
589	3
590	8
591	9
592	5
593	5
594	4
595	9
596	6
597	5
598	5
599	5
600	10
601	5
602	11
603	4
604	5
605	4
606	5
607	5
608	5
609	6
610	3
611	3
612	5
613	5
614	6
615	6
616	4
617	6
618	12
619	9
620	4
621	6
622	6
623	7
624	7
625	4
626	4
627	8
628	6
629	3
630	8
631	5
632	8
633	13
634	7
635	9
636	5
637	6
638	10
639	5
640	5
641	4
642	5
643	5
644	6
645	8
646	6
647	4
648	5
649	6
650	6
651	3
652	8
653	4
654	4
655	10
656	6
657	9
658	14
659	6
660	6
661	4
662	7
663	7
664	8
665	4
666	14
667	8
668	5
669	5
670	4
671	7
672	11
673	3
674	11
675	4
676	6
677	9
678	5
679	5
680	3
681	3
682	4
683	5
684	4
685	6
686	5
687	7
688	5
689	5
690	5
691	8
692	8
693	6
694	7
695	5
696	5
697	6
698	5
699	4
700	10
701	4
702	4
703	5
704	4
705	6
706	7
707	7
708	8
709	6
710	4
711	6
712	4
713	4
714	5
715	10
716	6
717	3
718	5
719	6
720	3
721	6
722	5
723	9
724	6
725	3
726	11
727	10
728	8
729	10
730	8
731	5
732	8
733	5
734	5
735	11
736	4
737	4
738	5
739	3
740	10
741	7
742	4
743	4
744	7
745	7
746	6
747	4
748	11
749	3
750	7
751	5
752	3
753	6
754	9
755	7
756	14
757	4
758	8
759	6
760	7
761	10
762	6
763	4
764	8
765	3
766	5
767	5
768	9
769	5
770	5
771	6
772	7
773	6
774	6
775	6
776	4
777	10
778	6
779	12
780	6
781	4
782	6
783	4
784	5
785	4
786	6
787	7
788	8
789	12
790	6
791	11
792	4
793	9
794	5
795	7
796	4
797	4
798	6
799	6
800	5
801	5
802	5
803	4
804	4
805	19
806	10
807	4
808	6
809	4
810	3
811	10
812	7
813	6
814	6
815	7
816	8
817	5
818	4
819	8
820	4
821	4
822	6
823	6
824	6
825	8
826	9
DEPOT_SECTION
1
-1
SERVICE_TIME_SECTION
1	0
2	480
3	660
4	540
5	840
6	1260
7	360
8	420
9	480
10	480
11	600
12	780
13	660
14	240
15	540
16	240
17	960
18	540
19	1140
20	840
21	480
22	600
23	480
24	480
25	360
26	540
27	600
28	720
29	480
30	600
31	600
32	660
33	300
34	360
35	660
36	720
37	360
38	900
39	360
40	780
41	780
42	240
43	240
44	1380
45	600
46	540
47	600
48	420
49	300
50	600
51	360
52	660
53	540
54	600
55	360
56	480
57	300
58	600
59	780
60	1320
61	720
62	300
63	660
64	600
65	420
66	840
67	360
68	780
69	420
70	480
71	360
72	540
73	660
74	540
75	600
76	960
77	1200
78	600
79	660
80	600
81	600
82	1140
83	480
84	420
85	480
86	660
87	480
88	420
89	420
90	480
91	480
92	540
93	600
94	480
95	420
96	720
97	300
98	360
99	660
100	960
101	540
102	420
103	600
104	900
105	720
106	660
107	540
108	540
109	540
110	360
111	420
112	540
113	480
114	660
115	420
116	720
117	360
118	720
119	960
120	600
121	540
122	720
123	540
124	1140
125	960
126	600
127	600
128	360
129	540
130	480
131	300
132	540
133	660
134	420
135	300
136	300
137	420
138	780
139	480
140	360
141	900
142	660
143	660
144	300
145	600
146	300
147	300
148	960
149	360
150	420
151	420
152	840
153	720
154	480
155	540
156	1140
157	720
158	420
159	600
160	540
161	720
162	780
163	660
164	540
165	480
166	960
167	540
168	780
169	660
170	840
171	540
172	660
173	540
174	480
175	600
176	600
177	540
178	540
179	240
180	480
181	540
182	720
183	300
184	660
185	420
186	1020
187	240
188	600
189	660
190	420
191	540
192	780
193	420
194	420
195	720
196	780
197	300
198	660
199	720
200	780
201	600
202	480
203	480
204	720
205	480
206	720
207	420
208	360
209	300
210	1320
211	840
212	480
213	600
214	480
215	360
216	660
217	660
218	420
219	840
220	1380
221	420
222	300
223	300
224	300
225	360
226	420
227	540
228	660
229	720
230	540
231	900
232	480
233	660
234	780
235	600
236	840
237	780
238	600
239	360
240	720
241	780
242	540
243	660
244	480
245	480
246	660
247	600
248	660
249	1260
250	420
251	600
252	360
253	540
254	360
255	780
256	180
257	660
258	720
259	360
260	1260
261	480
262	900
263	660
264	900
265	780
266	660
267	300
268	720
269	300
270	420
271	540
272	480
273	660
274	480
275	900
276	1020
277	420
278	720
279	540
280	360
281	480
282	300
283	780
284	1020
285	480
286	480
287	360
288	480
289	660
290	480
291	540
292	840
293	660
294	660
295	540
296	600
297	780
298	420
299	900
300	600
301	240
302	420
303	480
304	420
305	420
306	180
307	660
308	360
309	420
310	600
311	720
312	600
313	360
314	600
315	480
316	480
317	780
318	660
319	660
320	480
321	600
322	780
323	840
324	540
325	900
326	600
327	240
328	600
329	480
330	480
331	360
332	420
333	480
334	420
335	420
336	600
337	900
338	480
339	1140
340	420
341	360
342	600
343	1260
344	660
345	540
346	900
347	600
348	480
349	480
350	360
351	780
352	600
353	660
354	480
355	420
356	480
357	720
358	660
359	660
360	300
361	360
362	540
363	540
364	480
365	660
366	600
367	660
368	780
369	360
370	420
371	720
372	480
373	660
374	600
375	360
376	480
377	600
378	360
379	540
380	540
381	300
382	540
383	420
384	1320
385	540
386	420
387	600
388	840
389	840
390	360
391	300
392	600
393	600
394	600
395	600
396	360
397	540
398	900
399	480
400	1320
401	720
402	420
403	420
404	1320
405	660
406	660
407	480
408	960
409	300
410	480
411	300
412	360
413	900
414	780
415	300
416	540
417	600
418	480
419	900
420	720
421	660
422	900
423	660
424	660
425	240
426	540
427	540
428	480
429	360
430	480
431	300
432	360
433	600
434	420
435	600
436	600
437	720
438	960
439	540
440	480
441	480
442	600
443	300
444	360
445	480
446	540
447	420
448	540
449	660
450	660
451	1020
452	420
453	900
454	600
455	600
456	420
457	600
458	360
459	360
460	300
461	540
462	300
463	660
464	720
465	900
466	660
467	480
468	1260
469	660
470	660
471	780
472	840
473	540
474	600
475	480
476	360
477	720
478	960
479	300
480	780
481	1080
482	480
483	480
484	960
485	900
486	900
487	660
488	420
489	660
490	720
491	900
492	660
493	660
494	300
495	780
496	360
497	660
498	720
499	240
500	540
501	600
502	840
503	360
504	480
505	1080
506	300
507	480
508	660
509	600
510	480
511	360
512	360
513	960
514	420
515	240
516	540
517	900
518	420
519	480
520	900
521	840
522	540
523	420
524	720
525	480
526	300
527	420
528	360
529	720
530	300
531	540
532	900
533	600
534	720
535	960
536	360
537	360
538	360
539	360
540	540
541	900
542	420
543	1140
544	660
545	420
546	600
547	780
548	540
549	600
550	660
551	420
552	480
553	960
554	600
555	540
556	1020
557	660
558	420
559	720
560	660
561	360
562	420
563	600
564	600
565	720
566	480
567	660
568	660
569	720
570	480
571	660
572	480
573	480
574	360
575	480
576	1320
577	900
578	480
579	360
580	540
581	540
582	240
583	720
584	1020
585	1080
586	480
587	1260
588	540
589	660
590	600
591	420
592	540
593	360
594	660
595	420
596	300
597	660
598	540
599	480
600	540
601	360
602	600
603	540
604	360
605	300
606	480
607	660
608	480
609	540
610	360
611	480
612	480
613	840
614	600
615	780
616	420
617	540
618	960
619	480
620	480
621	600
622	480
623	840
624	660
625	660
626	540
627	420
628	360
629	480
630	540
631	600
632	960
633	420
634	600
635	480
636	480
637	1200
638	660
639	600
640	720
641	360
642	720
643	240
644	1320
645	600
646	720
647	600
648	960
649	960
650	600
651	660
652	360
653	480
654	360
655	600
656	360
657	480
658	780
659	600
660	480
661	600
662	720
663	840
664	660
665	600
666	480
667	600
668	720
669	540
670	480
671	240
672	660
673	840
674	480
675	780
676	840
677	660
678	900
679	660
680	540
681	420
682	360
683	600
684	600
685	900
686	720
687	300
688	900
689	540
690	600
691	480
692	480
693	360
694	420
695	600
696	1140
697	420
698	660
699	300
700	660
701	840
702	360
703	660
704	900
705	900
706	540
707	480
708	660
709	480
710	660
711	660
712	540
713	660
714	840
715	600
716	660
717	600
718	1320
719	360
720	420
721	780
722	360
723	600
724	660
725	240
726	480
727	420
728	660
729	600
730	600
731	540
732	540
733	540
734	900
735	660
736	660
737	480
738	660
739	420
740	900
741	480
742	600
743	600
744	480
745	900
746	540
747	720
748	780
749	480
750	480
751	360
752	540
753	780
754	780
755	1080
756	420
757	420
758	540
759	660
760	480
761	600
762	480
763	840
764	660
765	840
766	480
767	900
768	600
769	480
770	1260
771	600
772	840
773	480
774	540
775	600
776	600
777	600
778	600
779	360
780	660
781	420
782	600
783	660
784	840
785	480
786	540
787	420
788	900
789	720
790	540
791	300
792	360
793	480
794	420
795	480
796	360
797	600
798	480
799	660
800	720
801	960
802	360
803	660
804	420
805	300
806	540
807	540
808	540
809	360
810	480
811	780
812	540
813	780
814	780
815	600
816	600
817	960
818	480
819	660
820	480
821	960
822	480
823	420
824	420
825	660
826	420
TIME_WINDOW_SECTION
1	0	45000
2	12000	18900
3	8400	15900
4	12000	18900
5	4800	12300
6	8400	15900
7	10200	30300
8	15600	23100
9	4800	12300
10	8400	15900
11	12000	19500
12	15600	24900
13	22800	30300
14	19200	26700
15	10200	30300
16	10200	30300
17	12000	19500
18	12000	19500
19	17400	37500
20	15600	23100
21	19200	26700
22	19200	26700
23	10200	30300
24	17400	37500
25	15600	23100
26	12000	19500
27	10200	30300
28	15600	23100
29	12000	19500
30	12000	19500
31	10200	30300
32	8400	15900
33	12000	19500
34	22800	30300
35	15600	23100
36	8400	15900
37	4800	12300
38	22800	33900
39	22800	30300
40	22800	30300
41	15600	24900
42	10200	30300
43	10200	30300
44	22800	30300
45	19200	26700
46	4800	12300
47	19200	26700
48	4800	12300
49	12000	19500
50	22800	30300
51	22800	30300
52	15600	24900
53	15600	23100
54	15600	23100
55	8400	15900
56	15600	23100
57	17400	37500
58	15600	23100
59	19200	26700
60	22800	30300
61	19200	26700
62	8400	15900
63	8400	15900
64	12000	19500
65	22800	29700
66	8400	15900
67	15600	23100
68	17400	37500
69	8400	15900
70	15600	23100
71	22800	30300
72	17400	37500
73	8400	15900
74	15600	23100
75	22800	30300
76	17400	37500
77	4800	12300
78	19200	26700
79	22800	29700
80	12000	19500
81	8400	15900
82	8400	15900
83	19200	26700
84	10200	30300
85	12000	19500
86	12000	19500
87	4800	12300
88	15600	23100
89	8400	15900
90	4800	12300
91	10200	30300
92	4800	12300
93	12000	19500
94	15600	23100
95	22800	30300
96	8400	15900
97	15600	23100
98	12000	19500
99	22800	30300
100	4800	12300
101	19200	26700
102	4800	12300
103	22800	30300
104	10200	30300
105	10200	30300
106	19200	26700
107	22800	30300
108	15600	23100
109	19200	26700
110	8400	15900
111	15600	23100
112	12000	19500
113	10200	30300
114	4800	12300
115	4800	12300
116	8400	15900
117	4800	12300
118	8400	15900
119	12000	19500
120	15600	23100
121	8400	15900
122	12000	19500
123	15600	23100
124	22800	30300
125	8400	15900
126	4800	12300
127	12000	19500
128	15600	23100
129	19200	26700
130	22800	30300
131	15600	23100
132	22800	30300
133	10200	30300
134	8400	15900
135	15600	23100
136	22800	30300
137	15600	23100
138	17400	37500
139	12000	19500
140	10200	29700
141	12000	18840
142	12000	19500
143	12000	19500
144	22800	30300
145	17400	37500
146	15600	23100
147	4800	12300
148	4800	11700
149	12000	19500
150	10200	30300
151	19200	26700
152	22800	30300
153	10200	30300
154	22800	33900
155	15600	23100
156	10200	30300
157	15600	23100
158	10200	30300
159	10200	30300
160	4800	12300
161	15600	23100
162	22800	30300
163	19200	26100
164	22800	30300
165	4800	12300
166	10200	30300
167	4800	12300
168	22800	30300
169	19200	26700
170	19200	26700
171	8400	15900
172	12000	19500
173	10200	30300
174	15600	23100
175	8400	15900
176	4800	12300
177	15600	23100
178	19200	26700
179	19200	26700
180	12000	19500
181	10200	30300
182	15600	22500
183	4800	11700
184	12000	18840
185	10200	30300
186	15600	23100
187	19200	26700
188	4800	12300
189	19200	26700
190	19200	26700
191	15600	23100
192	15600	23100
193	15600	24900
194	10200	30300
195	19200	26700
196	15600	24900
197	19200	26700
198	22800	30300
199	10200	30300
200	19200	26700
201	10200	30300
202	4800	12300
203	22800	30300
204	19200	26700
205	15600	23100
206	22800	30300
207	12000	19500
208	8400	15900
209	12000	19500
210	19200	26700
211	10200	30300
212	12000	19500
213	4800	12300
214	19200	26700
215	19200	26700
216	17400	37500
217	4800	12300
218	19200	26700
219	22800	30300
220	12000	19500
221	4800	12300
222	10200	30300
223	22800	30300
224	15600	23100
225	22800	33900
226	10200	30300
227	15600	23100
228	22800	30300
229	22800	30300
230	10200	30300
231	8400	15900
232	19200	26700
233	4800	12300
234	10200	30300
235	22800	30300
236	12000	18900
237	8400	15900
238	10200	30300
239	10200	30300
240	15600	24900
241	10200	30300
242	10200	30300
243	12000	19500
244	22800	30300
245	19200	26700
246	10200	30300
247	22800	30300
248	19200	26700
249	22800	30300
250	4800	12300
251	15600	23100
252	8400	15900
253	10200	30300
254	12000	19500
255	19200	26700
256	10200	30300
257	4800	12300
258	10200	30300
259	8400	15900
260	10200	30300
261	4800	12300
262	12000	19500
263	15600	23100
264	17400	37500
265	10200	30300
266	4800	12300
267	10200	30300
268	12000	19500
269	4800	12300
270	10200	30300
271	22800	30300
272	15600	24240
273	8400	15900
274	4800	12300
275	10200	30300
276	15600	23100
277	4800	12300
278	10200	30300
279	15600	23100
280	12000	18900
281	19200	26700
282	22800	30300
283	22800	30300
284	10200	30300
285	10200	30300
286	12000	19500
287	8400	15900
288	10200	30300
289	12000	19500
290	10200	30300
291	8400	15900
292	4800	12300
293	15600	23100
294	8400	15900
295	10200	30300
296	19200	26700
297	19200	26700
298	8400	15900
299	19200	26700
300	22800	30300
301	15600	23100
302	8400	15300
303	19200	26700
304	12000	19500
305	19200	26700
306	12000	19500
307	4800	12300
308	22800	30300
309	17400	37500
310	8400	15900
311	12000	19500
312	19200	26700
313	19200	26700
314	8400	15900
315	15600	23100
316	8400	15900
317	22800	30300
318	12000	18900
319	12000	19500
320	8400	15900
321	19200	26100
322	12000	19500
323	15600	23100
324	19200	26700
325	15600	23100
326	19200	26700
327	8400	15900
328	10200	30300
329	10200	30300
330	22800	30300
331	22800	30300
332	22800	30300
333	10200	30300
334	22800	29700
335	22800	30300
336	8400	15900
337	8400	15900
338	15600	23100
339	12000	19500
340	15600	23100
341	19200	26700
342	19200	26700
343	19200	26700
344	10200	30300
345	22800	30300
346	22800	30300
347	19200	26700
348	8400	15900
349	8400	15900
350	12000	18900
351	15600	23100
352	15600	24300
353	10200	30300
354	8400	15900
355	12000	19500
356	17400	37500
357	12000	19500
358	22800	30300
359	22800	33240
360	12000	19500
361	12000	19500
362	19200	26700
363	19200	26700
364	22800	30300
365	22800	30300
366	15600	23100
367	22800	30300
368	15600	23100
369	10200	30300
370	22800	30300
371	19200	26700
372	22800	30300
373	22800	30300
374	10200	30300
375	12000	19500
376	22800	30300
377	12000	19500
378	10200	30300
379	15600	23100
380	8400	15300
381	17400	37500
382	22800	30300
383	19200	26700
384	10200	30300
385	15600	22500
386	8400	15900
387	10200	30300
388	22800	30300
389	12000	19500
390	22800	30300
391	19200	26700
392	10200	30300
393	19200	26700
394	10200	30300
395	15600	23100
396	17400	37500
397	15600	23100
398	15600	22500
399	19200	26700
400	12000	18900
401	12000	19500
402	12000	19500
403	12000	18840
404	8400	15900
405	10200	30300
406	15600	23100
407	15600	23100
408	8400	15900
409	10200	30300
410	12000	19500
411	12000	19500
412	15600	23100
413	22800	30300
414	8400	15900
415	22800	29700
416	19200	26700
417	22800	30300
418	10200	30300
419	22800	30300
420	10200	30300
421	12000	19500
422	8400	15900
423	22800	30300
424	15600	24900
425	12000	19500
426	10200	30300
427	15600	23100
428	17400	37500
429	10200	30300
430	12000	19500
431	8400	15900
432	8400	15900
433	10200	30300
434	22800	29700
435	8400	15900
436	12000	19500
437	15600	23100
438	22800	30300
439	12000	19500
440	22800	30300
441	15600	23100
442	19200	26700
443	8400	15900
444	8400	15900
445	12000	19500
446	8400	15900
447	15600	23100
448	19200	26100
449	12000	19500
450	12000	19500
451	10200	30300
452	10200	30300
453	22800	30300
454	19200	26100
455	22800	30300
456	8400	15900
457	8400	15900
458	8400	15900
459	8400	15900
460	12000	19500
461	22800	30300
462	12000	19500
463	12000	19500
464	22800	30300
465	19200	26700
466	19200	26100
467	10200	30300
468	12000	18840
469	10200	30300
470	22800	30300
471	12000	19500
472	10200	30300
473	22800	30300
474	17400	37500
475	22800	30300
476	19200	26700
477	12000	19500
478	19200	26700
479	15600	24900
480	19200	26700
481	22800	30300
482	8400	15900
483	8400	15900
484	15600	23100
485	12000	19500
486	22800	29700
487	19200	26700
488	22800	33240
489	10200	30300
490	19200	26700
491	19200	26700
492	15600	23100
493	15600	23100
494	15600	23100
495	22800	30300
496	12000	19500
497	10200	30300
498	15600	23100
499	10200	30300
500	15600	23100
501	22800	30300
502	22800	30300
503	17400	37500
504	10200	30300
505	12000	19500
506	15600	23100
507	22800	30300
508	10200	30300
509	12000	19500
510	10200	30300
511	22800	30300
512	15600	23100
513	12000	19500
514	12000	19500
515	19200	26700
516	10200	30300
517	10200	30300
518	17400	37500
519	19200	26700
520	10200	30300
521	19200	26700
522	19200	26700
523	12000	19500
524	15600	24240
525	10200	29700
526	10200	30300
527	12000	19500
528	10200	30300
529	19200	26700
530	12000	19500
531	19200	26700
532	12000	19500
533	8400	15900
534	22800	30300
535	17400	37500
536	15600	24900
537	15600	23100
538	22800	30300
539	19200	26700
540	19200	26700
541	19200	26700
542	15600	24300
543	12000	19500
544	19200	26700
545	22800	30300
546	19200	26700
547	10200	30300
548	12000	19500
549	12000	19500
550	10200	30300
551	10200	30300
552	12000	19500
553	15600	22500
554	15600	24900
555	15600	23100
556	15600	23100
557	22800	30300
558	10200	30300
559	19200	26700
560	12000	19500
561	15600	23100
562	12000	19500
563	10200	30300
564	15600	23100
565	19200	26700
566	15600	24900
567	22800	30300
568	12000	19500
569	10200	30300
570	10200	30300
571	12000	19500
572	22800	30300
573	22800	30300
574	15600	24900
575	10200	30300
576	15600	23100
577	15600	23100
578	22800	30300
579	10200	29700
580	12000	19500
581	19200	26700
582	15600	23100
583	12000	19500
584	19200	26700
585	19200	26700
586	10200	30300
587	19200	26700
588	17400	37500
589	22800	30300
590	12000	19500
591	12000	19500
592	15600	23100
593	22800	30300
594	15600	23100
595	19200	26700
596	10200	30300
597	22800	29700
598	19200	26700
599	15600	23100
600	12000	19500
601	19200	26700
602	12000	19500
603	12000	19500
604	15600	24900
605	10200	30300
606	19200	26700
607	10200	30300
608	19200	26700
609	22800	30300
610	19200	26700
611	12000	19500
612	12000	19500
613	15600	23100
614	15600	23100
615	19200	26700
616	19200	26700
617	19200	26700
618	19200	26700
619	19200	26700
620	17400	37500
621	10200	30300
622	10200	30300
623	12000	19500
624	12000	19500
625	12000	19500
626	10200	30300
627	12000	19500
628	15600	24900
629	10200	30300
630	17400	37500
631	15600	23100
632	19200	26700
633	12000	19500
634	15600	23100
635	19200	26700
636	15600	23100
637	17400	37500
638	15600	23100
639	10200	30300
640	15600	24900
641	22800	30300
642	22800	30300
643	22800	30300
644	22800	29700
645	10200	30300
646	15600	23100
647	22800	30300
648	10200	29700
649	10200	30300
650	22800	30300
651	19200	26700
652	22800	30300
653	19200	26700
654	15600	23100
655	15600	24900
656	10200	30300
657	22800	30300
658	22800	30300
659	22800	30300
660	22800	30300
661	19200	26700
662	10200	30300
663	12000	19500
664	22800	30300
665	19200	26700
666	10200	30300
667	15600	23100
668	15600	23100
669	15600	23100
670	15600	23100
671	10200	30300
672	22800	30300
673	15600	23100
674	12000	19500
675	15600	23100
676	10200	30300
677	19200	26700
678	22800	30300
679	22800	30300
680	19200	26700
681	12000	19500
682	22800	30300
683	17400	37500
684	15600	23100
685	19200	26700
686	19200	26700
687	19200	26700
688	10200	30300
689	19200	26700
690	19200	26700
691	15600	23100
692	22800	33240
693	22800	30300
694	10200	30300
695	10200	30300
696	15600	23100
697	15600	24900
698	22800	30300
699	19200	26700
700	15600	23100
701	15600	23100
702	19200	26700
703	10200	30300
704	10200	30300
705	22800	30300
706	10200	30300
707	10200	30300
708	15600	23100
709	15600	22500
710	22800	30300
711	15600	23100
712	19200	26700
713	15600	23100
714	15600	23100
715	10200	30300
716	10200	30300
717	22800	33900
718	10200	30300
719	17400	37500
720	10200	30300
721	10200	30300
722	15600	23100
723	19200	26700
724	10200	30300
725	10200	29700
726	15600	23100
727	22800	30300
728	10200	30300
729	22800	30300
730	19200	26700
731	22800	30300
732	19200	26700
733	10200	30300
734	10200	30300
735	10200	29700
736	15600	23100
737	10200	30300
738	10200	30300
739	10200	30300
740	15600	23100
741	19200	26700
742	22800	30300
743	19200	26700
744	19200	26700
745	10200	30300
746	10200	30300
747	22800	30300
748	22800	30300
749	19200	26700
750	22800	30300
751	10200	30300
752	10200	30300
753	19200	26700
754	10200	30300
755	19200	26700
756	19200	26700
757	22800	30300
758	10200	30300
759	10200	30300
760	22800	30300
761	22800	29700
762	15600	24900
763	10200	30300
764	22800	30300
765	19200	26700
766	22800	30300
767	22800	30300
768	15600	24900
769	22800	30300
770	10200	30300
771	17400	37500
772	19200	26700
773	10200	30300
774	19200	26700
775	10200	30300
776	22800	30300
777	22800	29700
778	22800	30300
779	22800	29700
780	19200	26700
781	10200	30300
782	22800	30300
783	10200	30300
784	22800	30300
785	10200	30300
786	15600	24900
787	19200	26700
788	19200	26700
789	22800	30300
790	10200	30300
791	10200	30300
792	10200	29700
793	19200	26700
794	19200	26700
795	10200	30300
796	10200	30300
797	19200	26700
798	22800	30300
799	10200	30300
800	17400	37500
801	19200	26700
802	19200	26700
803	22800	29700
804	22800	30300
805	22800	30300
806	22800	30300
807	10200	30300
808	19200	26700
809	22800	30300
810	10200	30300
811	22800	30300
812	22800	30300
813	10200	30300
814	19200	26700
815	10200	30300
816	19200	26700
817	10200	30300
818	15600	24900
819	22800	30300
820	10200	30300
821	19200	26700
822	22800	29700
823	10200	30300
824	19200	26700
825	19200	26700
826	19200	26700
RELEASE_TIME_SECTION
1	0
2	3600
3	3600
4	3600
5	3600
6	3600
7	3600
8	3600
9	3600
10	3600
11	3600
12	3600
13	3600
14	3600
15	3600
16	3600
17	3600
18	3600
19	3600
20	3600
21	3600
22	3600
23	3600
24	3600
25	3600
26	3600
27	3600
28	3600
29	3600
30	3600
31	3600
32	3600
33	3600
34	3600
35	3600
36	3600
37	3600
38	3600
39	3600
40	3600
41	3600
42	3600
43	3600
44	3600
45	3600
46	3600
47	3600
48	3600
49	3600
50	3600
51	3600
52	3600
53	3600
54	3600
55	3600
56	3600
57	3600
58	3600
59	3600
60	3600
61	3600
62	3600
63	3600
64	3600
65	3600
66	3600
67	3600
68	3600
69	3600
70	3600
71	3600
72	3600
73	3600
74	3600
75	3600
76	3600
77	3600
78	3600
79	3600
80	3600
81	3600
82	3600
83	3600
84	3600
85	3600
86	3600
87	3600
88	3600
89	3600
90	3600
91	3600
92	3600
93	3600
94	3600
95	3600
96	3600
97	3600
98	3600
99	3600
100	3600
101	3600
102	5400
103	5400
104	5400
105	5400
106	5400
107	5400
108	5400
109	5400
110	5400
111	5400
112	5400
113	5400
114	5400
115	5400
116	5400
117	5400
118	5400
119	5400
120	5400
121	5400
122	5400
123	5400
124	5400
125	5400
126	5400
127	5400
128	5400
129	5400
130	5400
131	5400
132	5400
133	5400
134	5400
135	5400
136	5400
137	5400
138	5400
139	5400
140	5400
141	5400
142	5400
143	5400
144	5400
145	5400
146	5400
147	5400
148	5400
149	5400
150	5400
151	5400
152	5400
153	5400
154	5400
155	5400
156	5400
157	5400
158	5400
159	5400
160	5400
161	5400
162	5400
163	5400
164	5400
165	5400
166	5400
167	5400
168	5400
169	5400
170	5400
171	5400
172	5400
173	5400
174	5400
175	5400
176	5400
177	5400
178	5400
179	5400
180	5400
181	5400
182	5400
183	5400
184	5400
185	5400
186	5400
187	5400
188	5400
189	5400
190	5400
191	5400
192	5400
193	5400
194	5400
195	5400
196	5400
197	5400
198	5400
199	5400
200	5400
201	5400
202	7200
203	7200
204	7200
205	7200
206	7200
207	7200
208	7200
209	7200
210	7200
211	7200
212	7200
213	7200
214	7200
215	7200
216	7200
217	7200
218	7200
219	7200
220	7200
221	7200
222	7200
223	7200
224	7200
225	7200
226	7200
227	7200
228	7200
229	7200
230	7200
231	7200
232	7200
233	7200
234	7200
235	7200
236	7200
237	7200
238	7200
239	7200
240	7200
241	7200
242	7200
243	7200
244	7200
245	7200
246	7200
247	7200
248	7200
249	7200
250	7200
251	7200
252	7200
253	7200
254	7200
255	7200
256	7200
257	7200
258	7200
259	7200
260	7200
261	7200
262	7200
263	7200
264	7200
265	7200
266	7200
267	7200
268	7200
269	7200
270	7200
271	7200
272	7200
273	7200
274	7200
275	7200
276	7200
277	7200
278	7200
279	7200
280	7200
281	7200
282	7200
283	7200
284	7200
285	7200
286	7200
287	7200
288	7200
289	7200
290	7200
291	7200
292	7200
293	7200
294	7200
295	7200
296	7200
297	7200
298	7200
299	7200
300	7200
301	9000
302	9000
303	9000
304	9000
305	9000
306	9000
307	9000
308	9000
309	9000
310	9000
311	9000
312	9000
313	9000
314	9000
315	9000
316	9000
317	9000
318	9000
319	9000
320	9000
321	9000
322	9000
323	9000
324	9000
325	9000
326	9000
327	9000
328	9000
329	9000
330	9000
331	9000
332	9000
333	9000
334	9000
335	9000
336	9000
337	9000
338	9000
339	9000
340	9000
341	9000
342	9000
343	9000
344	9000
345	9000
346	9000
347	9000
348	9000
349	9000
350	9000
351	9000
352	9000
353	9000
354	9000
355	9000
356	9000
357	9000
358	9000
359	9000
360	9000
361	9000
362	9000
363	9000
364	9000
365	9000
366	9000
367	9000
368	9000
369	9000
370	9000
371	9000
372	9000
373	9000
374	9000
375	9000
376	9000
377	9000
378	9000
379	9000
380	9000
381	9000
382	9000
383	9000
384	9000
385	9000
386	9000
387	9000
388	9000
389	9000
390	9000
391	9000
392	9000
393	9000
394	10800
395	10800
396	10800
397	10800
398	10800
399	10800
400	10800
401	10800
402	10800
403	10800
404	10800
405	10800
406	10800
407	10800
408	10800
409	10800
410	10800
411	10800
412	10800
413	10800
414	10800
415	10800
416	10800
417	10800
418	10800
419	10800
420	10800
421	10800
422	10800
423	10800
424	10800
425	10800
426	10800
427	10800
428	10800
429	10800
430	10800
431	10800
432	10800
433	10800
434	10800
435	10800
436	10800
437	10800
438	10800
439	10800
440	10800
441	10800
442	10800
443	10800
444	10800
445	10800
446	10800
447	10800
448	10800
449	10800
450	10800
451	10800
452	10800
453	10800
454	10800
455	10800
456	10800
457	10800
458	10800
459	10800
460	10800
461	10800
462	10800
463	10800
464	10800
465	10800
466	10800
467	10800
468	10800
469	10800
470	10800
471	10800
472	10800
473	10800
474	10800
475	10800
476	10800
477	10800
478	10800
479	10800
480	10800
481	10800
482	10800
483	12600
484	12600
485	12600
486	12600
487	12600
488	12600
489	12600
490	12600
491	12600
492	12600
493	12600
494	12600
495	12600
496	12600
497	12600
498	12600
499	12600
500	12600
501	12600
502	12600
503	12600
504	12600
505	12600
506	12600
507	12600
508	12600
509	12600
510	12600
511	12600
512	12600
513	12600
514	12600
515	12600
516	12600
517	12600
518	12600
519	12600
520	12600
521	12600
522	12600
523	12600
524	12600
525	12600
526	12600
527	12600
528	12600
529	12600
530	12600
531	12600
532	12600
533	12600
534	12600
535	12600
536	12600
537	12600
538	12600
539	12600
540	12600
541	12600
542	12600
543	12600
544	12600
545	12600
546	12600
547	12600
548	12600
549	12600
550	12600
551	12600
552	12600
553	12600
554	12600
555	12600
556	12600
557	12600
558	12600
559	12600
560	12600
561	12600
562	12600
563	12600
564	12600
565	14400
566	14400
567	14400
568	14400
569	14400
570	14400
571	14400
572	14400
573	14400
574	14400
575	14400
576	14400
577	14400
578	14400
579	14400
580	14400
581	14400
582	14400
583	14400
584	14400
585	14400
586	14400
587	14400
588	14400
589	14400
590	14400
591	14400
592	14400
593	14400
594	14400
595	14400
596	14400
597	14400
598	14400
599	14400
600	14400
601	14400
602	14400
603	14400
604	14400
605	14400
606	14400
607	14400
608	14400
609	14400
610	14400
611	14400
612	14400
613	14400
614	14400
615	14400
616	14400
617	14400
618	14400
619	14400
620	14400
621	14400
622	14400
623	14400
624	14400
625	14400
626	14400
627	14400
628	14400
629	14400
630	14400
631	14400
632	14400
633	16200
634	16200
635	16200
636	16200
637	16200
638	16200
639	16200
640	16200
641	16200
642	16200
643	16200
644	16200
645	16200
646	16200
647	16200
648	16200
649	16200
650	16200
651	16200
652	16200
653	16200
654	16200
655	16200
656	16200
657	16200
658	16200
659	16200
660	16200
661	16200
662	16200
663	16200
664	16200
665	16200
666	16200
667	16200
668	16200
669	16200
670	16200
671	16200
672	16200
673	16200
674	16200
675	16200
676	16200
677	16200
678	16200
679	16200
680	16200
681	16200
682	16200
683	16200
684	16200
685	18000
686	18000
687	18000
688	18000
689	18000
690	18000
691	18000
692	18000
693	18000
694	18000
695	18000
696	18000
697	18000
698	18000
699	18000
700	18000
701	18000
702	18000
703	18000
704	18000
705	18000
706	18000
707	18000
708	18000
709	18000
710	18000
711	18000
712	18000
713	18000
714	18000
715	18000
716	18000
717	18000
718	18000
719	18000
720	18000
721	18000
722	18000
723	18000
724	18000
725	18000
726	18000
727	18000
728	18000
729	18000
730	18000
731	18000
732	18000
733	18000
734	18000
735	18000
736	18000
737	18000
738	18000
739	18000
740	18000
741	18000
742	18000
743	18000
744	19800
745	19800
746	19800
747	19800
748	19800
749	19800
750	19800
751	19800
752	19800
753	19800
754	19800
755	19800
756	19800
757	19800
758	19800
759	19800
760	19800
761	19800
762	19800
763	19800
764	19800
765	19800
766	19800
767	19800
768	19800
769	19800
770	19800
771	19800
772	19800
773	19800
774	19800
775	19800
776	19800
777	19800
778	19800
779	19800
780	19800
781	19800
782	19800
783	19800
784	19800
785	19800
786	19800
787	21600
788	21600
789	21600
790	21600
791	21600
792	21600
793	21600
794	21600
795	21600
796	21600
797	21600
798	21600
799	21600
800	21600
801	21600
802	21600
803	21600
804	21600
805	21600
806	21600
807	21600
808	21600
809	21600
810	21600
811	21600
812	21600
813	21600
814	21600
815	21600
816	21600
817	21600
818	21600
819	21600
820	21600
821	21600
822	21600
823	21600
824	21600
825	21600
826	21600
EOF
