NAME : ORTEC-VRPTW-ASYM-8bc13a3f-d1-n786
TYPE : VRPTW-RT
DIMENSION : 787
EDGE_WEIGHT_TYPE : EUC_2D
CAPACITY : 145
NODE_COORD_SECTION
1	5327	0
2	4504	1066
3	4250	935
4	4442	652
5	4093	1103
6	4062	1150
7	4686	975
8	4609	876
9	2159	1099
10	5421	463
11	4998	868
12	4737	638
13	5452	545
14	5689	364
15	2238	1360
16	4918	976
17	6128	365
18	2488	1002
19	1532	1133
20	5233	520
21	2899	826
22	2430	1158
23	4367	1289
24	5515	536
25	5468	500
26	2123	993
27	6022	305
28	4056	1294
29	4487	896
30	2378	1215
31	6128	365
32	4703	887
33	5421	463
34	2650	1171
35	4014	1397
36	5309	477
37	2603	1084
38	4672	969
39	5029	533
40	4663	654
41	5662	543
42	2084	1086
43	5881	574
44	1488	1671
45	5475	602
46	2459	1050
47	5515	536
48	5756	277
49	6317	595
50	5963	649
51	2483	922
52	2800	1190
53	2355	837
54	5320	573
55	6291	262
56	4820	779
57	5916	490
58	6161	633
59	4612	644
60	6201	399
61	4737	638
62	5585	578
63	3013	1025
64	5221	819
65	5591	520
66	2081	1538
67	4763	1349
68	1932	1573
69	2092	1259
70	2193	1054
71	5756	277
72	6271	756
73	5213	774
74	2773	1323
75	6345	608
76	5435	480
77	2893	921
78	5326	420
79	2899	826
80	6255	501
81	2419	1102
82	5267	699
83	4587	700
84	3943	1186
85	4576	1376
86	5435	480
87	4627	418
88	5689	364
89	4432	1414
90	2557	1273
91	5704	1032
92	2085	1398
93	2893	921
94	6009	580
95	3927	1245
96	4683	722
97	5234	483
98	4711	998
99	505	930
100	6271	756
101	4682	916
102	5227	575
103	3899	1215
104	5310	614
105	6037	950
106	4026	1183
107	5267	699
108	2484	911
109	5204	1133
110	5395	561
111	1932	1573
112	5161	936
113	2685	862
114	5512	490
115	5008	883
116	2782	1131
117	5326	420
118	4604	650
119	5121	844
120	4056	1294
121	5778	748
122	5990	755
123	5142	724
124	6259	559
125	5591	520
126	5395	501
127	5527	590
128	5903	516
129	2349	906
130	2771	976
131	2782	1131
132	6117	635
133	2215	1101
134	5916	490
135	5540	657
136	2815	1022
137	6041	138
138	2837	995
139	5452	545
140	4763	1349
141	2378	1215
142	2716	978
143	4648	971
144	2430	1158
145	5085	1051
146	4138	1188
147	5326	420
148	4494	928
149	2819	859
150	5185	940
151	1884	1146
152	5267	699
153	2488	1002
154	5322	699
155	1935	1039
156	6086	573
157	4959	1181
158	3926	1184
159	5267	699
160	2419	1102
161	6117	635
162	2467	1023
163	6054	385
164	4613	974
165	5304	384
166	5778	748
167	5730	509
168	3013	1025
169	4600	898
170	5274	905
171	5676	779
172	4907	1046
173	1932	1573
174	6009	580
175	5072	637
176	4891	544
177	5699	519
178	4500	868
179	6404	504
180	4317	828
181	5501	695
182	5689	364
183	3933	1127
184	3943	1186
185	5008	883
186	5760	1136
187	5860	689
188	6317	595
189	4663	654
190	4682	916
191	4998	868
192	6120	670
193	2685	862
194	2800	1190
195	6022	1051
196	6345	608
197	5452	545
198	4612	1051
199	1721	1367
200	2757	1296
201	6350	673
202	5161	936
203	5986	997
204	4411	1379
205	4844	985
206	5322	699
207	5676	779
208	2307	1054
209	1488	1671
210	2899	826
211	4576	1376
212	6255	501
213	5585	578
214	6009	580
215	2550	956
216	6118	679
217	5253	511
218	5924	531
219	4540	997
220	4716	865
221	4839	549
222	1582	954
223	2172	1335
224	5916	490
225	4504	874
226	4559	654
227	5709	425
228	5841	551
229	5361	1319
230	4814	941
231	2430	1158
232	3014	846
233	5708	1118
234	2893	921
235	6024	707
236	3860	1249
237	4701	1128
238	2419	1102
239	5253	502
240	2830	909
241	4156	1450
242	3927	1245
243	4093	1103
244	3014	846
245	6246	564
246	3798	1232
247	5689	364
248	4504	874
249	5881	574
250	5515	536
251	3978	1174
252	2557	1273
253	4682	916
254	5708	1118
255	2487	1033
256	4135	1131
257	5421	463
258	4079	1506
259	6134	568
260	1461	971
261	5778	748
262	4193	1181
263	6117	635
264	1574	1520
265	5860	689
266	5382	477
267	2907	618
268	0	499
269	2484	911
270	5320	573
271	4839	549
272	6222	469
273	5304	384
274	3990	1166
275	5689	364
276	4193	1181
277	4680	839
278	4193	1181
279	5421	463
280	5204	1133
281	2550	956
282	2655	1006
283	5881	574
284	5515	536
285	6104	714
286	6255	501
287	2782	1131
288	2479	946
289	5540	657
290	6345	608
291	3885	1038
292	6178	748
293	2240	1216
294	5963	649
295	6117	635
296	4642	1079
297	2058	854
298	1488	1671
299	4397	783
300	2092	1259
301	5008	883
302	1501	882
303	5475	602
304	4697	513
305	1582	954
306	3013	1025
307	3095	915
308	1574	1520
309	5591	520
310	5386	631
311	5322	699
312	5709	425
313	5585	578
314	1488	1671
315	4190	1477
316	5091	960
317	2137	1017
318	5662	543
319	2868	1155
320	6161	633
321	2899	826
322	783	1052
323	4494	928
324	4930	633
325	4781	902
326	5234	483
327	1884	1146
328	6271	756
329	6201	399
330	5903	516
331	4559	654
332	6016	302
333	2539	1056
334	6021	295
335	4625	583
336	6110	516
337	5709	425
338	1584	1145
339	4410	837
340	2926	888
341	5484	615
342	3133	736
343	2868	1155
344	1824	1316
345	4625	583
346	4994	993
347	4100	1068
348	3938	1276
349	4638	1012
350	3943	1186
351	4720	910
352	4648	971
353	5622	585
354	4711	998
355	1884	1058
356	3860	1249
357	4844	985
358	5963	649
359	4613	974
360	5550	447
361	3933	1127
362	4612	1051
363	5631	471
364	5085	1051
365	5382	477
366	5257	1075
367	5756	277
368	2166	659
369	5748	596
370	5253	511
371	4788	939
372	5382	477
373	4487	1370
374	4138	1188
375	4397	783
376	5665	558
377	4753	1006
378	5361	1319
379	3023	1116
380	4848	783
381	2685	862
382	5401	1263
383	4600	898
384	2123	993
385	6037	950
386	5267	551
387	6117	635
388	4638	1012
389	6271	756
390	4156	1450
391	2172	1335
392	4521	710
393	2058	854
394	5203	996
395	3941	1246
396	5699	519
397	3013	1025
398	1935	1039
399	4825	726
400	6030	503
401	4609	876
402	4521	710
403	6161	633
404	3990	1166
405	5559	1082
406	5309	477
407	5091	960
408	4397	783
409	5748	474
410	4998	868
411	4913	471
412	2159	1099
413	2699	1135
414	2144	932
415	5660	1163
416	5699	519
417	4001	1314
418	2583	1183
419	1884	1146
420	6161	682
421	6110	516
422	4612	1051
423	2478	1216
424	582	867
425	3095	915
426	2146	1139
427	2893	921
428	2735	861
429	4604	650
430	5978	677
431	5577	1137
432	5304	384
433	5475	602
434	5851	636
435	2144	932
436	6330	608
437	2084	1086
438	4466	681
439	4663	654
440	4954	660
441	3927	1245
442	5470	475
443	6030	503
444	4303	1243
445	4397	783
446	2159	1099
447	2084	1086
448	5577	1137
449	3938	1276
450	5267	551
451	5092	833
452	6432	441
453	5659	385
454	2800	1190
455	6104	714
456	6120	670
457	6330	608
458	582	867
459	4655	605
460	5699	519
461	2144	932
462	2238	1360
463	5622	585
464	5660	1163
465	5253	511
466	5255	507
467	6016	302
468	4605	523
469	4537	580
470	5559	1082
471	5577	1137
472	2685	862
473	5267	551
474	4988	737
475	6128	365
476	6117	530
477	1521	917
478	4367	1140
479	2166	659
480	4711	998
481	4093	1103
482	4367	1140
483	6317	595
484	1721	1367
485	5485	648
486	4686	975
487	3962	1341
488	6108	464
489	3933	1127
490	4609	876
491	4635	1517
492	4648	971
493	4798	920
494	5851	636
495	4998	868
496	5676	779
497	4918	976
498	2459	1135
499	4720	910
500	2349	906
501	5577	1137
502	2819	859
503	6174	758
504	2479	946
505	2479	946
506	4190	1477
507	4410	837
508	2193	1054
509	2467	1023
510	2459	1050
511	6141	574
512	5468	500
513	0	499
514	3933	1127
515	1461	971
516	4521	710
517	3023	1116
518	4907	473
519	5689	364
520	5810	480
521	6161	633
522	5320	455
523	5963	649
524	2815	1022
525	4062	1150
526	1532	1133
527	6030	656
528	5484	615
529	6120	670
530	5550	447
531	1982	1359
532	2847	743
533	4627	418
534	5660	1163
535	4612	644
536	4338	1235
537	4608	539
538	4737	638
539	5092	833
540	5274	905
541	2926	888
542	4540	997
543	3095	915
544	6041	138
545	2440	727
546	2550	956
547	4193	1181
548	6117	635
549	2830	909
550	2238	1360
551	3898	1364
552	4680	839
553	5234	483
554	3023	1116
555	3898	1364
556	4697	513
557	4537	580
558	2238	1360
559	4781	902
560	2847	743
561	5726	608
562	4056	1294
563	4789	1336
564	1521	917
565	3133	736
566	5545	579
567	4714	674
568	2926	888
569	4193	1181
570	5501	695
571	2837	995
572	6350	673
573	5676	279
574	2065	1497
575	2926	888
576	2603	1084
577	2428	809
578	4789	1336
579	4913	471
580	5577	1137
581	4100	1068
582	6362	510
583	4303	1243
584	4663	654
585	4093	1103
586	4686	975
587	5389	616
588	2699	1135
589	2773	1323
590	2685	862
591	5395	561
592	2521	763
593	5529	1416
594	4686	975
595	5091	960
596	4338	1235
597	4609	876
598	5227	575
599	4613	974
600	2830	909
601	4917	432
602	5224	628
603	4917	432
604	6009	580
605	1547	700
606	5092	833
607	4825	726
608	2307	1054
609	2847	743
610	4686	975
611	3246	735
612	4494	928
613	5386	631
614	4994	993
615	4154	1110
616	2768	1197
617	4487	896
618	2419	1102
619	5810	480
620	2557	1273
621	6291	262
622	4630	855
623	4432	1414
624	4789	1336
625	2787	932
626	783	1052
627	6054	385
628	5860	689
629	5660	1163
630	5529	1416
631	2065	1497
632	4683	722
633	3899	1215
634	2240	1216
635	5385	335
636	6170	392
637	4711	998
638	3941	1246
639	4697	513
640	5730	509
641	4798	920
642	6022	305
643	5468	500
644	4613	974
645	3941	1246
646	4850	1039
647	6362	510
648	5585	578
649	4930	633
650	4635	1517
651	5092	833
652	5468	500
653	4500	868
654	2955	1036
655	0	499
656	4466	681
657	6289	589
658	2166	659
659	2837	995
660	5903	516
661	4755	878
662	6289	589
663	5609	371
664	5916	490
665	5545	579
666	2800	1190
667	4822	873
668	5224	628
669	2193	1054
670	4367	1289
671	2124	978
672	6404	504
673	3885	1038
674	2085	1398
675	5708	1118
676	2837	995
677	2830	909
678	2440	727
679	4250	935
680	6262	307
681	4026	1183
682	6108	464
683	6141	574
684	5304	384
685	2430	1158
686	4446	1120
687	4321	991
688	4683	722
689	4635	1517
690	5924	531
691	2550	956
692	4194	1017
693	5659	385
694	5662	543
695	4487	1370
696	5577	1137
697	2144	932
698	6286	714
699	2144	932
700	4822	873
701	5227	575
702	505	930
703	4576	1376
704	5810	480
705	6108	464
706	4410	837
707	5267	551
708	4755	878
709	5309	477
710	5382	477
711	1824	1316
712	5484	615
713	3978	1174
714	2735	861
715	6135	280
716	5708	1118
717	1199	916
718	4466	681
719	4516	922
720	4001	1314
721	4504	1066
722	2428	809
723	6022	305
724	6009	580
725	4842	732
726	4317	828
727	4714	674
728	582	867
729	5218	521
730	4154	1110
731	5395	501
732	5062	793
733	5452	545
734	2479	946
735	4442	652
736	1199	916
737	4842	732
738	5039	747
739	6030	503
740	5203	996
741	6030	503
742	4500	868
743	2955	1036
744	4532	937
745	2907	618
746	2787	932
747	4411	1379
748	5470	475
749	4587	700
750	5758	427
751	4397	783
752	6108	464
753	3978	1174
754	5689	364
755	6024	707
756	4100	1068
757	5655	493
758	5161	936
759	2732	946
760	4954	660
761	4917	432
762	5484	615
763	5452	545
764	2955	1036
765	2193	1054
766	4446	1120
767	2430	1158
768	5322	699
769	5253	502
770	4683	722
771	4755	878
772	5401	1263
773	4442	652
774	582	867
775	4917	432
776	5389	616
777	4703	887
778	6117	635
779	4930	633
780	2958	1147
781	1884	1058
782	6073	750
783	5726	608
784	5257	1075
785	4642	1079
786	3798	1232
787	4612	1051
DEMAND_SECTION
1	0
2	7
3	5
4	5
5	7
6	7
7	11
8	6
9	7
10	4
11	4
12	14
13	4
14	3
15	4
16	7
17	10
18	3
19	5
20	6
21	6
22	7
23	5
24	4
25	5
26	9
27	6
28	3
29	11
30	9
31	5
32	7
33	4
34	5
35	10
36	4
37	4
38	6
39	7
40	7
41	11
42	8
43	10
44	4
45	5
46	5
47	6
48	5
49	6
50	6
51	15
52	4
53	3
54	9
55	6
56	6
57	4
58	7
59	7
60	9
61	6
62	11
63	3
64	13
65	8
66	13
67	4
68	5
69	5
70	6
71	6
72	8
73	6
74	10
75	3
76	7
77	3
78	6
79	6
80	6
81	9
82	8
83	5
84	7
85	4
86	5
87	9
88	3
89	8
90	3
91	6
92	5
93	6
94	15
95	3
96	6
97	5
98	7
99	3
100	10
101	9
102	3
103	7
104	6
105	5
106	5
107	10
108	11
109	6
110	9
111	2
112	3
113	7
114	6
115	7
116	5
117	6
118	8
119	8
120	7
121	6
122	6
123	5
124	3
125	6
126	6
127	8
128	3
129	2
130	11
131	3
132	3
133	4
134	11
135	6
136	7
137	4
138	5
139	6
140	5
141	5
142	6
143	6
144	6
145	11
146	6
147	5
148	10
149	10
150	3
151	7
152	5
153	3
154	3
155	4
156	5
157	9
158	4
159	7
160	8
161	3
162	5
163	3
164	3
165	3
166	5
167	4
168	8
169	5
170	13
171	9
172	4
173	6
174	2
175	7
176	6
177	5
178	6
179	7
180	5
181	5
182	8
183	4
184	4
185	5
186	6
187	6
188	4
189	2
190	6
191	10
192	6
193	5
194	5
195	4
196	11
197	5
198	6
199	5
200	4
201	5
202	5
203	8
204	7
205	9
206	4
207	15
208	9
209	11
210	6
211	4
212	6
213	8
214	5
215	9
216	3
217	7
218	7
219	6
220	3
221	5
222	5
223	6
224	7
225	4
226	6
227	5
228	6
229	14
230	3
231	6
232	5
233	5
234	3
235	3
236	7
237	6
238	7
239	5
240	5
241	5
242	5
243	4
244	10
245	6
246	4
247	8
248	6
249	5
250	5
251	9
252	6
253	3
254	6
255	9
256	11
257	6
258	5
259	6
260	5
261	5
262	9
263	10
264	4
265	4
266	9
267	10
268	3
269	5
270	5
271	4
272	4
273	2
274	2
275	8
276	4
277	2
278	11
279	4
280	11
281	11
282	8
283	3
284	4
285	8
286	3
287	5
288	7
289	11
290	7
291	10
292	4
293	6
294	2
295	5
296	5
297	8
298	4
299	4
300	11
301	5
302	6
303	7
304	7
305	8
306	7
307	5
308	3
309	5
310	10
311	7
312	7
313	8
314	6
315	6
316	10
317	6
318	13
319	10
320	3
321	6
322	9
323	7
324	4
325	6
326	3
327	7
328	6
329	4
330	6
331	4
332	3
333	11
334	6
335	4
336	8
337	7
338	3
339	11
340	9
341	4
342	6
343	6
344	7
345	4
346	5
347	6
348	5
349	12
350	5
351	7
352	8
353	10
354	11
355	7
356	8
357	3
358	6
359	4
360	7
361	6
362	10
363	5
364	8
365	8
366	6
367	4
368	3
369	5
370	8
371	5
372	4
373	4
374	10
375	5
376	2
377	8
378	7
379	6
380	6
381	4
382	6
383	3
384	5
385	7
386	6
387	10
388	6
389	15
390	6
391	15
392	7
393	7
394	8
395	7
396	6
397	11
398	6
399	13
400	10
401	13
402	6
403	5
404	3
405	4
406	3
407	7
408	6
409	2
410	6
411	4
412	5
413	6
414	6
415	6
416	4
417	5
418	11
419	3
420	14
421	3
422	5
423	8
424	2
425	3
426	8
427	5
428	6
429	6
430	3
431	8
432	4
433	4
434	5
435	5
436	8
437	6
438	3
439	4
440	5
441	5
442	8
443	3
444	4
445	6
446	9
447	10
448	5
449	8
450	5
451	5
452	8
453	8
454	5
455	9
456	6
457	10
458	5
459	9
460	9
461	2
462	8
463	4
464	8
465	3
466	15
467	4
468	5
469	4
470	4
471	5
472	11
473	2
474	6
475	7
476	5
477	1
478	7
479	7
480	8
481	4
482	4
483	5
484	9
485	6
486	7
487	5
488	5
489	8
490	7
491	9
492	3
493	4
494	5
495	6
496	6
497	9
498	7
499	5
500	7
501	8
502	5
503	8
504	8
505	5
506	5
507	5
508	6
509	7
510	9
511	3
512	8
513	5
514	5
515	3
516	7
517	5
518	10
519	6
520	6
521	5
522	3
523	4
524	3
525	4
526	5
527	5
528	5
529	4
530	5
531	6
532	6
533	4
534	11
535	9
536	11
537	6
538	5
539	4
540	15
541	4
542	3
543	6
544	8
545	6
546	3
547	3
548	6
549	6
550	9
551	8
552	6
553	4
554	6
555	11
556	12
557	7
558	3
559	8
560	6
561	3
562	7
563	9
564	3
565	7
566	3
567	7
568	3
569	5
570	10
571	6
572	3
573	4
574	6
575	7
576	4
577	7
578	3
579	5
580	5
581	6
582	5
583	8
584	7
585	10
586	5
587	5
588	8
589	4
590	6
591	5
592	5
593	6
594	4
595	9
596	6
597	5
598	7
599	6
600	8
601	3
602	4
603	6
604	5
605	7
606	3
607	5
608	10
609	8
610	2
611	8
612	8
613	5
614	7
615	5
616	5
617	3
618	14
619	3
620	6
621	6
622	6
623	9
624	4
625	4
626	4
627	3
628	7
629	3
630	4
631	8
632	4
633	5
634	4
635	7
636	5
637	4
638	3
639	5
640	3
641	8
642	6
643	5
644	3
645	7
646	5
647	7
648	4
649	5
650	9
651	6
652	3
653	11
654	6
655	3
656	11
657	10
658	8
659	6
660	3
661	6
662	8
663	5
664	6
665	3
666	10
667	8
668	6
669	10
670	3
671	3
672	6
673	7
674	7
675	8
676	5
677	2
678	5
679	8
680	10
681	11
682	2
683	12
684	5
685	4
686	7
687	5
688	8
689	6
690	5
691	6
692	8
693	4
694	11
695	9
696	5
697	5
698	4
699	5
700	10
701	6
702	7
703	2
704	3
705	8
706	6
707	7
708	4
709	4
710	6
711	8
712	9
713	5
714	4
715	3
716	6
717	5
718	8
719	6
720	6
721	4
722	3
723	5
724	7
725	3
726	5
727	10
728	7
729	6
730	5
731	4
732	8
733	6
734	4
735	4
736	4
737	7
738	17
739	5
740	5
741	5
742	3
743	4
744	8
745	5
746	5
747	10
748	4
749	3
750	4
751	2
752	6
753	2
754	4
755	6
756	3
757	8
758	15
759	5
760	6
761	4
762	4
763	8
764	6
765	6
766	3
767	6
768	8
769	5
770	7
771	10
772	5
773	7
774	3
775	8
776	10
777	11
778	6
779	5
780	6
781	5
782	2
783	14
784	5
785	9
786	6
787	3
DEPOT_SECTION
1
-1
SERVICE_TIME_SECTION
1	0
2	960
3	600
4	780
5	480
6	480
7	720
8	1260
9	780
10	540
11	240
12	720
13	720
14	660
15	480
16	660
17	540
18	420
19	360
20	660
21	600
22	660
23	480
24	780
25	420
26	240
27	660
28	420
29	540
30	660
31	360
32	480
33	780
34	720
35	720
36	360
37	540
38	900
39	540
40	360
41	300
42	660
43	840
44	420
45	660
46	300
47	840
48	840
49	480
50	360
51	600
52	360
53	480
54	240
55	540
56	540
57	480
58	480
59	300
60	420
61	1200
62	600
63	720
64	720
65	360
66	360
67	660
68	1020
69	480
70	300
71	540
72	780
73	600
74	840
75	600
76	480
77	540
78	720
79	360
80	720
81	720
82	1080
83	300
84	420
85	540
86	1140
87	540
88	540
89	480
90	540
91	540
92	420
93	1080
94	540
95	600
96	540
97	360
98	480
99	540
100	180
101	780
102	420
103	660
104	840
105	360
106	600
107	780
108	480
109	960
110	480
111	1320
112	720
113	360
114	600
115	540
116	540
117	240
118	660
119	540
120	660
121	780
122	660
123	780
124	300
125	240
126	600
127	660
128	240
129	420
130	300
131	660
132	420
133	720
134	540
135	300
136	600
137	600
138	300
139	960
140	540
141	420
142	720
143	720
144	660
145	600
146	360
147	480
148	240
149	1200
150	360
151	1140
152	420
153	420
154	480
155	480
156	300
157	540
158	360
159	420
160	720
161	1200
162	1140
163	780
164	360
165	300
166	480
167	480
168	420
169	960
170	660
171	180
172	480
173	480
174	360
175	660
176	660
177	660
178	720
179	480
180	600
181	840
182	480
183	360
184	720
185	360
186	660
187	660
188	600
189	840
190	780
191	480
192	780
193	660
194	780
195	1200
196	720
197	780
198	720
199	1200
200	720
201	480
202	540
203	540
204	480
205	660
206	540
207	540
208	600
209	480
210	660
211	780
212	240
213	480
214	540
215	780
216	720
217	480
218	840
219	420
220	360
221	600
222	480
223	420
224	360
225	480
226	360
227	480
228	480
229	540
230	420
231	1140
232	1020
233	540
234	360
235	660
236	840
237	780
238	900
239	420
240	360
241	780
242	1020
243	360
244	480
245	720
246	480
247	660
248	540
249	660
250	780
251	720
252	600
253	720
254	540
255	480
256	1080
257	960
258	900
259	360
260	420
261	720
262	360
263	540
264	300
265	360
266	840
267	840
268	600
269	660
270	660
271	420
272	660
273	600
274	360
275	480
276	360
277	360
278	780
279	420
280	660
281	300
282	480
283	660
284	360
285	480
286	720
287	420
288	840
289	720
290	600
291	420
292	840
293	360
294	660
295	600
296	780
297	780
298	360
299	480
300	360
301	540
302	360
303	420
304	660
305	840
306	1320
307	1020
308	1080
309	540
310	420
311	1140
312	420
313	780
314	840
315	840
316	540
317	540
318	420
319	420
320	840
321	720
322	480
323	660
324	600
325	360
326	660
327	840
328	360
329	720
330	480
331	1080
332	480
333	360
334	360
335	660
336	900
337	300
338	900
339	240
340	480
341	480
342	660
343	840
344	600
345	480
346	660
347	420
348	900
349	780
350	300
351	540
352	960
353	600
354	540
355	540
356	540
357	480
358	600
359	900
360	180
361	780
362	600
363	720
364	780
365	900
366	420
367	1140
368	540
369	780
370	600
371	660
372	420
373	960
374	600
375	660
376	360
377	840
378	420
379	540
380	660
381	660
382	900
383	540
384	840
385	420
386	540
387	660
388	720
389	720
390	540
391	360
392	720
393	480
394	480
395	840
396	660
397	480
398	660
399	600
400	480
401	480
402	660
403	660
404	540
405	420
406	1260
407	480
408	840
409	1020
410	780
411	960
412	540
413	480
414	660
415	1140
416	660
417	720
418	480
419	480
420	840
421	420
422	540
423	600
424	720
425	480
426	360
427	240
428	720
429	600
430	840
431	780
432	360
433	420
434	360
435	360
436	780
437	780
438	780
439	660
440	600
441	420
442	360
443	660
444	660
445	660
446	240
447	480
448	780
449	360
450	1140
451	660
452	1140
453	420
454	420
455	480
456	540
457	900
458	360
459	420
460	420
461	420
462	300
463	540
464	660
465	360
466	960
467	300
468	540
469	960
470	420
471	540
472	480
473	540
474	720
475	360
476	360
477	540
478	480
479	720
480	780
481	420
482	480
483	420
484	660
485	540
486	600
487	480
488	300
489	660
490	480
491	240
492	720
493	420
494	420
495	1140
496	900
497	840
498	480
499	720
500	720
501	660
502	660
503	840
504	300
505	600
506	600
507	240
508	480
509	840
510	780
511	840
512	660
513	1080
514	540
515	780
516	240
517	720
518	840
519	780
520	360
521	660
522	600
523	540
524	300
525	660
526	480
527	300
528	540
529	420
530	480
531	540
532	540
533	720
534	720
535	540
536	300
537	420
538	780
539	720
540	660
541	540
542	780
543	960
544	300
545	660
546	540
547	420
548	540
549	540
550	660
551	720
552	360
553	420
554	600
555	420
556	960
557	660
558	660
559	240
560	540
561	540
562	900
563	660
564	420
565	900
566	420
567	840
568	480
569	420
570	900
571	360
572	480
573	540
574	660
575	360
576	660
577	840
578	720
579	540
580	780
581	840
582	660
583	300
584	600
585	780
586	660
587	780
588	660
589	480
590	540
591	480
592	600
593	420
594	720
595	900
596	420
597	300
598	300
599	480
600	600
601	780
602	840
603	360
604	480
605	420
606	540
607	1140
608	480
609	600
610	360
611	300
612	660
613	660
614	1020
615	1200
616	660
617	600
618	300
619	480
620	420
621	540
622	480
623	360
624	660
625	360
626	480
627	360
628	420
629	840
630	720
631	960
632	780
633	780
634	420
635	420
636	840
637	660
638	780
639	660
640	300
641	720
642	660
643	840
644	300
645	420
646	480
647	420
648	480
649	780
650	720
651	1140
652	840
653	420
654	720
655	480
656	720
657	600
658	660
659	840
660	660
661	780
662	840
663	420
664	420
665	480
666	360
667	300
668	540
669	600
670	780
671	540
672	780
673	540
674	840
675	420
676	420
677	540
678	660
679	360
680	600
681	780
682	600
683	1260
684	420
685	360
686	480
687	840
688	720
689	600
690	360
691	540
692	720
693	780
694	600
695	780
696	420
697	360
698	480
699	420
700	720
701	480
702	480
703	420
704	960
705	480
706	660
707	720
708	600
709	960
710	780
711	480
712	660
713	420
714	780
715	540
716	720
717	660
718	420
719	540
720	420
721	840
722	660
723	720
724	720
725	1140
726	660
727	600
728	360
729	780
730	540
731	600
732	420
733	540
734	480
735	660
736	840
737	480
738	660
739	480
740	540
741	360
742	480
743	840
744	300
745	840
746	1020
747	480
748	540
749	840
750	660
751	540
752	420
753	480
754	600
755	420
756	420
757	660
758	360
759	300
760	360
761	540
762	840
763	360
764	360
765	660
766	420
767	1020
768	360
769	360
770	1140
771	540
772	660
773	420
774	960
775	780
776	360
777	600
778	600
779	420
780	480
781	360
782	300
783	720
784	660
785	780
786	360
787	480
TIME_WINDOW_SECTION
1	0	41340
2	9000	16200
3	23400	30600
4	16200	23400
5	19800	27000
6	19800	27000
7	10800	34200
8	16200	23400
9	9000	16200
10	12600	19800
11	14400	34200
12	14400	34200
13	14400	34200
14	27000	34200
15	14400	33300
16	9000	15300
17	12600	19800
18	14400	34200
19	16200	23400
20	10800	34200
21	14400	33300
22	23400	30600
23	9000	16200
24	12600	19800
25	27000	34200
26	23400	30600
27	16200	23400
28	14400	34200
29	12600	19800
30	14400	34200
31	16200	23400
32	9000	16200
33	12600	19800
34	10800	34200
35	27000	34200
36	16200	23400
37	14400	34200
38	19800	27000
39	9000	16200
40	9000	16200
41	12600	19800
42	9000	16200
43	9000	16200
44	9000	16200
45	27000	34200
46	10800	33300
47	27000	34200
48	9000	16200
49	12600	19800
50	12600	19800
51	16200	23400
52	19800	27000
53	9000	16200
54	27000	34200
55	9000	16200
56	12600	19800
57	14400	33300
58	16200	23400
59	12600	19800
60	12600	19800
61	19800	27000
62	16200	22500
63	16200	23400
64	12600	19800
65	9000	16200
66	14400	34200
67	23400	30600
68	14400	34200
69	14400	34200
70	14400	34200
71	9000	16200
72	14400	34200
73	14400	34200
74	23400	30600
75	12600	19800
76	19800	27000
77	19800	27000
78	16200	23400
79	14400	34200
80	14400	34200
81	9000	16200
82	23400	30600
83	27000	34200
84	16200	23400
85	9000	16200
86	19800	27000
87	12600	19800
88	12600	19800
89	9000	16200
90	12600	19800
91	14400	34200
92	9000	16200
93	9000	15300
94	16200	22500
95	14400	34200
96	12600	19800
97	16200	23400
98	14400	33300
99	10800	34200
100	16200	23400
101	12600	19800
102	10800	34200
103	12600	19800
104	9000	16200
105	19800	27000
106	12600	19800
107	14400	33300
108	9000	16200
109	19800	27000
110	16200	23400
111	12600	18900
112	9000	16200
113	19800	27000
114	14400	34200
115	9000	16200
116	23400	30600
117	10800	34200
118	12600	19800
119	9000	16200
120	12600	19800
121	27000	34200
122	9000	16200
123	14400	33300
124	12600	19800
125	9000	15300
126	9000	16200
127	12600	19800
128	9000	16200
129	16200	23400
130	14400	34200
131	16200	23400
132	12600	19800
133	23400	29700
134	14400	34200
135	10800	34200
136	10800	34200
137	12600	19800
138	19800	27000
139	12600	19800
140	27000	34200
141	16200	23400
142	9000	16200
143	9000	16200
144	12600	19800
145	16200	23400
146	19800	27000
147	10800	34200
148	16200	23400
149	14400	34200
150	12600	19800
151	9000	15300
152	14400	34200
153	14400	34200
154	16200	23400
155	16200	23400
156	19800	27000
157	16200	23400
158	14400	33300
159	14400	34200
160	27000	34200
161	12600	19800
162	9000	16200
163	14400	34200
164	27000	33300
165	12600	18900
166	9000	16200
167	14400	33300
168	9000	16200
169	16200	23400
170	16200	23400
171	9000	16200
172	14400	34200
173	9000	16200
174	14400	34200
175	27000	34200
176	16200	23400
177	27000	34200
178	14400	34200
179	23400	30600
180	14400	34200
181	14400	34200
182	10800	34200
183	16200	23400
184	9000	16200
185	23400	30600
186	19800	27000
187	16200	23400
188	12600	19800
189	16200	23400
190	16200	23400
191	16200	23400
192	19800	27000
193	10800	34200
194	14400	34200
195	14400	33300
196	12600	19800
197	12600	18900
198	12600	19800
199	10800	33300
200	12600	19800
201	12600	19800
202	9000	16200
203	12600	19800
204	10800	34200
205	16200	23400
206	9000	16200
207	16200	23400
208	23400	30600
209	23400	30600
210	16200	23400
211	19800	27000
212	19800	27000
213	9000	16200
214	16200	23400
215	16200	23400
216	14400	33300
217	23400	30600
218	9000	16200
219	9000	16200
220	27000	34200
221	14400	34200
222	19800	27000
223	12600	18900
224	27000	34200
225	16200	23400
226	9000	16200
227	12600	18900
228	27000	34200
229	16200	23400
230	9000	16200
231	12600	18900
232	9000	16200
233	9000	16200
234	16200	23400
235	14400	34200
236	16200	23400
237	14400	34200
238	14400	34200
239	23400	30600
240	14400	34200
241	14400	34200
242	23400	30600
243	14400	34200
244	14400	34200
245	9000	16200
246	9000	16200
247	16200	23400
248	12600	19800
249	9000	16200
250	9000	15300
251	12600	19800
252	12600	19800
253	14400	33300
254	27000	34200
255	16200	23400
256	12600	19800
257	19800	27000
258	16200	22500
259	12600	19800
260	19800	27000
261	10800	34200
262	23400	30600
263	12600	19800
264	10800	34200
265	14400	34200
266	14400	34200
267	16200	23400
268	19800	27000
269	14400	33300
270	12600	19800
271	14400	34200
272	14400	33300
273	9000	16200
274	14400	34200
275	16200	23400
276	19800	27000
277	9000	16200
278	19800	27000
279	16200	23400
280	23400	30600
281	14400	34200
282	14400	33300
283	9000	16200
284	14400	34200
285	10800	34200
286	14400	34200
287	12600	19800
288	16200	23400
289	16200	23400
290	12600	19800
291	12600	19800
292	16200	23400
293	16200	23400
294	16200	23400
295	12600	19800
296	9000	16200
297	16200	23400
298	16200	23400
299	14400	33300
300	19800	26100
301	12600	19800
302	12600	19800
303	19800	27000
304	9000	16200
305	14400	34200
306	16200	23400
307	12600	19800
308	10800	34200
309	12600	19800
310	23400	30600
311	14400	34200
312	12600	19800
313	9000	16200
314	27000	34200
315	10800	34200
316	9000	16200
317	12600	19800
318	23400	30600
319	12600	19800
320	19800	27000
321	12600	19800
322	19800	27000
323	16200	23400
324	16200	23400
325	12600	19800
326	19800	27000
327	14400	33300
328	14400	33300
329	14400	34200
330	12600	19800
331	19800	27000
332	12600	19800
333	27000	34200
334	9000	16200
335	14400	34200
336	16200	23400
337	9000	16200
338	19800	27000
339	19800	27000
340	14400	33300
341	16200	23400
342	14400	34200
343	14400	34200
344	27000	33300
345	9000	16200
346	9000	16200
347	23400	30600
348	14400	34200
349	10800	34200
350	16200	23400
351	12600	19800
352	19800	27000
353	16200	23400
354	12600	19800
355	16200	23400
356	14400	34200
357	16200	23400
358	9000	16200
359	19800	27000
360	19800	27000
361	16200	23400
362	12600	19800
363	14400	34200
364	9000	16200
365	10800	34200
366	9000	16200
367	12600	18900
368	27000	34200
369	10800	34200
370	12600	19800
371	9000	16200
372	9000	16200
373	16200	23400
374	16200	22500
375	12600	19800
376	19800	27000
377	16200	23400
378	16200	23400
379	16200	23400
380	14400	33300
381	10800	34200
382	23400	30600
383	9000	16200
384	14400	33300
385	9000	16200
386	12600	19800
387	14400	34200
388	9000	16200
389	16200	23400
390	10800	34200
391	19800	27000
392	27000	34200
393	10800	34200
394	14400	34200
395	27000	34200
396	16200	23400
397	19800	27000
398	14400	34200
399	14400	34200
400	12600	19800
401	16200	23400
402	23400	30600
403	27000	34200
404	14400	34200
405	12600	19800
406	16200	23400
407	12600	19800
408	12600	19800
409	12600	19800
410	27000	34200
411	19800	27000
412	19800	27000
413	12600	19800
414	12600	19800
415	12600	19800
416	12600	19800
417	14400	34200
418	16200	23400
419	16200	22500
420	19800	27000
421	14400	33300
422	12600	19800
423	16200	22500
424	14400	34200
425	12600	19800
426	14400	34200
427	14400	34200
428	19800	27000
429	12600	19800
430	14400	34200
431	19800	27000
432	16200	22500
433	19800	27000
434	19800	27000
435	27000	34200
436	14400	34200
437	16200	23400
438	12600	19800
439	12600	19800
440	14400	34200
441	10800	33300
442	12600	19800
443	10800	34200
444	12600	19800
445	19800	27000
446	12600	19800
447	23400	30600
448	10800	34200
449	14400	33300
450	19800	27000
451	27000	34200
452	14400	34200
453	10800	34200
454	16200	23400
455	14400	33300
456	10800	33300
457	12600	19800
458	23400	30600
459	14400	34200
460	14400	34200
461	16200	23400
462	19800	27000
463	16200	23400
464	19800	27000
465	12600	19800
466	12600	19800
467	12600	19800
468	19800	27000
469	14400	34200
470	12600	19800
471	12600	19800
472	27000	34200
473	27000	34200
474	16200	23400
475	10800	33300
476	14400	34200
477	14400	34200
478	14400	34200
479	14400	34200
480	12600	19800
481	23400	29700
482	27000	34200
483	16200	23400
484	14400	34200
485	16200	23400
486	19800	27000
487	19800	27000
488	10800	34200
489	12600	19800
490	19800	27000
491	14400	33300
492	14400	34200
493	16200	22500
494	14400	33300
495	16200	23400
496	12600	19800
497	19800	27000
498	14400	34200
499	14400	34200
500	14400	34200
501	16200	23400
502	14400	34200
503	12600	19800
504	14400	34200
505	10800	34200
506	16200	23400
507	14400	33300
508	23400	29700
509	14400	34200
510	14400	33300
511	19800	27000
512	23400	30600
513	10800	34200
514	14400	34200
515	14400	34200
516	14400	34200
517	14400	33300
518	19800	27000
519	19800	27000
520	19800	27000
521	12600	19800
522	14400	34200
523	14400	34200
524	14400	33300
525	19800	27000
526	14400	34200
527	12600	19800
528	27000	34200
529	12600	19800
530	27000	34200
531	19800	27000
532	19800	27000
533	10800	34200
534	27000	34200
535	19800	27000
536	23400	30600
537	19800	27000
538	14400	33300
539	16200	22500
540	16200	23400
541	19800	27000
542	19800	27000
543	19800	27000
544	14400	33300
545	10800	33300
546	14400	34200
547	16200	23400
548	14400	34200
549	19800	27000
550	19800	27000
551	14400	34200
552	19800	27000
553	10800	34200
554	16200	22500
555	27000	34200
556	16200	23400
557	16200	23400
558	10800	34200
559	14400	34200
560	14400	34200
561	14400	33300
562	16200	23400
563	14400	34200
564	14400	34200
565	19800	27000
566	14400	34200
567	10800	34200
568	14400	34200
569	14400	34200
570	16200	23400
571	19800	27000
572	19800	27000
573	19800	27000
574	16200	23400
575	19800	27000
576	14400	33300
577	27000	34200
578	14400	34200
579	14400	34200
580	27000	34200
581	19800	27000
582	19800	27000
583	14400	34200
584	19800	27000
585	27000	34200
586	16200	23400
587	14400	34200
588	16200	23400
589	23400	30600
590	16200	23400
591	14400	33300
592	23400	30600
593	23400	30600
594	14400	34200
595	10800	34200
596	14400	34200
597	14400	34200
598	27000	34200
599	27000	34200
600	14400	34200
601	16200	23400
602	14400	34200
603	16200	23400
604	16200	23400
605	14400	33300
606	16200	23400
607	10800	34200
608	23400	30600
609	27000	34200
610	19800	27000
611	23400	30600
612	14400	34200
613	14400	34200
614	16200	23400
615	14400	34200
616	19800	26100
617	14400	34200
618	23400	30600
619	16200	23400
620	14400	34200
621	19800	27000
622	23400	30600
623	19800	27000
624	10800	34200
625	14400	33300
626	14400	33300
627	14400	34200
628	14400	34200
629	10800	34200
630	14400	34200
631	19800	27000
632	14400	33300
633	19800	26100
634	19800	27000
635	16200	23400
636	14400	34200
637	14400	34200
638	10800	34200
639	14400	33300
640	16200	22500
641	10800	34200
642	19800	27000
643	14400	34200
644	14400	34200
645	19800	27000
646	16200	23400
647	23400	30600
648	16200	23400
649	16200	23400
650	19800	27000
651	27000	34200
652	23400	30600
653	19800	27000
654	14400	34200
655	19800	27000
656	10800	34200
657	14400	33300
658	14400	33300
659	19800	27000
660	27000	34200
661	19800	27000
662	23400	30600
663	19800	27000
664	14400	33300
665	27000	34200
666	19800	27000
667	27000	34200
668	14400	34200
669	14400	34200
670	23400	30600
671	14400	33300
672	19800	27000
673	14400	34200
674	27000	34200
675	10800	33300
676	23400	30600
677	27000	34200
678	10800	34200
679	14400	34200
680	14400	34200
681	19800	27000
682	27000	34200
683	14400	33300
684	14400	34200
685	19800	27000
686	14400	34200
687	14400	34200
688	14400	34200
689	19800	27000
690	10800	34200
691	19800	27000
692	14400	33300
693	14400	34200
694	14400	34200
695	14400	33300
696	23400	30600
697	27000	34200
698	10800	34200
699	23400	30600
700	19800	27000
701	10800	34200
702	23400	30600
703	14400	33300
704	23400	30600
705	14400	34200
706	14400	34200
707	27000	34200
708	14400	33300
709	19800	27000
710	14400	33300
711	14400	34200
712	19800	27000
713	14400	34200
714	14400	33300
715	10800	34200
716	14400	33300
717	14400	34200
718	19800	27000
719	10800	34200
720	27000	34200
721	14400	34200
722	14400	34200
723	10800	34200
724	14400	34200
725	14400	34200
726	14400	34200
727	14400	34200
728	14400	34200
729	27000	34200
730	14400	34200
731	14400	34200
732	19800	27000
733	23400	30600
734	14400	34200
735	14400	34200
736	14400	34200
737	19800	27000
738	19800	27000
739	27000	34200
740	14400	34200
741	10800	34200
742	23400	30600
743	10800	34200
744	14400	34200
745	27000	34200
746	27000	34200
747	14400	34200
748	14400	34200
749	14400	34200
750	14400	34200
751	10800	34200
752	14400	34200
753	27000	33300
754	27000	33300
755	14400	34200
756	14400	34200
757	14400	33300
758	14400	34200
759	27000	33300
760	14400	33300
761	27000	34200
762	27000	34200
763	14400	34200
764	14400	33300
765	14400	34200
766	27000	34200
767	23400	30600
768	10800	34200
769	14400	34200
770	14400	34200
771	27000	34200
772	14400	34200
773	14400	34200
774	14400	34200
775	14400	33300
776	10800	34200
777	14400	34200
778	14400	33300
779	23400	30600
780	14400	34200
781	14400	34200
782	14400	33300
783	10800	34200
784	14400	33300
785	27000	34200
786	14400	34200
787	23400	30600
RELEASE_TIME_SECTION
1	0
2	9000
3	9000
4	9000
5	9000
6	9000
7	9000
8	9000
9	9000
10	9000
11	9000
12	9000
13	9000
14	9000
15	9000
16	9000
17	9000
18	9000
19	9000
20	9000
21	9000
22	9000
23	9000
24	9000
25	9000
26	9000
27	9000
28	9000
29	9000
30	9000
31	9000
32	9000
33	9000
34	9000
35	9000
36	9000
37	9000
38	9000
39	9000
40	9000
41	9000
42	9000
43	9000
44	9000
45	9000
46	9000
47	9000
48	9000
49	9000
50	9000
51	9000
52	9000
53	9000
54	9000
55	9000
56	9000
57	9000
58	9000
59	9000
60	9000
61	9000
62	9000
63	9000
64	9000
65	9000
66	9000
67	9000
68	9000
69	9000
70	9000
71	9000
72	9000
73	9000
74	9000
75	9000
76	9000
77	9000
78	9000
79	9000
80	9000
81	9000
82	9000
83	9000
84	9000
85	9000
86	9000
87	9000
88	9000
89	9000
90	9000
91	9000
92	9000
93	9000
94	9000
95	9000
96	9000
97	9000
98	9000
99	9000
100	9000
101	9000
102	10800
103	10800
104	10800
105	10800
106	10800
107	10800
108	10800
109	10800
110	10800
111	10800
112	10800
113	10800
114	10800
115	10800
116	10800
117	10800
118	10800
119	10800
120	10800
121	10800
122	10800
123	10800
124	10800
125	10800
126	10800
127	10800
128	10800
129	10800
130	10800
131	10800
132	10800
133	10800
134	10800
135	10800
136	10800
137	10800
138	10800
139	10800
140	10800
141	10800
142	10800
143	10800
144	10800
145	10800
146	10800
147	10800
148	10800
149	10800
150	10800
151	10800
152	10800
153	10800
154	10800
155	10800
156	10800
157	10800
158	10800
159	10800
160	10800
161	10800
162	10800
163	10800
164	10800
165	10800
166	10800
167	10800
168	10800
169	10800
170	10800
171	10800
172	10800
173	10800
174	10800
175	10800
176	10800
177	10800
178	10800
179	10800
180	10800
181	10800
182	10800
183	10800
184	10800
185	10800
186	10800
187	10800
188	10800
189	10800
190	10800
191	10800
192	10800
193	10800
194	10800
195	10800
196	10800
197	10800
198	10800
199	10800
200	10800
201	10800
202	12600
203	12600
204	12600
205	12600
206	12600
207	12600
208	12600
209	12600
210	12600
211	12600
212	12600
213	12600
214	12600
215	12600
216	12600
217	12600
218	12600
219	12600
220	12600
221	12600
222	12600
223	12600
224	12600
225	12600
226	12600
227	12600
228	12600
229	12600
230	12600
231	12600
232	12600
233	12600
234	12600
235	12600
236	12600
237	12600
238	12600
239	12600
240	12600
241	12600
242	12600
243	12600
244	12600
245	12600
246	12600
247	12600
248	12600
249	12600
250	12600
251	12600
252	12600
253	12600
254	12600
255	12600
256	12600
257	12600
258	12600
259	12600
260	12600
261	12600
262	12600
263	12600
264	12600
265	12600
266	12600
267	12600
268	12600
269	12600
270	12600
271	12600
272	12600
273	12600
274	12600
275	12600
276	12600
277	12600
278	12600
279	12600
280	12600
281	12600
282	12600
283	12600
284	12600
285	12600
286	12600
287	12600
288	12600
289	12600
290	12600
291	12600
292	12600
293	12600
294	12600
295	12600
296	12600
297	14400
298	14400
299	14400
300	14400
301	14400
302	14400
303	14400
304	14400
305	14400
306	14400
307	14400
308	14400
309	14400
310	14400
311	14400
312	14400
313	14400
314	14400
315	14400
316	14400
317	14400
318	14400
319	14400
320	14400
321	14400
322	14400
323	14400
324	14400
325	14400
326	14400
327	14400
328	14400
329	14400
330	14400
331	14400
332	14400
333	14400
334	14400
335	14400
336	14400
337	14400
338	14400
339	14400
340	14400
341	14400
342	14400
343	14400
344	14400
345	14400
346	14400
347	14400
348	14400
349	14400
350	14400
351	14400
352	14400
353	14400
354	14400
355	14400
356	14400
357	14400
358	14400
359	14400
360	14400
361	14400
362	14400
363	14400
364	14400
365	14400
366	14400
367	14400
368	14400
369	14400
370	14400
371	14400
372	14400
373	14400
374	14400
375	14400
376	14400
377	14400
378	14400
379	14400
380	14400
381	14400
382	14400
383	14400
384	14400
385	14400
386	14400
387	14400
388	14400
389	14400
390	16200
391	16200
392	16200
393	16200
394	16200
395	16200
396	16200
397	16200
398	16200
399	16200
400	16200
401	16200
402	16200
403	16200
404	16200
405	16200
406	16200
407	16200
408	16200
409	16200
410	16200
411	16200
412	16200
413	16200
414	16200
415	16200
416	16200
417	16200
418	16200
419	16200
420	16200
421	16200
422	16200
423	16200
424	16200
425	16200
426	16200
427	16200
428	16200
429	16200
430	16200
431	16200
432	16200
433	16200
434	16200
435	16200
436	16200
437	16200
438	16200
439	16200
440	16200
441	16200
442	16200
443	16200
444	16200
445	16200
446	16200
447	16200
448	16200
449	16200
450	16200
451	16200
452	16200
453	16200
454	16200
455	16200
456	16200
457	16200
458	16200
459	16200
460	16200
461	16200
462	16200
463	16200
464	16200
465	16200
466	16200
467	18000
468	18000
469	18000
470	18000
471	18000
472	18000
473	18000
474	18000
475	18000
476	18000
477	18000
478	18000
479	18000
480	18000
481	18000
482	18000
483	18000
484	18000
485	18000
486	18000
487	18000
488	18000
489	18000
490	18000
491	18000
492	18000
493	18000
494	18000
495	18000
496	18000
497	18000
498	18000
499	18000
500	18000
501	18000
502	18000
503	18000
504	18000
505	18000
506	18000
507	18000
508	18000
509	18000
510	18000
511	18000
512	18000
513	18000
514	18000
515	18000
516	18000
517	18000
518	18000
519	18000
520	18000
521	18000
522	18000
523	18000
524	18000
525	18000
526	18000
527	18000
528	18000
529	18000
530	18000
531	18000
532	18000
533	18000
534	18000
535	18000
536	18000
537	18000
538	18000
539	18000
540	18000
541	18000
542	18000
543	18000
544	19800
545	19800
546	19800
547	19800
548	19800
549	19800
550	19800
551	19800
552	19800
553	19800
554	19800
555	19800
556	19800
557	19800
558	19800
559	19800
560	19800
561	19800
562	19800
563	19800
564	19800
565	19800
566	19800
567	19800
568	19800
569	19800
570	19800
571	19800
572	19800
573	19800
574	19800
575	19800
576	19800
577	19800
578	19800
579	19800
580	19800
581	19800
582	19800
583	19800
584	19800
585	19800
586	19800
587	19800
588	19800
589	19800
590	19800
591	19800
592	19800
593	19800
594	19800
595	19800
596	19800
597	19800
598	19800
599	19800
600	21600
601	21600
602	21600
603	21600
604	21600
605	21600
606	21600
607	21600
608	21600
609	21600
610	21600
611	21600
612	21600
613	21600
614	21600
615	21600
616	21600
617	21600
618	21600
619	21600
620	21600
621	21600
622	21600
623	21600
624	21600
625	21600
626	21600
627	21600
628	21600
629	21600
630	21600
631	21600
632	21600
633	21600
634	21600
635	21600
636	21600
637	21600
638	21600
639	21600
640	21600
641	21600
642	21600
643	21600
644	21600
645	21600
646	21600
647	21600
648	21600
649	21600
650	21600
651	21600
652	21600
653	21600
654	21600
655	21600
656	21600
657	21600
658	23400
659	23400
660	23400
661	23400
662	23400
663	23400
664	23400
665	23400
666	23400
667	23400
668	23400
669	23400
670	23400
671	23400
672	23400
673	23400
674	23400
675	23400
676	23400
677	23400
678	23400
679	23400
680	23400
681	23400
682	23400
683	23400
684	23400
685	23400
686	23400
687	23400
688	23400
689	23400
690	23400
691	23400
692	23400
693	23400
694	23400
695	23400
696	23400
697	23400
698	23400
699	25200
700	25200
701	25200
702	25200
703	25200
704	25200
705	25200
706	25200
707	25200
708	25200
709	25200
710	25200
711	25200
712	25200
713	25200
714	25200
715	25200
716	25200
717	25200
718	25200
719	25200
720	25200
721	25200
722	25200
723	25200
724	25200
725	25200
726	25200
727	25200
728	25200
729	25200
730	25200
731	25200
732	25200
733	25200
734	25200
735	25200
736	25200
737	25200
738	25200
739	25200
740	25200
741	25200
742	25200
743	27000
744	27000
745	27000
746	27000
747	27000
748	27000
749	27000
750	27000
751	27000
752	27000
753	27000
754	27000
755	27000
756	27000
757	27000
758	27000
759	27000
760	27000
761	27000
762	27000
763	27000
764	27000
765	27000
766	27000
767	27000
768	27000
769	27000
770	27000
771	27000
772	27000
773	27000
774	27000
775	27000
776	27000
777	27000
778	27000
779	27000
780	27000
781	27000
782	27000
783	27000
784	27000
785	27000
786	27000
787	27000
EOF
