NAME : ORTEC-VRPTW-ASYM-55a26fb1-d1-n957
TYPE : VRPTW-RT
DIMENSION : 958
EDGE_WEIGHT_TYPE : EUC_2D
CAPACITY : 200
NODE_COORD_SECTION
1	3810	4860
2	3718	5326
3	568	678
4	4952	6168
5	5020	6176
6	1587	1776
7	4464	5698
8	3872	4587
9	3984	3348
10	1728	3299
11	2406	3889
12	4177	5304
13	2673	2141
14	486	386
15	2298	3780
16	3219	5121
17	4049	5729
18	2557	2291
19	4637	4947
20	229	320
21	4613	3361
22	3223	2326
23	2406	3889
24	3084	5273
25	2907	2929
26	2589	3268
27	1830	3335
28	2695	1854
29	1771	2987
30	2354	1507
31	4049	5729
32	4155	5482
33	1728	3299
34	2207	1696
35	936	2030
36	3395	2313
37	3719	4357
38	1248	1239
39	4613	3550
40	1169	690
41	3421	5811
42	4212	5663
43	3257	5719
44	4692	6145
45	2342	3648
46	4091	4745
47	3084	5273
48	5032	3759
49	4672	4482
50	1235	1889
51	2633	1768
52	2354	1507
53	4755	4699
54	4428	5774
55	3734	3262
56	3528	2666
57	5096	5821
58	1891	3587
59	4329	5780
60	1028	2395
61	1357	3173
62	1749	3519
63	82	0
64	1788	3361
65	3707	4698
66	359	67
67	1418	2986
68	1049	1792
69	1507	1949
70	4155	5482
71	5032	3759
72	1081	1651
73	4196	5981
74	3421	5811
75	2284	1577
76	1430	3188
77	1364	1418
78	1557	2083
79	4613	3361
80	1007	1180
81	5335	5206
82	1164	1922
83	4662	5996
84	1235	1889
85	3998	5316
86	1430	3188
87	2755	5170
88	486	386
89	2278	3524
90	1872	3792
91	1453	1540
92	3095	3945
93	4082	5635
94	4530	5398
95	241	174
96	2038	3732
97	4747	3881
98	4852	6065
99	930	1892
100	1081	1651
101	3517	3508
102	2506	1796
103	3998	5316
104	1255	1740
105	832	2013
106	4823	5562
107	1164	1922
108	1049	1792
109	1191	2669
110	4020	3264
111	1049	1792
112	4857	6492
113	1860	1994
114	3795	4695
115	899	715
116	3028	1985
117	1557	2083
118	4303	3928
119	1753	2644
120	2695	1854
121	2361	1590
122	3707	5235
123	1728	3299
124	998	483
125	3707	4698
126	2912	1870
127	3495	4170
128	2769	4120
129	4594	5938
130	1078	1329
131	3028	1985
132	1192	1506
133	2589	3268
134	5096	5821
135	4828	4110
136	184	164
137	1705	1525
138	1393	2872
139	2673	2141
140	1418	2986
141	2354	1507
142	1188	1336
143	3319	2045
144	3223	2326
145	4316	5230
146	2755	5170
147	1557	2083
148	3843	4529
149	3681	2986
150	1028	1123
151	3889	5394
152	1164	1922
153	2557	2291
154	2773	4345
155	2302	1413
156	4464	5698
157	1626	1649
158	4615	4287
159	1164	1922
160	5335	5206
161	1192	1506
162	192	79
163	2769	4120
164	3395	2313
165	4428	5774
166	2361	1590
167	2228	1720
168	4329	5780
169	3100	5440
170	3120	1810
171	3305	5146
172	3692	4368
173	1049	1792
174	4530	5398
175	2542	3682
176	4222	5922
177	3699	5115
178	3979	5674
179	1558	1783
180	3807	5108
181	1647	3695
182	486	386
183	2770	2870
184	1235	1889
185	899	715
186	3700	5078
187	4575	5689
188	4177	5304
189	1169	690
190	3517	3508
191	2406	3889
192	3080	3621
193	1860	1994
194	4201	5590
195	3463	5600
196	2284	1577
197	2673	2141
198	5083	6061
199	1327	2230
200	1510	3059
201	1002	2345
202	3939	5622
203	3835	4817
204	3909	5593
205	2600	2810
206	2773	4345
207	3305	5146
208	1682	1201
209	4692	6145
210	4613	3361
211	5104	5067
212	1007	1180
213	1647	3695
214	1749	3519
215	4530	5398
216	4354	5311
217	2281	1426
218	2302	1413
219	3470	4876
220	4592	5057
221	3046	5230
222	4291	5253
223	3885	4977
224	3473	5823
225	2184	2788
226	1830	3335
227	5096	5821
228	3481	5716
229	4271	4902
230	5076	5962
231	4222	5710
232	2305	1307
233	1002	2345
234	3223	2326
235	4291	5253
236	192	79
237	1364	1418
238	2278	3524
239	5069	5790
240	3924	5200
241	5335	5206
242	4617	6068
243	3532	5720
244	2773	4345
245	3120	1810
246	5020	6176
247	4291	5253
248	832	2013
249	2371	3595
250	585	151
251	1049	1792
252	486	386
253	3481	5716
254	3015	2164
255	1164	1922
256	3707	5235
257	1872	3792
258	3517	3508
259	4059	4813
260	2578	2991
261	4747	3881
262	3470	4876
263	4613	5854
264	975	1327
265	2633	1768
266	2361	1590
267	3903	5625
268	1192	1506
269	2242	3865
270	4575	5689
271	3602	5312
272	2155	1511
273	1755	3321
274	1691	1947
275	4428	5774
276	3473	5823
277	0	59
278	4712	4882
279	241	174
280	486	386
281	3903	5625
282	2155	1511
283	3903	5625
284	3470	4876
285	1191	2669
286	4354	5311
287	3219	5121
288	3257	5719
289	3084	5273
290	4763	6494
291	1007	1180
292	3028	1985
293	1472	2372
294	4828	4110
295	2284	1577
296	979	2278
297	2436	2625
298	4049	5729
299	4615	4287
300	1192	1506
301	3580	3956
302	3889	3479
303	4091	4745
304	4798	4178
305	1507	1949
306	899	715
307	2486	2992
308	2342	3648
309	4020	3264
310	2184	2788
311	82	0
312	4002	5530
313	3046	5230
314	3707	4698
315	4350	3121
316	4222	5710
317	3084	5273
318	1749	3519
319	4091	4745
320	1743	2064
321	2770	2870
322	2535	2262
323	3421	5811
324	2984	4413
325	1891	3587
326	4613	3361
327	4957	3970
328	3843	4529
329	1470	3821
330	2242	3865
331	4747	3881
332	4109	5760
333	1891	3587
334	1028	2395
335	4806	6135
336	4662	5996
337	184	164
338	1413	3044
339	3924	5200
340	3692	4368
341	571	780
342	3572	4397
343	3084	5273
344	1281	2421
345	1470	3821
346	3876	5356
347	1418	2986
348	3561	2809
349	2984	4413
350	1891	3587
351	4080	5312
352	1626	1649
353	3146	2628
354	82	0
355	1791	2458
356	1127	2403
357	2673	2141
358	3319	2045
359	1188	1336
360	3369	4542
361	4852	6065
362	5172	5207
363	5069	5790
364	2600	2810
365	1235	1889
366	3015	2164
367	1068	2654
368	3856	4153
369	5083	6061
370	4445	5824
371	4316	5230
372	3602	5312
373	3574	4659
374	5032	3759
375	3219	5121
376	1789	3409
377	2578	2991
378	4386	4995
379	2302	1413
380	2475	4049
381	4222	5922
382	4957	3970
383	1727	1487
384	4340	5926
385	4798	4178
386	3528	2666
387	2560	3798
388	2305	1307
389	4340	5926
390	1044	2172
391	1860	1994
392	2463	1896
393	3100	5440
394	2589	3268
395	832	2013
396	82	0
397	1081	1651
398	2773	4345
399	1830	3335
400	2228	1720
401	3889	3479
402	3835	4817
403	1191	2669
404	3699	5115
405	82	0
406	1872	3792
407	5109	5437
408	3872	4587
409	2228	1720
410	1891	3587
411	241	174
412	3095	3945
413	184	164
414	4514	5775
415	3080	3621
416	1357	3173
417	3395	2313
418	2770	2870
419	4798	4178
420	1705	1525
421	2406	3889
422	3886	5688
423	2268	2257
424	3984	3348
425	2281	1426
426	4294	5640
427	1504	686
428	1927	3372
429	3699	5115
430	3421	3891
431	1327	2230
432	3889	5394
433	2126	3004
434	2660	3803
435	3572	4397
436	5083	6061
437	4823	5562
438	4271	4902
439	4852	6065
440	1709	1621
441	2371	3595
442	1791	2458
443	4002	5530
444	1845	680
445	4082	5635
446	4672	4482
447	4303	3928
448	4318	5691
449	1281	2421
450	3843	4529
451	4712	4882
452	2342	3648
453	1554	1919
454	1504	686
455	4712	4882
456	4212	5663
457	3193	3825
458	4620	4202
459	1169	690
460	3305	2373
461	3194	5058
462	3120	1810
463	823	1783
464	2907	2929
465	5109	5437
466	1192	1506
467	1408	1639
468	4798	4178
469	3984	3348
470	4108	5479
471	1281	2421
472	2513	4049
473	1362	1076
474	1169	690
475	3120	1810
476	4272	4815
477	4201	5590
478	4763	6494
479	3080	3621
480	3876	5356
481	5076	5962
482	3700	5078
483	2557	2291
484	3699	5115
485	3692	4368
486	2535	2262
487	2298	3780
488	3369	4542
489	1927	3372
490	2302	1413
491	3506	5712
492	4155	5482
493	1413	3044
494	3396	3096
495	4413	4882
496	2560	3798
497	1932	1570
498	2302	1413
499	3095	3945
500	2660	3803
501	1281	2421
502	1860	1994
503	2513	4049
504	3718	5326
505	4232	5568
506	2298	3780
507	5020	6176
508	1789	3409
509	1849	4158
510	5020	6176
511	4530	5398
512	4672	4482
513	1327	2230
514	1633	1883
515	4464	5698
516	3146	2628
517	2695	1854
518	4389	4322
519	1785	1999
520	3872	4587
521	3843	4529
522	3319	2045
523	1554	1919
524	2406	3889
525	3305	5146
526	4712	4882
527	3219	5121
528	5076	5962
529	2673	2141
530	4594	5938
531	3395	2313
532	1281	2421
533	2938	5469
534	3681	2986
535	267	364
536	1472	2372
537	2463	1896
538	1470	3821
539	1453	1540
540	4155	5482
541	1418	2986
542	1465	1707
543	192	79
544	1192	1506
545	3807	5108
546	4514	5775
547	2907	2929
548	1755	3321
549	2770	2870
550	2228	1720
551	3807	5108
552	486	386
553	1891	3587
554	5069	5790
555	184	164
556	1587	1776
557	4637	4947
558	229	320
559	2305	1307
560	1418	2986
561	3080	3621
562	3783	5091
563	2371	3595
564	832	2013
565	3889	5394
566	1927	3372
567	229	320
568	4329	5780
569	1357	1211
570	3120	1810
571	3876	5356
572	1651	2253
573	4059	4813
574	4002	5530
575	2578	2991
576	1705	1525
577	1587	1776
578	2207	1696
579	3903	5625
580	1788	3361
581	1192	1506
582	2984	4413
583	3532	5720
584	2298	3780
585	1357	3173
586	3084	5273
587	2155	1511
588	4763	6494
589	2673	2141
590	4747	3881
591	2725	1464
592	2683	2235
593	4637	4947
594	3719	4357
595	3996	5752
596	1357	3173
597	4020	3264
598	4413	4882
599	2242	3865
600	1771	2987
601	1357	3173
602	1753	2644
603	3889	5394
604	3872	4395
605	2695	1854
606	1242	1299
607	3885	4977
608	1587	1776
609	1626	1649
610	1357	1211
611	3028	1985
612	4144	5241
613	3561	2809
614	5219	5938
615	4942	5017
616	5020	6176
617	2278	3524
618	4806	6135
619	1647	3695
620	2660	3803
621	4755	4699
622	5104	5067
623	3876	5356
624	4747	3881
625	969	2344
626	832	2013
627	1557	2083
628	2311	1481
629	1242	1299
630	4485	4334
631	1281	2421
632	1507	2423
633	958	1210
634	1169	690
635	2542	3682
636	4530	5398
637	1078	1329
638	4806	6135
639	4464	5698
640	3734	3262
641	1691	1947
642	4294	5640
643	1709	1621
644	4020	3264
645	2155	1511
646	1007	1180
647	3808	2511
648	1743	2064
649	975	1327
650	2578	2991
651	4464	5698
652	2770	2870
653	4222	5710
654	1357	1211
655	3872	4587
656	2506	1796
657	3015	2164
658	3532	5720
659	4828	4110
660	3223	2326
661	3421	3891
662	3223	2326
663	2228	1720
664	3219	5121
665	2542	3682
666	2547	4350
667	3506	5712
668	1869	3471
669	3889	5394
670	4464	5698
671	486	386
672	3979	5674
673	4316	5230
674	4082	5635
675	4350	3121
676	4080	5312
677	2126	3004
678	2770	2870
679	2151	1544
680	936	2030
681	4485	4334
682	4080	5312
683	4177	5304
684	5335	5206
685	4294	5640
686	1470	3821
687	4201	5590
688	2486	2992
689	1507	1949
690	4620	4202
691	2278	3524
692	2038	3732
693	4575	5689
694	1927	3372
695	1446	1686
696	5104	5067
697	2038	3732
698	3998	5316
699	4049	5729
700	4942	5017
701	1068	2654
702	3939	5622
703	4059	4813
704	3481	5716
705	4852	6065
706	3146	2628
707	2228	1720
708	2697	2404
709	3495	4170
710	1439	1578
711	1872	3792
712	241	174
713	1044	2172
714	5270	5118
715	2907	2929
716	3808	2511
717	3395	2313
718	1472	2372
719	1709	1621
720	3843	4529
721	1362	1076
722	4692	6145
723	3979	5674
724	4495	5959
725	1007	1180
726	1789	3409
727	1393	2872
728	3473	5823
729	1007	1180
730	1705	1525
731	4144	5241
732	4485	4334
733	2361	1590
734	3876	5356
735	4091	4745
736	5219	5938
737	899	715
738	4155	5482
739	1413	3044
740	267	364
741	3473	5823
742	2828	4143
743	1749	3519
744	4291	5253
745	3876	5356
746	1242	1299
747	979	2278
748	1002	2345
749	3872	4395
750	1771	2987
751	4091	4745
752	3532	5720
753	2697	2404
754	4340	5926
755	4020	3264
756	164	47
757	3084	5273
758	1691	1947
759	3148	4761
760	4389	4322
761	3421	3891
762	1415	1609
763	4514	5775
764	3532	5720
765	5172	5207
766	1892	2799
767	930	1892
768	5270	5118
769	2938	5469
770	2038	3732
771	1554	1919
772	1446	1686
773	4059	4813
774	1609	1867
775	3470	4876
776	2683	2235
777	4495	5959
778	3924	5200
779	3572	4397
780	241	174
781	3812	2599
782	2862	2710
783	4166	5150
784	4957	3970
785	4318	5691
786	1510	3059
787	3421	5811
788	4957	3970
789	3257	5719
790	1504	686
791	979	2278
792	3210	5236
793	1869	3471
794	3219	5121
795	4683	5671
796	2714	2086
797	3885	4977
798	1743	2064
799	4692	6145
800	5104	5067
801	4294	5640
802	1470	3821
803	4082	5635
804	2862	2710
805	3984	3348
806	4222	5922
807	1248	1239
808	958	1210
809	4662	5996
810	1507	2423
811	192	79
812	2311	1481
813	4271	4902
814	3718	5326
815	2311	1481
816	1830	3335
817	4530	5398
818	2486	2992
819	5104	5067
820	975	1327
821	3807	5108
822	3856	4153
823	3700	5078
824	3193	3825
825	3872	4395
826	3495	4170
827	4464	5698
828	1357	3173
829	2126	3004
830	3835	4817
831	4354	5311
832	3812	2599
833	4091	4745
834	1439	1578
835	2673	2141
836	3528	2666
837	1472	2372
838	4952	6168
839	3305	5146
840	4329	5780
841	2311	1481
842	2486	2992
843	5109	5437
844	3835	4817
845	4495	5959
846	5219	5938
847	3194	5058
848	2907	2929
849	2714	2086
850	4662	5996
851	4747	3881
852	3889	3479
853	4389	4322
854	4196	5981
855	3681	2986
856	568	678
857	4857	6492
858	3194	5058
859	3699	5115
860	3194	5058
861	3148	4761
862	2673	2141
863	4495	5959
864	5270	5118
865	3223	2326
866	4222	5710
867	4617	6068
868	4082	5635
869	2475	4049
870	1785	1999
871	3909	5593
872	1415	1609
873	4852	6065
874	1470	3821
875	4617	6068
876	1164	1922
877	3734	3262
878	4818	6411
879	5172	5207
880	3872	4395
881	2542	3682
882	1470	3821
883	3886	5688
884	3574	4659
885	5069	5790
886	5083	6061
887	4232	5568
888	4212	5663
889	2151	1544
890	1357	3173
891	4354	5311
892	3707	5235
893	4272	4815
894	3481	5716
895	4952	6168
896	4712	4882
897	1788	3361
898	1415	1609
899	2284	1577
900	3146	2628
901	3812	2599
902	1651	2253
903	3903	5625
904	1192	1506
905	3305	5146
906	3979	5674
907	1081	1651
908	3015	2164
909	1554	1919
910	3421	5811
911	5335	5206
912	4755	4699
913	3095	3945
914	4592	5057
915	2557	2291
916	3808	2511
917	3120	1810
918	1872	3792
919	1749	3519
920	1557	2083
921	4303	3928
922	3808	2511
923	5270	5118
924	4294	5640
925	4091	4745
926	4672	4482
927	4445	5824
928	2228	1720
929	3807	5108
930	4763	6494
931	2769	4120
932	1248	1239
933	4485	4334
934	3210	5236
935	4613	3550
936	1242	1299
937	4108	5479
938	4283	5779
939	3561	2809
940	1599	2956
941	4683	5671
942	3396	3096
943	3783	5091
944	2298	3780
945	3194	5058
946	3996	5752
947	3876	5356
948	3872	4587
949	2151	1544
950	1362	1076
951	2560	3798
952	4712	4882
953	4428	5774
954	4592	5057
955	997	1361
956	4108	5479
957	1164	1922
958	3699	5115
DEMAND_SECTION
1	0
2	3
3	3
4	6
5	2
6	4
7	2
8	8
9	7
10	3
11	3
12	6
13	8
14	6
15	10
16	8
17	5
18	6
19	6
20	6
21	10
22	6
23	6
24	13
25	5
26	4
27	5
28	5
29	4
30	4
31	4
32	8
33	5
34	6
35	4
36	3
37	8
38	5
39	8
40	4
41	8
42	3
43	7
44	6
45	6
46	5
47	4
48	8
49	3
50	3
51	7
52	6
53	3
54	7
55	16
56	4
57	6
58	3
59	3
60	3
61	3
62	2
63	7
64	9
65	4
66	3
67	5
68	17
69	6
70	5
71	5
72	4
73	5
74	4
75	5
76	5
77	5
78	7
79	3
80	4
81	5
82	4
83	4
84	2
85	9
86	6
87	4
88	5
89	7
90	4
91	8
92	6
93	4
94	13
95	3
96	9
97	5
98	7
99	7
100	8
101	16
102	8
103	6
104	4
105	8
106	5
107	6
108	4
109	7
110	5
111	4
112	9
113	5
114	5
115	5
116	5
117	6
118	7
119	7
120	9
121	5
122	2
123	6
124	5
125	4
126	11
127	3
128	7
129	11
130	6
131	7
132	4
133	6
134	14
135	11
136	5
137	9
138	4
139	4
140	7
141	6
142	4
143	3
144	4
145	3
146	6
147	7
148	5
149	11
150	5
151	9
152	4
153	6
154	8
155	5
156	5
157	6
158	3
159	10
160	3
161	3
162	4
163	5
164	3
165	6
166	3
167	4
168	6
169	5
170	8
171	6
172	3
173	17
174	5
175	7
176	8
177	6
178	8
179	4
180	6
181	6
182	5
183	6
184	5
185	11
186	8
187	7
188	9
189	13
190	5
191	5
192	7
193	9
194	5
195	6
196	4
197	5
198	6
199	8
200	3
201	6
202	4
203	4
204	4
205	8
206	10
207	13
208	4
209	7
210	5
211	6
212	4
213	3
214	8
215	6
216	4
217	3
218	13
219	6
220	3
221	9
222	3
223	6
224	6
225	5
226	3
227	5
228	4
229	14
230	5
231	6
232	6
233	7
234	7
235	11
236	4
237	12
238	3
239	13
240	7
241	6
242	3
243	13
244	5
245	5
246	5
247	4
248	5
249	5
250	6
251	7
252	8
253	3
254	6
255	6
256	7
257	4
258	5
259	7
260	5
261	3
262	5
263	7
264	3
265	12
266	4
267	16
268	3
269	7
270	6
271	5
272	3
273	6
274	9
275	6
276	3
277	4
278	11
279	5
280	4
281	6
282	5
283	8
284	4
285	14
286	7
287	5
288	3
289	9
290	4
291	7
292	4
293	8
294	9
295	9
296	9
297	10
298	11
299	4
300	6
301	7
302	5
303	7
304	6
305	5
306	2
307	5
308	12
309	6
310	5
311	9
312	6
313	6
314	11
315	5
316	9
317	5
318	5
319	3
320	7
321	3
322	7
323	9
324	11
325	4
326	4
327	16
328	8
329	7
330	6
331	6
332	3
333	7
334	11
335	3
336	7
337	5
338	7
339	2
340	5
341	4
342	5
343	3
344	6
345	6
346	5
347	6
348	3
349	5
350	7
351	4
352	3
353	6
354	10
355	7
356	5
357	5
358	3
359	7
360	8
361	8
362	7
363	7
364	9
365	11
366	10
367	5
368	4
369	11
370	3
371	3
372	5
373	4
374	3
375	5
376	7
377	7
378	6
379	9
380	6
381	5
382	6
383	4
384	4
385	9
386	13
387	7
388	5
389	4
390	14
391	3
392	9
393	5
394	8
395	3
396	13
397	7
398	2
399	13
400	5
401	4
402	5
403	12
404	7
405	7
406	3
407	3
408	3
409	5
410	4
411	6
412	8
413	11
414	5
415	8
416	5
417	4
418	5
419	5
420	13
421	5
422	4
423	3
424	13
425	4
426	6
427	5
428	4
429	3
430	3
431	7
432	5
433	13
434	5
435	4
436	5
437	7
438	6
439	11
440	5
441	7
442	3
443	4
444	6
445	4
446	3
447	10
448	3
449	12
450	2
451	3
452	8
453	6
454	13
455	7
456	6
457	5
458	4
459	6
460	5
461	5
462	6
463	16
464	4
465	6
466	2
467	5
468	17
469	10
470	7
471	4
472	5
473	4
474	15
475	15
476	6
477	7
478	3
479	14
480	11
481	12
482	10
483	4
484	1
485	5
486	4
487	11
488	3
489	7
490	5
491	7
492	3
493	5
494	11
495	5
496	4
497	17
498	9
499	3
500	4
501	7
502	2
503	4
504	6
505	17
506	3
507	6
508	5
509	7
510	10
511	9
512	5
513	16
514	5
515	6
516	2
517	2
518	3
519	3
520	5
521	10
522	4
523	6
524	4
525	5
526	7
527	1
528	5
529	6
530	4
531	5
532	4
533	5
534	13
535	4
536	3
537	4
538	3
539	4
540	4
541	4
542	5
543	6
544	15
545	9
546	5
547	3
548	7
549	6
550	8
551	5
552	12
553	6
554	4
555	3
556	6
557	11
558	9
559	7
560	6
561	9
562	6
563	7
564	5
565	5
566	4
567	7
568	6
569	5
570	7
571	8
572	3
573	6
574	10
575	4
576	4
577	4
578	6
579	4
580	4
581	6
582	5
583	8
584	12
585	4
586	8
587	7
588	5
589	4
590	3
591	3
592	2
593	7
594	9
595	17
596	3
597	9
598	11
599	3
600	4
601	6
602	7
603	4
604	4
605	4
606	3
607	8
608	11
609	11
610	7
611	5
612	5
613	4
614	4
615	6
616	5
617	2
618	3
619	5
620	8
621	6
622	17
623	8
624	4
625	4
626	10
627	6
628	5
629	5
630	6
631	4
632	13
633	9
634	3
635	6
636	4
637	2
638	6
639	5
640	6
641	8
642	7
643	8
644	13
645	5
646	12
647	4
648	5
649	8
650	5
651	5
652	7
653	9
654	4
655	6
656	8
657	6
658	4
659	5
660	7
661	6
662	7
663	9
664	5
665	4
666	5
667	9
668	4
669	4
670	9
671	7
672	13
673	6
674	4
675	5
676	12
677	12
678	4
679	5
680	11
681	4
682	15
683	4
684	5
685	8
686	3
687	5
688	8
689	4
690	3
691	6
692	5
693	9
694	3
695	15
696	4
697	10
698	6
699	3
700	7
701	6
702	5
703	6
704	16
705	6
706	3
707	6
708	12
709	9
710	5
711	7
712	3
713	5
714	4
715	9
716	13
717	5
718	8
719	11
720	6
721	3
722	10
723	4
724	3
725	2
726	11
727	5
728	4
729	8
730	6
731	5
732	3
733	6
734	7
735	7
736	4
737	5
738	3
739	6
740	3
741	5
742	6
743	4
744	5
745	5
746	4
747	5
748	3
749	4
750	5
751	2
752	6
753	4
754	6
755	8
756	6
757	8
758	5
759	4
760	4
761	5
762	8
763	9
764	2
765	6
766	3
767	4
768	7
769	17
770	3
771	3
772	7
773	5
774	7
775	4
776	12
777	3
778	6
779	5
780	5
781	4
782	4
783	5
784	5
785	14
786	13
787	5
788	16
789	6
790	5
791	5
792	7
793	6
794	2
795	4
796	4
797	5
798	8
799	8
800	4
801	4
802	4
803	7
804	7
805	17
806	4
807	7
808	6
809	5
810	13
811	3
812	6
813	6
814	4
815	5
816	5
817	3
818	3
819	2
820	3
821	6
822	8
823	5
824	6
825	3
826	13
827	3
828	6
829	3
830	9
831	6
832	5
833	8
834	9
835	7
836	8
837	4
838	4
839	5
840	6
841	3
842	4
843	17
844	6
845	8
846	5
847	5
848	6
849	11
850	9
851	3
852	6
853	7
854	6
855	4
856	8
857	5
858	6
859	5
860	4
861	2
862	10
863	4
864	4
865	3
866	5
867	5
868	5
869	13
870	13
871	5
872	5
873	7
874	3
875	10
876	4
877	3
878	5
879	8
880	5
881	4
882	3
883	3
884	4
885	2
886	5
887	11
888	5
889	6
890	2
891	10
892	7
893	7
894	6
895	5
896	8
897	6
898	4
899	9
900	5
901	6
902	6
903	16
904	4
905	5
906	7
907	6
908	15
909	5
910	1
911	7
912	8
913	4
914	7
915	6
916	4
917	8
918	7
919	4
920	6
921	3
922	5
923	5
924	7
925	6
926	5
927	13
928	3
929	5
930	4
931	5
932	11
933	8
934	6
935	3
936	7
937	8
938	5
939	5
940	4
941	9
942	4
943	3
944	3
945	5
946	13
947	3
948	4
949	8
950	6
951	4
952	17
953	13
954	6
955	5
956	4
957	9
958	3
DEPOT_SECTION
1
-1
SERVICE_TIME_SECTION
1	0
2	840
3	720
4	420
5	300
6	420
7	360
8	540
9	1140
10	600
11	420
12	480
13	780
14	960
15	300
16	600
17	360
18	720
19	540
20	480
21	1260
22	300
23	660
24	420
25	420
26	420
27	480
28	300
29	540
30	420
31	660
32	600
33	420
34	540
35	420
36	360
37	540
38	360
39	900
40	600
41	360
42	360
43	420
44	420
45	540
46	600
47	420
48	360
49	480
50	600
51	360
52	600
53	480
54	420
55	540
56	780
57	300
58	300
59	420
60	540
61	420
62	540
63	720
64	540
65	360
66	420
67	300
68	720
69	480
70	300
71	720
72	360
73	480
74	960
75	660
76	360
77	300
78	360
79	420
80	660
81	360
82	420
83	480
84	540
85	780
86	300
87	600
88	840
89	780
90	780
91	540
92	660
93	240
94	420
95	600
96	420
97	360
98	600
99	540
100	420
101	420
102	360
103	420
104	600
105	360
106	120
107	420
108	600
109	600
110	600
111	360
112	420
113	300
114	480
115	600
116	420
117	540
118	480
119	420
120	420
121	780
122	540
123	360
124	900
125	600
126	360
127	300
128	600
129	360
130	420
131	360
132	300
133	480
134	300
135	300
136	1260
137	360
138	420
139	540
140	540
141	420
142	300
143	540
144	720
145	660
146	600
147	420
148	600
149	540
150	420
151	480
152	540
153	960
154	840
155	480
156	900
157	660
158	780
159	840
160	480
161	660
162	1080
163	480
164	300
165	480
166	660
167	420
168	360
169	780
170	360
171	540
172	600
173	540
174	540
175	420
176	480
177	300
178	660
179	540
180	480
181	960
182	420
183	600
184	660
185	780
186	780
187	420
188	660
189	420
190	660
191	540
192	420
193	300
194	540
195	420
196	540
197	780
198	720
199	600
200	480
201	600
202	540
203	540
204	420
205	480
206	480
207	840
208	480
209	420
210	660
211	1140
212	720
213	360
214	540
215	540
216	480
217	600
218	480
219	540
220	420
221	240
222	660
223	540
224	540
225	360
226	360
227	420
228	420
229	780
230	420
231	720
232	540
233	720
234	1080
235	420
236	420
237	480
238	300
239	300
240	540
241	360
242	480
243	300
244	540
245	720
246	540
247	480
248	420
249	120
250	600
251	240
252	180
253	540
254	780
255	420
256	480
257	420
258	780
259	480
260	480
261	420
262	360
263	540
264	540
265	540
266	420
267	240
268	420
269	300
270	720
271	720
272	780
273	360
274	540
275	660
276	720
277	300
278	300
279	240
280	600
281	300
282	360
283	420
284	720
285	720
286	300
287	360
288	360
289	420
290	540
291	780
292	360
293	360
294	540
295	660
296	480
297	780
298	480
299	420
300	300
301	360
302	480
303	360
304	480
305	360
306	840
307	780
308	480
309	600
310	360
311	360
312	480
313	420
314	420
315	840
316	480
317	600
318	420
319	720
320	360
321	600
322	540
323	300
324	540
325	360
326	420
327	480
328	660
329	600
330	300
331	360
332	480
333	480
334	240
335	360
336	420
337	420
338	780
339	660
340	420
341	480
342	660
343	900
344	300
345	360
346	540
347	480
348	780
349	600
350	480
351	360
352	240
353	480
354	480
355	420
356	480
357	360
358	840
359	660
360	780
361	420
362	480
363	960
364	720
365	1260
366	480
367	540
368	360
369	480
370	600
371	480
372	300
373	300
374	780
375	300
376	660
377	300
378	420
379	480
380	420
381	420
382	540
383	420
384	600
385	300
386	240
387	540
388	600
389	600
390	660
391	600
392	300
393	600
394	540
395	360
396	360
397	540
398	360
399	480
400	660
401	420
402	600
403	1080
404	480
405	240
406	300
407	600
408	480
409	240
410	1020
411	600
412	300
413	600
414	240
415	660
416	600
417	540
418	600
419	720
420	480
421	420
422	360
423	480
424	300
425	1020
426	420
427	480
428	480
429	660
430	720
431	840
432	540
433	600
434	1080
435	300
436	780
437	300
438	300
439	480
440	420
441	600
442	660
443	900
444	360
445	420
446	720
447	360
448	420
449	360
450	540
451	480
452	480
453	240
454	420
455	540
456	300
457	660
458	300
459	660
460	540
461	420
462	780
463	780
464	420
465	360
466	780
467	480
468	840
469	420
470	600
471	720
472	300
473	660
474	480
475	420
476	420
477	540
478	480
479	960
480	360
481	720
482	420
483	420
484	720
485	720
486	360
487	660
488	660
489	360
490	600
491	540
492	720
493	420
494	480
495	480
496	720
497	420
498	540
499	840
500	1020
501	1080
502	480
503	360
504	480
505	600
506	780
507	720
508	420
509	480
510	420
511	480
512	480
513	360
514	780
515	540
516	360
517	480
518	600
519	600
520	600
521	720
522	780
523	240
524	300
525	420
526	360
527	420
528	540
529	600
530	540
531	720
532	480
533	420
534	660
535	360
536	480
537	360
538	540
539	300
540	420
541	420
542	540
543	360
544	540
545	540
546	780
547	420
548	420
549	360
550	540
551	360
552	1020
553	240
554	600
555	900
556	420
557	600
558	540
559	600
560	360
561	360
562	480
563	540
564	420
565	540
566	660
567	240
568	300
569	900
570	180
571	540
572	480
573	360
574	960
575	300
576	660
577	300
578	540
579	240
580	360
581	540
582	480
583	600
584	180
585	420
586	360
587	420
588	540
589	360
590	660
591	1020
592	780
593	300
594	660
595	480
596	720
597	540
598	1080
599	600
600	420
601	420
602	360
603	420
604	360
605	540
606	300
607	660
608	360
609	480
610	720
611	480
612	540
613	240
614	660
615	360
616	480
617	480
618	540
619	360
620	540
621	360
622	480
623	480
624	720
625	480
626	360
627	360
628	360
629	420
630	540
631	420
632	240
633	420
634	1260
635	480
636	660
637	420
638	240
639	420
640	240
641	600
642	300
643	420
644	600
645	420
646	420
647	360
648	360
649	480
650	600
651	360
652	240
653	360
654	540
655	600
656	600
657	360
658	300
659	300
660	1140
661	540
662	300
663	480
664	600
665	360
666	660
667	360
668	360
669	720
670	480
671	300
672	420
673	420
674	360
675	240
676	240
677	660
678	240
679	300
680	420
681	720
682	480
683	600
684	300
685	660
686	540
687	480
688	540
689	540
690	660
691	840
692	420
693	480
694	360
695	480
696	540
697	480
698	720
699	660
700	480
701	240
702	420
703	540
704	660
705	660
706	300
707	600
708	600
709	600
710	480
711	660
712	840
713	300
714	720
715	540
716	240
717	360
718	1080
719	300
720	780
721	780
722	540
723	360
724	240
725	480
726	360
727	720
728	240
729	720
730	480
731	240
732	240
733	540
734	420
735	480
736	480
737	900
738	420
739	720
740	600
741	360
742	780
743	360
744	480
745	540
746	420
747	480
748	480
749	780
750	300
751	300
752	360
753	420
754	660
755	600
756	480
757	360
758	600
759	840
760	420
761	540
762	660
763	480
764	480
765	300
766	420
767	420
768	840
769	540
770	420
771	600
772	420
773	900
774	960
775	480
776	540
777	600
778	480
779	360
780	300
781	300
782	540
783	360
784	960
785	420
786	660
787	480
788	780
789	540
790	540
791	420
792	720
793	720
794	240
795	420
796	540
797	360
798	240
799	480
800	840
801	960
802	300
803	540
804	600
805	420
806	420
807	480
808	300
809	600
810	660
811	420
812	780
813	420
814	360
815	540
816	720
817	360
818	360
819	420
820	300
821	300
822	240
823	420
824	720
825	1080
826	300
827	600
828	420
829	540
830	300
831	720
832	240
833	540
834	600
835	540
836	660
837	720
838	600
839	300
840	240
841	540
842	540
843	420
844	780
845	720
846	540
847	240
848	540
849	540
850	960
851	360
852	420
853	540
854	480
855	420
856	480
857	480
858	360
859	660
860	360
861	480
862	600
863	480
864	660
865	360
866	420
867	1080
868	300
869	660
870	480
871	540
872	540
873	540
874	660
875	480
876	420
877	300
878	780
879	660
880	720
881	600
882	600
883	240
884	360
885	420
886	300
887	420
888	780
889	420
890	300
891	420
892	360
893	540
894	600
895	600
896	780
897	720
898	240
899	540
900	600
901	600
902	300
903	780
904	900
905	480
906	660
907	600
908	360
909	360
910	540
911	600
912	960
913	480
914	540
915	1080
916	720
917	600
918	480
919	360
920	480
921	600
922	600
923	420
924	480
925	360
926	420
927	600
928	480
929	780
930	360
931	600
932	540
933	420
934	300
935	240
936	1020
937	1080
938	600
939	540
940	420
941	840
942	240
943	720
944	420
945	720
946	600
947	420
948	360
949	360
950	1260
951	360
952	360
953	420
954	900
955	900
956	420
957	480
958	1260
TIME_WINDOW_SECTION
1	0	45000
2	26400	34200
3	12000	19800
4	15600	23400
5	12000	19800
6	19200	27000
7	4800	12600
8	22800	30600
9	15600	23400
10	12000	19800
11	4800	12600
12	19200	27000
13	4800	12600
14	12000	19800
15	22800	30600
16	6600	29700
17	19200	27000
18	6600	30600
19	22800	29700
20	6600	30600
21	15600	23400
22	22800	30600
23	22800	30600
24	15600	23400
25	19200	27000
26	26400	34200
27	19200	27000
28	19200	27000
29	12000	19800
30	6600	30600
31	19200	27000
32	19200	27000
33	4800	12600
34	22800	30600
35	4800	12600
36	6600	30600
37	12000	19800
38	26400	34200
39	4800	12600
40	6600	30600
41	12000	19800
42	8400	16200
43	8400	16200
44	8400	16200
45	6600	30600
46	19200	27000
47	8400	16200
48	19200	29700
49	4800	11700
50	15600	23400
51	15600	23400
52	15600	23400
53	8400	16200
54	26400	34200
55	8400	16200
56	8400	16200
57	15600	23400
58	4800	12600
59	26400	34200
60	15600	23400
61	12000	19800
62	8400	16200
63	6600	30600
64	12000	19800
65	15600	23400
66	6600	30600
67	4800	12600
68	22800	29700
69	12000	19800
70	22800	30600
71	15600	23400
72	12000	19800
73	19200	27000
74	26400	34200
75	12000	19800
76	26400	34200
77	22800	30600
78	4800	12600
79	22800	30600
80	22800	30600
81	26400	34200
82	8400	16200
83	6600	30600
84	15600	23400
85	8400	16200
86	19200	27000
87	15600	23400
88	8400	16200
89	6600	30600
90	6600	29700
91	26400	34200
92	6600	30600
93	6600	30600
94	15600	23400
95	4800	12600
96	6600	30600
97	15600	23400
98	4800	12600
99	22800	30600
100	8400	16200
101	12000	19800
102	15600	23400
103	8400	16200
104	12000	19800
105	22800	30600
106	8400	16200
107	15600	23400
108	19200	27000
109	12000	19800
110	8400	16200
111	4800	12600
112	19200	30600
113	22800	30600
114	15600	23400
115	8400	16200
116	8400	16200
117	4800	12600
118	8400	16200
119	8400	19800
120	6600	30600
121	19200	27000
122	19200	27000
123	15600	23400
124	8400	16200
125	8400	16200
126	6600	30600
127	19200	27000
128	12000	19800
129	15600	23400
130	12000	19800
131	19200	27000
132	8400	16200
133	6600	30600
134	6600	30600
135	22800	30600
136	8400	16200
137	22800	30600
138	26400	34200
139	12000	19800
140	26400	34200
141	26400	34200
142	12000	19800
143	26400	34200
144	4800	12600
145	15600	23400
146	4800	12600
147	15600	23400
148	6600	30600
149	6600	30600
150	19200	27000
151	15600	23400
152	15600	23400
153	4800	12600
154	26400	34200
155	8400	19800
156	19200	30600
157	8400	16200
158	22800	30600
159	26400	34200
160	6600	30600
161	15600	23400
162	15600	23400
163	19200	27000
164	4800	12600
165	4800	12600
166	12000	19800
167	8400	16200
168	12000	19800
169	19200	27000
170	22800	30600
171	6600	30600
172	4800	12600
173	15600	23400
174	8400	16200
175	12000	19800
176	12000	19800
177	6600	30600
178	15600	23400
179	6600	30600
180	12000	19800
181	12000	19800
182	22800	30600
183	6600	30600
184	4800	12600
185	19200	27000
186	22800	30600
187	19200	27000
188	15600	23400
189	19200	27000
190	4800	12600
191	8400	16200
192	8400	16200
193	15600	23400
194	26400	34200
195	22800	30600
196	4800	11700
197	12000	19800
198	4800	12600
199	12000	19800
200	4800	12600
201	12000	19800
202	8400	16200
203	12000	19800
204	12000	19800
205	8400	19800
206	12000	19800
207	15600	23400
208	4800	12600
209	15600	23400
210	15600	23400
211	19200	27000
212	15600	23400
213	6600	30600
214	4800	12600
215	22800	30600
216	15600	23400
217	15600	23400
218	6600	30600
219	12000	19800
220	8400	16200
221	4800	12600
222	6600	30600
223	6600	29700
224	12000	19800
225	26400	34200
226	15600	23400
227	19200	27000
228	12000	19800
229	6600	30600
230	15600	23400
231	19200	27000
232	15600	23400
233	6600	30600
234	8400	16200
235	12000	19800
236	26400	34200
237	8400	16200
238	26400	34200
239	19200	27000
240	4800	12600
241	12000	19800
242	12000	18900
243	12000	19800
244	19200	27000
245	19200	27000
246	8400	19800
247	19200	27000
248	12000	19800
249	12000	19800
250	8400	16200
251	4800	12600
252	12000	18900
253	8400	16200
254	12000	19800
255	15600	23400
256	12000	19800
257	12000	19800
258	22800	30600
259	12000	19800
260	26400	34200
261	4800	12600
262	8400	16200
263	15600	23400
264	15600	23400
265	8400	16200
266	8400	16200
267	4800	12600
268	19200	27000
269	19200	27000
270	22800	30600
271	6600	30600
272	19200	27000
273	15600	23400
274	26400	34200
275	8400	19800
276	12000	19800
277	15600	23400
278	4800	12600
279	19200	27000
280	15600	23400
281	15600	23400
282	15600	23400
283	19200	27000
284	12000	19800
285	6600	30600
286	12000	19800
287	22800	30600
288	15600	23400
289	22800	30600
290	8400	16200
291	22800	30600
292	12000	19800
293	8400	16200
294	8400	16200
295	19200	27000
296	8400	16200
297	19200	27000
298	15600	23400
299	19200	27000
300	12000	19800
301	4800	12600
302	15600	23400
303	26400	34200
304	22800	30600
305	19200	29700
306	12000	19800
307	12000	19800
308	15600	23400
309	12000	19800
310	19200	27000
311	15600	23400
312	6600	29700
313	19200	27000
314	19200	27000
315	19200	27000
316	22800	30600
317	6600	30600
318	4800	12600
319	12000	19800
320	8400	16200
321	26400	34200
322	12000	19800
323	8400	16200
324	8400	16200
325	6600	30600
326	8400	16200
327	12000	19800
328	15600	23400
329	19200	29700
330	6600	30600
331	4800	11700
332	22800	30600
333	4800	12600
334	12000	19800
335	8400	16200
336	26400	34200
337	6600	30600
338	8400	16200
339	12000	19800
340	15600	23400
341	6600	30600
342	19200	27000
343	19200	27000
344	4800	12600
345	12000	19800
346	4800	12600
347	26400	34200
348	22800	30600
349	22800	30600
350	4800	12600
351	8400	16200
352	22800	30600
353	4800	12600
354	15600	23400
355	8400	19800
356	26400	34200
357	19200	27000
358	19200	27000
359	19200	27000
360	19200	27000
361	15600	23400
362	4800	12600
363	8400	16200
364	22800	30600
365	26400	34200
366	6600	30600
367	15600	23400
368	19200	27000
369	12000	19800
370	4800	12600
371	26400	34200
372	4800	12600
373	12000	19800
374	15600	23400
375	19200	27000
376	12000	19800
377	6600	30600
378	22800	30600
379	15600	23400
380	8400	16200
381	6600	30600
382	22800	30600
383	8400	16200
384	15600	23400
385	19200	27000
386	22800	30600
387	15600	23400
388	15600	23400
389	4800	12600
390	22800	30600
391	22800	30600
392	4800	12600
393	22800	30600
394	4800	12600
395	12000	19800
396	12000	19800
397	19200	27000
398	12000	19800
399	19200	30600
400	22800	30600
401	15600	23400
402	12000	19800
403	6600	30600
404	8400	16200
405	22800	30600
406	8400	16200
407	12000	18900
408	26400	34200
409	26400	34200
410	8400	16200
411	19200	27000
412	6600	30600
413	19200	27000
414	12000	19800
415	4800	12600
416	15600	23400
417	8400	16200
418	12000	19800
419	8400	16200
420	12000	19800
421	19200	27000
422	15600	23400
423	12000	19800
424	12000	19800
425	12000	19800
426	12000	19800
427	22800	30600
428	12000	19800
429	6600	30600
430	19200	27000
431	12000	19800
432	8400	19800
433	19200	27000
434	22800	30600
435	22800	30600
436	12000	19800
437	15600	23400
438	19200	27000
439	26400	34200
440	8400	16200
441	8400	16200
442	6600	30600
443	12000	19800
444	8400	16200
445	4800	12600
446	19200	27000
447	15600	23400
448	12000	19800
449	8400	16200
450	6600	29700
451	15600	23400
452	12000	19800
453	12000	19800
454	12000	19800
455	22800	30600
456	19200	27000
457	8400	16200
458	12000	19800
459	8400	16200
460	12000	19800
461	4800	12600
462	8400	16200
463	22800	30600
464	8400	16200
465	8400	16200
466	8400	16200
467	6600	30600
468	8400	16200
469	6600	30600
470	8400	16200
471	19200	27000
472	19200	27000
473	12000	19800
474	19200	27000
475	8400	16200
476	15600	23400
477	26400	34200
478	22800	30600
479	4800	12600
480	15600	23400
481	8400	16200
482	4800	12600
483	15600	23400
484	22800	30600
485	15600	23400
486	15600	23400
487	15600	23400
488	19200	29700
489	26400	34200
490	12000	19800
491	8400	16200
492	6600	30600
493	6600	30600
494	8400	16200
495	6600	30600
496	15600	23400
497	26400	34200
498	6600	30600
499	8400	16200
500	6600	30600
501	19200	27000
502	12000	19800
503	6600	30600
504	8400	19800
505	6600	30600
506	22800	30600
507	12000	19800
508	22800	30600
509	22800	30600
510	15600	23400
511	6600	30600
512	15600	23400
513	15600	23400
514	12000	19800
515	8400	16200
516	19200	27000
517	19200	27000
518	19200	27000
519	8400	16200
520	22800	30600
521	8400	16200
522	6600	30600
523	15600	23400
524	12000	19800
525	12000	19800
526	19200	27000
527	8400	16200
528	12000	19800
529	8400	19800
530	15600	23400
531	12000	19800
532	15600	23400
533	6600	30600
534	8400	16200
535	12000	19800
536	15600	23400
537	19200	27000
538	8400	16200
539	22800	30600
540	6600	30600
541	26400	34200
542	22800	30600
543	26400	34200
544	6600	30600
545	12000	19800
546	19200	27000
547	26400	34200
548	12000	19800
549	8400	16200
550	15600	23400
551	19200	27000
552	12000	19800
553	19200	27000
554	26400	34200
555	22800	30600
556	15600	23400
557	6600	30600
558	12000	19800
559	19200	27000
560	12000	19800
561	26400	34200
562	6600	30600
563	19200	27000
564	22800	30600
565	12000	19800
566	6600	30600
567	22800	30600
568	15600	23400
569	12000	19800
570	6600	30600
571	19200	27000
572	22800	30600
573	8400	16200
574	8400	16200
575	19200	27000
576	22800	30600
577	12000	19800
578	22800	30600
579	19200	27000
580	19200	27000
581	19200	27000
582	15600	23400
583	19200	27000
584	15600	23400
585	15600	23400
586	8400	16200
587	22800	30600
588	22800	30600
589	12000	19800
590	12000	19800
591	19200	27000
592	12000	19800
593	26400	34200
594	26400	34200
595	8400	16200
596	19200	27000
597	15600	23400
598	12000	19800
599	6600	30600
600	6600	30600
601	15600	23400
602	6600	30600
603	19200	27000
604	22800	30600
605	19200	27000
606	19200	27000
607	19200	27000
608	15600	23400
609	12000	19800
610	22800	30600
611	6600	30600
612	6600	30600
613	26400	34200
614	8400	16200
615	12000	19800
616	26400	34200
617	26400	34200
618	8400	16200
619	8400	19800
620	12000	19800
621	15600	23400
622	6600	30600
623	12000	19800
624	12000	19800
625	12000	19800
626	12000	19800
627	12000	19800
628	6600	30600
629	22800	30600
630	26400	34200
631	6600	30600
632	22800	30600
633	12000	19800
634	19200	27000
635	15600	23400
636	19200	27000
637	6600	30600
638	12000	19800
639	15600	23400
640	8400	16200
641	19200	27000
642	6600	29700
643	15600	23400
644	12000	19800
645	19200	27000
646	15600	23400
647	26400	34200
648	6600	29700
649	12000	19800
650	19200	27000
651	6600	30600
652	19200	27000
653	8400	16200
654	15600	23400
655	22800	30600
656	19200	27000
657	12000	19800
658	12000	19800
659	12000	19800
660	22800	30600
661	15600	23400
662	6600	29700
663	12000	19800
664	15600	23400
665	19200	27000
666	15600	23400
667	19200	27000
668	19200	27000
669	15600	23400
670	12000	19800
671	15600	23400
672	12000	18900
673	12000	19800
674	15600	23400
675	22800	30600
676	19200	27000
677	22800	30600
678	12000	19800
679	15600	23400
680	6600	30600
681	26400	34200
682	26400	34200
683	19200	27000
684	22800	30600
685	19200	27000
686	22800	30600
687	6600	30600
688	15600	23400
689	19200	27000
690	26400	34200
691	19200	27000
692	22800	30600
693	8400	19800
694	15600	23400
695	6600	30600
696	19200	27000
697	15600	23400
698	26400	34200
699	15600	23400
700	15600	23400
701	19200	27000
702	22800	30600
703	15600	23400
704	15600	23400
705	22800	30600
706	15600	23400
707	15600	23400
708	12000	19800
709	19200	27000
710	15600	23400
711	19200	27000
712	6600	30600
713	19200	27000
714	22800	30600
715	26400	34200
716	12000	19800
717	6600	30600
718	19200	27000
719	15600	23400
720	6600	30600
721	19200	27000
722	12000	18900
723	22800	30600
724	19200	27000
725	15600	23400
726	15600	23400
727	22800	30600
728	15600	23400
729	19200	27000
730	19200	27000
731	12000	19800
732	19200	27000
733	6600	30600
734	26400	34200
735	12000	19800
736	19200	27000
737	6600	30600
738	12000	19800
739	19200	27000
740	6600	30600
741	19200	27000
742	15600	23400
743	15600	23400
744	22800	30600
745	12000	19800
746	22800	30600
747	6600	29700
748	22800	30600
749	6600	30600
750	22800	30600
751	19200	27000
752	19200	27000
753	26400	34200
754	22800	30600
755	26400	34200
756	6600	30600
757	22800	29700
758	15600	23400
759	15600	23400
760	6600	30600
761	26400	34200
762	6600	29700
763	22800	30600
764	19200	27000
765	26400	34200
766	15600	23400
767	6600	30600
768	6600	29700
769	19200	27000
770	22800	30600
771	26400	34200
772	6600	30600
773	12000	19800
774	19200	30600
775	15600	23400
776	22800	30600
777	6600	30600
778	6600	30600
779	12000	19800
780	22800	30600
781	15600	23400
782	15600	23400
783	6600	30600
784	22800	30600
785	12000	19800
786	22800	30600
787	22800	30600
788	22800	30600
789	6600	29700
790	6600	30600
791	19200	27000
792	22800	30600
793	15600	23400
794	12000	19800
795	26400	34200
796	26400	34200
797	19200	27000
798	19200	27000
799	26400	34200
800	22800	30600
801	6600	30600
802	6600	30600
803	22800	30600
804	19200	27000
805	19200	27000
806	22800	30600
807	6600	30600
808	19200	27000
809	19200	27000
810	19200	27000
811	19200	27000
812	19200	27000
813	15600	23400
814	19200	26100
815	22800	30600
816	15600	23400
817	6600	30600
818	19200	27000
819	19200	27000
820	19200	27000
821	15600	23400
822	15600	23400
823	6600	30600
824	15600	23400
825	6600	30600
826	19200	27000
827	26400	34200
828	15600	23400
829	22800	30600
830	15600	23400
831	15600	23400
832	22800	30600
833	26400	34200
834	26400	34200
835	6600	30600
836	15600	23400
837	26400	34200
838	19200	27000
839	22800	30600
840	26400	34200
841	6600	30600
842	19200	27000
843	19200	27000
844	15600	23400
845	22800	30600
846	22800	30600
847	19200	27000
848	19200	27000
849	19200	27000
850	15600	23400
851	22800	30600
852	6600	30600
853	19200	27000
854	19200	26100
855	26400	34200
856	6600	30600
857	19200	27000
858	22800	30600
859	6600	30600
860	19200	27000
861	6600	30600
862	6600	30600
863	22800	30600
864	6600	30600
865	26400	34200
866	19200	27000
867	19200	27000
868	19200	27000
869	15600	23400
870	26400	34200
871	19200	27000
872	6600	30600
873	19200	27000
874	19200	27000
875	15600	23400
876	19200	27000
877	22800	30600
878	22800	30600
879	6600	30600
880	22800	30600
881	19200	27000
882	6600	30600
883	19200	27000
884	26400	34200
885	19200	27000
886	19200	27000
887	22800	30600
888	19200	27000
889	6600	30600
890	22800	30600
891	19200	27000
892	19200	27000
893	19200	27000
894	26400	34200
895	6600	30600
896	19200	27000
897	19200	27000
898	6600	30600
899	22800	30600
900	6600	30600
901	6600	30600
902	19200	27000
903	26400	34200
904	22800	30600
905	22800	30600
906	19200	27000
907	22800	30600
908	19200	27000
909	22800	30600
910	6600	30600
911	19200	27000
912	19200	27000
913	22800	30600
914	26400	34200
915	6600	30600
916	26400	34200
917	26400	34200
918	19200	29700
919	19200	27000
920	22800	30600
921	6600	30600
922	6600	30600
923	22800	30600
924	26400	34200
925	19200	27000
926	19200	27000
927	6600	30600
928	26400	34200
929	6600	30600
930	26400	34200
931	6600	30600
932	6600	30600
933	19200	27000
934	22800	30600
935	19200	27000
936	22800	30600
937	19200	27000
938	19200	27000
939	6600	30600
940	6600	30600
941	6600	29700
942	6600	29700
943	6600	30600
944	22800	30600
945	22800	30600
946	26400	34200
947	22800	30600
948	6600	30600
949	26400	34200
950	26400	34200
951	22800	30600
952	22800	30600
953	22800	30600
954	26400	34200
955	22800	30600
956	26400	34200
957	26400	34200
958	19200	27000
RELEASE_TIME_SECTION
1	0
2	3600
3	3600
4	3600
5	3600
6	3600
7	3600
8	3600
9	3600
10	3600
11	3600
12	3600
13	3600
14	3600
15	3600
16	3600
17	3600
18	3600
19	3600
20	3600
21	3600
22	3600
23	3600
24	3600
25	3600
26	3600
27	3600
28	3600
29	3600
30	3600
31	3600
32	3600
33	3600
34	3600
35	3600
36	3600
37	3600
38	3600
39	3600
40	3600
41	3600
42	3600
43	3600
44	3600
45	3600
46	3600
47	3600
48	3600
49	3600
50	3600
51	3600
52	3600
53	3600
54	3600
55	3600
56	3600
57	3600
58	3600
59	3600
60	3600
61	3600
62	3600
63	3600
64	3600
65	3600
66	3600
67	3600
68	3600
69	3600
70	3600
71	3600
72	3600
73	3600
74	3600
75	3600
76	3600
77	3600
78	3600
79	3600
80	3600
81	3600
82	3600
83	3600
84	3600
85	3600
86	3600
87	3600
88	3600
89	3600
90	3600
91	3600
92	3600
93	3600
94	3600
95	3600
96	3600
97	3600
98	3600
99	3600
100	3600
101	3600
102	5400
103	5400
104	5400
105	5400
106	5400
107	5400
108	5400
109	5400
110	5400
111	5400
112	5400
113	5400
114	5400
115	5400
116	5400
117	5400
118	5400
119	5400
120	5400
121	5400
122	5400
123	5400
124	5400
125	5400
126	5400
127	5400
128	5400
129	5400
130	5400
131	5400
132	5400
133	5400
134	5400
135	5400
136	5400
137	5400
138	5400
139	5400
140	5400
141	5400
142	5400
143	5400
144	5400
145	5400
146	5400
147	5400
148	5400
149	5400
150	5400
151	5400
152	5400
153	5400
154	5400
155	5400
156	5400
157	5400
158	5400
159	5400
160	5400
161	5400
162	5400
163	5400
164	5400
165	5400
166	5400
167	5400
168	5400
169	5400
170	5400
171	5400
172	5400
173	5400
174	5400
175	5400
176	5400
177	5400
178	5400
179	5400
180	5400
181	5400
182	5400
183	5400
184	5400
185	5400
186	5400
187	5400
188	5400
189	5400
190	5400
191	5400
192	5400
193	5400
194	5400
195	5400
196	5400
197	5400
198	5400
199	5400
200	5400
201	5400
202	7200
203	7200
204	7200
205	7200
206	7200
207	7200
208	7200
209	7200
210	7200
211	7200
212	7200
213	7200
214	7200
215	7200
216	7200
217	7200
218	7200
219	7200
220	7200
221	7200
222	7200
223	7200
224	7200
225	7200
226	7200
227	7200
228	7200
229	7200
230	7200
231	7200
232	7200
233	7200
234	7200
235	7200
236	7200
237	7200
238	7200
239	7200
240	7200
241	7200
242	7200
243	7200
244	7200
245	7200
246	7200
247	7200
248	7200
249	7200
250	7200
251	7200
252	7200
253	7200
254	7200
255	7200
256	7200
257	7200
258	7200
259	7200
260	7200
261	7200
262	7200
263	7200
264	7200
265	7200
266	7200
267	7200
268	7200
269	7200
270	7200
271	7200
272	7200
273	7200
274	7200
275	7200
276	7200
277	7200
278	7200
279	7200
280	7200
281	7200
282	7200
283	7200
284	7200
285	7200
286	7200
287	7200
288	7200
289	7200
290	7200
291	7200
292	7200
293	7200
294	7200
295	7200
296	7200
297	7200
298	7200
299	7200
300	7200
301	7200
302	9000
303	9000
304	9000
305	9000
306	9000
307	9000
308	9000
309	9000
310	9000
311	9000
312	9000
313	9000
314	9000
315	9000
316	9000
317	9000
318	9000
319	9000
320	9000
321	9000
322	9000
323	9000
324	9000
325	9000
326	9000
327	9000
328	9000
329	9000
330	9000
331	9000
332	9000
333	9000
334	9000
335	9000
336	9000
337	9000
338	9000
339	9000
340	9000
341	9000
342	9000
343	9000
344	9000
345	9000
346	9000
347	9000
348	9000
349	9000
350	9000
351	9000
352	9000
353	9000
354	9000
355	9000
356	9000
357	9000
358	9000
359	9000
360	9000
361	9000
362	9000
363	9000
364	9000
365	9000
366	9000
367	9000
368	9000
369	9000
370	9000
371	9000
372	9000
373	9000
374	9000
375	9000
376	9000
377	9000
378	9000
379	9000
380	9000
381	9000
382	9000
383	9000
384	9000
385	9000
386	9000
387	9000
388	9000
389	9000
390	9000
391	9000
392	9000
393	9000
394	9000
395	9000
396	9000
397	9000
398	10800
399	10800
400	10800
401	10800
402	10800
403	10800
404	10800
405	10800
406	10800
407	10800
408	10800
409	10800
410	10800
411	10800
412	10800
413	10800
414	10800
415	10800
416	10800
417	10800
418	10800
419	10800
420	10800
421	10800
422	10800
423	10800
424	10800
425	10800
426	10800
427	10800
428	10800
429	10800
430	10800
431	10800
432	10800
433	10800
434	10800
435	10800
436	10800
437	10800
438	10800
439	10800
440	10800
441	10800
442	10800
443	10800
444	10800
445	10800
446	10800
447	10800
448	10800
449	10800
450	10800
451	10800
452	10800
453	10800
454	10800
455	10800
456	10800
457	10800
458	10800
459	10800
460	10800
461	10800
462	10800
463	10800
464	10800
465	10800
466	10800
467	10800
468	10800
469	10800
470	10800
471	10800
472	10800
473	10800
474	10800
475	10800
476	10800
477	10800
478	10800
479	10800
480	10800
481	10800
482	10800
483	10800
484	10800
485	10800
486	10800
487	10800
488	10800
489	10800
490	10800
491	10800
492	10800
493	12600
494	12600
495	12600
496	12600
497	12600
498	12600
499	12600
500	12600
501	12600
502	12600
503	12600
504	12600
505	12600
506	12600
507	12600
508	12600
509	12600
510	12600
511	12600
512	12600
513	12600
514	12600
515	12600
516	12600
517	12600
518	12600
519	12600
520	12600
521	12600
522	12600
523	12600
524	12600
525	12600
526	12600
527	12600
528	12600
529	12600
530	12600
531	12600
532	12600
533	12600
534	12600
535	12600
536	12600
537	12600
538	12600
539	12600
540	12600
541	12600
542	12600
543	12600
544	12600
545	12600
546	12600
547	12600
548	12600
549	12600
550	12600
551	12600
552	12600
553	12600
554	12600
555	12600
556	12600
557	12600
558	12600
559	12600
560	12600
561	12600
562	12600
563	12600
564	12600
565	12600
566	12600
567	12600
568	12600
569	12600
570	12600
571	12600
572	12600
573	12600
574	12600
575	12600
576	14400
577	14400
578	14400
579	14400
580	14400
581	14400
582	14400
583	14400
584	14400
585	14400
586	14400
587	14400
588	14400
589	14400
590	14400
591	14400
592	14400
593	14400
594	14400
595	14400
596	14400
597	14400
598	14400
599	14400
600	14400
601	14400
602	14400
603	14400
604	14400
605	14400
606	14400
607	14400
608	14400
609	14400
610	14400
611	14400
612	14400
613	14400
614	14400
615	14400
616	14400
617	14400
618	14400
619	14400
620	14400
621	14400
622	14400
623	14400
624	14400
625	14400
626	14400
627	14400
628	14400
629	14400
630	14400
631	14400
632	14400
633	14400
634	14400
635	14400
636	14400
637	14400
638	14400
639	14400
640	14400
641	14400
642	14400
643	14400
644	14400
645	14400
646	14400
647	14400
648	14400
649	14400
650	14400
651	14400
652	14400
653	14400
654	14400
655	14400
656	14400
657	14400
658	16200
659	16200
660	16200
661	16200
662	16200
663	16200
664	16200
665	16200
666	16200
667	16200
668	16200
669	16200
670	16200
671	16200
672	16200
673	16200
674	16200
675	16200
676	16200
677	16200
678	16200
679	16200
680	16200
681	16200
682	16200
683	16200
684	16200
685	16200
686	16200
687	16200
688	16200
689	16200
690	16200
691	16200
692	16200
693	16200
694	16200
695	16200
696	16200
697	16200
698	16200
699	16200
700	16200
701	16200
702	16200
703	16200
704	16200
705	16200
706	16200
707	16200
708	16200
709	16200
710	16200
711	16200
712	16200
713	16200
714	16200
715	16200
716	16200
717	16200
718	16200
719	16200
720	16200
721	16200
722	16200
723	16200
724	16200
725	16200
726	18000
727	18000
728	18000
729	18000
730	18000
731	18000
732	18000
733	18000
734	18000
735	18000
736	18000
737	18000
738	18000
739	18000
740	18000
741	18000
742	18000
743	18000
744	18000
745	18000
746	18000
747	18000
748	18000
749	18000
750	18000
751	18000
752	18000
753	18000
754	18000
755	18000
756	18000
757	18000
758	18000
759	18000
760	18000
761	18000
762	18000
763	18000
764	18000
765	18000
766	18000
767	18000
768	18000
769	18000
770	18000
771	18000
772	18000
773	18000
774	18000
775	18000
776	18000
777	18000
778	18000
779	18000
780	18000
781	18000
782	18000
783	18000
784	18000
785	18000
786	18000
787	18000
788	18000
789	18000
790	18000
791	18000
792	18000
793	18000
794	18000
795	19800
796	19800
797	19800
798	19800
799	19800
800	19800
801	19800
802	19800
803	19800
804	19800
805	19800
806	19800
807	19800
808	19800
809	19800
810	19800
811	19800
812	19800
813	19800
814	19800
815	19800
816	19800
817	19800
818	19800
819	19800
820	19800
821	19800
822	19800
823	19800
824	19800
825	19800
826	19800
827	19800
828	19800
829	19800
830	19800
831	19800
832	19800
833	19800
834	19800
835	19800
836	19800
837	19800
838	19800
839	19800
840	19800
841	19800
842	19800
843	19800
844	19800
845	21600
846	21600
847	21600
848	21600
849	21600
850	21600
851	21600
852	21600
853	21600
854	21600
855	21600
856	21600
857	21600
858	21600
859	21600
860	21600
861	21600
862	21600
863	21600
864	21600
865	21600
866	21600
867	21600
868	21600
869	21600
870	21600
871	21600
872	21600
873	21600
874	21600
875	21600
876	21600
877	21600
878	21600
879	21600
880	21600
881	21600
882	21600
883	21600
884	21600
885	21600
886	21600
887	23400
888	23400
889	23400
890	23400
891	23400
892	23400
893	23400
894	23400
895	23400
896	23400
897	23400
898	23400
899	23400
900	23400
901	23400
902	23400
903	23400
904	23400
905	23400
906	23400
907	23400
908	23400
909	23400
910	23400
911	23400
912	23400
913	23400
914	23400
915	23400
916	23400
917	23400
918	23400
919	23400
920	23400
921	23400
922	23400
923	23400
924	23400
925	23400
926	25200
927	25200
928	25200
929	25200
930	25200
931	25200
932	25200
933	25200
934	25200
935	25200
936	25200
937	25200
938	25200
939	25200
940	25200
941	25200
942	25200
943	25200
944	25200
945	25200
946	25200
947	25200
948	25200
949	25200
950	25200
951	25200
952	25200
953	25200
954	25200
955	25200
956	25200
957	25200
958	25200
EOF
