NAME : ORTEC-VRPTW-ASYM-77a8b324-d1-n930
TYPE : VRPTW-RT
DIMENSION : 931
EDGE_WEIGHT_TYPE : EUC_2D
CAPACITY : 160
NODE_COORD_SECTION
1	3190	1657
2	2296	3654
3	216	4778
4	3145	3371
5	3963	1573
6	4017	871
7	3017	3538
8	4700	1696
9	4830	3100
10	4336	417
11	1885	3858
12	4166	1659
13	3725	2110
14	498	4500
15	3440	2031
16	5337	1940
17	1459	3637
18	2480	3752
19	4516	344
20	4024	855
21	2696	3237
22	1480	3370
23	5070	2582
24	4144	868
25	2195	3043
26	3753	2220
27	1363	3271
28	4679	382
29	5229	1367
30	1849	3173
31	1459	3637
32	5887	1222
33	4336	417
34	1625	3094
35	1719	3417
36	3103	2507
37	4397	600
38	1865	3453
39	2242	3047
40	1082	3882
41	4271	370
42	4066	482
43	2817	2384
44	3833	2775
45	1867	2937
46	1402	4150
47	4144	868
48	4411	840
49	6118	1283
50	5110	2720
51	1601	2908
52	1849	3173
53	4193	417
54	1457	3265
55	3966	692
56	4560	766
57	2466	3654
58	6269	561
59	5601	756
60	4841	930
61	4166	1659
62	4493	2049
63	272	4802
64	3687	935
65	2281	3274
66	4508	303
67	1933	2924
68	4171	714
69	4335	734
70	5887	1222
71	4411	840
72	5240	0
73	5178	920
74	4271	370
75	1156	4375
76	1385	3133
77	1849	3206
78	4700	1696
79	2696	3237
80	5304	1224
81	1499	3604
82	4077	658
83	1328	4337
84	5110	2720
85	2588	3230
86	1385	3133
87	4771	1911
88	498	4500
89	4970	303
90	4085	898
91	4681	1640
92	4981	870
93	1849	3206
94	1694	3081
95	2681	3932
96	2907	3570
97	3205	3343
98	4563	3448
99	4471	354
100	5994	43
101	3773	1050
102	2948	2473
103	4974	1889
104	2509	3235
105	4708	1741
106	4159	1080
107	4144	868
108	4171	714
109	5754	1338
110	5349	952
111	2013	3505
112	1282	3580
113	4809	2960
114	5052	1311
115	4416	578
116	2901	2341
117	5756	785
118	893	4119
119	4506	2498
120	377	4323
121	1782	3618
122	4745	221
123	3058	3280
124	6018	144
125	2281	3274
126	2221	3511
127	3959	1529
128	2830	2678
129	5242	858
130	3963	1573
131	2901	2341
132	4974	1889
133	3753	2220
134	2466	3654
135	4508	303
136	4301	677
137	1966	3602
138	6134	1440
139	3725	2110
140	1933	2924
141	1849	3173
142	2374	3140
143	1839	3908
144	1480	3370
145	5554	1149
146	178	4793
147	4700	1696
148	5554	1149
149	5756	785
150	4987	185
151	2017	3445
152	4144	868
153	4966	1092
154	4546	346
155	577	4458
156	3017	3538
157	5137	884
158	4834	1757
159	4077	658
160	4796	274
161	4745	221
162	754	4830
163	2830	2678
164	236	4303
165	4396	446
166	1782	3618
167	4537	297
168	5601	756
169	3479	2157
170	2681	3932
171	3106	3482
172	2499	3903
173	2013	3505
174	1694	3081
175	4983	93
176	5329	723
177	4663	290
178	3346	3188
179	1819	3586
180	1431	3169
181	2029	3666
182	498	4500
183	2026	3856
184	5110	2720
185	4416	578
186	5456	845
187	4544	1916
188	6118	1283
189	1082	3882
190	4615	436
191	1885	3858
192	3773	504
193	4809	2960
194	1849	3173
195	1937	3504
196	1156	4375
197	3725	2110
198	5052	1311
199	4240	377
200	5608	853
201	4615	436
202	1282	3580
203	5228	1288
204	3067	3420
205	3173	2174
206	4364	1356
207	1896	3554
208	5857	250
209	3833	2775
210	2696	3237
211	2588	3230
212	5304	1224
213	2029	3666
214	3015	3553
215	1694	3081
216	5240	0
217	3773	1050
218	577	4458
219	4336	417
220	2029	2817
221	2854	3004
222	4305	391
223	3302	2061
224	5416	59
225	3878	776
226	1711	2925
227	2466	3654
228	5768	1797
229	4706	1705
230	4900	93
231	4364	1356
232	5099	919
233	3015	3553
234	1480	3370
235	4305	391
236	2584	3819
237	1849	3206
238	5994	1140
239	2480	3752
240	5757	1368
241	4796	274
242	1896	3554
243	4384	560
244	4546	346
245	2681	3932
246	2093	3431
247	4305	391
248	2853	2541
249	4442	1394
250	1544	3189
251	2013	3505
252	498	4500
253	4244	465
254	2817	2384
255	4144	868
256	1047	3534
257	4722	1398
258	3773	1050
259	2584	3819
260	5931	1056
261	4007	667
262	4336	417
263	4835	380
264	1627	3183
265	5041	799
266	1782	3618
267	5202	2746
268	4745	221
269	2854	3004
270	4544	1916
271	3805	991
272	3479	2157
273	2142	3416
274	4171	714
275	1457	3265
276	5041	799
277	6018	1029
278	4396	446
279	5327	1251
280	498	4500
281	5202	2746
282	1805	3690
283	5202	2746
284	4336	417
285	5754	1338
286	5240	0
287	5337	1940
288	2817	2384
289	4144	868
290	5931	1056
291	5304	1224
292	2901	2341
293	4493	2049
294	4508	303
295	1156	4375
296	2005	3982
297	1425	3221
298	5242	858
299	4834	1757
300	4974	1889
301	1477	3144
302	3205	3343
303	1402	4150
304	4120	1180
305	1385	3133
306	4416	578
307	6090	168
308	1867	2937
309	1937	3504
310	3878	776
311	5601	756
312	5757	1368
313	2854	3004
314	2281	3274
315	2204	3162
316	4364	1356
317	4900	93
318	4493	2049
319	1402	4150
320	4961	330
321	2026	3856
322	2466	4007
323	1337	3381
324	5994	43
325	2696	3237
326	5624	18
327	5554	1149
328	4599	305
329	2207	3560
330	3205	3343
331	2017	3445
332	5994	43
333	4841	930
334	1441	3763
335	4706	1705
336	4301	677
337	4773	190
338	4288	580
339	2499	3903
340	4507	439
341	4277	1440
342	4900	93
343	1835	3767
344	6011	362
345	5734	9
346	2347	3323
347	1348	3279
348	6083	96
349	6269	561
350	4507	439
351	4394	1290
352	2805	3140
353	3251	2166
354	272	4802
355	5498	1043
356	4796	274
357	2252	3580
358	3725	2110
359	3791	822
360	3771	953
361	4659	245
362	5731	1539
363	2480	3752
364	3173	2174
365	5110	2720
366	4078	1794
367	2026	3856
368	5052	1311
369	5683	564
370	1867	2937
371	3805	991
372	1984	3338
373	4411	840
374	5337	1940
375	4798	1732
376	5931	1056
377	3829	1047
378	4909	2146
379	5329	723
380	2204	3162
381	178	4793
382	2872	3530
383	4120	1180
384	4663	290
385	6265	950
386	5099	919
387	2872	3530
388	4114	1590
389	1363	3271
390	4809	2960
391	4961	330
392	3479	2157
393	4681	1640
394	4708	1741
395	4841	930
396	4745	221
397	272	4802
398	5994	43
399	1711	2925
400	4537	297
401	5654	592
402	5228	1288
403	3251	2166
404	6245	47
405	272	4802
406	4506	2498
407	4722	1398
408	3389	2120
409	4700	1696
410	4537	297
411	6269	561
412	5327	1251
413	2952	3356
414	5327	1251
415	2794	3352
416	4523	313
417	3103	2507
418	3389	2120
419	4120	1180
420	4697	1389
421	1885	3858
422	4723	1651
423	2972	2557
424	4830	3100
425	3773	1050
426	2099	4379
427	2466	4007
428	5017	1411
429	6245	47
430	4066	482
431	5613	1088
432	2017	3445
433	1613	3169
434	1499	3604
435	4706	1705
436	4659	245
437	4599	305
438	4442	1394
439	5498	1043
440	2347	3323
441	5639	923
442	1849	3206
443	893	4119
444	4118	509
445	4908	1935
446	5554	1149
447	1867	2937
448	5857	250
449	2466	4007
450	4396	446
451	4066	482
452	1918	3351
453	4351	1673
454	3530	2344
455	3094	2241
456	2681	3932
457	3778	2245
458	4615	1491
459	3389	2120
460	5959	1018
461	5078	672
462	4830	3100
463	5179	1413
464	4908	1935
465	4786	1867
466	3251	2166
467	3346	3188
468	1849	3173
469	1547	4309
470	1082	3882
471	4060	1037
472	4085	898
473	3773	504
474	5734	9
475	4900	93
476	4659	245
477	4966	1092
478	6245	47
479	2499	3903
480	5640	202
481	3771	953
482	3945	2723
483	577	4458
484	3400	3308
485	632	4226
486	4773	190
487	4786	1867
488	4571	121
489	5473	989
490	5959	1018
491	577	4458
492	2952	3356
493	1918	3351
494	4908	1935
495	4809	2960
496	3346	3188
497	2296	3654
498	1459	3637
499	4448	463
500	5640	202
501	2093	3431
502	4563	3448
503	2093	3431
504	1694	3081
505	6118	1283
506	4240	377
507	1464	3189
508	3017	3538
509	3251	2166
510	4679	382
511	4643	1197
512	2026	3856
513	4068	1613
514	4700	1696
515	3730	764
516	1839	3908
517	3989	1652
518	4396	446
519	5337	1940
520	1966	3602
521	4900	93
522	2252	3580
523	5242	858
524	236	4303
525	1835	3767
526	5624	18
527	5756	785
528	4351	1673
529	4493	2049
530	4961	330
531	6011	362
532	4681	1640
533	632	4226
534	1933	2924
535	4235	491
536	754	4830
537	4974	1889
538	1431	3169
539	1402	4150
540	3979	1585
541	2195	3043
542	2142	3416
543	5041	799
544	4537	297
545	4114	1590
546	1431	3169
547	498	4500
548	2099	4379
549	6269	561
550	4088	2344
551	5110	2720
552	4301	677
553	4017	871
554	4516	344
555	1835	3767
556	4161	841
557	4813	369
558	1933	2924
559	3773	504
560	5888	558
561	3017	3538
562	4442	1394
563	2853	2541
564	1625	3094
565	4771	1911
566	5017	1411
567	4024	855
568	6431	1194
569	4813	369
570	4166	1659
571	1547	4309
572	3829	1047
573	5734	9
574	2029	2817
575	2584	3819
576	2347	3323
577	4017	871
578	2872	3530
579	5240	0
580	5202	2746
581	4078	1794
582	4745	221
583	4384	560
584	5640	202
585	4166	1659
586	4900	93
587	1805	3690
588	4809	2960
589	4448	463
590	3725	2110
591	2499	3903
592	3205	3343
593	721	3953
594	1786	3863
595	5608	853
596	4397	600
597	4523	313
598	1937	3504
599	3440	2031
600	2207	3560
601	4615	1491
602	4166	1659
603	3945	2723
604	4679	382
605	2266	3810
606	5640	202
607	3302	2061
608	4017	871
609	5137	884
610	4813	369
611	1625	3094
612	4697	1389
613	1348	3279
614	4745	221
615	2864	3251
616	4120	1180
617	2093	3431
618	4970	303
619	3687	935
620	4161	841
621	5202	2746
622	2794	3352
623	4809	2960
624	4615	436
625	2588	3230
626	3205	3343
627	4771	1911
628	4397	600
629	2853	2541
630	5756	785
631	3340	3279
632	2266	3810
633	5229	1367
634	1835	3767
635	2805	3140
636	1650	3253
637	5959	1018
638	4775	2227
639	2907	3570
640	1082	3882
641	4745	221
642	5754	1338
643	1694	3081
644	3687	935
645	3017	3538
646	3966	692
647	4171	714
648	4271	370
649	5640	202
650	5349	952
651	1805	3690
652	5304	1224
653	2857	2846
654	4775	2227
655	5166	941
656	2242	3047
657	3017	3538
658	3389	2120
659	4364	1356
660	4813	369
661	4700	1696
662	2948	2473
663	236	4303
664	4384	560
665	4508	303
666	1480	3370
667	2207	3560
668	5976	729
669	4537	297
670	1711	2925
671	3989	1652
672	1694	3081
673	5349	952
674	3400	3308
675	4722	1398
676	4722	1398
677	5857	250
678	5017	1411
679	2983	2597
680	3017	3538
681	498	4500
682	6157	425
683	5554	1149
684	1849	3206
685	2204	3162
686	4394	1290
687	1613	3169
688	2026	3856
689	1464	3189
690	5790	1777
691	1719	3417
692	5229	1367
693	4394	1290
694	1385	3133
695	4166	1659
696	4796	274
697	5078	672
698	2854	3004
699	4085	898
700	1786	3863
701	4493	2049
702	4061	883
703	6090	168
704	4335	734
705	4351	1673
706	2266	3810
707	1282	3580
708	5624	18
709	2907	3570
710	4544	1916
711	3945	2723
712	2221	3511
713	5754	1338
714	2952	3356
715	2907	3570
716	4974	1889
717	1459	3637
718	2817	2384
719	4078	1794
720	1839	3908
721	1995	3806
722	4244	465
723	4563	3448
724	3251	2166
725	1937	3504
726	5639	923
727	4240	377
728	5887	1222
729	4722	1398
730	5327	1251
731	5327	1251
732	1363	3271
733	1719	3417
734	2195	3043
735	4786	1867
736	3103	2507
737	5754	1338
738	4061	883
739	4225	488
740	4493	2049
741	4706	1705
742	5349	952
743	3833	2775
744	6157	425
745	5976	729
746	2142	3416
747	1918	3351
748	2029	2817
749	5304	1224
750	4798	1732
751	6134	1440
752	1441	3763
753	5041	799
754	5304	1224
755	1966	3602
756	5229	1367
757	4161	841
758	2266	3810
759	4085	898
760	5731	1539
761	4416	578
762	5976	729
763	5070	2582
764	4359	888
765	2480	3752
766	5329	723
767	3015	3553
768	754	4830
769	2242	3047
770	5229	1367
771	4161	841
772	2266	3810
773	2005	3982
774	3015	3553
775	4981	870
776	1966	3602
777	2584	3819
778	4809	2960
779	5229	1367
780	1402	4150
781	5349	952
782	4144	868
783	5931	1056
784	4171	714
785	4291	512
786	4159	1080
787	5757	1368
788	4643	1197
789	4066	482
790	4396	446
791	1480	3370
792	2901	2341
793	1711	2925
794	5348	1025
795	4508	303
796	4901	1243
797	2584	3819
798	3730	764
799	4336	417
800	3645	2166
801	4277	1440
802	5240	0
803	5327	1251
804	3440	2031
805	4118	509
806	4060	1037
807	3725	2110
808	4271	370
809	3829	1047
810	2466	4007
811	3145	3371
812	4062	508
813	1405	3493
814	3959	1529
815	1918	3351
816	4024	855
817	5995	867
818	6011	362
819	3302	2061
820	4961	330
821	4722	1398
822	4471	354
823	2854	3004
824	3833	2775
825	3173	2174
826	5078	672
827	4841	930
828	3103	2507
829	1156	4375
830	2934	3377
831	1933	2924
832	1047	3534
833	4359	888
834	1865	3453
835	4397	600
836	4775	2227
837	1328	4337
838	2864	3251
839	2575	3573
840	1865	3453
841	1650	3253
842	6018	1029
843	3340	3279
844	1918	3351
845	4615	1491
846	4066	482
847	1834	3625
848	1694	3081
849	6090	168
850	2588	3230
851	5166	941
852	1431	3169
853	2026	3856
854	1441	3763
855	5456	845
856	6056	277
857	2934	3377
858	3959	1529
859	3017	3538
860	4166	1659
861	1613	3169
862	5228	1288
863	5240	0
864	1995	3806
865	1402	4150
866	5887	1222
867	3725	2110
868	3340	3279
869	1892	2925
870	3058	3280
871	5228	1288
872	4796	274
873	3346	3188
874	3400	3308
875	3778	2245
876	3645	2166
877	4552	2435
878	4588	1809
879	3479	2157
880	1839	3908
881	3067	3420
882	2195	3043
883	4007	667
884	4277	1440
885	4120	1180
886	5654	592
887	2499	3903
888	3979	1585
889	5178	920
890	1082	3882
891	498	4500
892	2017	3445
893	5994	1140
894	4966	1092
895	4335	734
896	1282	3580
897	1530	3106
898	3094	2241
899	1933	2924
900	5976	729
901	632	4226
902	3725	2110
903	4364	1356
904	1896	3554
905	3103	2507
906	1782	3618
907	1530	3106
908	4909	2146
909	1337	3381
910	4277	1440
911	4068	1613
912	5790	1777
913	4659	245
914	6011	362
915	2826	2588
916	4077	658
917	3966	692
918	5887	1222
919	4235	491
920	5731	1539
921	4394	1290
922	4981	870
923	1477	3144
924	4017	871
925	4983	93
926	2805	3140
927	4706	1705
928	1477	3144
929	3017	3538
930	3058	3280
931	1156	4375
DEMAND_SECTION
1	0
2	4
3	7
4	6
5	9
6	10
7	4
8	4
9	7
10	8
11	2
12	7
13	12
14	9
15	24
16	5
17	7
18	11
19	4
20	4
21	10
22	7
23	9
24	4
25	9
26	14
27	10
28	12
29	4
30	4
31	5
32	5
33	6
34	9
35	14
36	4
37	7
38	5
39	3
40	6
41	7
42	13
43	5
44	11
45	10
46	7
47	5
48	4
49	12
50	10
51	7
52	4
53	17
54	8
55	7
56	13
57	11
58	5
59	5
60	4
61	3
62	4
63	2
64	13
65	6
66	4
67	5
68	6
69	7
70	4
71	3
72	8
73	3
74	7
75	8
76	10
77	6
78	4
79	4
80	4
81	6
82	11
83	6
84	9
85	3
86	4
87	7
88	5
89	7
90	4
91	5
92	4
93	8
94	6
95	4
96	3
97	4
98	3
99	5
100	13
101	4
102	2
103	4
104	4
105	6
106	4
107	4
108	11
109	4
110	7
111	6
112	9
113	10
114	4
115	9
116	5
117	4
118	3
119	5
120	6
121	7
122	9
123	14
124	3
125	11
126	6
127	5
128	3
129	5
130	8
131	14
132	6
133	10
134	6
135	6
136	6
137	6
138	9
139	7
140	5
141	4
142	6
143	4
144	3
145	8
146	7
147	9
148	7
149	9
150	5
151	8
152	3
153	5
154	2
155	10
156	9
157	6
158	11
159	6
160	6
161	5
162	2
163	5
164	5
165	4
166	5
167	6
168	3
169	4
170	7
171	5
172	10
173	38
174	5
175	3
176	5
177	3
178	6
179	6
180	16
181	7
182	5
183	20
184	11
185	8
186	5
187	9
188	3
189	6
190	6
191	7
192	4
193	4
194	9
195	11
196	11
197	10
198	7
199	6
200	10
201	1
202	6
203	9
204	9
205	7
206	24
207	6
208	4
209	10
210	9
211	4
212	11
213	8
214	6
215	7
216	8
217	8
218	4
219	9
220	8
221	3
222	4
223	6
224	4
225	6
226	38
227	6
228	4
229	5
230	10
231	8
232	7
233	4
234	6
235	9
236	5
237	5
238	14
239	4
240	5
241	7
242	9
243	3
244	5
245	10
246	10
247	6
248	7
249	20
250	6
251	6
252	6
253	10
254	6
255	9
256	8
257	3
258	6
259	9
260	7
261	8
262	5
263	5
264	8
265	4
266	3
267	6
268	6
269	7
270	16
271	13
272	27
273	4
274	4
275	3
276	9
277	6
278	8
279	6
280	11
281	16
282	8
283	6
284	4
285	6
286	5
287	5
288	5
289	7
290	4
291	8
292	10
293	7
294	11
295	6
296	6
297	10
298	6
299	6
300	1
301	9
302	11
303	4
304	5
305	20
306	6
307	10
308	7
309	11
310	7
311	17
312	14
313	4
314	8
315	14
316	6
317	4
318	11
319	12
320	6
321	6
322	9
323	13
324	11
325	4
326	4
327	3
328	3
329	8
330	13
331	3
332	9
333	6
334	8
335	5
336	6
337	3
338	4
339	10
340	5
341	6
342	5
343	13
344	8
345	7
346	4
347	5
348	7
349	8
350	10
351	10
352	10
353	17
354	6
355	5
356	5
357	6
358	6
359	4
360	6
361	7
362	3
363	7
364	11
365	8
366	5
367	4
368	9
369	9
370	6
371	7
372	5
373	4
374	6
375	5
376	3
377	7
378	10
379	8
380	4
381	7
382	4
383	5
384	6
385	3
386	4
387	7
388	5
389	5
390	4
391	3
392	8
393	6
394	5
395	7
396	7
397	4
398	7
399	6
400	10
401	8
402	7
403	7
404	5
405	5
406	5
407	4
408	6
409	4
410	7
411	8
412	4
413	10
414	6
415	7
416	3
417	5
418	4
419	6
420	7
421	10
422	3
423	8
424	3
425	7
426	10
427	9
428	6
429	4
430	12
431	10
432	4
433	6
434	9
435	3
436	8
437	5
438	2
439	8
440	7
441	8
442	4
443	5
444	17
445	4
446	9
447	3
448	6
449	7
450	4
451	4
452	6
453	4
454	13
455	1
456	9
457	8
458	9
459	9
460	20
461	38
462	5
463	5
464	3
465	3
466	7
467	10
468	13
469	4
470	7
471	2
472	9
473	5
474	6
475	7
476	5
477	5
478	12
479	7
480	7
481	4
482	3
483	6
484	7
485	4
486	8
487	6
488	8
489	6
490	11
491	11
492	4
493	4
494	5
495	4
496	7
497	9
498	4
499	6
500	5
501	5
502	7
503	5
504	4
505	6
506	6
507	9
508	11
509	9
510	9
511	8
512	7
513	7
514	6
515	5
516	11
517	7
518	6
519	10
520	4
521	6
522	4
523	7
524	11
525	3
526	13
527	7
528	4
529	5
530	7
531	12
532	6
533	5
534	6
535	10
536	11
537	9
538	11
539	7
540	8
541	6
542	4
543	11
544	7
545	10
546	14
547	5
548	4
549	3
550	6
551	20
552	4
553	6
554	6
555	9
556	5
557	11
558	6
559	4
560	3
561	5
562	9
563	5
564	6
565	4
566	6
567	4
568	7
569	20
570	7
571	7
572	7
573	12
574	17
575	4
576	10
577	5
578	8
579	4
580	27
581	3
582	4
583	15
584	7
585	9
586	6
587	4
588	14
589	12
590	3
591	8
592	8
593	6
594	6
595	4
596	6
597	8
598	15
599	6
600	4
601	6
602	11
603	7
604	2
605	6
606	6
607	6
608	6
609	6
610	3
611	4
612	5
613	6
614	8
615	11
616	13
617	5
618	8
619	5
620	17
621	4
622	6
623	6
624	8
625	6
626	10
627	3
628	9
629	5
630	4
631	6
632	6
633	6
634	6
635	5
636	9
637	5
638	10
639	6
640	3
641	4
642	6
643	5
644	5
645	6
646	4
647	8
648	10
649	7
650	9
651	9
652	10
653	6
654	7
655	15
656	7
657	8
658	3
659	3
660	5
661	7
662	8
663	7
664	7
665	5
666	9
667	6
668	4
669	4
670	10
671	4
672	10
673	9
674	3
675	3
676	7
677	14
678	9
679	12
680	4
681	9
682	6
683	4
684	9
685	8
686	7
687	5
688	6
689	9
690	3
691	4
692	3
693	9
694	21
695	7
696	6
697	8
698	7
699	7
700	5
701	4
702	4
703	13
704	5
705	21
706	3
707	3
708	7
709	5
710	17
711	4
712	7
713	7
714	7
715	10
716	17
717	4
718	8
719	6
720	6
721	6
722	4
723	11
724	17
725	5
726	12
727	9
728	20
729	7
730	4
731	4
732	5
733	13
734	4
735	3
736	6
737	8
738	8
739	5
740	7
741	4
742	4
743	7
744	4
745	4
746	11
747	11
748	14
749	4
750	6
751	4
752	8
753	8
754	6
755	10
756	4
757	12
758	14
759	4
760	6
761	9
762	13
763	8
764	11
765	5
766	4
767	6
768	9
769	8
770	9
771	14
772	4
773	5
774	10
775	2
776	4
777	6
778	4
779	6
780	9
781	7
782	5
783	4
784	9
785	9
786	4
787	4
788	10
789	6
790	11
791	11
792	5
793	4
794	6
795	6
796	3
797	12
798	6
799	3
800	14
801	4
802	4
803	8
804	5
805	6
806	4
807	5
808	20
809	6
810	10
811	12
812	7
813	7
814	7
815	4
816	11
817	5
818	5
819	5
820	4
821	10
822	4
823	7
824	7
825	5
826	3
827	3
828	24
829	11
830	12
831	5
832	8
833	10
834	8
835	9
836	1
837	4
838	11
839	1
840	9
841	3
842	5
843	9
844	6
845	3
846	13
847	8
848	4
849	8
850	9
851	5
852	17
853	13
854	7
855	10
856	8
857	4
858	7
859	7
860	7
861	9
862	3
863	7
864	7
865	8
866	6
867	12
868	9
869	7
870	4
871	3
872	3
873	11
874	8
875	10
876	4
877	9
878	12
879	4
880	6
881	9
882	8
883	8
884	11
885	5
886	5
887	4
888	8
889	6
890	6
891	8
892	8
893	9
894	11
895	6
896	6
897	11
898	4
899	10
900	13
901	4
902	9
903	9
904	6
905	7
906	4
907	9
908	3
909	5
910	13
911	4
912	6
913	3
914	8
915	24
916	6
917	27
918	8
919	6
920	6
921	5
922	5
923	8
924	5
925	10
926	9
927	4
928	4
929	4
930	11
931	4
DEPOT_SECTION
1
-1
SERVICE_TIME_SECTION
1	0
2	300
3	300
4	300
5	420
6	960
7	420
8	480
9	480
10	300
11	600
12	840
13	300
14	360
15	480
16	660
17	540
18	420
19	540
20	480
21	540
22	480
23	720
24	420
25	780
26	600
27	420
28	660
29	600
30	840
31	480
32	420
33	600
34	720
35	600
36	900
37	300
38	300
39	660
40	420
41	900
42	360
43	720
44	780
45	720
46	540
47	420
48	540
49	600
50	600
51	660
52	600
53	300
54	600
55	360
56	780
57	420
58	300
59	540
60	240
61	300
62	660
63	300
64	720
65	660
66	720
67	480
68	420
69	600
70	420
71	540
72	360
73	840
74	480
75	600
76	840
77	600
78	420
79	720
80	360
81	420
82	300
83	660
84	720
85	780
86	300
87	300
88	600
89	420
90	780
91	720
92	480
93	420
94	600
95	420
96	660
97	360
98	540
99	600
100	480
101	840
102	360
103	600
104	480
105	780
106	780
107	840
108	600
109	600
110	300
111	960
112	720
113	600
114	840
115	720
116	660
117	660
118	480
119	420
120	360
121	540
122	480
123	360
124	420
125	600
126	540
127	480
128	660
129	180
130	780
131	300
132	780
133	300
134	420
135	1440
136	780
137	660
138	420
139	540
140	720
141	480
142	300
143	660
144	900
145	600
146	300
147	720
148	540
149	600
150	300
151	480
152	600
153	540
154	360
155	660
156	420
157	360
158	480
159	720
160	480
161	600
162	600
163	600
164	900
165	660
166	720
167	480
168	720
169	480
170	480
171	540
172	420
173	360
174	900
175	720
176	240
177	540
178	300
179	360
180	780
181	480
182	300
183	300
184	360
185	360
186	480
187	840
188	600
189	660
190	300
191	360
192	300
193	360
194	600
195	300
196	840
197	900
198	900
199	600
200	840
201	600
202	480
203	600
204	660
205	480
206	480
207	600
208	540
209	720
210	540
211	780
212	780
213	240
214	360
215	300
216	600
217	600
218	660
219	360
220	780
221	480
222	480
223	660
224	660
225	420
226	360
227	720
228	480
229	480
230	480
231	480
232	720
233	420
234	600
235	540
236	720
237	420
238	420
239	660
240	720
241	480
242	300
243	480
244	420
245	600
246	540
247	420
248	600
249	840
250	720
251	540
252	240
253	480
254	480
255	540
256	480
257	300
258	480
259	480
260	840
261	720
262	480
263	900
264	900
265	720
266	600
267	660
268	660
269	540
270	360
271	360
272	840
273	480
274	660
275	840
276	480
277	420
278	660
279	660
280	540
281	600
282	480
283	960
284	480
285	540
286	480
287	420
288	300
289	360
290	300
291	540
292	360
293	480
294	660
295	900
296	480
297	420
298	420
299	660
300	420
301	240
302	300
303	660
304	660
305	360
306	600
307	540
308	480
309	480
310	660
311	960
312	540
313	300
314	2160
315	540
316	420
317	900
318	420
319	360
320	480
321	660
322	600
323	600
324	480
325	660
326	300
327	600
328	600
329	480
330	780
331	480
332	300
333	720
334	420
335	720
336	660
337	540
338	480
339	480
340	660
341	420
342	420
343	480
344	540
345	660
346	840
347	480
348	360
349	360
350	300
351	300
352	240
353	960
354	720
355	540
356	1440
357	540
358	960
359	420
360	480
361	600
362	360
363	780
364	300
365	780
366	540
367	1260
368	360
369	600
370	600
371	480
372	720
373	720
374	480
375	360
376	660
377	420
378	360
379	780
380	600
381	420
382	420
383	420
384	660
385	360
386	720
387	540
388	720
389	540
390	1380
391	480
392	480
393	360
394	660
395	540
396	480
397	240
398	720
399	360
400	360
401	480
402	300
403	480
404	360
405	300
406	240
407	660
408	420
409	600
410	480
411	1380
412	660
413	420
414	300
415	420
416	300
417	480
418	540
419	720
420	660
421	540
422	360
423	540
424	300
425	480
426	480
427	480
428	480
429	600
430	660
431	960
432	360
433	300
434	840
435	660
436	300
437	780
438	840
439	300
440	300
441	360
442	600
443	660
444	420
445	540
446	660
447	420
448	900
449	660
450	420
451	540
452	300
453	600
454	480
455	300
456	480
457	540
458	480
459	780
460	660
461	720
462	600
463	540
464	480
465	420
466	660
467	300
468	660
469	840
470	480
471	720
472	960
473	780
474	480
475	720
476	720
477	780
478	480
479	360
480	900
481	720
482	480
483	420
484	840
485	720
486	780
487	720
488	480
489	480
490	660
491	600
492	720
493	1380
494	720
495	420
496	480
497	300
498	300
499	420
500	720
501	720
502	720
503	720
504	660
505	420
506	300
507	720
508	480
509	840
510	420
511	720
512	300
513	300
514	300
515	780
516	300
517	420
518	540
519	420
520	480
521	360
522	300
523	660
524	420
525	660
526	780
527	600
528	480
529	660
530	660
531	420
532	600
533	720
534	660
535	660
536	780
537	420
538	480
539	540
540	480
541	600
542	300
543	660
544	660
545	300
546	660
547	540
548	900
549	480
550	540
551	360
552	420
553	660
554	300
555	1380
556	360
557	540
558	480
559	420
560	540
561	540
562	600
563	660
564	540
565	540
566	300
567	720
568	540
569	420
570	720
571	900
572	240
573	420
574	300
575	600
576	780
577	660
578	480
579	780
580	240
581	900
582	600
583	300
584	240
585	540
586	300
587	360
588	540
589	900
590	480
591	480
592	780
593	540
594	540
595	480
596	840
597	480
598	840
599	480
600	600
601	480
602	300
603	600
604	900
605	480
606	720
607	480
608	480
609	540
610	300
611	660
612	420
613	480
614	300
615	480
616	660
617	300
618	600
619	300
620	300
621	900
622	660
623	660
624	480
625	300
626	420
627	660
628	300
629	480
630	600
631	480
632	1020
633	420
634	540
635	540
636	480
637	900
638	600
639	720
640	780
641	660
642	480
643	780
644	420
645	840
646	780
647	660
648	300
649	480
650	360
651	480
652	300
653	480
654	720
655	480
656	480
657	420
658	480
659	900
660	420
661	360
662	540
663	420
664	660
665	420
666	480
667	300
668	1380
669	660
670	480
671	300
672	420
673	480
674	600
675	480
676	480
677	720
678	420
679	660
680	660
681	300
682	420
683	840
684	480
685	240
686	540
687	600
688	240
689	840
690	420
691	360
692	600
693	300
694	600
695	300
696	840
697	720
698	600
699	780
700	480
701	780
702	420
703	300
704	420
705	720
706	240
707	600
708	420
709	780
710	420
711	480
712	480
713	1380
714	840
715	300
716	480
717	480
718	540
719	780
720	540
721	1380
722	420
723	480
724	420
725	480
726	780
727	420
728	540
729	540
730	720
731	720
732	720
733	900
734	360
735	420
736	900
737	540
738	1440
739	420
740	720
741	900
742	840
743	420
744	420
745	720
746	300
747	900
748	300
749	360
750	480
751	720
752	600
753	480
754	720
755	420
756	420
757	420
758	540
759	660
760	420
761	420
762	600
763	480
764	720
765	420
766	480
767	420
768	540
769	420
770	300
771	660
772	480
773	840
774	840
775	480
776	300
777	540
778	540
779	480
780	480
781	540
782	660
783	780
784	420
785	1020
786	300
787	780
788	420
789	540
790	540
791	480
792	660
793	960
794	1380
795	480
796	600
797	300
798	720
799	660
800	900
801	540
802	780
803	300
804	660
805	420
806	480
807	480
808	1440
809	600
810	900
811	660
812	660
813	360
814	540
815	540
816	360
817	420
818	660
819	420
820	420
821	720
822	840
823	540
824	360
825	600
826	780
827	300
828	840
829	600
830	720
831	660
832	540
833	720
834	480
835	600
836	540
837	300
838	720
839	900
840	600
841	780
842	420
843	480
844	900
845	720
846	1020
847	420
848	1440
849	840
850	480
851	900
852	480
853	480
854	360
855	720
856	600
857	840
858	300
859	480
860	780
861	420
862	480
863	480
864	360
865	600
866	360
867	840
868	300
869	660
870	480
871	480
872	420
873	600
874	1260
875	600
876	420
877	540
878	900
879	480
880	480
881	300
882	360
883	360
884	300
885	480
886	720
887	480
888	480
889	600
890	420
891	900
892	720
893	540
894	420
895	240
896	720
897	420
898	780
899	420
900	480
901	480
902	900
903	300
904	660
905	420
906	360
907	540
908	720
909	420
910	420
911	420
912	240
913	600
914	1380
915	300
916	540
917	480
918	840
919	540
920	480
921	540
922	660
923	480
924	480
925	600
926	840
927	660
928	540
929	600
930	720
931	540
TIME_WINDOW_SECTION
1	0	45000
2	6600	30300
3	4800	12300
4	19200	26700
5	19200	26700
6	22800	30300
7	6600	30300
8	4800	12300
9	8400	19500
10	12000	19500
11	12000	19500
12	6600	30300
13	15600	26700
14	6600	30300
15	4800	11700
16	22800	30300
17	12000	19500
18	6600	30300
19	6600	30300
20	6600	30300
21	6600	30300
22	12000	19500
23	15600	23100
24	22800	30300
25	22800	30300
26	12000	19500
27	19200	26700
28	6600	30300
29	6600	30300
30	19200	26700
31	4800	11700
32	12000	19500
33	12000	19500
34	22800	30300
35	22800	30300
36	12000	19500
37	15600	26700
38	6600	30300
39	22800	30300
40	6600	29700
41	6600	30300
42	15600	26700
43	4800	12300
44	19200	26700
45	19200	26700
46	12000	19500
47	22800	30300
48	12000	19500
49	6600	30300
50	4800	12300
51	19200	26700
52	6600	30300
53	6600	29700
54	22800	30300
55	19200	26700
56	6600	30300
57	22800	30300
58	15600	26700
59	22800	30300
60	22800	30300
61	4800	12300
62	15600	23100
63	12000	19500
64	4800	12300
65	19200	26700
66	4800	12300
67	8400	15900
68	4800	12300
69	4800	12300
70	15600	26700
71	22800	30300
72	6600	30300
73	4800	12300
74	15600	23100
75	12000	19500
76	19200	26700
77	15600	26700
78	4800	12300
79	19200	26100
80	12000	19500
81	12000	19500
82	22800	30300
83	19200	26700
84	15600	23100
85	15600	26100
86	19200	26700
87	6600	30300
88	12000	19500
89	15600	26700
90	15600	24900
91	15600	26700
92	4800	12300
93	6600	30300
94	4800	12300
95	15600	26700
96	15600	23100
97	22800	30300
98	19200	26700
99	22800	30300
100	22800	30300
101	6600	29700
102	15600	24900
103	12000	19500
104	19200	26700
105	19200	26700
106	6600	30300
107	22800	30300
108	22800	30300
109	4800	12300
110	19200	26700
111	19200	26700
112	22800	30300
113	19200	26700
114	6600	30300
115	6600	30300
116	15600	26100
117	6600	29700
118	12000	19500
119	19200	26700
120	22800	30300
121	22800	30300
122	19200	26700
123	22800	30300
124	22800	30300
125	15600	26700
126	19200	26100
127	12000	19500
128	15600	26700
129	4800	11700
130	12000	19500
131	12000	19500
132	6600	30300
133	19200	26700
134	4800	12300
135	15600	23100
136	6600	30300
137	19200	26100
138	19200	26700
139	4800	12300
140	12000	19500
141	15600	26700
142	15600	26700
143	15600	26700
144	12000	19500
145	15600	26700
146	22800	30300
147	22800	30300
148	6600	30300
149	6600	30300
150	4800	11700
151	6600	30300
152	22800	30300
153	15600	26700
154	8400	15900
155	6600	30300
156	22800	30300
157	19200	26700
158	22800	30300
159	15600	26700
160	12000	19500
161	19200	26700
162	22800	30300
163	22800	30300
164	19200	26700
165	6600	30300
166	15600	26700
167	8400	19500
168	12000	19500
169	22800	30300
170	15600	26700
171	15600	26700
172	22800	30300
173	15600	26700
174	15600	26700
175	19200	26700
176	6600	30300
177	6600	30300
178	12000	19500
179	12000	19500
180	12000	19500
181	6600	30300
182	12000	18900
183	6600	30300
184	4800	12300
185	8400	19500
186	19200	26700
187	22800	30300
188	6600	30300
189	15600	26700
190	12000	19500
191	19200	26700
192	15600	24900
193	15600	24900
194	15600	26700
195	12000	19500
196	22800	30300
197	22800	30300
198	12000	19500
199	19200	26700
200	6600	30300
201	6600	29700
202	19200	26700
203	12000	19500
204	4800	12300
205	6600	30300
206	4800	12300
207	15600	26700
208	22800	30300
209	19200	26700
210	17400	41100
211	6600	30300
212	17400	41100
213	8400	19500
214	22800	30300
215	4800	11700
216	15600	26700
217	19200	26700
218	12000	19500
219	8400	19500
220	8400	19500
221	6600	30300
222	19200	26700
223	22800	30300
224	6600	30300
225	8400	15900
226	6600	30300
227	22800	30300
228	4800	12300
229	8400	19500
230	8400	19500
231	22800	30300
232	4800	12300
233	19200	26100
234	22800	30300
235	12000	19500
236	6600	30300
237	19200	26700
238	15600	26700
239	22800	30300
240	12000	19500
241	12000	19500
242	22800	30300
243	22800	30300
244	12000	19500
245	8400	19500
246	12000	19500
247	15600	23100
248	6600	30300
249	12000	19500
250	12000	19500
251	12000	19500
252	22800	30300
253	6600	30300
254	12000	19500
255	6600	29700
256	4800	12300
257	4800	12300
258	4800	11700
259	12000	19500
260	12000	19500
261	19200	26700
262	22800	30300
263	12000	19500
264	22800	30300
265	12000	19500
266	22800	29640
267	8400	15900
268	22800	30300
269	12000	19500
270	19200	26700
271	6600	29700
272	15600	26700
273	15600	26700
274	4800	12300
275	22800	30300
276	6600	30300
277	19200	26700
278	22800	30300
279	6600	30300
280	19200	26700
281	12000	19500
282	19200	26700
283	15600	26700
284	19200	26700
285	15600	24900
286	22800	30300
287	12000	19500
288	22800	30300
289	19200	26700
290	19200	26700
291	4800	12300
292	12000	19500
293	22800	30300
294	19200	26700
295	15600	26700
296	22800	30300
297	12000	19500
298	4800	12300
299	15600	26700
300	15600	23100
301	6600	30300
302	22800	30300
303	6600	29700
304	4800	12300
305	8400	19500
306	12000	19500
307	6600	29700
308	4800	12300
309	12000	19500
310	12000	19500
311	6600	30300
312	4800	12300
313	22800	30300
314	6600	30300
315	8400	19500
316	4800	12300
317	8400	19500
318	12000	19500
319	19200	26700
320	6600	30300
321	6600	30300
322	4800	12300
323	22800	30300
324	22800	30300
325	8400	18900
326	4800	12300
327	12000	19500
328	12000	19500
329	15600	23100
330	4800	12300
331	4800	11700
332	22800	30300
333	22800	30300
334	12000	19500
335	15600	26700
336	8400	19500
337	22800	30300
338	12000	19500
339	22800	30300
340	4800	12300
341	12000	19500
342	19200	26700
343	22800	30300
344	4800	12300
345	19200	26700
346	22800	30300
347	15600	26700
348	8400	19500
349	19200	26700
350	22800	30300
351	6600	29700
352	4800	12300
353	6600	30300
354	22800	29640
355	6600	30300
356	22800	30300
357	4800	12300
358	12000	19500
359	15600	23100
360	12000	19500
361	22800	30300
362	6600	30300
363	15600	23100
364	15600	26700
365	6600	30300
366	4800	12300
367	22800	30300
368	8400	19500
369	15600	26700
370	4800	12300
371	6600	29700
372	12000	19500
373	6600	30300
374	12000	19500
375	6600	30300
376	8400	19500
377	22800	30300
378	15600	26700
379	6600	30300
380	12000	19500
381	15600	23100
382	4800	11700
383	4800	11700
384	19200	26700
385	6600	30300
386	15600	26700
387	15600	26100
388	12000	19500
389	4800	11700
390	12000	18900
391	22800	30300
392	8400	19500
393	22800	30300
394	15600	26700
395	12000	19500
396	15600	26700
397	15600	23100
398	15600	26700
399	22800	30300
400	15600	22500
401	22800	29640
402	6600	30300
403	6600	30300
404	6600	30300
405	19200	26700
406	6600	30300
407	22800	30300
408	12000	19500
409	15600	26700
410	12000	19500
411	22800	30300
412	6600	30300
413	22800	30300
414	12000	19500
415	12000	19500
416	22800	30300
417	22800	30300
418	15600	23100
419	12000	19500
420	15600	23100
421	22800	30300
422	6600	29700
423	4800	12300
424	19200	26700
425	19200	26700
426	12000	19500
427	12000	19500
428	12000	19500
429	15600	23100
430	15600	23100
431	12000	19500
432	19200	26700
433	12000	19500
434	15600	26700
435	15600	23100
436	19200	26700
437	19200	26700
438	6600	30300
439	8400	19500
440	19200	26100
441	6600	30300
442	6600	30300
443	12000	19500
444	12000	19500
445	22800	30300
446	22800	30300
447	6600	30300
448	8400	15900
449	15600	23100
450	12000	19500
451	8400	19500
452	22800	29640
453	15600	26700
454	12000	19500
455	22800	30300
456	19200	26700
457	8400	19500
458	15600	26100
459	12000	19500
460	15600	23100
461	8400	15900
462	15600	23100
463	15600	26100
464	22800	30300
465	6600	30300
466	19200	26700
467	22800	30300
468	15600	26100
469	6600	30300
470	22800	30300
471	6600	29700
472	15600	26700
473	19200	26700
474	19200	26700
475	6600	30300
476	8400	15900
477	22800	30300
478	15600	26700
479	19200	26700
480	17400	41100
481	12000	19500
482	6600	30300
483	6600	30300
484	22800	30300
485	15600	23100
486	15600	23100
487	15600	26700
488	6600	30300
489	19200	26700
490	15600	26700
491	8400	19500
492	22800	29640
493	8400	19500
494	12000	19500
495	6600	30300
496	6600	30300
497	12000	19500
498	19200	26700
499	22800	30300
500	12000	19500
501	15600	26700
502	19200	26700
503	19200	26700
504	6600	30300
505	19200	26700
506	22800	30300
507	6600	30300
508	19200	26700
509	12000	19500
510	19200	26700
511	12000	19500
512	6600	30300
513	6600	30300
514	15600	26700
515	19200	26700
516	19200	26700
517	15600	26700
518	22800	30300
519	6600	30300
520	15600	26100
521	12000	19500
522	12000	19500
523	6600	30300
524	6600	30300
525	15600	26700
526	6600	30300
527	12000	19500
528	15600	23100
529	6600	30300
530	15600	26700
531	8400	19500
532	12000	19500
533	19200	26700
534	15600	26700
535	12000	19500
536	12000	19500
537	8400	19500
538	22800	30300
539	19200	26700
540	12000	19500
541	12000	19500
542	19200	26700
543	12000	19500
544	12000	19500
545	22800	30300
546	6600	30300
547	6600	30300
548	6600	30300
549	12000	19500
550	22800	30300
551	12000	19500
552	12000	19500
553	15600	26700
554	6600	30300
555	8400	19500
556	22800	30300
557	19200	26700
558	19200	26700
559	12000	19500
560	19200	26700
561	6600	30300
562	6600	30300
563	8400	19500
564	22800	30300
565	6600	29700
566	6600	30300
567	15600	24900
568	22800	30300
569	19200	26700
570	19200	26700
571	15600	26700
572	15600	26700
573	19200	26700
574	19200	26700
575	15600	26700
576	19200	26700
577	22800	30300
578	19200	26700
579	6600	30300
580	12000	19500
581	19200	26700
582	12000	19500
583	15600	26700
584	6600	30300
585	6600	30300
586	12000	19500
587	15600	26700
588	6600	30300
589	15600	26700
590	12000	19500
591	6600	30300
592	22800	30300
593	19200	26700
594	6600	29700
595	12000	19500
596	6600	30300
597	22800	30300
598	6600	30300
599	6600	30300
600	8400	19500
601	15600	26700
602	22800	30300
603	15600	22500
604	12000	19500
605	12000	19500
606	12000	19500
607	12000	19500
608	19200	26700
609	12000	19500
610	22800	30300
611	15600	26700
612	8400	19500
613	15600	26700
614	6600	29700
615	6600	30300
616	6600	30300
617	6600	30300
618	15600	26700
619	19200	26700
620	12000	19500
621	12000	19500
622	6600	30300
623	19200	26700
624	12000	19500
625	12000	19500
626	15600	23100
627	22800	30300
628	6600	30300
629	12000	19500
630	19200	26700
631	6600	30300
632	6600	30300
633	15600	26700
634	19200	26700
635	6600	30300
636	22800	30300
637	8400	19500
638	6600	30300
639	6600	30300
640	6600	30300
641	6600	30300
642	22800	30300
643	6600	30300
644	19200	26700
645	6600	30300
646	15600	26700
647	15600	26700
648	6600	30300
649	19200	26700
650	15600	26700
651	12000	19500
652	19200	26700
653	8400	19500
654	22800	30300
655	19200	26700
656	12000	19500
657	6600	30300
658	12000	19500
659	6600	30300
660	6600	30300
661	15600	26700
662	22800	30300
663	22800	30300
664	8400	19500
665	19200	26100
666	12000	19500
667	12000	19500
668	15600	26700
669	6600	30300
670	8400	18900
671	22800	30300
672	19200	26700
673	15600	26700
674	22800	30300
675	22800	30300
676	6600	30300
677	19200	26700
678	22800	30300
679	12000	19500
680	12000	19500
681	22800	30300
682	12000	19500
683	22800	30300
684	22800	30300
685	19200	26100
686	6600	30300
687	15600	26700
688	8400	19500
689	22800	30300
690	12000	19500
691	6600	29700
692	12000	19500
693	12000	19500
694	15600	26100
695	22800	30300
696	12000	19500
697	15600	26700
698	22800	30300
699	19200	26700
700	12000	19500
701	6600	30300
702	19200	26700
703	22800	30300
704	12000	19500
705	12000	19500
706	6600	30300
707	8400	19500
708	19200	26700
709	8400	19500
710	12000	19500
711	6600	29700
712	15600	26700
713	6600	30300
714	22800	30300
715	19200	26700
716	8400	19500
717	6600	30300
718	15600	23100
719	22800	30300
720	19200	26700
721	6600	30300
722	19200	26700
723	15600	26700
724	19200	26700
725	8400	19500
726	6600	30300
727	22800	30300
728	19200	26700
729	15600	23100
730	15600	23100
731	19200	26700
732	12000	19500
733	8400	19500
734	15600	26700
735	6600	30300
736	8400	19500
737	8400	19500
738	12000	19500
739	22800	30300
740	12000	19500
741	12000	19500
742	12000	19500
743	8400	18900
744	22800	30300
745	22800	30300
746	12000	19500
747	19200	26700
748	12000	19500
749	19200	26700
750	19200	26700
751	19200	26700
752	22800	30300
753	22800	30300
754	6600	30300
755	22800	30300
756	22800	30300
757	8400	19500
758	6600	30300
759	22800	30300
760	19200	26700
761	6600	30300
762	19200	26700
763	22800	30300
764	6600	30300
765	19200	26700
766	19200	26700
767	19200	26700
768	19200	26700
769	22800	30300
770	22800	30300
771	22800	30300
772	15600	26700
773	19200	26700
774	22800	30300
775	22800	30300
776	15600	26700
777	19200	26700
778	22800	30300
779	19200	26700
780	19200	26100
781	15600	26700
782	6600	30300
783	22800	30300
784	6600	30300
785	6600	30300
786	19200	26700
787	6600	30300
788	19200	26700
789	6600	30300
790	15600	26700
791	6600	30300
792	6600	29700
793	19200	26700
794	6600	30300
795	22800	30300
796	22800	30300
797	15600	23100
798	22800	30300
799	15600	24900
800	15600	26700
801	12000	19500
802	15600	26700
803	15600	26700
804	15600	26700
805	12000	19500
806	19200	26700
807	6600	30300
808	19200	26700
809	22800	30300
810	6600	30300
811	19200	26700
812	22800	30300
813	22800	30300
814	15600	26700
815	22800	30300
816	15600	26700
817	19200	26700
818	6600	30300
819	19200	26700
820	19200	26100
821	19200	26700
822	6600	30300
823	19200	26700
824	15600	26700
825	15600	23100
826	22800	30300
827	19200	26700
828	19200	26700
829	22800	30300
830	6600	30300
831	22800	30300
832	15600	26700
833	6600	29700
834	15600	26700
835	19200	26700
836	19200	26700
837	22800	30300
838	15600	26700
839	6600	30300
840	22800	30300
841	15600	23100
842	19200	26700
843	15600	23100
844	6600	30300
845	22800	30300
846	6600	30300
847	22800	30300
848	6600	30300
849	15600	23100
850	6600	30300
851	22800	30300
852	6600	30300
853	15600	26700
854	6600	29700
855	15600	26700
856	15600	26700
857	22800	30300
858	6600	30300
859	6600	30300
860	19200	26700
861	6600	30300
862	19200	26700
863	6600	30300
864	15600	26700
865	6600	29700
866	6600	30300
867	22800	30300
868	22800	30300
869	15600	24900
870	22800	30300
871	6600	30300
872	6600	30300
873	22800	30300
874	22800	30300
875	6600	30300
876	22800	30300
877	6600	30300
878	22800	30300
879	22800	30300
880	22800	30300
881	15600	26700
882	6600	30300
883	15600	23100
884	6600	30300
885	22800	30300
886	22800	30300
887	6600	30300
888	22800	30300
889	22800	30300
890	19200	26700
891	22800	30300
892	22800	30300
893	22800	30300
894	22800	30300
895	22800	30300
896	6600	30300
897	22800	30300
898	22800	30300
899	22800	30300
900	19200	26700
901	15600	26700
902	19200	26700
903	22800	30300
904	19200	26700
905	19200	26700
906	22800	30300
907	22800	30300
908	19200	26700
909	19200	26700
910	19200	26700
911	15600	26700
912	6600	29700
913	22800	30300
914	19200	26700
915	22800	30300
916	22800	30300
917	15600	23100
918	6600	30300
919	15600	26700
920	6600	30300
921	6600	30300
922	22800	30300
923	22800	30300
924	19200	26700
925	15600	26700
926	6600	30300
927	15600	26100
928	22800	30300
929	6600	30300
930	19200	26700
931	6600	30300
RELEASE_TIME_SECTION
1	0
2	3600
3	3600
4	3600
5	3600
6	3600
7	3600
8	3600
9	3600
10	3600
11	3600
12	3600
13	3600
14	3600
15	3600
16	3600
17	3600
18	3600
19	3600
20	3600
21	3600
22	3600
23	3600
24	3600
25	3600
26	3600
27	3600
28	3600
29	3600
30	3600
31	3600
32	3600
33	3600
34	3600
35	3600
36	3600
37	3600
38	3600
39	3600
40	3600
41	3600
42	3600
43	3600
44	3600
45	3600
46	3600
47	3600
48	3600
49	3600
50	3600
51	3600
52	3600
53	3600
54	3600
55	3600
56	3600
57	3600
58	3600
59	3600
60	3600
61	3600
62	3600
63	3600
64	3600
65	3600
66	3600
67	3600
68	3600
69	3600
70	3600
71	3600
72	3600
73	3600
74	3600
75	3600
76	3600
77	3600
78	3600
79	3600
80	3600
81	3600
82	3600
83	3600
84	3600
85	3600
86	3600
87	3600
88	3600
89	3600
90	3600
91	3600
92	3600
93	3600
94	3600
95	3600
96	3600
97	3600
98	3600
99	3600
100	3600
101	3600
102	5400
103	5400
104	5400
105	5400
106	5400
107	5400
108	5400
109	5400
110	5400
111	5400
112	5400
113	5400
114	5400
115	5400
116	5400
117	5400
118	5400
119	5400
120	5400
121	5400
122	5400
123	5400
124	5400
125	5400
126	5400
127	5400
128	5400
129	5400
130	5400
131	5400
132	5400
133	5400
134	5400
135	5400
136	5400
137	5400
138	5400
139	5400
140	5400
141	5400
142	5400
143	5400
144	5400
145	5400
146	5400
147	5400
148	5400
149	5400
150	5400
151	5400
152	5400
153	5400
154	5400
155	5400
156	5400
157	5400
158	5400
159	5400
160	5400
161	5400
162	5400
163	5400
164	5400
165	5400
166	5400
167	5400
168	5400
169	5400
170	5400
171	5400
172	5400
173	5400
174	5400
175	5400
176	5400
177	5400
178	5400
179	5400
180	5400
181	5400
182	5400
183	5400
184	5400
185	5400
186	5400
187	5400
188	5400
189	5400
190	5400
191	5400
192	5400
193	5400
194	5400
195	5400
196	5400
197	5400
198	5400
199	5400
200	5400
201	5400
202	7200
203	7200
204	7200
205	7200
206	7200
207	7200
208	7200
209	7200
210	7200
211	7200
212	7200
213	7200
214	7200
215	7200
216	7200
217	7200
218	7200
219	7200
220	7200
221	7200
222	7200
223	7200
224	7200
225	7200
226	7200
227	7200
228	7200
229	7200
230	7200
231	7200
232	7200
233	7200
234	7200
235	7200
236	7200
237	7200
238	7200
239	7200
240	7200
241	7200
242	7200
243	7200
244	7200
245	7200
246	7200
247	7200
248	7200
249	7200
250	7200
251	7200
252	7200
253	7200
254	7200
255	7200
256	7200
257	7200
258	7200
259	7200
260	7200
261	7200
262	7200
263	7200
264	7200
265	7200
266	7200
267	7200
268	7200
269	7200
270	7200
271	7200
272	7200
273	7200
274	7200
275	7200
276	7200
277	7200
278	7200
279	7200
280	7200
281	7200
282	7200
283	7200
284	7200
285	7200
286	7200
287	7200
288	7200
289	7200
290	7200
291	7200
292	7200
293	7200
294	7200
295	7200
296	7200
297	7200
298	7200
299	7200
300	7200
301	7200
302	9000
303	9000
304	9000
305	9000
306	9000
307	9000
308	9000
309	9000
310	9000
311	9000
312	9000
313	9000
314	9000
315	9000
316	9000
317	9000
318	9000
319	9000
320	9000
321	9000
322	9000
323	9000
324	9000
325	9000
326	9000
327	9000
328	9000
329	9000
330	9000
331	9000
332	9000
333	9000
334	9000
335	9000
336	9000
337	9000
338	9000
339	9000
340	9000
341	9000
342	9000
343	9000
344	9000
345	9000
346	9000
347	9000
348	9000
349	9000
350	9000
351	9000
352	9000
353	9000
354	9000
355	9000
356	9000
357	9000
358	9000
359	9000
360	9000
361	9000
362	9000
363	9000
364	9000
365	9000
366	9000
367	9000
368	9000
369	9000
370	9000
371	9000
372	9000
373	9000
374	9000
375	9000
376	9000
377	9000
378	9000
379	9000
380	9000
381	9000
382	9000
383	9000
384	9000
385	9000
386	9000
387	9000
388	9000
389	9000
390	9000
391	9000
392	9000
393	9000
394	9000
395	9000
396	9000
397	9000
398	9000
399	10800
400	10800
401	10800
402	10800
403	10800
404	10800
405	10800
406	10800
407	10800
408	10800
409	10800
410	10800
411	10800
412	10800
413	10800
414	10800
415	10800
416	10800
417	10800
418	10800
419	10800
420	10800
421	10800
422	10800
423	10800
424	10800
425	10800
426	10800
427	10800
428	10800
429	10800
430	10800
431	10800
432	10800
433	10800
434	10800
435	10800
436	10800
437	10800
438	10800
439	10800
440	10800
441	10800
442	10800
443	10800
444	10800
445	10800
446	10800
447	10800
448	10800
449	10800
450	10800
451	10800
452	10800
453	10800
454	10800
455	10800
456	10800
457	10800
458	10800
459	10800
460	10800
461	10800
462	10800
463	10800
464	10800
465	10800
466	10800
467	10800
468	10800
469	10800
470	10800
471	10800
472	10800
473	10800
474	10800
475	10800
476	10800
477	10800
478	10800
479	10800
480	10800
481	10800
482	10800
483	10800
484	10800
485	10800
486	12600
487	12600
488	12600
489	12600
490	12600
491	12600
492	12600
493	12600
494	12600
495	12600
496	12600
497	12600
498	12600
499	12600
500	12600
501	12600
502	12600
503	12600
504	12600
505	12600
506	12600
507	12600
508	12600
509	12600
510	12600
511	12600
512	12600
513	12600
514	12600
515	12600
516	12600
517	12600
518	12600
519	12600
520	12600
521	12600
522	12600
523	12600
524	12600
525	12600
526	12600
527	12600
528	12600
529	12600
530	12600
531	12600
532	12600
533	12600
534	12600
535	12600
536	12600
537	12600
538	12600
539	12600
540	12600
541	12600
542	12600
543	12600
544	12600
545	12600
546	12600
547	12600
548	12600
549	12600
550	12600
551	12600
552	12600
553	12600
554	12600
555	12600
556	12600
557	12600
558	12600
559	12600
560	12600
561	12600
562	12600
563	12600
564	12600
565	12600
566	12600
567	12600
568	12600
569	12600
570	12600
571	12600
572	12600
573	12600
574	12600
575	12600
576	12600
577	14400
578	14400
579	14400
580	14400
581	14400
582	14400
583	14400
584	14400
585	14400
586	14400
587	14400
588	14400
589	14400
590	14400
591	14400
592	14400
593	14400
594	14400
595	14400
596	14400
597	14400
598	14400
599	14400
600	14400
601	14400
602	14400
603	14400
604	14400
605	14400
606	14400
607	14400
608	14400
609	14400
610	14400
611	14400
612	14400
613	14400
614	14400
615	14400
616	14400
617	14400
618	14400
619	14400
620	14400
621	14400
622	14400
623	14400
624	14400
625	14400
626	14400
627	14400
628	14400
629	14400
630	14400
631	14400
632	14400
633	14400
634	14400
635	14400
636	14400
637	14400
638	14400
639	14400
640	14400
641	14400
642	14400
643	14400
644	14400
645	14400
646	14400
647	14400
648	14400
649	14400
650	14400
651	14400
652	14400
653	14400
654	14400
655	14400
656	14400
657	14400
658	14400
659	14400
660	14400
661	14400
662	14400
663	14400
664	16200
665	16200
666	16200
667	16200
668	16200
669	16200
670	16200
671	16200
672	16200
673	16200
674	16200
675	16200
676	16200
677	16200
678	16200
679	16200
680	16200
681	16200
682	16200
683	16200
684	16200
685	16200
686	16200
687	16200
688	16200
689	16200
690	16200
691	16200
692	16200
693	16200
694	16200
695	16200
696	16200
697	16200
698	16200
699	16200
700	16200
701	16200
702	16200
703	16200
704	16200
705	16200
706	16200
707	16200
708	16200
709	16200
710	16200
711	16200
712	16200
713	16200
714	16200
715	16200
716	16200
717	16200
718	16200
719	16200
720	16200
721	16200
722	16200
723	16200
724	16200
725	16200
726	16200
727	16200
728	16200
729	16200
730	16200
731	16200
732	16200
733	16200
734	16200
735	16200
736	16200
737	16200
738	16200
739	16200
740	16200
741	16200
742	16200
743	16200
744	16200
745	16200
746	16200
747	16200
748	16200
749	16200
750	18000
751	18000
752	18000
753	18000
754	18000
755	18000
756	18000
757	18000
758	18000
759	18000
760	18000
761	18000
762	18000
763	18000
764	18000
765	18000
766	18000
767	18000
768	18000
769	18000
770	18000
771	18000
772	18000
773	18000
774	18000
775	18000
776	18000
777	18000
778	18000
779	18000
780	18000
781	18000
782	18000
783	18000
784	18000
785	18000
786	18000
787	18000
788	18000
789	18000
790	18000
791	18000
792	18000
793	18000
794	18000
795	18000
796	18000
797	18000
798	18000
799	18000
800	18000
801	18000
802	18000
803	18000
804	18000
805	18000
806	18000
807	18000
808	18000
809	18000
810	18000
811	18000
812	18000
813	19800
814	19800
815	19800
816	19800
817	19800
818	19800
819	19800
820	19800
821	19800
822	19800
823	19800
824	19800
825	19800
826	19800
827	19800
828	19800
829	19800
830	19800
831	19800
832	19800
833	19800
834	19800
835	19800
836	19800
837	19800
838	19800
839	19800
840	19800
841	19800
842	19800
843	19800
844	19800
845	19800
846	19800
847	19800
848	19800
849	19800
850	19800
851	19800
852	19800
853	19800
854	19800
855	19800
856	19800
857	19800
858	19800
859	19800
860	19800
861	19800
862	19800
863	19800
864	19800
865	19800
866	19800
867	19800
868	19800
869	19800
870	19800
871	19800
872	19800
873	19800
874	19800
875	19800
876	21600
877	21600
878	21600
879	21600
880	21600
881	21600
882	21600
883	21600
884	21600
885	21600
886	21600
887	21600
888	21600
889	21600
890	21600
891	21600
892	21600
893	21600
894	21600
895	21600
896	21600
897	21600
898	21600
899	21600
900	21600
901	21600
902	21600
903	21600
904	21600
905	21600
906	21600
907	21600
908	21600
909	21600
910	21600
911	21600
912	21600
913	21600
914	21600
915	21600
916	21600
917	21600
918	21600
919	21600
920	21600
921	21600
922	21600
923	21600
924	21600
925	21600
926	21600
927	21600
928	21600
929	21600
930	21600
931	21600
EOF
