NAME : ORTEC-VRPTW-ASYM-c0f56186-d1-n907
TYPE : VRPTW-RT
DIMENSION : 908
EDGE_WEIGHT_TYPE : EUC_2D
CAPACITY : 135
NODE_COORD_SECTION
1	4728	1556
2	5603	1038
3	6669	1501
4	5177	1669
5	5414	1865
6	6461	1436
7	4191	1109
8	6064	1463
9	5626	1469
10	8514	797
11	5201	1001
12	2666	1272
13	2739	1367
14	6157	2173
15	3629	541
16	6296	648
17	4366	2031
18	7118	1421
19	4929	1107
20	4733	1799
21	2556	1563
22	5159	915
23	2550	1373
24	2712	1380
25	7390	1335
26	7452	1544
27	4835	1263
28	8558	1759
29	4983	2110
30	4106	328
31	4366	2031
32	5780	806
33	8514	797
34	4817	2208
35	6581	953
36	4590	701
37	5230	1818
38	6640	1408
39	6898	1633
40	2934	1832
41	6705	1493
42	6996	1275
43	3991	384
44	7475	1806
45	7346	2040
46	7522	1217
47	2712	1380
48	6868	1383
49	6329	1459
50	6900	2251
51	6995	1339
52	4106	328
53	7391	1941
54	6757	1457
55	7256	1111
56	7920	686
57	7712	1384
58	5464	1924
59	4910	1682
60	5029	2047
61	2666	1272
62	5468	842
63	4883	535
64	4896	621
65	6178	2236
66	4025	637
67	3894	257
68	6557	1424
69	6441	1948
70	4430	1208
71	6868	1383
72	6565	1401
73	6385	1573
74	6539	1577
75	7052	1388
76	4518	1832
77	5920	1677
78	5961	1401
79	2556	1563
80	6484	1558
81	5914	2100
82	6805	1452
83	4621	2091
84	2741	1294
85	6856	1728
86	2270	1675
87	6865	1394
88	6157	2173
89	6761	1926
90	6986	1571
91	4791	414
92	6498	1447
93	4916	1599
94	5176	1019
95	4537	1411
96	6729	1924
97	2254	1506
98	5084	307
99	4368	2014
100	6468	1303
101	4786	1900
102	4666	1374
103	6447	979
104	3781	1523
105	3469	1676
106	8038	1996
107	6805	1452
108	2705	1714
109	5408	1710
110	5843	1237
111	6557	1424
112	3903	1645
113	4804	2006
114	4810	1122
115	2806	1435
116	7739	2105
117	5961	1401
118	5919	1601
119	6286	2135
120	8558	1759
121	4558	1728
122	7030	1781
123	5483	1637
124	2742	1398
125	6576	2036
126	4791	1668
127	5545	1635
128	4412	1986
129	6270	1170
130	6497	1416
131	7739	2105
132	6761	2129
133	3800	1401
134	6392	2177
135	5604	679
136	6334	1537
137	5603	1755
138	6836	1360
139	2739	1367
140	3894	257
141	6638	1326
142	5612	1879
143	7605	1287
144	5159	915
145	4870	2372
146	6865	1394
147	5961	1401
148	6822	2260
149	7412	806
150	6824	1466
151	4789	1745
152	6805	1452
153	7236	1147
154	6627	1999
155	6681	1654
156	6933	1633
157	4537	2276
158	7833	1434
159	5222	750
160	5914	2100
161	6761	2129
162	3862	503
163	4662	1931
164	4786	414
165	6757	1457
166	4558	1728
167	6717	1481
168	4910	1682
169	2489	1639
170	4196	92
171	4339	2071
172	6785	1964
173	6557	1424
174	5176	1019
175	6512	1097
176	4950	1535
177	3342	1754
178	6546	734
179	5735	1685
180	6520	2274
181	6305	1305
182	6157	2173
183	2793	1440
184	2741	1294
185	2806	1435
186	7730	1860
187	6004	1754
188	2645	1539
189	2934	1832
190	4786	1900
191	5201	1001
192	6160	1756
193	4804	2006
194	4106	328
195	4655	1892
196	7052	1388
197	2739	1367
198	6608	1395
199	6216	1598
200	7195	1267
201	4893	1630
202	4748	1721
203	6823	1536
204	7411	1380
205	2784	1406
206	6627	1999
207	5573	847
208	4020	399
209	7475	1806
210	2556	1563
211	7853	1687
212	4875	553
213	3944	525
214	6521	867
215	7737	1202
216	7173	1226
217	4960	1471
218	6672	1386
219	4849	435
220	4917	376
221	6361	2184
222	5687	1640
223	6490	2046
224	6796	1432
225	4366	1891
226	4727	1487
227	7712	1384
228	6186	1944
229	5862	1725
230	2695	1544
231	6432	2146
232	3812	228
233	4830	766
234	5159	915
235	5657	1562
236	3862	503
237	5920	1677
238	6367	1464
239	7118	1421
240	3658	1084
241	4919	709
242	5573	847
243	6480	2173
244	7611	1474
245	4537	1411
246	5414	1865
247	5687	1640
248	4479	510
249	7084	1609
250	7171	2138
251	6557	1424
252	6157	2173
253	6186	1944
254	5028	1090
255	6805	1452
256	4999	917
257	6986	1571
258	4786	1900
259	5663	914
260	7368	1739
261	6843	1600
262	8514	797
263	6646	1777
264	6743	1772
265	5648	1708
266	4558	1728
267	7011	1544
268	6761	2129
269	6361	2184
270	7457	764
271	6398	1936
272	4296	1504
273	5637	1274
274	6574	1308
275	6460	1512
276	6796	1432
277	5442	1634
278	6757	1457
279	3751	293
280	6157	2173
281	7011	1544
282	5843	1510
283	6511	1721
284	8514	797
285	5408	1710
286	7173	1226
287	6296	648
288	5028	1090
289	2712	1380
290	6484	1558
291	7739	2105
292	5468	842
293	5604	679
294	7052	1388
295	5822	1760
296	6305	1805
297	6270	1170
298	6900	2251
299	6761	2129
300	7417	1687
301	2254	1506
302	6990	1934
303	6129	1531
304	2270	1675
305	2806	1435
306	4993	1553
307	7346	2040
308	5598	1442
309	4366	1891
310	4883	535
311	4672	2200
312	6361	2184
313	6178	2236
314	4762	604
315	6432	2146
316	2695	1544
317	5468	842
318	6990	1934
319	5379	1948
320	2793	1440
321	5559	1780
322	6705	1493
323	6468	1303
324	7607	1512
325	6043	1501
326	6822	2260
327	5763	1492
328	8944	1064
329	6843	1600
330	4789	1745
331	6468	1303
332	5153	1833
333	4412	1986
334	5862	1725
335	6334	1537
336	6642	1156
337	3124	1519
338	6785	1964
339	6951	2151
340	7162	1398
341	2695	1544
342	6530	1626
343	6799	1932
344	4840	733
345	7254	1425
346	8068	1352
347	4785	853
348	5464	1924
349	5884	1586
350	7490	1021
351	4537	2276
352	6091	1325
353	4883	535
354	7334	1868
355	4919	709
356	2739	1367
357	7605	1287
358	5612	1879
359	7187	1831
360	5084	307
361	7011	1245
362	7118	1421
363	2784	1406
364	6900	2251
365	4786	414
366	9117	1242
367	2383	1276
368	6608	1395
369	5913	1585
370	4870	2372
371	6398	1936
372	3832	469
373	6868	1383
374	6296	648
375	3778	114
376	7368	1739
377	6647	1707
378	6672	1386
379	6502	1877
380	4950	1535
381	6347	1524
382	5501	1099
383	7383	1508
384	6129	1531
385	3842	2254
386	5370	1003
387	3812	228
388	7383	1508
389	6733	1628
390	6631	994
391	4804	2006
392	5379	1948
393	4296	1504
394	7452	1544
395	3469	1676
396	5029	2047
397	7030	1781
398	4883	535
399	6565	1401
400	7611	1474
401	4727	1487
402	6302	1276
403	7093	1186
404	5479	1543
405	3342	1754
406	4883	535
407	5173	1925
408	5644	1634
409	6064	1463
410	6717	1481
411	5464	1924
412	6498	1447
413	3751	293
414	4307	2389
415	6160	1756
416	4899	1538
417	6393	1809
418	6129	1531
419	5201	1001
420	2772	1588
421	4402	2077
422	4747	1940
423	4960	1471
424	6045	1767
425	5004	558
426	4931	683
427	6091	1630
428	9100	982
429	4789	1745
430	3787	283
431	5233	889
432	5913	1585
433	6608	1395
434	5933	1412
435	4941	1572
436	6635	1495
437	6539	1577
438	7084	1609
439	7643	1714
440	4672	2200
441	4079	339
442	4916	1599
443	5326	1414
444	5919	1601
445	6824	1466
446	6436	1509
447	6822	2260
448	6757	1457
449	4127	261
450	5004	558
451	5286	1717
452	6996	1275
453	6313	1491
454	5071	421
455	2934	1832
456	4603	1055
457	5414	1789
458	4196	92
459	4983	2110
460	7390	1335
461	6893	1310
462	6447	979
463	5830	1753
464	4098	532
465	4747	1940
466	5375	2011
467	6436	1509
468	6416	1369
469	6091	1325
470	5302	1818
471	6638	1326
472	8980	1176
473	6316	1671
474	7195	1267
475	4182	1908
476	10066	1374
477	6160	1756
478	6524	1010
479	6773	1365
480	2977	1564
481	3342	1754
482	6591	1820
483	5559	1780
484	3629	541
485	7187	1831
486	6355	999
487	6681	1654
488	6173	1046
489	4430	1208
490	6642	1156
491	6416	1369
492	6520	1648
493	4428	1505
494	6681	1654
495	6618	1713
496	6942	942
497	6436	1509
498	4804	2006
499	5302	1818
500	5603	1038
501	3629	541
502	4036	400
503	5656	1500
504	5084	307
505	4036	400
506	7737	1202
507	6329	1459
508	9100	982
509	7107	892
510	4191	1109
511	5479	1543
512	2011	1432
513	7358	1222
514	2793	1440
515	4097	355
516	6064	1463
517	6863	2113
518	7307	1500
519	2487	1755
520	6572	1529
521	5573	847
522	6608	1432
523	6773	1365
524	4731	995
525	6270	1170
526	4786	414
527	6436	1509
528	4923	2302
529	7412	806
530	5122	627
531	6886	840
532	5468	842
533	5379	1948
534	5763	1492
535	4791	414
536	4430	1208
537	3894	257
538	4027	1442
539	6447	979
540	6520	2274
541	7522	1217
542	4904	1776
543	7390	1335
544	2752	1573
545	2793	1440
546	6796	1432
547	6717	1481
548	6520	2274
549	7756	2020
550	5464	1924
551	5790	1571
552	6900	2251
553	6461	1436
554	4929	1107
555	4733	1799
556	3812	228
557	6237	1908
558	3894	257
559	6441	853
560	5049	1732
561	4191	1109
562	7084	1609
563	5411	1801
564	6865	1394
565	6355	999
566	4733	1799
567	4853	1575
568	6525	2056
569	2666	1272
570	8980	1176
571	6647	1707
572	4840	733
573	6699	1636
574	5663	914
575	4672	2200
576	7368	1739
577	6608	1432
578	6461	1436
579	7173	1226
580	4817	2208
581	7055	1446
582	6761	2129
583	4785	853
584	4875	553
585	3629	541
586	4899	1538
587	2695	1544
588	6415	1820
589	4804	2006
590	6843	1600
591	6976	2100
592	4200	533
593	4968	1977
594	6733	1628
595	4899	1538
596	6964	1259
597	6520	1648
598	6826	1608
599	8944	1064
600	6428	2109
601	5173	1925
602	9328	1320
603	6422	2020
604	8558	1759
605	6769	1897
606	6758	1412
607	6490	2046
608	6461	1436
609	4537	2276
610	4817	2208
611	2946	1826
612	8068	1352
613	6761	2129
614	4559	2150
615	8968	1033
616	5414	1865
617	4840	733
618	7011	1544
619	6305	1305
620	5233	889
621	6836	1360
622	4893	1630
623	6476	1478
624	7853	1687
625	2254	1506
626	4875	1685
627	3469	1676
628	7412	806
629	7178	1670
630	7833	1764
631	6436	1509
632	6071	1509
633	2108	1387
634	5703	1841
635	5843	1510
636	6520	1781
637	6316	1671
638	6761	2129
639	7737	1202
640	5414	1865
641	5005	1452
642	3740	632
643	6574	1308
644	6045	1767
645	6539	1577
646	6758	1412
647	6964	1259
648	6415	1820
649	6484	1558
650	4665	975
651	7234	1425
652	3925	1801
653	6391	1359
654	4191	1109
655	2020	1644
656	6432	2146
657	6267	1031
658	6064	1463
659	4666	1374
660	5604	679
661	6004	1754
662	5414	1789
663	6574	1308
664	6091	1630
665	5414	1789
666	6717	1481
667	6060	1194
668	3790	1790
669	7737	1202
670	4217	552
671	5843	1237
672	2409	1249
673	6986	1571
674	6986	1571
675	7730	1860
676	2820	1888
677	5122	627
678	7478	827
679	6822	2260
680	5920	1677
681	4762	604
682	7490	1021
683	3787	283
684	6581	953
685	2270	1675
686	2666	1272
687	5914	2100
688	6361	2184
689	4182	1908
690	4993	1553
691	6769	1897
692	4748	1721
693	6043	1501
694	6520	1781
695	7457	764
696	6355	999
697	6468	1506
698	4791	1668
699	5479	1543
700	7853	1687
701	6729	1924
702	6447	979
703	5056	1873
704	7307	1500
705	4866	412
706	6186	1944
707	5479	1543
708	5598	1442
709	2820	1888
710	2487	1755
711	5071	421
712	5780	806
713	6986	1571
714	4537	1411
715	3751	293
716	6060	1194
717	7390	1335
718	6416	1369
719	4590	701
720	5479	1543
721	6136	2200
722	4127	233
723	5468	842
724	4941	1572
725	7459	1270
726	6863	2113
727	5843	1237
728	7475	1806
729	3127	1856
730	5637	1274
731	6313	1491
732	4917	376
733	6484	1558
734	3778	114
735	5028	1885
736	4412	1986
737	4916	1599
738	6796	1432
739	6484	1558
740	5603	1755
741	4558	1728
742	6769	1897
743	6990	1934
744	4559	2150
745	4182	1908
746	7011	1245
747	3860	1656
748	5190	1386
749	4430	1208
750	2550	1373
751	6796	1432
752	7725	787
753	4950	1535
754	5687	1640
755	6391	1359
756	4983	2110
757	4840	733
758	5583	1482
759	6608	1432
760	6836	1360
761	4983	2110
762	6480	2173
763	6565	955
764	7383	1508
765	5843	1237
766	4987	1088
767	2712	1380
768	7368	1739
769	3658	1084
770	5176	1019
771	6091	1630
772	4304	1861
773	4904	1776
774	5286	1717
775	4875	553
776	6073	1654
777	4304	1861
778	5037	323
779	6729	1924
780	6572	1529
781	4791	1668
782	3862	503
783	6750	921
784	4849	435
785	3658	1084
786	6043	1501
787	6920	1449
788	7195	1267
789	6347	1524
790	6428	2109
791	6647	1707
792	5004	558
793	5822	1760
794	6302	1276
795	6237	1908
796	6313	1491
797	5261	1639
798	6721	1717
799	5004	558
800	6565	955
801	5037	323
802	6640	1408
803	4590	701
804	6361	2184
805	5933	1412
806	7475	1806
807	6398	1936
808	5176	1019
809	6799	1932
810	4916	1599
811	4590	701
812	7052	1388
813	6742	1441
814	4208	83
815	4950	1535
816	7003	1899
817	3894	257
818	9536	1051
819	7725	787
820	6640	1408
821	6432	2539
822	4621	2091
823	5326	1414
824	6640	1408
825	2108	1387
826	6432	2539
827	5862	1725
828	5603	1038
829	6432	2539
830	5612	1879
831	4835	1263
832	7737	1202
833	4776	901
834	6468	1506
835	2793	1440
836	5005	1452
837	2977	1564
838	4208	83
839	4191	1109
840	5789	2154
841	2666	1272
842	6823	1536
843	7388	1320
844	6990	1934
845	2739	1367
846	6701	2357
847	4853	1575
848	6432	2539
849	5488	1326
850	6893	1310
851	6823	1536
852	6893	1310
853	4919	709
854	6546	734
855	5627	1748
856	5596	1897
857	5603	1517
858	7411	1380
859	2870	1649
860	6843	1600
861	7162	1398
862	4986	802
863	6129	1531
864	7093	1186
865	4664	545
866	4904	1776
867	6316	1671
868	5604	679
869	6387	1284
870	6632	1545
871	7236	1147
872	6071	1509
873	6441	1948
874	3903	1645
875	4815	1815
876	5414	1789
877	3894	257
878	2739	1367
879	4430	1208
880	7605	1287
881	6060	1194
882	4368	2014
883	6432	2146
884	6608	1395
885	6701	2357
886	4590	701
887	4558	1728
888	6502	1877
889	6886	840
890	5177	1669
891	4346	1727
892	6701	2357
893	3740	632
894	5780	806
895	6329	2086
896	7011	1245
897	7490	1021
898	6737	1293
899	6461	1436
900	4950	1535
901	6512	1097
902	6071	1509
903	5862	1725
904	6468	1303
905	6933	1633
906	5790	1571
907	7171	2138
908	6900	2251
DEMAND_SECTION
1	0
2	8
3	7
4	6
5	7
6	8
7	11
8	6
9	11
10	6
11	7
12	4
13	6
14	7
15	4
16	6
17	4
18	4
19	5
20	5
21	8
22	5
23	4
24	3
25	5
26	4
27	3
28	7
29	4
30	7
31	5
32	6
33	11
34	6
35	5
36	8
37	6
38	4
39	5
40	9
41	6
42	6
43	7
44	5
45	7
46	7
47	3
48	7
49	7
50	4
51	4
52	8
53	6
54	4
55	4
56	8
57	5
58	5
59	5
60	5
61	10
62	11
63	6
64	6
65	9
66	5
67	6
68	6
69	5
70	7
71	10
72	10
73	4
74	9
75	7
76	4
77	5
78	4
79	4
80	4
81	13
82	4
83	7
84	7
85	3
86	12
87	10
88	8
89	10
90	7
91	4
92	5
93	4
94	6
95	8
96	3
97	8
98	9
99	5
100	7
101	3
102	6
103	6
104	6
105	4
106	6
107	5
108	7
109	5
110	5
111	8
112	7
113	5
114	4
115	6
116	4
117	6
118	11
119	6
120	11
121	8
122	4
123	6
124	6
125	4
126	3
127	3
128	7
129	6
130	3
131	6
132	4
133	8
134	6
135	3
136	12
137	11
138	6
139	8
140	8
141	8
142	6
143	5
144	3
145	5
146	4
147	6
148	4
149	6
150	10
151	4
152	7
153	6
154	6
155	7
156	3
157	9
158	11
159	9
160	3
161	5
162	9
163	9
164	4
165	6
166	4
167	11
168	6
169	6
170	6
171	6
172	6
173	4
174	3
175	7
176	5
177	6
178	6
179	11
180	10
181	7
182	4
183	5
184	5
185	5
186	11
187	4
188	6
189	7
190	6
191	15
192	3
193	9
194	15
195	6
196	7
197	4
198	4
199	6
200	6
201	4
202	9
203	4
204	6
205	5
206	4
207	6
208	7
209	7
210	4
211	5
212	4
213	5
214	7
215	5
216	4
217	6
218	5
219	6
220	7
221	6
222	8
223	6
224	8
225	5
226	4
227	12
228	3
229	8
230	5
231	4
232	9
233	7
234	5
235	6
236	7
237	6
238	4
239	5
240	10
241	5
242	9
243	6
244	4
245	4
246	7
247	20
248	5
249	5
250	6
251	3
252	4
253	5
254	3
255	4
256	4
257	3
258	5
259	4
260	5
261	5
262	5
263	8
264	4
265	6
266	6
267	3
268	4
269	4
270	34
271	3
272	5
273	6
274	9
275	7
276	8
277	11
278	5
279	7
280	6
281	34
282	5
283	6
284	3
285	4
286	9
287	5
288	4
289	3
290	4
291	6
292	6
293	6
294	9
295	6
296	5
297	8
298	8
299	4
300	33
301	18
302	6
303	5
304	4
305	7
306	3
307	11
308	5
309	6
310	5
311	6
312	6
313	5
314	5
315	9
316	6
317	18
318	7
319	5
320	11
321	3
322	6
323	4
324	8
325	3
326	5
327	4
328	5
329	7
330	3
331	4
332	6
333	9
334	5
335	9
336	4
337	11
338	3
339	6
340	5
341	5
342	11
343	3
344	6
345	5
346	9
347	11
348	4
349	8
350	10
351	5
352	12
353	3
354	8
355	20
356	12
357	5
358	6
359	14
360	6
361	9
362	10
363	4
364	5
365	5
366	7
367	4
368	7
369	6
370	5
371	5
372	10
373	5
374	6
375	5
376	4
377	5
378	5
379	10
380	5
381	5
382	4
383	4
384	5
385	7
386	11
387	6
388	9
389	7
390	8
391	5
392	5
393	4
394	6
395	6
396	11
397	10
398	8
399	5
400	6
401	6
402	4
403	4
404	7
405	4
406	3
407	4
408	5
409	5
410	11
411	7
412	8
413	6
414	11
415	5
416	6
417	8
418	4
419	3
420	9
421	6
422	6
423	4
424	7
425	9
426	6
427	8
428	7
429	5
430	6
431	6
432	6
433	5
434	7
435	3
436	5
437	4
438	6
439	3
440	4
441	7
442	8
443	4
444	7
445	6
446	5
447	4
448	4
449	6
450	5
451	20
452	5
453	6
454	9
455	8
456	12
457	4
458	34
459	6
460	5
461	7
462	6
463	5
464	4
465	6
466	7
467	7
468	5
469	8
470	5
471	12
472	9
473	8
474	6
475	6
476	7
477	8
478	5
479	7
480	3
481	4
482	15
483	8
484	8
485	8
486	11
487	5
488	4
489	2
490	5
491	6
492	5
493	4
494	5
495	5
496	7
497	7
498	6
499	4
500	7
501	9
502	4
503	3
504	6
505	9
506	5
507	7
508	3
509	6
510	5
511	7
512	13
513	3
514	8
515	7
516	12
517	9
518	6
519	5
520	6
521	4
522	4
523	12
524	8
525	4
526	7
527	9
528	12
529	5
530	4
531	5
532	6
533	5
534	7
535	6
536	7
537	4
538	4
539	4
540	6
541	7
542	7
543	16
544	5
545	7
546	4
547	7
548	6
549	4
550	6
551	9
552	5
553	6
554	6
555	8
556	8
557	7
558	6
559	6
560	7
561	7
562	10
563	12
564	5
565	6
566	20
567	10
568	7
569	7
570	3
571	5
572	8
573	6
574	11
575	8
576	8
577	7
578	4
579	6
580	3
581	3
582	6
583	5
584	6
585	7
586	4
587	4
588	8
589	4
590	6
591	5
592	7
593	5
594	4
595	5
596	7
597	7
598	6
599	8
600	8
601	3
602	5
603	6
604	9
605	5
606	5
607	7
608	9
609	7
610	5
611	7
612	11
613	7
614	6
615	7
616	3
617	6
618	5
619	4
620	7
621	6
622	5
623	5
624	5
625	3
626	7
627	7
628	5
629	12
630	9
631	7
632	4
633	7
634	3
635	8
636	7
637	3
638	6
639	8
640	4
641	9
642	4
643	4
644	4
645	8
646	9
647	5
648	34
649	5
650	7
651	4
652	7
653	6
654	5
655	5
656	5
657	7
658	5
659	4
660	7
661	9
662	7
663	3
664	4
665	3
666	5
667	6
668	3
669	4
670	12
671	10
672	3
673	6
674	7
675	4
676	6
677	6
678	7
679	11
680	4
681	6
682	11
683	6
684	5
685	15
686	6
687	11
688	4
689	8
690	6
691	6
692	6
693	6
694	10
695	5
696	2
697	8
698	10
699	7
700	8
701	5
702	12
703	6
704	11
705	3
706	4
707	4
708	6
709	11
710	6
711	8
712	5
713	7
714	5
715	9
716	9
717	9
718	6
719	10
720	7
721	7
722	7
723	6
724	7
725	5
726	6
727	4
728	8
729	4
730	4
731	6
732	5
733	4
734	5
735	5
736	10
737	7
738	10
739	7
740	7
741	4
742	4
743	8
744	8
745	4
746	9
747	3
748	6
749	4
750	7
751	4
752	7
753	7
754	4
755	4
756	6
757	6
758	9
759	5
760	6
761	6
762	6
763	9
764	7
765	6
766	3
767	7
768	9
769	3
770	5
771	10
772	4
773	7
774	7
775	11
776	6
777	5
778	4
779	3
780	5
781	6
782	7
783	5
784	7
785	7
786	4
787	6
788	3
789	4
790	4
791	5
792	4
793	6
794	7
795	8
796	6
797	8
798	5
799	5
800	5
801	5
802	4
803	7
804	6
805	5
806	7
807	5
808	6
809	4
810	6
811	5
812	5
813	3
814	7
815	8
816	8
817	14
818	6
819	10
820	6
821	8
822	5
823	8
824	7
825	6
826	34
827	6
828	9
829	4
830	7
831	8
832	8
833	5
834	5
835	7
836	4
837	3
838	6
839	4
840	10
841	7
842	5
843	3
844	6
845	5
846	10
847	6
848	4
849	4
850	6
851	7
852	4
853	6
854	4
855	7
856	4
857	4
858	7
859	5
860	3
861	6
862	8
863	4
864	6
865	8
866	4
867	7
868	11
869	8
870	4
871	6
872	2
873	6
874	6
875	6
876	9
877	7
878	11
879	8
880	10
881	4
882	5
883	6
884	6
885	7
886	8
887	5
888	6
889	9
890	4
891	8
892	5
893	5
894	5
895	6
896	4
897	3
898	7
899	8
900	5
901	6
902	6
903	5
904	5
905	6
906	7
907	7
908	4
DEPOT_SECTION
1
-1
SERVICE_TIME_SECTION
1	0
2	600
3	600
4	420
5	360
6	720
7	420
8	360
9	660
10	420
11	660
12	1140
13	600
14	480
15	540
16	600
17	660
18	420
19	720
20	600
21	540
22	240
23	600
24	420
25	540
26	660
27	540
28	540
29	420
30	240
31	900
32	600
33	720
34	960
35	420
36	600
37	660
38	360
39	300
40	480
41	600
42	240
43	540
44	240
45	420
46	300
47	360
48	360
49	540
50	720
51	300
52	720
53	540
54	660
55	720
56	300
57	360
58	360
59	360
60	540
61	480
62	480
63	540
64	360
65	300
66	780
67	600
68	540
69	840
70	540
71	420
72	480
73	300
74	960
75	1260
76	480
77	600
78	360
79	780
80	240
81	360
82	540
83	360
84	600
85	300
86	360
87	420
88	420
89	420
90	300
91	780
92	480
93	420
94	960
95	300
96	780
97	240
98	420
99	780
100	600
101	360
102	900
103	600
104	540
105	480
106	360
107	360
108	420
109	420
110	360
111	300
112	660
113	720
114	300
115	540
116	360
117	1740
118	360
119	420
120	240
121	720
122	360
123	720
124	360
125	360
126	660
127	240
128	480
129	660
130	300
131	600
132	540
133	240
134	660
135	300
136	540
137	480
138	720
139	720
140	960
141	480
142	360
143	600
144	240
145	480
146	360
147	900
148	360
149	480
150	660
151	480
152	600
153	360
154	540
155	540
156	360
157	600
158	480
159	660
160	720
161	360
162	540
163	420
164	360
165	360
166	600
167	540
168	300
169	720
170	600
171	600
172	600
173	720
174	840
175	240
176	540
177	240
178	420
179	240
180	900
181	960
182	720
183	360
184	240
185	900
186	300
187	600
188	480
189	600
190	420
191	720
192	420
193	600
194	360
195	480
196	1140
197	540
198	540
199	360
200	1140
201	1260
202	780
203	960
204	720
205	360
206	540
207	420
208	660
209	900
210	600
211	600
212	360
213	480
214	540
215	660
216	420
217	720
218	660
219	660
220	240
221	660
222	240
223	480
224	480
225	540
226	900
227	600
228	240
229	540
230	540
231	660
232	960
233	180
234	540
235	480
236	300
237	480
238	240
239	360
240	540
241	360
242	660
243	420
244	600
245	420
246	600
247	720
248	420
249	720
250	420
251	780
252	540
253	540
254	360
255	420
256	360
257	300
258	720
259	720
260	720
261	240
262	480
263	780
264	2040
265	540
266	420
267	360
268	360
269	480
270	300
271	300
272	360
273	480
274	600
275	600
276	300
277	240
278	420
279	540
280	420
281	360
282	240
283	420
284	300
285	360
286	480
287	540
288	720
289	360
290	420
291	420
292	420
293	660
294	240
295	420
296	360
297	480
298	360
299	540
300	480
301	480
302	300
303	480
304	240
305	420
306	720
307	540
308	360
309	360
310	300
311	480
312	480
313	360
314	360
315	360
316	360
317	420
318	360
319	420
320	420
321	420
322	360
323	420
324	660
325	240
326	600
327	420
328	420
329	420
330	420
331	300
332	480
333	420
334	960
335	600
336	420
337	1080
338	600
339	360
340	600
341	360
342	480
343	360
344	420
345	720
346	600
347	300
348	360
349	360
350	720
351	240
352	960
353	240
354	420
355	420
356	600
357	480
358	420
359	720
360	960
361	600
362	780
363	240
364	540
365	960
366	600
367	720
368	360
369	720
370	480
371	360
372	300
373	540
374	540
375	600
376	480
377	420
378	240
379	840
380	540
381	420
382	600
383	360
384	1260
385	540
386	480
387	480
388	420
389	540
390	600
391	540
392	1380
393	360
394	660
395	660
396	720
397	540
398	480
399	420
400	720
401	480
402	240
403	360
404	360
405	360
406	600
407	540
408	540
409	480
410	540
411	540
412	300
413	480
414	420
415	420
416	600
417	300
418	360
419	420
420	480
421	720
422	300
423	840
424	360
425	360
426	420
427	660
428	480
429	240
430	360
431	960
432	360
433	240
434	900
435	480
436	420
437	300
438	240
439	660
440	240
441	240
442	720
443	480
444	360
445	420
446	720
447	600
448	540
449	360
450	600
451	300
452	420
453	420
454	600
455	780
456	360
457	300
458	300
459	480
460	420
461	360
462	360
463	540
464	660
465	720
466	420
467	600
468	540
469	360
470	360
471	420
472	600
473	480
474	480
475	420
476	360
477	780
478	420
479	660
480	780
481	300
482	360
483	180
484	420
485	540
486	600
487	480
488	540
489	360
490	780
491	540
492	960
493	480
494	1800
495	1380
496	840
497	420
498	360
499	300
500	240
501	540
502	480
503	420
504	240
505	480
506	540
507	540
508	240
509	540
510	360
511	480
512	840
513	480
514	600
515	540
516	360
517	360
518	600
519	540
520	240
521	240
522	480
523	240
524	360
525	600
526	540
527	540
528	360
529	420
530	420
531	480
532	540
533	360
534	240
535	360
536	900
537	600
538	1740
539	660
540	360
541	300
542	840
543	600
544	480
545	660
546	300
547	1740
548	360
549	2040
550	360
551	660
552	480
553	360
554	360
555	420
556	480
557	360
558	720
559	540
560	300
561	360
562	420
563	420
564	600
565	600
566	480
567	540
568	480
569	240
570	540
571	660
572	660
573	480
574	480
575	540
576	240
577	480
578	480
579	300
580	480
581	240
582	960
583	420
584	420
585	540
586	600
587	600
588	360
589	600
590	960
591	840
592	720
593	600
594	420
595	300
596	240
597	240
598	420
599	360
600	300
601	420
602	360
603	300
604	780
605	240
606	660
607	480
608	420
609	420
610	540
611	600
612	420
613	420
614	480
615	360
616	540
617	420
618	540
619	360
620	1740
621	360
622	480
623	300
624	360
625	420
626	300
627	420
628	480
629	420
630	660
631	420
632	360
633	360
634	300
635	540
636	300
637	420
638	720
639	480
640	360
641	600
642	300
643	480
644	600
645	360
646	780
647	360
648	300
649	300
650	720
651	480
652	1080
653	240
654	420
655	420
656	720
657	360
658	480
659	360
660	420
661	360
662	660
663	660
664	420
665	660
666	540
667	480
668	240
669	600
670	480
671	780
672	780
673	540
674	540
675	540
676	360
677	480
678	720
679	240
680	420
681	540
682	780
683	960
684	780
685	420
686	360
687	900
688	360
689	780
690	600
691	540
692	360
693	600
694	600
695	660
696	420
697	480
698	600
699	540
700	540
701	480
702	600
703	840
704	360
705	420
706	420
707	360
708	540
709	480
710	360
711	600
712	720
713	780
714	1380
715	240
716	540
717	660
718	600
719	720
720	360
721	480
722	600
723	480
724	540
725	420
726	720
727	360
728	480
729	360
730	600
731	720
732	360
733	360
734	540
735	360
736	660
737	300
738	240
739	360
740	540
741	600
742	420
743	540
744	480
745	300
746	540
747	360
748	600
749	300
750	660
751	240
752	240
753	840
754	600
755	660
756	600
757	360
758	840
759	420
760	480
761	240
762	300
763	420
764	600
765	360
766	300
767	360
768	540
769	420
770	600
771	420
772	360
773	660
774	480
775	960
776	540
777	600
778	480
779	420
780	300
781	360
782	300
783	1080
784	540
785	420
786	960
787	840
788	660
789	420
790	2040
791	660
792	2040
793	780
794	780
795	360
796	360
797	360
798	540
799	420
800	420
801	720
802	600
803	420
804	480
805	300
806	300
807	540
808	540
809	360
810	360
811	540
812	600
813	540
814	360
815	360
816	600
817	360
818	600
819	540
820	540
821	840
822	360
823	540
824	240
825	360
826	600
827	720
828	840
829	300
830	300
831	660
832	360
833	480
834	240
835	300
836	240
837	780
838	360
839	360
840	420
841	600
842	1380
843	480
844	480
845	240
846	420
847	780
848	420
849	960
850	300
851	720
852	780
853	300
854	660
855	300
856	480
857	480
858	780
859	780
860	480
861	780
862	300
863	720
864	540
865	780
866	480
867	540
868	480
869	360
870	360
871	600
872	840
873	300
874	780
875	360
876	660
877	480
878	360
879	420
880	540
881	840
882	540
883	660
884	480
885	360
886	420
887	480
888	600
889	420
890	300
891	960
892	660
893	240
894	300
895	240
896	1080
897	360
898	540
899	360
900	540
901	480
902	480
903	480
904	420
905	300
906	660
907	720
908	600
TIME_WINDOW_SECTION
1	0	45000
2	12000	19500
3	12000	19500
4	4800	12300
5	8400	19500
6	12000	19500
7	22800	30300
8	13800	33900
9	8400	15900
10	8400	19500
11	10200	30300
12	19200	26700
13	4800	12300
14	4800	11700
15	19200	26700
16	8400	15900
17	19200	26700
18	12000	19500
19	12000	19500
20	22800	30300
21	10200	30300
22	8400	19500
23	22800	29700
24	4800	12300
25	22800	30300
26	4800	12300
27	15600	23100
28	15600	26700
29	22800	30300
30	10200	30300
31	8400	15900
32	19200	26700
33	4800	12300
34	4800	12300
35	22800	30300
36	12000	19500
37	22800	30300
38	10200	30300
39	4800	12300
40	22800	30300
41	8400	19500
42	8400	15300
43	4800	12300
44	12000	19500
45	15600	23100
46	10200	30300
47	10200	30300
48	13800	33900
49	19200	26700
50	15600	23100
51	12000	19500
52	10200	30300
53	19200	26700
54	8400	19500
55	12000	19500
56	12000	19500
57	15600	26700
58	22800	30300
59	22800	30300
60	19200	26700
61	8400	15900
62	10200	30300
63	12000	19500
64	8400	15900
65	19200	26700
66	8400	15900
67	19200	26700
68	22800	30300
69	12000	19500
70	10200	29700
71	19200	26700
72	4800	12300
73	13800	33900
74	19200	26700
75	10200	30300
76	12000	19500
77	15600	23100
78	19200	26700
79	12000	19500
80	15600	23100
81	13800	33900
82	13800	33900
83	15600	23100
84	10200	30300
85	8400	15900
86	8400	15900
87	15600	26700
88	15600	23100
89	19200	26700
90	10200	30300
91	15600	23100
92	8400	15900
93	13800	33900
94	19200	26700
95	4800	12300
96	13800	33900
97	19200	26700
98	12000	19500
99	4800	12300
100	13800	33900
101	8400	19500
102	15600	26100
103	15600	23100
104	13800	33900
105	22800	29700
106	12000	19500
107	15600	26700
108	12000	19500
109	12000	19500
110	15600	23100
111	19200	26700
112	15600	23100
113	15600	23100
114	13800	33900
115	22800	30300
116	10200	30300
117	22800	30300
118	15600	26700
119	8400	18900
120	19200	26700
121	12000	19500
122	19200	26700
123	10200	29700
124	12000	19500
125	12000	19500
126	8400	19500
127	19200	26700
128	22800	30300
129	10200	30300
130	8400	15900
131	19200	26700
132	12000	19500
133	10200	30300
134	8400	15900
135	15600	26700
136	22800	30300
137	12000	19500
138	12000	19500
139	8400	15900
140	12000	19500
141	19200	26700
142	12000	18900
143	8400	19500
144	13800	33900
145	13800	33900
146	22800	30300
147	12000	19500
148	10200	30300
149	12000	19500
150	8400	15900
151	8400	19500
152	15600	23100
153	15600	23100
154	15600	23100
155	12000	19500
156	22800	30300
157	13800	33900
158	12000	19500
159	22800	30300
160	19200	26700
161	19200	26700
162	19200	26700
163	22800	30300
164	13800	33900
165	22800	30300
166	8400	15300
167	8400	15900
168	22800	30300
169	15600	23100
170	12000	19500
171	22800	30300
172	13800	33900
173	12000	19500
174	15600	26700
175	12000	19500
176	22800	30300
177	19200	26700
178	8400	19500
179	8400	19500
180	19200	26700
181	8400	19500
182	8400	15900
183	10200	30300
184	4800	12300
185	8400	15900
186	19200	26700
187	15600	23100
188	15600	26700
189	4800	12300
190	19200	26700
191	13800	33900
192	19200	26700
193	12000	19500
194	15600	23100
195	4800	12300
196	22800	29700
197	15600	23100
198	13800	33900
199	4800	12300
200	22800	30300
201	10200	30300
202	19200	26700
203	19200	26700
204	12000	19500
205	12000	19500
206	22800	30300
207	19200	26700
208	15600	23100
209	8400	15900
210	8400	15900
211	4800	12300
212	22800	30300
213	13800	33900
214	13800	33900
215	8400	19500
216	13800	33900
217	22800	30300
218	19200	26700
219	8400	15900
220	8400	15900
221	22800	30300
222	8400	19500
223	8400	15900
224	13800	33900
225	10200	30300
226	8400	18900
227	22800	30300
228	10200	30300
229	22800	30300
230	8400	15900
231	12000	19500
232	19200	26700
233	8400	19500
234	22800	30300
235	22800	30300
236	12000	19500
237	15600	23100
238	15600	23100
239	12000	19500
240	22800	30300
241	4800	11700
242	15600	23100
243	15600	26700
244	15600	24900
245	4800	12300
246	13800	33900
247	22800	30300
248	15600	23100
249	22800	30300
250	19200	26700
251	8400	15900
252	22800	30300
253	15600	22500
254	10200	30300
255	8400	19500
256	12000	19500
257	4800	12300
258	19200	26700
259	12000	19500
260	22800	30300
261	15600	26700
262	8400	15300
263	19200	26700
264	4800	12300
265	4800	12300
266	12000	19500
267	12000	19500
268	19200	26700
269	8400	19500
270	8400	15900
271	19200	26700
272	15600	23100
273	4800	12300
274	8400	19500
275	10200	30300
276	13800	33900
277	22800	30300
278	15600	23100
279	4800	12300
280	4800	12300
281	8400	19500
282	19200	26700
283	15600	24900
284	13800	33900
285	8400	15900
286	15600	26700
287	12000	19500
288	22800	30300
289	8400	15900
290	19200	26700
291	4800	11700
292	13800	33900
293	13800	33900
294	13800	33300
295	10200	30300
296	22800	30300
297	19200	26700
298	4800	12300
299	13800	33900
300	8400	15900
301	19200	26700
302	8400	15900
303	8400	19500
304	15600	23100
305	4800	11700
306	8400	19500
307	8400	19500
308	12000	19500
309	15600	24900
310	13800	33300
311	19200	26700
312	13800	33900
313	4800	12300
314	4800	12300
315	8400	15900
316	13800	33900
317	8400	15900
318	12000	19500
319	15600	23100
320	22800	30300
321	8400	15900
322	13800	33900
323	22800	30300
324	22800	30300
325	12000	19500
326	19200	26700
327	15600	23100
328	13800	33900
329	22800	30300
330	19200	26700
331	4800	12300
332	19200	26700
333	15600	23100
334	22800	30300
335	12000	19500
336	12000	19500
337	12000	19500
338	22800	30300
339	8400	15900
340	19200	26700
341	19200	26700
342	22800	30300
343	22800	30300
344	10200	30300
345	22800	30300
346	15600	23100
347	12000	19500
348	13800	33900
349	13800	33900
350	19200	26700
351	12000	19500
352	15600	23100
353	8400	15900
354	12000	19500
355	4800	12300
356	8400	15900
357	4800	12300
358	13800	33900
359	4800	12300
360	15600	26700
361	12000	19500
362	12000	19500
363	15600	26700
364	12000	19500
365	10200	30300
366	8400	15900
367	15600	23100
368	19200	26700
369	4800	12300
370	8400	15900
371	22800	30300
372	8400	15900
373	8400	18900
374	8400	15900
375	4800	11700
376	8400	15900
377	4800	12300
378	15600	23100
379	8400	15300
380	15600	23100
381	15600	23100
382	19200	26700
383	10200	30300
384	8400	15900
385	19200	26700
386	12000	19500
387	13800	33900
388	15600	26700
389	10200	30300
390	19200	26700
391	8400	15900
392	22800	30300
393	4800	12300
394	4800	12300
395	8400	15900
396	19200	26700
397	10200	30300
398	4800	12300
399	4800	12300
400	8400	15900
401	22800	30300
402	12000	19500
403	8400	15900
404	22800	30300
405	19200	26700
406	13800	33900
407	15600	23100
408	22800	30300
409	19200	26700
410	15600	23100
411	13800	33900
412	19200	26700
413	19200	26700
414	4800	12300
415	10200	30300
416	12000	19500
417	15600	23100
418	8400	15900
419	12000	19500
420	19200	26700
421	8400	15900
422	4800	12300
423	13800	33900
424	19200	26700
425	13800	33900
426	13800	33900
427	22800	30300
428	8400	19500
429	13800	33900
430	19200	26700
431	19200	26700
432	4800	12300
433	12000	19500
434	13800	33900
435	10200	30300
436	8400	19500
437	12000	19500
438	19200	26700
439	12000	19500
440	12000	19500
441	12000	19500
442	22800	30300
443	13800	33900
444	22800	30300
445	8400	15900
446	22800	30300
447	8400	15900
448	19200	26700
449	12000	19500
450	10200	30300
451	4800	11700
452	8400	15900
453	12000	19500
454	19200	26700
455	22800	30300
456	8400	18900
457	19200	26700
458	8400	15300
459	8400	15900
460	22800	30300
461	15600	23100
462	15600	23100
463	13800	33900
464	12000	19500
465	13800	33900
466	10200	30300
467	13800	33900
468	8400	15900
469	12000	19500
470	22800	30300
471	8400	15900
472	12000	18900
473	22800	30300
474	15600	26100
475	19200	26700
476	19200	26700
477	4800	12300
478	15600	23100
479	12000	19500
480	12000	19500
481	13800	33900
482	19200	26700
483	19200	26700
484	22800	30300
485	15600	23100
486	10200	30300
487	13800	33900
488	12000	19500
489	13800	33900
490	13800	33900
491	8400	15300
492	12000	19500
493	19200	26700
494	12000	19500
495	12000	19500
496	10200	30300
497	22800	30300
498	12000	18900
499	19200	26700
500	12000	19500
501	15600	23100
502	22800	30300
503	19200	26700
504	12000	19500
505	22800	30300
506	19200	26700
507	19200	26700
508	15600	23100
509	22800	30300
510	13800	33900
511	8400	18900
512	8400	15900
513	8400	19500
514	12000	19500
515	12000	19500
516	15600	23100
517	15600	23100
518	8400	19500
519	12000	19500
520	12000	19500
521	12000	19500
522	10200	30300
523	22800	30300
524	10200	30300
525	15600	23100
526	15600	26700
527	13800	33900
528	15600	23100
529	22800	29700
530	13800	33900
531	15600	26700
532	12000	19500
533	15600	23100
534	15600	26700
535	17400	37500
536	10200	30300
537	8400	19500
538	22800	30300
539	13800	33900
540	12000	19500
541	10200	30300
542	19200	26700
543	15600	23100
544	8400	15900
545	22800	30300
546	22800	30300
547	22800	30300
548	12000	19500
549	12000	19500
550	12000	19500
551	15600	26700
552	12000	19500
553	13800	33900
554	22800	30300
555	10200	30300
556	13800	33900
557	19200	26700
558	12000	19500
559	22800	30300
560	8400	19500
561	15600	23100
562	19200	26700
563	22800	29700
564	15600	26100
565	19200	26700
566	13800	33900
567	19200	26700
568	22800	30300
569	10200	30300
570	12000	19500
571	22800	30300
572	8400	15900
573	15600	23100
574	12000	19500
575	12000	19500
576	19200	26700
577	8400	19500
578	12000	19500
579	15600	26700
580	8400	15900
581	19200	26700
582	19200	26700
583	8400	15900
584	15600	24900
585	10200	30300
586	13800	33900
587	12000	19500
588	15600	23100
589	12000	19500
590	15600	26700
591	19200	26700
592	8400	19500
593	10200	30300
594	12000	19500
595	22800	30300
596	12000	19500
597	12000	19500
598	12000	19500
599	13800	33900
600	12000	19500
601	8400	15900
602	13800	33900
603	12000	19500
604	15600	23100
605	13800	33900
606	10200	30300
607	12000	19500
608	19200	26700
609	22800	30300
610	19200	26700
611	13800	33900
612	22800	30300
613	19200	26700
614	15600	23100
615	13800	33900
616	12000	19500
617	10200	30300
618	12000	18900
619	19200	26700
620	8400	19500
621	19200	26700
622	8400	19500
623	22800	30300
624	12000	19500
625	12000	19500
626	15600	23100
627	8400	19500
628	8400	18900
629	19200	26700
630	22800	30300
631	15600	23100
632	12000	19500
633	13800	33900
634	12000	19500
635	15600	23100
636	15600	26700
637	19200	26100
638	22800	30300
639	12000	19500
640	19200	26700
641	13800	33900
642	22800	30300
643	13800	33300
644	13800	33900
645	12000	19500
646	15600	26700
647	8400	19500
648	19200	26700
649	19200	26700
650	15600	23100
651	13800	33900
652	15600	23100
653	19200	26700
654	19200	26700
655	8400	19500
656	19200	26700
657	19200	26700
658	13800	33900
659	22800	30300
660	12000	19500
661	22800	30300
662	15600	23100
663	15600	23100
664	22800	30300
665	13800	33900
666	15600	23100
667	22800	30300
668	13800	33900
669	13800	33900
670	12000	19500
671	19200	26700
672	10200	30300
673	22800	29700
674	15600	23100
675	22800	30300
676	15600	26700
677	12000	19500
678	10200	30300
679	19200	26700
680	22800	30300
681	12000	19500
682	15600	23100
683	10200	29700
684	22800	30300
685	10200	30300
686	12000	19500
687	8400	19500
688	22800	29700
689	8400	19500
690	19200	26700
691	12000	19500
692	15600	26700
693	12000	19500
694	22800	30300
695	13800	33900
696	15600	26100
697	15600	26100
698	22800	30300
699	12000	19500
700	12000	19500
701	15600	26700
702	15600	23100
703	13800	33300
704	19200	26700
705	13800	33900
706	19200	26700
707	12000	19500
708	15600	26700
709	19200	26700
710	8400	19500
711	13800	33900
712	19200	26700
713	8400	19500
714	13800	33900
715	19200	26700
716	8400	19500
717	22800	30300
718	13800	33900
719	13800	33900
720	12000	19500
721	10200	30300
722	10200	30300
723	15600	23100
724	13800	33900
725	19200	26700
726	10200	30300
727	8400	19500
728	10200	30300
729	22800	30300
730	8400	19500
731	12000	19500
732	15600	23100
733	22800	30300
734	15600	26700
735	13800	33900
736	12000	19500
737	12000	18900
738	19200	26700
739	13800	33900
740	15600	23100
741	15600	26700
742	19200	26700
743	19200	26700
744	8400	19500
745	19200	26700
746	15600	26700
747	19200	26700
748	8400	19500
749	19200	26700
750	19200	26700
751	19200	26700
752	10200	30300
753	12000	19500
754	22800	30300
755	15600	23100
756	22800	30300
757	19200	26700
758	19200	26700
759	22800	30300
760	13800	33900
761	12000	19500
762	10200	30300
763	15600	23100
764	19200	26700
765	8400	19500
766	12000	19500
767	22800	30300
768	10200	30300
769	12000	19500
770	15600	23100
771	13800	33900
772	13800	33900
773	12000	19500
774	22800	30300
775	12000	19500
776	12000	19500
777	19200	26700
778	22800	30300
779	15600	26700
780	22800	30300
781	12000	19500
782	13800	33900
783	22800	30300
784	10200	30300
785	17400	37500
786	15600	23100
787	15600	23100
788	15600	23100
789	19200	26700
790	13800	33900
791	22800	30300
792	19200	26700
793	15600	23100
794	19200	26700
795	22800	30300
796	22800	30300
797	10200	30300
798	22800	29700
799	19200	26700
800	15600	23100
801	19200	26700
802	13800	33900
803	15600	23100
804	10200	30300
805	10200	30300
806	22800	30300
807	19200	26700
808	22800	30300
809	19200	26100
810	19200	26700
811	19200	26700
812	22800	30300
813	22800	30300
814	13800	33900
815	19200	26700
816	10200	30300
817	19200	26700
818	22800	30300
819	13800	33900
820	22800	30300
821	22800	30300
822	10200	30300
823	13800	33900
824	13800	33900
825	10200	30300
826	22800	30300
827	22800	30300
828	15600	23100
829	15600	23100
830	19200	26700
831	10200	30300
832	19200	26700
833	22800	30300
834	10200	30300
835	13800	33300
836	19200	26700
837	22800	30300
838	10200	30300
839	13800	33900
840	15600	23100
841	19200	26700
842	19200	26700
843	19200	26700
844	19200	26700
845	19200	26700
846	22800	30300
847	15600	23100
848	10200	29700
849	19200	26700
850	22800	30300
851	15600	23100
852	15600	23100
853	22800	30300
854	15600	23100
855	13800	33900
856	15600	23100
857	19200	26700
858	22800	30300
859	19200	26700
860	22800	29700
861	22800	30300
862	22800	30300
863	15600	26700
864	19200	26700
865	10200	30300
866	22800	30300
867	15600	26700
868	22800	30300
869	13800	33900
870	10200	30300
871	22800	30300
872	22800	30300
873	15600	26700
874	19200	26700
875	10200	30300
876	22800	30300
877	22800	30300
878	10200	30300
879	10200	30300
880	19200	26700
881	19200	26700
882	19200	26700
883	13800	33900
884	13800	33900
885	10200	30300
886	10200	30300
887	15600	23100
888	13800	33900
889	22800	30300
890	19200	26700
891	22800	30300
892	19200	26700
893	15600	26700
894	13800	33900
895	10200	29700
896	22800	30300
897	22800	30300
898	10200	30300
899	13800	33900
900	22800	30300
901	13800	33900
902	15600	23100
903	15600	26700
904	22800	30300
905	15600	26700
906	13800	33900
907	19200	26700
908	10200	30300
RELEASE_TIME_SECTION
1	0
2	3600
3	3600
4	3600
5	3600
6	3600
7	3600
8	3600
9	3600
10	3600
11	3600
12	3600
13	3600
14	3600
15	3600
16	3600
17	3600
18	3600
19	3600
20	3600
21	3600
22	3600
23	3600
24	3600
25	3600
26	3600
27	3600
28	3600
29	3600
30	3600
31	3600
32	3600
33	3600
34	3600
35	3600
36	3600
37	3600
38	3600
39	3600
40	3600
41	3600
42	3600
43	3600
44	3600
45	3600
46	3600
47	3600
48	3600
49	3600
50	3600
51	3600
52	3600
53	3600
54	3600
55	3600
56	3600
57	3600
58	3600
59	3600
60	3600
61	3600
62	3600
63	3600
64	3600
65	3600
66	3600
67	3600
68	3600
69	3600
70	3600
71	3600
72	3600
73	3600
74	3600
75	3600
76	3600
77	3600
78	3600
79	3600
80	3600
81	3600
82	3600
83	3600
84	3600
85	3600
86	3600
87	3600
88	3600
89	3600
90	3600
91	3600
92	3600
93	3600
94	3600
95	3600
96	3600
97	3600
98	3600
99	3600
100	3600
101	3600
102	5400
103	5400
104	5400
105	5400
106	5400
107	5400
108	5400
109	5400
110	5400
111	5400
112	5400
113	5400
114	5400
115	5400
116	5400
117	5400
118	5400
119	5400
120	5400
121	5400
122	5400
123	5400
124	5400
125	5400
126	5400
127	5400
128	5400
129	5400
130	5400
131	5400
132	5400
133	5400
134	5400
135	5400
136	5400
137	5400
138	5400
139	5400
140	5400
141	5400
142	5400
143	5400
144	5400
145	5400
146	5400
147	5400
148	5400
149	5400
150	5400
151	5400
152	5400
153	5400
154	5400
155	5400
156	5400
157	5400
158	5400
159	5400
160	5400
161	5400
162	5400
163	5400
164	5400
165	5400
166	5400
167	5400
168	5400
169	5400
170	5400
171	5400
172	5400
173	5400
174	5400
175	5400
176	5400
177	5400
178	5400
179	5400
180	5400
181	5400
182	5400
183	5400
184	5400
185	5400
186	5400
187	5400
188	5400
189	5400
190	5400
191	5400
192	5400
193	5400
194	5400
195	5400
196	5400
197	5400
198	5400
199	5400
200	5400
201	5400
202	7200
203	7200
204	7200
205	7200
206	7200
207	7200
208	7200
209	7200
210	7200
211	7200
212	7200
213	7200
214	7200
215	7200
216	7200
217	7200
218	7200
219	7200
220	7200
221	7200
222	7200
223	7200
224	7200
225	7200
226	7200
227	7200
228	7200
229	7200
230	7200
231	7200
232	7200
233	7200
234	7200
235	7200
236	7200
237	7200
238	7200
239	7200
240	7200
241	7200
242	7200
243	7200
244	7200
245	7200
246	7200
247	7200
248	7200
249	7200
250	7200
251	7200
252	7200
253	7200
254	7200
255	7200
256	7200
257	7200
258	7200
259	7200
260	7200
261	7200
262	7200
263	7200
264	7200
265	7200
266	7200
267	7200
268	7200
269	7200
270	7200
271	7200
272	7200
273	7200
274	7200
275	7200
276	7200
277	7200
278	7200
279	7200
280	7200
281	7200
282	7200
283	7200
284	7200
285	7200
286	7200
287	7200
288	7200
289	7200
290	7200
291	7200
292	7200
293	7200
294	7200
295	7200
296	7200
297	7200
298	7200
299	7200
300	7200
301	9000
302	9000
303	9000
304	9000
305	9000
306	9000
307	9000
308	9000
309	9000
310	9000
311	9000
312	9000
313	9000
314	9000
315	9000
316	9000
317	9000
318	9000
319	9000
320	9000
321	9000
322	9000
323	9000
324	9000
325	9000
326	9000
327	9000
328	9000
329	9000
330	9000
331	9000
332	9000
333	9000
334	9000
335	9000
336	9000
337	9000
338	9000
339	9000
340	9000
341	9000
342	9000
343	9000
344	9000
345	9000
346	9000
347	9000
348	9000
349	9000
350	9000
351	9000
352	9000
353	9000
354	9000
355	9000
356	9000
357	9000
358	9000
359	9000
360	9000
361	9000
362	9000
363	9000
364	9000
365	9000
366	9000
367	9000
368	9000
369	9000
370	9000
371	9000
372	9000
373	9000
374	9000
375	9000
376	9000
377	9000
378	9000
379	9000
380	9000
381	9000
382	9000
383	9000
384	9000
385	9000
386	9000
387	9000
388	9000
389	9000
390	9000
391	9000
392	9000
393	9000
394	9000
395	9000
396	9000
397	9000
398	9000
399	9000
400	10800
401	10800
402	10800
403	10800
404	10800
405	10800
406	10800
407	10800
408	10800
409	10800
410	10800
411	10800
412	10800
413	10800
414	10800
415	10800
416	10800
417	10800
418	10800
419	10800
420	10800
421	10800
422	10800
423	10800
424	10800
425	10800
426	10800
427	10800
428	10800
429	10800
430	10800
431	10800
432	10800
433	10800
434	10800
435	10800
436	10800
437	10800
438	10800
439	10800
440	10800
441	10800
442	10800
443	10800
444	10800
445	10800
446	10800
447	10800
448	10800
449	10800
450	10800
451	10800
452	10800
453	10800
454	10800
455	10800
456	10800
457	10800
458	10800
459	10800
460	10800
461	10800
462	10800
463	10800
464	10800
465	10800
466	10800
467	10800
468	10800
469	10800
470	10800
471	10800
472	10800
473	10800
474	10800
475	10800
476	10800
477	10800
478	10800
479	10800
480	10800
481	10800
482	10800
483	10800
484	10800
485	10800
486	10800
487	10800
488	10800
489	10800
490	12600
491	12600
492	12600
493	12600
494	12600
495	12600
496	12600
497	12600
498	12600
499	12600
500	12600
501	12600
502	12600
503	12600
504	12600
505	12600
506	12600
507	12600
508	12600
509	12600
510	12600
511	12600
512	12600
513	12600
514	12600
515	12600
516	12600
517	12600
518	12600
519	12600
520	12600
521	12600
522	12600
523	12600
524	12600
525	12600
526	12600
527	12600
528	12600
529	12600
530	12600
531	12600
532	12600
533	12600
534	12600
535	12600
536	12600
537	12600
538	12600
539	12600
540	12600
541	12600
542	12600
543	12600
544	12600
545	12600
546	12600
547	12600
548	12600
549	12600
550	12600
551	12600
552	12600
553	12600
554	12600
555	12600
556	12600
557	12600
558	12600
559	12600
560	12600
561	12600
562	12600
563	12600
564	12600
565	12600
566	12600
567	12600
568	12600
569	12600
570	12600
571	12600
572	12600
573	12600
574	12600
575	12600
576	12600
577	14400
578	14400
579	14400
580	14400
581	14400
582	14400
583	14400
584	14400
585	14400
586	14400
587	14400
588	14400
589	14400
590	14400
591	14400
592	14400
593	14400
594	14400
595	14400
596	14400
597	14400
598	14400
599	14400
600	14400
601	14400
602	14400
603	14400
604	14400
605	14400
606	14400
607	14400
608	14400
609	14400
610	14400
611	14400
612	14400
613	14400
614	14400
615	14400
616	14400
617	14400
618	14400
619	14400
620	14400
621	14400
622	14400
623	14400
624	14400
625	14400
626	14400
627	14400
628	14400
629	14400
630	14400
631	14400
632	14400
633	14400
634	14400
635	14400
636	14400
637	14400
638	14400
639	14400
640	14400
641	14400
642	14400
643	14400
644	14400
645	14400
646	14400
647	14400
648	14400
649	14400
650	14400
651	14400
652	14400
653	14400
654	14400
655	14400
656	14400
657	14400
658	14400
659	14400
660	16200
661	16200
662	16200
663	16200
664	16200
665	16200
666	16200
667	16200
668	16200
669	16200
670	16200
671	16200
672	16200
673	16200
674	16200
675	16200
676	16200
677	16200
678	16200
679	16200
680	16200
681	16200
682	16200
683	16200
684	16200
685	16200
686	16200
687	16200
688	16200
689	16200
690	16200
691	16200
692	16200
693	16200
694	16200
695	16200
696	16200
697	16200
698	16200
699	16200
700	16200
701	16200
702	16200
703	16200
704	16200
705	16200
706	16200
707	16200
708	16200
709	16200
710	16200
711	16200
712	16200
713	16200
714	16200
715	16200
716	16200
717	16200
718	16200
719	16200
720	16200
721	16200
722	16200
723	16200
724	16200
725	16200
726	16200
727	16200
728	16200
729	16200
730	16200
731	16200
732	16200
733	16200
734	18000
735	18000
736	18000
737	18000
738	18000
739	18000
740	18000
741	18000
742	18000
743	18000
744	18000
745	18000
746	18000
747	18000
748	18000
749	18000
750	18000
751	18000
752	18000
753	18000
754	18000
755	18000
756	18000
757	18000
758	18000
759	18000
760	18000
761	18000
762	18000
763	18000
764	18000
765	18000
766	18000
767	18000
768	18000
769	18000
770	18000
771	18000
772	18000
773	18000
774	18000
775	18000
776	18000
777	18000
778	18000
779	18000
780	18000
781	18000
782	18000
783	18000
784	18000
785	18000
786	18000
787	18000
788	18000
789	18000
790	18000
791	18000
792	18000
793	18000
794	18000
795	19800
796	19800
797	19800
798	19800
799	19800
800	19800
801	19800
802	19800
803	19800
804	19800
805	19800
806	19800
807	19800
808	19800
809	19800
810	19800
811	19800
812	19800
813	19800
814	19800
815	19800
816	19800
817	19800
818	19800
819	19800
820	19800
821	19800
822	19800
823	19800
824	19800
825	19800
826	19800
827	19800
828	19800
829	19800
830	19800
831	19800
832	19800
833	19800
834	19800
835	19800
836	19800
837	19800
838	19800
839	19800
840	19800
841	19800
842	19800
843	19800
844	19800
845	19800
846	19800
847	19800
848	19800
849	19800
850	19800
851	19800
852	19800
853	19800
854	19800
855	21600
856	21600
857	21600
858	21600
859	21600
860	21600
861	21600
862	21600
863	21600
864	21600
865	21600
866	21600
867	21600
868	21600
869	21600
870	21600
871	21600
872	21600
873	21600
874	21600
875	21600
876	21600
877	21600
878	21600
879	21600
880	21600
881	21600
882	21600
883	21600
884	21600
885	21600
886	21600
887	21600
888	21600
889	21600
890	21600
891	21600
892	21600
893	21600
894	21600
895	21600
896	21600
897	21600
898	21600
899	21600
900	21600
901	21600
902	21600
903	21600
904	21600
905	21600
906	21600
907	21600
908	21600
EOF
