NAME : ORTEC-VRPTW-ASYM-1f1fffc4-d1-n816
TYPE : VRPTW-RT
DIMENSION : 817
EDGE_WEIGHT_TYPE : EUC_2D
CAPACITY : 135
NODE_COORD_SECTION
1	0	5448
2	3832	3590
3	2786	3323
4	3339	3746
5	3980	3717
6	3242	4008
7	4814	4024
8	3572	3139
9	4695	4121
10	5046	4012
11	3736	4318
12	2558	3419
13	2880	3239
14	3320	4015
15	3657	3805
16	4398	4725
17	3217	2685
18	3439	2891
19	3920	3748
20	3570	4199
21	4003	4311
22	2991	3819
23	3736	4318
24	3674	3978
25	3975	3896
26	3364	3766
27	4030	3806
28	3042	2749
29	4635	4119
30	2799	3587
31	3217	2685
32	3891	3990
33	5046	4012
34	2673	3242
35	4359	3607
36	4821	3712
37	3673	4001
38	3038	3705
39	3408	3943
40	3677	3565
41	3067	3961
42	1908	3614
43	4533	4186
44	2659	3527
45	3128	3447
46	4236	4229
47	3674	3978
48	3302	4043
49	4663	4061
50	3039	3829
51	3851	3325
52	2799	3587
53	3327	4100
54	4746	3879
55	4499	3651
56	4159	3186
57	4076	4365
58	2722	3286
59	3572	4003
60	2634	3764
61	2558	3419
62	4013	3732
63	3758	3763
64	3897	3897
65	3439	3639
66	3746	4148
67	3694	3459
68	4377	4003
69	4824	3998
70	2826	3586
71	3302	4043
72	5133	3722
73	3678	3998
74	3067	3961
75	3201	3965
76	3851	4088
77	3867	4380
78	3572	3139
79	4003	4311
80	3441	3902
81	3839	3690
82	3500	3944
83	3274	2672
84	2921	3973
85	3056	2933
86	3851	4088
87	3543	4200
88	3320	4015
89	3104	3997
90	3407	3381
91	3364	3766
92	4052	3884
93	3867	4380
94	3299	3871
95	2233	3095
96	3785	4384
97	4048	3063
98	5118	3532
99	3754	3081
100	2889	3934
101	4088	3421
102	3009	3762
103	3056	2933
104	3814	3578
105	4993	4037
106	3994	3654
107	3500	3944
108	4377	4003
109	4465	3571
110	3586	4322
111	2772	4174
112	3793	4349
113	3161	4458
114	4190	3539
115	4198	4744
116	2673	3242
117	3502	3072
118	3545	3870
119	3295	4033
120	3042	2749
121	3775	4260
122	3262	3416
123	5046	4012
124	3705	3931
125	3281	4160
126	4230	3715
127	5047	4091
128	3671	3877
129	3724	4041
130	3980	3717
131	2673	3242
132	2995	4161
133	3514	4031
134	4076	4365
135	3746	4148
136	3375	3112
137	3333	4074
138	3161	4458
139	4256	4580
140	3694	3459
141	5200	4077
142	4345	3487
143	2880	3239
144	3168	3913
145	3017	3299
146	3543	4200
147	3572	3139
148	3942	3445
149	3502	3072
150	2979	3873
151	4441	4463
152	3500	3944
153	3156	2692
154	4364	4206
155	3053	2982
156	4814	4024
157	3055	3608
158	3499	3921
159	3500	3944
160	3839	3690
161	2995	4161
162	3380	3592
163	4175	3299
164	4696	3933
165	3606	3577
166	3775	4260
167	3442	3840
168	3758	3763
169	4071	4160
170	2880	3923
171	5052	4398
172	5193	4467
173	4377	4003
174	3299	3871
175	2544	3199
176	4792	4082
177	2986	3210
178	3583	5033
179	3402	4005
180	3649	3613
181	3184	3711
182	3320	4015
183	5050	4192
184	2921	3973
185	4198	4744
186	5017	4651
187	3814	3578
188	4663	4061
189	3677	3565
190	4088	3421
191	3736	4318
192	3960	3846
193	3423	4068
194	2799	3587
195	3489	3611
196	3201	3965
197	2880	3239
198	4190	3539
199	4889	3967
200	3449	3923
201	2322	3915
202	3793	4349
203	2575	3813
204	3037	3314
205	4062	4332
206	3427	4870
207	2618	3596
208	2672	3083
209	2659	3527
210	4003	4311
211	3331	3483
212	3441	3902
213	3184	3711
214	4013	3732
215	3299	3871
216	3836	2989
217	4118	3202
218	3053	2982
219	3936	3804
220	3451	5175
221	4114	3392
222	3957	3835
223	4121	4090
224	2824	4263
225	3785	4384
226	4133	3474
227	4076	4365
228	3646	3907
229	3211	4385
230	3674	3978
231	3427	4870
232	2608	3467
233	2322	3915
234	2991	3819
235	4150	3167
236	3380	3592
237	4716	4451
238	3104	3997
239	3439	2891
240	3814	3435
241	3839	3690
242	2618	3596
243	4072	4067
244	4364	4206
245	2233	3095
246	3980	3717
247	4150	3167
248	4993	4037
249	3122	3739
250	2890	3753
251	2772	4174
252	3320	4015
253	3542	3964
254	4533	4186
255	3500	3944
256	3262	3416
257	3407	3381
258	4088	3421
259	3471	3527
260	5423	3562
261	4834	3834
262	5046	4012
263	3170	3914
264	2475	3615
265	3739	4303
266	3954	4221
267	4019	4120
268	2995	4161
269	4114	3392
270	4426	4100
271	3637	3983
272	2786	3306
273	2977	4324
274	3505	4204
275	4746	3879
276	3739	4303
277	5126	3539
278	3606	3577
279	3375	3112
280	3320	4015
281	4019	4120
282	1564	3584
283	4019	4120
284	3936	3804
285	4465	3571
286	5133	3722
287	4398	4725
288	4533	4186
289	3674	3978
290	5423	3562
291	3441	3902
292	3072	3058
293	3868	4505
294	4432	4615
295	3201	3965
296	4150	3167
297	3017	2912
298	3696	4067
299	3039	3829
300	2995	4161
301	1501	3739
302	4048	3063
303	4236	4229
304	3154	3552
305	4824	3998
306	4198	4744
307	3128	3447
308	3586	4322
309	3785	4384
310	3758	3763
311	3814	3435
312	4114	3392
313	3439	3639
314	3509	3620
315	3427	4870
316	3674	3978
317	4013	3732
318	4236	4229
319	3620	3886
320	3169	3885
321	3386	4140
322	2889	3934
323	4347	4605
324	3009	2892
325	3942	3445
326	3161	3911
327	3505	4204
328	4834	3834
329	4441	4463
330	2889	3934
331	2634	3764
332	3671	3877
333	3375	3112
334	2959	3765
335	2858	3535
336	4135	4082
337	2981	4093
338	5033	3978
339	3091	3945
340	3152	3374
341	3874	3204
342	3386	4140
343	2722	3286
344	4135	4082
345	4203	4544
346	2289	3453
347	3758	3763
348	2921	3973
349	3839	3690
350	2880	3239
351	4430	3579
352	4237	4151
353	5118	3532
354	3439	2891
355	4062	4332
356	3039	3829
357	4696	3933
358	2934	3757
359	2981	4093
360	3017	3299
361	3637	3983
362	5041	4602
363	3302	4043
364	4398	4725
365	3343	3971
366	3224	3844
367	2455	3610
368	3637	3983
369	3569	3946
370	3098	3017
371	3154	3552
372	4159	3186
373	4737	4144
374	2608	3467
375	3098	3017
376	4404	3522
377	4032	3889
378	3620	3886
379	4071	4160
380	3364	3766
381	4993	4037
382	2634	3764
383	3262	3416
384	3758	3763
385	2889	3934
386	4364	4206
387	4133	3474
388	3339	3746
389	4048	3063
390	3274	3512
391	4465	3571
392	2986	3210
393	3758	3763
394	3295	4033
395	3583	4244
396	5071	4111
397	3442	3840
398	2233	3095
399	4052	3884
400	3375	3112
401	3516	3476
402	4821	3712
403	5050	4192
404	3154	3552
405	3516	3491
406	3661	4571
407	4458	4156
408	4695	4121
409	4118	3202
410	3836	2989
411	2744	3353
412	3437	3561
413	2986	3210
414	3360	4062
415	5202	4396
416	4441	4463
417	3376	3553
418	3516	3476
419	2981	4093
420	2647	4150
421	3067	3961
422	3122	3739
423	5171	4022
424	3814	3435
425	4295	4297
426	3867	4380
427	4530	3967
428	3545	3870
429	2979	3873
430	3212	4220
431	3942	3445
432	3128	3447
433	2914	3549
434	2744	3353
435	3606	3577
436	1908	3614
437	2925	4305
438	4380	4300
439	3677	3565
440	3058	2925
441	3386	3086
442	2233	3095
443	5041	4602
444	3555	2653
445	3975	3896
446	5071	4111
447	2995	4161
448	3870	3566
449	3378	3417
450	4695	4121
451	1908	3614
452	3212	4220
453	4793	3944
454	2289	3453
455	3583	5033
456	5200	4077
457	3378	4067
458	3677	3565
459	5423	3562
460	3960	3846
461	3391	3948
462	3290	4409
463	2647	4150
464	3156	2692
465	2986	3210
466	5193	4467
467	2744	3353
468	4237	4151
469	3437	3561
470	3053	2982
471	2826	3586
472	4687	3682
473	4737	4144
474	3957	3835
475	3053	2982
476	2925	4305
477	3212	4220
478	3161	4458
479	3583	5033
480	3832	3590
481	3217	2685
482	2540	3248
483	3657	3805
484	3819	3791
485	3343	3971
486	5118	3532
487	3980	3717
488	3819	3791
489	4663	4061
490	4889	3967
491	3386	3086
492	4814	4024
493	3233	4343
494	3299	3871
495	3775	4260
496	3572	3139
497	3942	3445
498	4032	4121
499	2914	3549
500	3736	4318
501	2618	3596
502	4398	4725
503	4256	4580
504	4858	4418
505	3502	3072
506	4995	4243
507	3868	4505
508	3620	3886
509	3772	3269
510	2826	3586
511	3354	5122
512	2995	4161
513	4236	4229
514	2977	4324
515	3739	4303
516	4404	3522
517	3320	4015
518	3135	4312
519	3039	3829
520	3375	3112
521	3920	3748
522	3091	3945
523	3152	3374
524	3960	3846
525	4814	4024
526	4441	4463
527	5052	4398
528	3437	3561
529	3572	4003
530	3442	4354
531	2558	3419
532	3378	4067
533	2880	3923
534	3091	3945
535	3451	5175
536	3814	3435
537	3224	3844
538	3333	4074
539	3098	3017
540	2673	3242
541	3386	4140
542	4072	4067
543	3657	3805
544	3406	3404
545	1564	3584
546	5423	3562
547	5193	4467
548	4834	3834
549	3449	3923
550	3673	4001
551	4404	3522
552	3406	3404
553	4687	3682
554	3657	3805
555	3505	4204
556	3406	3404
557	3989	3797
558	4015	3915
559	3423	4068
560	4121	4090
561	3242	4008
562	3055	3608
563	3703	3530
564	2995	4161
565	4530	3967
566	3154	3552
567	3980	3717
568	3104	3997
569	3929	4115
570	3091	3945
571	3184	3711
572	3516	3476
573	3161	4458
574	3281	4160
575	4048	3063
576	3543	4200
577	3673	4001
578	3502	3072
579	3402	4005
580	4015	3915
581	4635	4119
582	5033	3978
583	4970	3960
584	1564	3584
585	3677	3565
586	2995	4161
587	2544	3199
588	3819	3791
589	3980	3717
590	3929	4115
591	4499	3651
592	3505	4204
593	3836	2989
594	3423	4068
595	3586	4322
596	2786	3306
597	3441	3902
598	2668	3404
599	3620	3886
600	1564	3584
601	2475	3615
602	3224	3844
603	4814	4024
604	3442	4354
605	3572	3139
606	4696	3933
607	4432	4615
608	3814	3578
609	3360	4062
610	2991	3819
611	3442	3840
612	4032	4121
613	3819	3791
614	3098	3017
615	4792	4082
616	3407	3381
617	2672	3083
618	3062	3795
619	4441	4463
620	4814	4024
621	3320	4015
622	4995	4243
623	3703	4805
624	3017	3299
625	3867	4380
626	3509	3620
627	4203	4544
628	3332	4028
629	4635	4119
630	4203	4544
631	2558	3419
632	3839	3690
633	3772	3269
634	3868	4505
635	4893	3664
636	4604	3979
637	4824	3998
638	4380	4300
639	3104	3997
640	4015	3915
641	3009	2892
642	4175	3299
643	4230	3715
644	4465	3571
645	3331	3483
646	3646	3907
647	5118	3532
648	4465	3571
649	4032	4121
650	4380	4300
651	4889	3967
652	3891	3990
653	2233	3095
654	4032	3889
655	4133	3474
656	3975	3896
657	4793	3944
658	4465	3571
659	4893	3664
660	2772	4174
661	3161	3911
662	3942	3445
663	2659	3527
664	2925	4305
665	3441	3902
666	3520	4094
667	3739	4303
668	3441	3902
669	3333	4074
670	3775	4260
671	4076	4365
672	3091	3945
673	4015	3915
674	3156	2692
675	4236	4229
676	2799	3587
677	4198	4744
678	2632	3009
679	2826	3586
680	3954	4221
681	3739	4303
682	3247	3983
683	3439	2891
684	4792	4082
685	4013	3732
686	3402	4005
687	4150	3167
688	3380	3592
689	3408	3943
690	4635	4119
691	3091	3945
692	4015	3915
693	4150	3167
694	2322	3915
695	3989	3797
696	3471	3527
697	4635	4119
698	4032	4121
699	3586	4322
700	3224	3844
701	4377	4003
702	3599	4071
703	3994	3654
704	3299	3871
705	2457	3660
706	3904	4125
707	3606	3577
708	3168	3913
709	2457	3660
710	4133	3474
711	4858	4418
712	2914	3549
713	3471	3527
714	3942	3445
715	3936	3804
716	2233	3095
717	2841	3729
718	2933	3502
719	3169	3885
720	3009	2892
721	3555	2653
722	2455	3610
723	3212	4220
724	2744	3353
725	5202	4396
726	2658	3692
727	3062	3795
728	4032	4121
729	3703	3530
730	5047	4091
731	2925	4305
732	3038	3705
733	3009	3762
734	4114	3392
735	4062	4332
736	3331	3483
737	4734	5381
738	3867	4380
739	4821	3712
740	3201	3965
741	3637	3983
742	2722	3286
743	3152	3374
744	3678	3998
745	3247	3983
746	1564	3584
747	4663	4061
748	2922	3246
749	5126	3539
750	2925	4305
751	3375	4221
752	2925	4305
753	3375	4221
754	3819	3791
755	4604	3979
756	2475	3615
757	3649	3613
758	3989	3797
759	5046	4012
760	3406	3404
761	3376	3553
762	3274	3512
763	5133	3722
764	4734	5381
765	2618	3596
766	3375	4221
767	4604	3979
768	5071	4111
769	5071	4111
770	4518	3883
771	3733	4624
772	2735	3864
773	2991	3819
774	3975	3896
775	2922	3246
776	3274	2672
777	2981	4093
778	3775	4260
779	3154	3552
780	3299	3871
781	3904	4125
782	3677	3565
783	3746	4148
784	3857	4058
785	4190	3539
786	4824	3998
787	3793	4349
788	3386	3086
789	4159	3186
790	2991	3819
791	3152	3374
792	3960	3846
793	2632	3009
794	2880	3239
795	3168	3913
796	3775	4260
797	3772	3269
798	3402	2734
799	3620	3886
800	3695	3141
801	3868	4505
802	2647	4150
803	4849	4562
804	4499	3651
805	3542	3964
806	2922	3246
807	3622	3563
808	3161	3911
809	3376	3553
810	3211	4385
811	5041	4602
812	2889	3934
813	4814	4024
814	3135	4312
815	2890	3753
816	3039	3829
817	3881	4045
DEMAND_SECTION
1	0
2	3
3	3
4	5
5	3
6	4
7	5
8	6
9	4
10	5
11	13
12	7
13	8
14	4
15	11
16	6
17	5
18	12
19	4
20	8
21	14
22	4
23	4
24	5
25	4
26	21
27	7
28	4
29	4
30	6
31	7
32	6
33	6
34	16
35	11
36	13
37	11
38	6
39	10
40	4
41	7
42	4
43	11
44	7
45	5
46	8
47	4
48	6
49	5
50	8
51	3
52	5
53	4
54	5
55	3
56	5
57	6
58	6
59	6
60	6
61	4
62	5
63	4
64	8
65	4
66	5
67	5
68	5
69	5
70	3
71	4
72	3
73	5
74	10
75	5
76	9
77	9
78	9
79	8
80	10
81	4
82	5
83	4
84	3
85	7
86	21
87	4
88	9
89	8
90	5
91	4
92	4
93	6
94	7
95	11
96	5
97	7
98	9
99	5
100	10
101	6
102	4
103	6
104	10
105	5
106	5
107	4
108	6
109	9
110	4
111	9
112	9
113	9
114	10
115	6
116	4
117	10
118	10
119	9
120	5
121	5
122	5
123	8
124	4
125	6
126	4
127	9
128	3
129	4
130	4
131	13
132	10
133	3
134	5
135	4
136	5
137	8
138	11
139	14
140	9
141	11
142	4
143	10
144	4
145	6
146	5
147	16
148	5
149	4
150	3
151	5
152	4
153	5
154	4
155	5
156	9
157	7
158	7
159	10
160	4
161	6
162	7
163	9
164	5
165	5
166	4
167	6
168	6
169	7
170	4
171	6
172	4
173	5
174	4
175	9
176	8
177	6
178	6
179	6
180	5
181	7
182	9
183	4
184	6
185	9
186	6
187	14
188	6
189	7
190	6
191	5
192	6
193	9
194	4
195	6
196	6
197	5
198	5
199	6
200	4
201	6
202	4
203	6
204	3
205	5
206	11
207	7
208	6
209	5
210	4
211	4
212	5
213	6
214	4
215	4
216	21
217	5
218	5
219	16
220	5
221	8
222	11
223	9
224	11
225	7
226	5
227	5
228	5
229	6
230	8
231	13
232	7
233	6
234	4
235	4
236	4
237	10
238	5
239	5
240	6
241	4
242	7
243	10
244	6
245	5
246	5
247	6
248	4
249	4
250	9
251	4
252	9
253	5
254	5
255	4
256	5
257	4
258	4
259	7
260	4
261	6
262	5
263	9
264	6
265	8
266	15
267	6
268	4
269	5
270	5
271	5
272	4
273	5
274	9
275	10
276	4
277	6
278	8
279	4
280	5
281	6
282	6
283	5
284	5
285	6
286	3
287	6
288	5
289	7
290	6
291	10
292	7
293	8
294	5
295	5
296	3
297	11
298	9
299	9
300	6
301	16
302	8
303	11
304	6
305	4
306	6
307	4
308	7
309	10
310	5
311	8
312	5
313	9
314	11
315	5
316	5
317	8
318	5
319	4
320	10
321	4
322	5
323	7
324	6
325	10
326	10
327	5
328	4
329	16
330	14
331	4
332	6
333	7
334	5
335	7
336	6
337	9
338	4
339	7
340	5
341	6
342	9
343	10
344	10
345	5
346	5
347	5
348	9
349	6
350	7
351	11
352	3
353	7
354	8
355	5
356	9
357	11
358	10
359	11
360	7
361	9
362	6
363	15
364	9
365	5
366	4
367	4
368	5
369	10
370	10
371	8
372	7
373	10
374	5
375	10
376	8
377	6
378	5
379	5
380	6
381	6
382	6
383	4
384	8
385	3
386	3
387	7
388	7
389	3
390	9
391	7
392	9
393	3
394	6
395	5
396	6
397	9
398	5
399	10
400	4
401	5
402	9
403	5
404	6
405	7
406	7
407	7
408	10
409	4
410	5
411	6
412	9
413	4
414	9
415	4
416	6
417	7
418	6
419	10
420	8
421	8
422	4
423	6
424	5
425	7
426	7
427	6
428	7
429	4
430	6
431	5
432	13
433	5
434	6
435	7
436	8
437	3
438	8
439	5
440	7
441	6
442	4
443	3
444	11
445	6
446	6
447	6
448	4
449	10
450	6
451	11
452	4
453	10
454	5
455	8
456	7
457	4
458	5
459	6
460	6
461	7
462	7
463	5
464	14
465	6
466	4
467	9
468	7
469	10
470	9
471	5
472	5
473	9
474	10
475	5
476	6
477	11
478	9
479	4
480	4
481	6
482	5
483	9
484	7
485	5
486	8
487	6
488	6
489	7
490	6
491	6
492	3
493	6
494	6
495	3
496	5
497	6
498	7
499	8
500	10
501	6
502	6
503	11
504	7
505	6
506	4
507	5
508	3
509	9
510	4
511	7
512	12
513	7
514	11
515	12
516	7
517	6
518	4
519	4
520	11
521	7
522	9
523	5
524	8
525	8
526	5
527	5
528	3
529	6
530	4
531	12
532	7
533	3
534	12
535	4
536	14
537	3
538	3
539	3
540	6
541	5
542	6
543	7
544	5
545	7
546	4
547	8
548	5
549	4
550	8
551	5
552	6
553	11
554	5
555	7
556	6
557	5
558	4
559	9
560	4
561	7
562	11
563	9
564	7
565	5
566	4
567	5
568	5
569	6
570	4
571	5
572	9
573	6
574	6
575	7
576	7
577	6
578	4
579	5
580	4
581	8
582	4
583	5
584	14
585	16
586	8
587	3
588	14
589	7
590	9
591	6
592	3
593	9
594	9
595	5
596	4
597	7
598	6
599	4
600	12
601	4
602	8
603	5
604	4
605	7
606	7
607	7
608	10
609	6
610	6
611	6
612	7
613	5
614	5
615	5
616	5
617	4
618	9
619	6
620	5
621	16
622	7
623	7
624	5
625	4
626	5
627	4
628	4
629	9
630	12
631	5
632	6
633	6
634	9
635	5
636	10
637	14
638	5
639	5
640	8
641	4
642	8
643	5
644	7
645	5
646	6
647	6
648	9
649	7
650	6
651	7
652	4
653	6
654	8
655	5
656	9
657	10
658	5
659	5
660	13
661	9
662	6
663	5
664	5
665	6
666	5
667	3
668	4
669	5
670	7
671	6
672	3
673	13
674	6
675	4
676	10
677	9
678	6
679	4
680	10
681	5
682	12
683	7
684	6
685	6
686	5
687	4
688	5
689	21
690	6
691	4
692	6
693	7
694	5
695	7
696	14
697	5
698	7
699	4
700	6
701	6
702	4
703	5
704	9
705	7
706	7
707	8
708	6
709	6
710	4
711	5
712	6
713	5
714	4
715	4
716	7
717	3
718	7
719	4
720	5
721	12
722	8
723	5
724	5
725	6
726	7
727	5
728	9
729	9
730	3
731	9
732	14
733	6
734	6
735	7
736	9
737	5
738	9
739	18
740	5
741	7
742	5
743	14
744	14
745	3
746	6
747	7
748	6
749	3
750	4
751	4
752	8
753	6
754	3
755	5
756	6
757	5
758	6
759	5
760	12
761	4
762	6
763	4
764	9
765	7
766	4
767	11
768	5
769	5
770	3
771	6
772	6
773	6
774	4
775	8
776	5
777	6
778	7
779	4
780	9
781	5
782	7
783	5
784	6
785	7
786	7
787	7
788	8
789	9
790	8
791	5
792	5
793	6
794	6
795	6
796	10
797	5
798	4
799	7
800	10
801	4
802	4
803	18
804	4
805	4
806	4
807	7
808	15
809	11
810	9
811	7
812	7
813	7
814	6
815	8
816	7
817	6
DEPOT_SECTION
1
-1
SERVICE_TIME_SECTION
1	0
2	540
3	660
4	900
5	720
6	540
7	600
8	720
9	540
10	480
11	420
12	540
13	780
14	540
15	660
16	240
17	420
18	420
19	420
20	540
21	480
22	420
23	480
24	600
25	540
26	540
27	660
28	600
29	720
30	900
31	720
32	360
33	480
34	300
35	780
36	480
37	660
38	720
39	780
40	480
41	480
42	840
43	1080
44	720
45	600
46	660
47	540
48	720
49	480
50	420
51	780
52	780
53	840
54	420
55	360
56	480
57	540
58	840
59	1500
60	360
61	540
62	540
63	720
64	600
65	900
66	360
67	540
68	600
69	480
70	960
71	780
72	600
73	480
74	300
75	300
76	1020
77	420
78	840
79	360
80	540
81	300
82	840
83	360
84	480
85	480
86	360
87	600
88	1080
89	780
90	480
91	300
92	600
93	420
94	360
95	360
96	600
97	780
98	480
99	720
100	540
101	900
102	480
103	360
104	420
105	600
106	540
107	900
108	540
109	360
110	780
111	600
112	480
113	420
114	480
115	780
116	720
117	480
118	480
119	480
120	600
121	900
122	780
123	600
124	720
125	360
126	420
127	420
128	480
129	720
130	600
131	780
132	300
133	660
134	720
135	300
136	720
137	1140
138	600
139	720
140	300
141	720
142	720
143	600
144	540
145	300
146	960
147	540
148	360
149	540
150	540
151	600
152	600
153	720
154	960
155	420
156	720
157	540
158	480
159	480
160	540
161	720
162	360
163	420
164	480
165	360
166	480
167	660
168	480
169	660
170	540
171	480
172	360
173	600
174	420
175	540
176	780
177	540
178	360
179	480
180	600
181	300
182	600
183	960
184	540
185	480
186	420
187	900
188	540
189	540
190	600
191	480
192	600
193	720
194	480
195	540
196	540
197	480
198	720
199	720
200	540
201	300
202	600
203	360
204	240
205	360
206	480
207	1080
208	480
209	480
210	480
211	540
212	660
213	420
214	960
215	660
216	420
217	780
218	600
219	720
220	720
221	840
222	780
223	540
224	540
225	1140
226	480
227	480
228	420
229	420
230	660
231	360
232	300
233	420
234	360
235	420
236	600
237	480
238	360
239	360
240	420
241	600
242	600
243	480
244	720
245	300
246	720
247	840
248	780
249	540
250	600
251	660
252	300
253	480
254	360
255	1500
256	540
257	660
258	780
259	780
260	540
261	420
262	720
263	300
264	480
265	480
266	780
267	480
268	720
269	420
270	600
271	660
272	540
273	780
274	540
275	900
276	480
277	360
278	600
279	420
280	480
281	480
282	780
283	1500
284	480
285	480
286	840
287	1140
288	780
289	480
290	360
291	720
292	840
293	420
294	600
295	540
296	480
297	540
298	480
299	420
300	840
301	780
302	240
303	900
304	420
305	780
306	1080
307	540
308	540
309	360
310	600
311	420
312	540
313	540
314	660
315	840
316	300
317	600
318	1140
319	480
320	480
321	960
322	480
323	540
324	480
325	900
326	480
327	540
328	1200
329	480
330	600
331	480
332	780
333	420
334	720
335	540
336	540
337	360
338	480
339	600
340	540
341	780
342	660
343	540
344	540
345	780
346	840
347	420
348	1500
349	360
350	540
351	480
352	660
353	360
354	300
355	660
356	720
357	840
358	900
359	780
360	1140
361	480
362	480
363	540
364	540
365	360
366	300
367	600
368	540
369	600
370	720
371	540
372	420
373	600
374	840
375	300
376	780
377	480
378	480
379	840
380	720
381	540
382	660
383	360
384	780
385	600
386	1140
387	600
388	720
389	360
390	660
391	420
392	540
393	900
394	360
395	600
396	360
397	360
398	540
399	960
400	540
401	480
402	720
403	480
404	360
405	540
406	1500
407	600
408	600
409	420
410	360
411	480
412	600
413	480
414	780
415	540
416	480
417	540
418	420
419	480
420	540
421	780
422	540
423	600
424	540
425	780
426	480
427	720
428	360
429	480
430	900
431	540
432	480
433	480
434	540
435	720
436	720
437	600
438	420
439	480
440	720
441	660
442	420
443	480
444	720
445	660
446	1200
447	480
448	540
449	480
450	480
451	480
452	780
453	420
454	420
455	360
456	660
457	900
458	600
459	600
460	300
461	600
462	780
463	360
464	840
465	480
466	1140
467	420
468	1080
469	780
470	480
471	480
472	300
473	720
474	540
475	480
476	600
477	600
478	540
479	1140
480	660
481	960
482	480
483	540
484	840
485	780
486	420
487	1080
488	420
489	480
490	840
491	540
492	780
493	420
494	840
495	540
496	780
497	660
498	480
499	240
500	540
501	480
502	480
503	900
504	660
505	480
506	420
507	540
508	360
509	480
510	480
511	480
512	720
513	480
514	540
515	420
516	780
517	600
518	420
519	540
520	360
521	540
522	780
523	1140
524	480
525	540
526	1080
527	660
528	780
529	300
530	720
531	420
532	720
533	300
534	600
535	600
536	300
537	360
538	600
539	840
540	480
541	360
542	600
543	300
544	360
545	480
546	480
547	420
548	540
549	540
550	900
551	660
552	480
553	420
554	540
555	360
556	540
557	300
558	420
559	360
560	600
561	480
562	480
563	720
564	360
565	600
566	360
567	840
568	600
569	240
570	540
571	840
572	960
573	420
574	1140
575	420
576	420
577	780
578	360
579	420
580	600
581	600
582	1500
583	540
584	420
585	720
586	600
587	360
588	240
589	900
590	720
591	480
592	480
593	540
594	300
595	780
596	420
597	660
598	1140
599	780
600	480
601	540
602	720
603	600
604	540
605	480
606	1020
607	840
608	720
609	240
610	420
611	900
612	660
613	360
614	240
615	720
616	420
617	480
618	480
619	660
620	900
621	720
622	780
623	600
624	900
625	600
626	360
627	660
628	1080
629	420
630	240
631	780
632	840
633	300
634	480
635	540
636	240
637	720
638	540
639	720
640	780
641	360
642	720
643	540
644	420
645	420
646	480
647	1200
648	720
649	960
650	720
651	480
652	720
653	420
654	240
655	720
656	720
657	720
658	300
659	360
660	720
661	720
662	780
663	600
664	420
665	540
666	360
667	480
668	360
669	840
670	540
671	540
672	720
673	540
674	480
675	660
676	900
677	720
678	420
679	660
680	540
681	840
682	960
683	420
684	480
685	840
686	900
687	360
688	1080
689	1020
690	900
691	720
692	540
693	1080
694	480
695	480
696	300
697	420
698	840
699	540
700	900
701	480
702	780
703	240
704	600
705	720
706	1080
707	480
708	540
709	600
710	540
711	240
712	300
713	540
714	480
715	900
716	360
717	480
718	780
719	660
720	900
721	480
722	360
723	420
724	480
725	840
726	600
727	720
728	420
729	480
730	600
731	480
732	720
733	840
734	720
735	420
736	660
737	600
738	780
739	420
740	420
741	900
742	360
743	720
744	360
745	540
746	660
747	540
748	420
749	840
750	420
751	420
752	300
753	780
754	300
755	360
756	540
757	540
758	600
759	660
760	720
761	600
762	480
763	360
764	840
765	480
766	240
767	360
768	420
769	360
770	360
771	720
772	540
773	900
774	360
775	300
776	300
777	540
778	420
779	780
780	540
781	480
782	960
783	240
784	780
785	480
786	780
787	360
788	480
789	600
790	420
791	600
792	1140
793	600
794	360
795	480
796	480
797	840
798	300
799	540
800	840
801	840
802	720
803	600
804	420
805	540
806	480
807	540
808	360
809	1020
810	240
811	540
812	780
813	300
814	660
815	420
816	780
817	540
TIME_WINDOW_SECTION
1	0	45000
2	4800	12300
3	10200	30300
4	10200	30300
5	15600	23100
6	22800	30300
7	12000	19500
8	22800	30300
9	15600	23100
10	4800	12300
11	10200	30300
12	22800	30300
13	10200	30300
14	10200	30300
15	19200	26700
16	17400	37500
17	12000	19500
18	15600	23100
19	8400	15900
20	10200	30300
21	10200	30300
22	10200	29700
23	22800	30300
24	22800	30300
25	4800	12300
26	22800	30300
27	15600	23100
28	12000	19500
29	8400	15900
30	19200	26700
31	15600	23100
32	22800	30300
33	19200	26700
34	12000	19500
35	22800	30300
36	4800	12300
37	22800	30300
38	12000	19500
39	15600	23100
40	12000	19500
41	15600	23100
42	4800	12300
43	4800	12300
44	12000	19500
45	22800	30300
46	8400	15900
47	8400	15900
48	15600	23100
49	19200	26700
50	10200	30300
51	10200	30300
52	12000	19500
53	22800	30300
54	15600	23100
55	12000	19500
56	8400	15900
57	22800	30300
58	15600	22440
59	17400	37500
60	19200	26700
61	4800	12300
62	12000	19500
63	4800	12300
64	4800	12300
65	10200	30300
66	15600	23100
67	8400	15900
68	8400	15900
69	12000	19500
70	12000	19500
71	19200	26700
72	10200	30300
73	8400	15900
74	22800	30300
75	22800	30300
76	4800	12300
77	12000	19500
78	10200	30300
79	19200	26700
80	8400	15900
81	4800	12300
82	8400	15900
83	22800	30300
84	15600	23100
85	8400	15900
86	12000	19500
87	12000	18900
88	4800	12300
89	15600	23100
90	10200	30300
91	22800	30300
92	8400	15900
93	15600	23100
94	4800	12300
95	10200	30300
96	8400	15900
97	8400	15900
98	15600	23100
99	12000	19500
100	19200	26700
101	4800	12300
102	4800	12300
103	10200	30300
104	10200	30300
105	15600	23100
106	19200	26700
107	22800	30300
108	10200	30300
109	15600	23100
110	19200	26700
111	15600	23100
112	19200	26700
113	10200	30300
114	12000	18900
115	15600	23100
116	8400	15900
117	4800	12300
118	8400	15900
119	19200	26700
120	15600	23100
121	10200	30300
122	4800	12300
123	19200	26700
124	4800	12300
125	22800	30300
126	8400	15900
127	12000	19500
128	8400	15900
129	19200	26700
130	8400	15900
131	10200	30300
132	19200	26700
133	12000	19500
134	15600	23100
135	22800	30300
136	8400	15900
137	12000	19500
138	22800	30300
139	4800	12300
140	10200	30300
141	4800	12300
142	22800	29700
143	15600	23100
144	12000	19500
145	8400	15900
146	22800	30300
147	19200	26700
148	12000	19500
149	22800	30300
150	15600	23100
151	19200	26700
152	19200	26700
153	22800	30300
154	15600	23100
155	12000	19500
156	19200	26700
157	10200	30300
158	22800	30300
159	22800	30300
160	15600	23100
161	22800	30300
162	19200	26700
163	19200	26700
164	12000	19500
165	12000	19500
166	4800	12300
167	12000	19500
168	12000	19500
169	19200	26700
170	10200	30300
171	15600	23100
172	4800	11700
173	15600	23100
174	15600	23100
175	12000	19500
176	19200	26700
177	10200	30300
178	8400	15900
179	10200	29700
180	12000	19500
181	12000	19500
182	4800	12300
183	12000	19500
184	15600	23100
185	19200	26700
186	8400	15300
187	19200	26700
188	12000	18900
189	12000	18900
190	8400	15900
191	10200	30300
192	12000	19500
193	10200	30300
194	22800	30300
195	19200	26700
196	12000	19500
197	22800	30300
198	12000	19500
199	19200	26700
200	8400	15900
201	4800	12300
202	8400	15300
203	22800	30300
204	15600	23100
205	12000	19500
206	12000	19500
207	12000	19500
208	8400	15900
209	12000	18900
210	15600	23100
211	10200	30300
212	4800	12300
213	12000	19500
214	10200	30300
215	22800	30300
216	8400	15900
217	15600	23100
218	10200	29700
219	8400	15900
220	10200	30300
221	15600	23100
222	8400	15900
223	17400	37500
224	12000	19500
225	12000	19500
226	15600	23100
227	4800	12300
228	22800	30300
229	12000	19500
230	15600	23100
231	10200	30300
232	19200	26700
233	8400	15900
234	4800	11700
235	12000	19500
236	4800	12300
237	4800	12300
238	22800	30300
239	19200	26700
240	10200	30300
241	12000	19500
242	15600	23100
243	19200	26700
244	19200	26700
245	19200	26700
246	8400	15900
247	10200	29700
248	10200	30300
249	12000	19500
250	8400	15300
251	8400	15900
252	8400	15900
253	8400	15900
254	19200	26700
255	19200	26700
256	19200	26700
257	22800	30300
258	19200	26700
259	12000	19500
260	15600	23100
261	19200	26700
262	22800	30300
263	4800	12300
264	22800	30300
265	10200	30300
266	8400	15900
267	8400	15900
268	12000	19500
269	4800	12300
270	8400	15900
271	12000	19500
272	15600	23100
273	8400	15900
274	22800	30300
275	15600	23100
276	12000	19500
277	15600	23100
278	22800	30300
279	19200	26700
280	10200	30300
281	8400	15900
282	10200	30300
283	19200	26700
284	10200	30300
285	12000	19500
286	8400	15900
287	22800	30300
288	10200	30300
289	8400	15900
290	10200	30300
291	12000	19500
292	10200	30300
293	19200	26700
294	10200	30300
295	12000	19500
296	15600	23100
297	15600	23100
298	19200	26700
299	12000	18900
300	22800	30300
301	22800	30300
302	8400	15900
303	12000	19500
304	10200	29700
305	12000	19500
306	12000	19500
307	12000	19500
308	12000	19500
309	19200	26700
310	8400	15900
311	19200	26700
312	12000	19500
313	22800	30300
314	12000	19500
315	15600	23100
316	12000	19500
317	8400	15900
318	12000	19500
319	8400	15900
320	8400	15900
321	10200	30300
322	4800	12300
323	12000	19500
324	15600	23100
325	10200	30300
326	15600	23100
327	8400	15900
328	8400	15900
329	19200	26700
330	15600	23100
331	19200	26700
332	10200	30300
333	10200	30300
334	12000	19500
335	10200	30300
336	15600	23100
337	10200	30300
338	22800	30300
339	12000	19500
340	17400	37500
341	8400	15900
342	8400	15900
343	12000	19500
344	10200	30300
345	22800	30300
346	22800	30300
347	15600	23100
348	12000	19500
349	19200	26700
350	10200	30300
351	8400	15900
352	12000	19500
353	22800	30300
354	10200	29700
355	10200	30300
356	12000	19500
357	22800	30300
358	15600	23100
359	10200	30300
360	22800	30300
361	12000	19500
362	8400	15900
363	15600	23100
364	10200	30300
365	10200	30300
366	8400	15900
367	12000	19500
368	22800	30300
369	12000	19500
370	19200	26700
371	15600	23100
372	8400	15300
373	8400	15900
374	8400	15900
375	22800	30300
376	8400	15900
377	19200	26700
378	8400	15900
379	12000	19500
380	15600	23100
381	22800	29700
382	12000	19500
383	8400	15900
384	22800	30300
385	12000	18900
386	12000	19500
387	19200	26700
388	19200	26700
389	15600	23100
390	10200	30300
391	10200	30300
392	15600	23100
393	15600	23100
394	22800	30300
395	12000	19500
396	10200	29700
397	8400	15900
398	12000	19500
399	15600	23100
400	22800	30300
401	10200	30300
402	19200	26700
403	22800	30300
404	10200	30300
405	19200	26700
406	22800	30300
407	12000	19500
408	22800	30300
409	10200	30300
410	19200	26700
411	15600	23100
412	10200	30300
413	8400	15900
414	10200	29700
415	15600	23100
416	15600	23100
417	22800	30300
418	19200	26700
419	22800	30300
420	19200	26700
421	12000	19500
422	15600	23100
423	10200	30300
424	12000	19500
425	19200	26700
426	19200	26700
427	19200	26700
428	8400	15900
429	8400	15900
430	12000	19500
431	17400	37500
432	10200	30300
433	10200	30300
434	22800	29700
435	8400	15900
436	8400	15900
437	8400	15900
438	22800	30300
439	10200	30300
440	19200	26700
441	8400	15900
442	10200	30300
443	12000	19500
444	22800	30300
445	10200	30300
446	10200	30300
447	12000	19500
448	8400	15900
449	10200	30300
450	8400	15900
451	8400	15900
452	12000	19500
453	22800	30300
454	15600	23100
455	10200	30300
456	22800	30300
457	15600	23100
458	19200	26700
459	19200	26700
460	12000	19500
461	19200	26700
462	15600	23100
463	8400	15900
464	19200	26700
465	19200	26700
466	10200	30300
467	19200	26700
468	15600	23100
469	12000	19500
470	15600	23100
471	10200	30300
472	22800	30300
473	10200	30300
474	10200	29700
475	10200	30300
476	8400	15900
477	15600	23100
478	15600	23100
479	10200	30300
480	12000	19500
481	15600	22440
482	15600	23100
483	22800	30300
484	22800	30300
485	12000	19500
486	12000	19500
487	12000	19500
488	10200	30300
489	10200	30300
490	19200	26700
491	19200	26700
492	22800	30300
493	12000	19500
494	12000	19500
495	15600	23100
496	12000	19500
497	22800	30300
498	10200	29700
499	19200	26700
500	22800	30300
501	19200	26700
502	12000	19500
503	15600	23100
504	22800	30300
505	12000	19500
506	22800	30300
507	22800	30300
508	15600	23100
509	12000	19500
510	12000	19500
511	22800	29700
512	8400	15900
513	12000	19500
514	12000	19500
515	10200	30300
516	15600	23100
517	10200	30300
518	19200	26700
519	10200	30300
520	19200	26700
521	15600	23100
522	19200	26700
523	12000	19500
524	22800	30300
525	22800	30300
526	22800	30300
527	22800	30300
528	10200	30300
529	19200	26700
530	22800	30300
531	12000	19500
532	10200	29700
533	15600	22440
534	10200	30300
535	10200	30300
536	15600	23100
537	10200	30300
538	10200	29700
539	12000	19500
540	22800	30300
541	12000	19500
542	19200	26700
543	12000	19500
544	12000	18900
545	12000	19500
546	22800	30300
547	22800	30300
548	19200	26700
549	22800	30300
550	22800	30300
551	10200	29700
552	10200	30300
553	19200	26700
554	15600	23100
555	12000	19500
556	22800	30300
557	19200	26700
558	19200	26700
559	10200	30300
560	10200	30300
561	22800	30300
562	12000	19500
563	19200	26700
564	22800	30300
565	12000	19500
566	12000	19500
567	12000	19500
568	10200	29700
569	10200	30300
570	10200	30300
571	22800	30300
572	15600	23100
573	17400	37500
574	22800	30300
575	22800	29700
576	12000	19500
577	19200	26700
578	19200	26700
579	10200	30300
580	10200	30300
581	22800	30300
582	22800	30300
583	15600	23100
584	15600	23100
585	12000	19500
586	12000	19500
587	22800	30300
588	15600	23100
589	15600	23100
590	10200	30300
591	22800	30300
592	12000	19500
593	22800	30300
594	19200	26700
595	15600	23100
596	12000	19500
597	22800	30300
598	12000	19500
599	22800	30300
600	15600	23100
601	22800	30300
602	12000	19500
603	22800	30300
604	12000	19500
605	19200	26700
606	10200	30300
607	10200	30300
608	19200	26700
609	10200	30300
610	22800	30300
611	10200	30300
612	22800	30300
613	10200	30300
614	19200	26700
615	15600	23100
616	22800	30300
617	22800	30300
618	15600	23100
619	10200	30300
620	22800	30300
621	19200	26700
622	19200	26700
623	10200	29700
624	19200	26700
625	10200	30300
626	19200	26700
627	15600	23100
628	19200	26700
629	15600	23100
630	22800	30300
631	15600	23100
632	10200	29700
633	22800	30300
634	22800	30300
635	22800	30300
636	19200	26700
637	10200	30300
638	22800	30300
639	19200	26700
640	15600	23100
641	22800	30300
642	22800	30300
643	15600	23100
644	19200	26700
645	22800	30300
646	22800	30300
647	22800	30300
648	19200	26700
649	22800	30300
650	15600	23100
651	15600	23100
652	22800	30300
653	12000	19500
654	10200	30300
655	22800	30300
656	22800	30300
657	15600	23100
658	22800	30300
659	22800	30300
660	12000	19500
661	19200	26700
662	22800	30300
663	10200	29700
664	12000	19500
665	15600	23100
666	15600	23100
667	19200	26700
668	10200	30300
669	15600	23100
670	10200	30300
671	15600	22500
672	19200	26700
673	15600	23100
674	10200	30300
675	19200	26700
676	17400	37500
677	10200	30300
678	19200	26700
679	19200	26700
680	15600	23100
681	10200	30300
682	10200	30300
683	10200	30300
684	22800	30300
685	10200	30300
686	10200	30300
687	22800	29700
688	19200	26700
689	10200	30300
690	15600	23100
691	19200	26700
692	22800	30300
693	15600	23100
694	19200	26700
695	15600	23100
696	15600	22440
697	22800	30300
698	15600	23100
699	15600	23100
700	15600	23100
701	15600	23100
702	19200	26700
703	22800	30300
704	22800	30300
705	22800	30300
706	22800	30300
707	22800	30300
708	10200	30300
709	10200	30300
710	15600	23100
711	10200	30300
712	17400	37500
713	10200	30300
714	19200	26700
715	10200	30300
716	22800	30300
717	15600	23100
718	19200	26700
719	19200	26700
720	19200	26700
721	22800	30300
722	15600	23100
723	10200	30300
724	10200	30300
725	22800	30300
726	15600	23100
727	15600	23100
728	19200	26700
729	17400	37500
730	22800	29700
731	15600	23100
732	22800	30300
733	10200	30300
734	10200	30300
735	22800	30300
736	22800	30300
737	19200	26700
738	19200	26700
739	10200	30300
740	22800	30300
741	19200	26700
742	10200	30300
743	17400	37500
744	22800	30300
745	10200	30300
746	10200	30300
747	10200	30300
748	22800	30300
749	19200	26700
750	19200	26700
751	10200	29700
752	22800	30300
753	22800	30300
754	22800	30300
755	10200	29700
756	15600	23100
757	19200	26700
758	10200	30300
759	19200	26700
760	10200	30300
761	10200	30300
762	10200	30300
763	19200	26700
764	17400	37500
765	22800	30300
766	10200	30300
767	10200	30300
768	22800	30300
769	10200	30300
770	22800	30300
771	10200	30300
772	22800	30300
773	19200	26700
774	19200	26700
775	10200	30300
776	22800	30300
777	19200	26700
778	10200	29700
779	19200	26700
780	19200	26700
781	22800	30300
782	19200	26700
783	10200	30300
784	19200	26700
785	19200	26700
786	22800	30300
787	22800	30300
788	22800	30300
789	10200	30300
790	10200	30300
791	22800	30300
792	10200	30300
793	22800	30300
794	10200	30300
795	22800	30300
796	10200	30300
797	10200	30300
798	10200	30300
799	22800	30300
800	10200	30300
801	19200	26700
802	19200	26700
803	19200	26700
804	22800	30300
805	10200	29700
806	22800	30300
807	10200	30300
808	22800	30300
809	10200	30300
810	22800	30300
811	22800	30300
812	22800	30300
813	22800	30300
814	19200	26700
815	19200	26700
816	19200	26700
817	19200	26700
RELEASE_TIME_SECTION
1	0
2	3600
3	3600
4	3600
5	3600
6	3600
7	3600
8	3600
9	3600
10	3600
11	3600
12	3600
13	3600
14	3600
15	3600
16	3600
17	3600
18	3600
19	3600
20	3600
21	3600
22	3600
23	3600
24	3600
25	3600
26	3600
27	3600
28	3600
29	3600
30	3600
31	3600
32	3600
33	3600
34	3600
35	3600
36	3600
37	3600
38	3600
39	3600
40	3600
41	3600
42	3600
43	3600
44	3600
45	3600
46	3600
47	3600
48	3600
49	3600
50	3600
51	3600
52	3600
53	3600
54	3600
55	3600
56	3600
57	3600
58	3600
59	3600
60	3600
61	3600
62	3600
63	3600
64	3600
65	3600
66	3600
67	3600
68	3600
69	3600
70	3600
71	3600
72	3600
73	3600
74	3600
75	3600
76	3600
77	3600
78	3600
79	3600
80	3600
81	3600
82	3600
83	3600
84	3600
85	3600
86	3600
87	3600
88	3600
89	3600
90	3600
91	3600
92	3600
93	3600
94	3600
95	3600
96	3600
97	3600
98	3600
99	3600
100	3600
101	3600
102	5400
103	5400
104	5400
105	5400
106	5400
107	5400
108	5400
109	5400
110	5400
111	5400
112	5400
113	5400
114	5400
115	5400
116	5400
117	5400
118	5400
119	5400
120	5400
121	5400
122	5400
123	5400
124	5400
125	5400
126	5400
127	5400
128	5400
129	5400
130	5400
131	5400
132	5400
133	5400
134	5400
135	5400
136	5400
137	5400
138	5400
139	5400
140	5400
141	5400
142	5400
143	5400
144	5400
145	5400
146	5400
147	5400
148	5400
149	5400
150	5400
151	5400
152	5400
153	5400
154	5400
155	5400
156	5400
157	5400
158	5400
159	5400
160	5400
161	5400
162	5400
163	5400
164	5400
165	5400
166	5400
167	5400
168	5400
169	5400
170	5400
171	5400
172	5400
173	5400
174	5400
175	5400
176	5400
177	5400
178	5400
179	5400
180	5400
181	5400
182	5400
183	5400
184	5400
185	5400
186	5400
187	5400
188	5400
189	5400
190	5400
191	5400
192	5400
193	5400
194	5400
195	5400
196	5400
197	5400
198	5400
199	5400
200	5400
201	5400
202	7200
203	7200
204	7200
205	7200
206	7200
207	7200
208	7200
209	7200
210	7200
211	7200
212	7200
213	7200
214	7200
215	7200
216	7200
217	7200
218	7200
219	7200
220	7200
221	7200
222	7200
223	7200
224	7200
225	7200
226	7200
227	7200
228	7200
229	7200
230	7200
231	7200
232	7200
233	7200
234	7200
235	7200
236	7200
237	7200
238	7200
239	7200
240	7200
241	7200
242	7200
243	7200
244	7200
245	7200
246	7200
247	7200
248	7200
249	7200
250	7200
251	7200
252	7200
253	7200
254	7200
255	7200
256	7200
257	7200
258	7200
259	7200
260	7200
261	7200
262	7200
263	7200
264	7200
265	7200
266	7200
267	7200
268	7200
269	7200
270	7200
271	7200
272	7200
273	7200
274	7200
275	7200
276	7200
277	7200
278	7200
279	7200
280	7200
281	7200
282	7200
283	7200
284	7200
285	7200
286	7200
287	7200
288	7200
289	7200
290	7200
291	7200
292	7200
293	7200
294	7200
295	7200
296	7200
297	7200
298	7200
299	7200
300	7200
301	7200
302	9000
303	9000
304	9000
305	9000
306	9000
307	9000
308	9000
309	9000
310	9000
311	9000
312	9000
313	9000
314	9000
315	9000
316	9000
317	9000
318	9000
319	9000
320	9000
321	9000
322	9000
323	9000
324	9000
325	9000
326	9000
327	9000
328	9000
329	9000
330	9000
331	9000
332	9000
333	9000
334	9000
335	9000
336	9000
337	9000
338	9000
339	9000
340	9000
341	9000
342	9000
343	9000
344	9000
345	9000
346	9000
347	9000
348	9000
349	9000
350	9000
351	9000
352	9000
353	9000
354	9000
355	9000
356	9000
357	9000
358	9000
359	9000
360	9000
361	9000
362	9000
363	9000
364	9000
365	9000
366	9000
367	9000
368	9000
369	9000
370	9000
371	9000
372	9000
373	9000
374	9000
375	9000
376	9000
377	9000
378	9000
379	9000
380	9000
381	9000
382	9000
383	9000
384	9000
385	9000
386	10800
387	10800
388	10800
389	10800
390	10800
391	10800
392	10800
393	10800
394	10800
395	10800
396	10800
397	10800
398	10800
399	10800
400	10800
401	10800
402	10800
403	10800
404	10800
405	10800
406	10800
407	10800
408	10800
409	10800
410	10800
411	10800
412	10800
413	10800
414	10800
415	10800
416	10800
417	10800
418	10800
419	10800
420	10800
421	10800
422	10800
423	10800
424	10800
425	10800
426	10800
427	10800
428	10800
429	10800
430	10800
431	10800
432	10800
433	10800
434	10800
435	10800
436	10800
437	10800
438	10800
439	10800
440	10800
441	10800
442	10800
443	10800
444	10800
445	10800
446	10800
447	10800
448	10800
449	10800
450	10800
451	10800
452	10800
453	10800
454	10800
455	10800
456	10800
457	10800
458	10800
459	10800
460	10800
461	10800
462	10800
463	10800
464	10800
465	10800
466	10800
467	10800
468	10800
469	10800
470	10800
471	10800
472	12600
473	12600
474	12600
475	12600
476	12600
477	12600
478	12600
479	12600
480	12600
481	12600
482	12600
483	12600
484	12600
485	12600
486	12600
487	12600
488	12600
489	12600
490	12600
491	12600
492	12600
493	12600
494	12600
495	12600
496	12600
497	12600
498	12600
499	12600
500	12600
501	12600
502	12600
503	12600
504	12600
505	12600
506	12600
507	12600
508	12600
509	12600
510	12600
511	12600
512	12600
513	12600
514	12600
515	12600
516	12600
517	12600
518	12600
519	12600
520	12600
521	12600
522	12600
523	12600
524	12600
525	12600
526	12600
527	12600
528	12600
529	12600
530	12600
531	12600
532	12600
533	12600
534	12600
535	12600
536	12600
537	12600
538	14400
539	14400
540	14400
541	14400
542	14400
543	14400
544	14400
545	14400
546	14400
547	14400
548	14400
549	14400
550	14400
551	14400
552	14400
553	14400
554	14400
555	14400
556	14400
557	14400
558	14400
559	14400
560	14400
561	14400
562	14400
563	14400
564	14400
565	14400
566	14400
567	14400
568	14400
569	14400
570	14400
571	14400
572	14400
573	14400
574	14400
575	14400
576	14400
577	14400
578	14400
579	14400
580	14400
581	14400
582	14400
583	14400
584	14400
585	14400
586	14400
587	14400
588	14400
589	14400
590	14400
591	14400
592	14400
593	14400
594	14400
595	14400
596	14400
597	14400
598	14400
599	14400
600	14400
601	14400
602	14400
603	14400
604	14400
605	14400
606	14400
607	16200
608	16200
609	16200
610	16200
611	16200
612	16200
613	16200
614	16200
615	16200
616	16200
617	16200
618	16200
619	16200
620	16200
621	16200
622	16200
623	16200
624	16200
625	16200
626	16200
627	16200
628	16200
629	16200
630	16200
631	16200
632	16200
633	16200
634	16200
635	16200
636	16200
637	16200
638	16200
639	16200
640	16200
641	16200
642	16200
643	16200
644	16200
645	16200
646	16200
647	16200
648	16200
649	16200
650	16200
651	16200
652	16200
653	16200
654	16200
655	16200
656	16200
657	16200
658	16200
659	16200
660	16200
661	16200
662	16200
663	16200
664	16200
665	16200
666	18000
667	18000
668	18000
669	18000
670	18000
671	18000
672	18000
673	18000
674	18000
675	18000
676	18000
677	18000
678	18000
679	18000
680	18000
681	18000
682	18000
683	18000
684	18000
685	18000
686	18000
687	18000
688	18000
689	18000
690	18000
691	18000
692	18000
693	18000
694	18000
695	18000
696	18000
697	18000
698	18000
699	18000
700	18000
701	18000
702	18000
703	18000
704	18000
705	18000
706	18000
707	18000
708	18000
709	18000
710	18000
711	18000
712	18000
713	18000
714	18000
715	18000
716	18000
717	18000
718	18000
719	18000
720	18000
721	18000
722	18000
723	18000
724	18000
725	18000
726	18000
727	18000
728	18000
729	19800
730	19800
731	19800
732	19800
733	19800
734	19800
735	19800
736	19800
737	19800
738	19800
739	19800
740	19800
741	19800
742	19800
743	19800
744	19800
745	19800
746	19800
747	19800
748	19800
749	19800
750	19800
751	19800
752	19800
753	19800
754	19800
755	19800
756	19800
757	19800
758	19800
759	19800
760	19800
761	19800
762	19800
763	19800
764	19800
765	19800
766	19800
767	19800
768	19800
769	19800
770	21600
771	21600
772	21600
773	21600
774	21600
775	21600
776	21600
777	21600
778	21600
779	21600
780	21600
781	21600
782	21600
783	21600
784	21600
785	21600
786	21600
787	21600
788	21600
789	21600
790	21600
791	21600
792	21600
793	21600
794	21600
795	21600
796	21600
797	21600
798	21600
799	21600
800	21600
801	21600
802	21600
803	21600
804	21600
805	21600
806	21600
807	21600
808	21600
809	21600
810	21600
811	21600
812	21600
813	21600
814	21600
815	21600
816	21600
817	21600
EOF
