NAME : ORTEC-VRPTW-ASYM-ef56c080-d1-n897
TYPE : VRPTW-RT
DIMENSION : 898
EDGE_WEIGHT_TYPE : EUC_2D
CAPACITY : 135
NODE_COORD_SECTION
1	4143	0
2	2633	3057
3	3423	3043
4	2034	3469
5	2535	4133
6	2566	2636
7	3373	4814
8	4032	4990
9	4055	4001
10	2076	2878
11	3842	3425
12	2853	3833
13	2826	4453
14	3319	2936
15	3480	4026
16	2442	3503
17	2479	1906
18	3328	3372
19	2856	2897
20	3614	3494
21	2642	3619
22	3071	2827
23	2495	3615
24	3391	4415
25	3450	4531
26	2456	2977
27	3297	3826
28	3357	2939
29	3150	4873
30	3706	4899
31	2479	1906
32	2975	2523
33	2076	2878
34	2689	2487
35	2616	3543
36	4288	4023
37	2856	2897
38	2314	3564
39	3586	5220
40	2610	3123
41	2982	5319
42	2983	3840
43	3338	4669
44	2916	2307
45	2467	2318
46	1862	3685
47	3391	4415
48	2729	3402
49	3356	3352
50	2432	2685
51	2170	3420
52	3378	4547
53	3152	3168
54	3075	3291
55	4357	3648
56	2537	4034
57	2579	3095
58	2916	3428
59	3135	3657
60	3995	4206
61	2853	3833
62	2820	4244
63	3485	3327
64	2876	3972
65	2989	4031
66	3747	4097
67	2971	2920
68	3405	2526
69	3569	2795
70	2975	2523
71	2729	3402
72	2943	5089
73	2810	3144
74	2982	5319
75	2484	2941
76	3569	2795
77	3216	3970
78	4358	4378
79	2642	3619
80	3230	4355
81	3133	5207
82	3391	4415
83	3379	3392
84	2324	2316
85	3033	4396
86	3569	2795
87	3298	5083
88	3319	2936
89	3284	2944
90	2663	4135
91	2456	2977
92	3021	3121
93	2712	4248
94	2396	2755
95	2522	2908
96	2033	3532
97	2370	4035
98	3200	3739
99	2191	3257
100	2322	3764
101	3987	3419
102	2455	2877
103	3189	3335
104	3686	5178
105	2455	4115
106	3016	3328
107	3391	4415
108	3405	2526
109	2738	2483
110	2859	2394
111	2357	3892
112	2369	3018
113	3181	4783
114	3884	5129
115	2630	1767
116	2860	2490
117	4358	4378
118	3319	2936
119	3202	3104
120	3357	2939
121	3568	3625
122	3267	3134
123	2076	2878
124	3493	3440
125	3428	2948
126	2802	3442
127	3196	5182
128	3188	3436
129	3115	3967
130	2535	4133
131	2860	2490
132	3189	3335
133	2290	2265
134	2579	3095
135	2928	3260
136	3342	2649
137	3354	4815
138	3181	4783
139	2826	4453
140	2971	2920
141	3706	4899
142	2338	4307
143	2539	3379
144	3071	2827
145	3167	2945
146	3298	5083
147	4032	4990
148	3071	2803
149	4039	4699
150	2690	3112
151	4257	3280
152	3391	4415
153	3488	3389
154	2742	3195
155	2455	3891
156	3373	4814
157	2985	3522
158	2140	2678
159	3058	3624
160	3133	5207
161	3267	3134
162	3040	3433
163	3651	4049
164	4123	4208
165	3075	3291
166	3568	3625
167	2862	1500
168	3135	3657
169	2458	4183
170	2273	2639
171	2350	3338
172	3676	4679
173	3405	2526
174	2396	2755
175	2983	4657
176	2040	3322
177	3494	4231
178	4145	3304
179	2782	3897
180	3125	3817
181	3547	4317
182	3319	2936
183	2561	2408
184	2324	2316
185	2630	1767
186	2580	3208
187	3686	5178
188	3356	3352
189	2610	3123
190	3987	3419
191	2495	3615
192	3053	3608
193	3039	3615
194	3378	4547
195	3243	4425
196	2484	2941
197	2826	4453
198	4436	3302
199	2506	3834
200	3279	3369
201	2488	4295
202	2369	3018
203	2830	3076
204	2586	3640
205	3907	3755
206	2742	3195
207	2350	3338
208	2505	2627
209	2916	2307
210	2642	3619
211	3033	4396
212	3230	4355
213	3547	4317
214	2820	4244
215	2396	2755
216	2943	5089
217	3538	4808
218	2848	2560
219	2517	2562
220	3956	4366
221	2847	3782
222	3586	4122
223	3646	4062
224	3456	4799
225	3086	3525
226	3297	3826
227	2579	3095
228	3323	3228
229	2615	2981
230	3394	4579
231	4267	4625
232	3072	4586
233	2488	4295
234	3071	2827
235	3707	3326
236	3040	3433
237	3216	3970
238	2853	3440
239	3328	3372
240	2733	3131
241	3133	5207
242	3459	5112
243	3259	4658
244	2742	3195
245	2522	2908
246	2128	2493
247	3707	3326
248	2455	4115
249	2634	2521
250	2689	3292
251	2357	3892
252	3319	2936
253	3323	3228
254	4123	4208
255	3391	4415
256	3103	2509
257	2663	4135
258	3987	3419
259	2948	2920
260	2238	2351
261	3531	3193
262	2076	2878
263	3041	3610
264	2826	3560
265	2401	4104
266	3568	3625
267	3551	3548
268	3267	3134
269	2847	3782
270	2439	2817
271	3383	3715
272	2564	2658
273	3125	3817
274	3351	3575
275	2245	2753
276	2401	4104
277	2880	3212
278	3075	3291
279	2522	2908
280	3319	2936
281	3280	3616
282	3404	4300
283	3280	3616
284	2076	2878
285	2738	2483
286	2943	5089
287	2442	3503
288	3338	4669
289	3391	4415
290	2238	2351
291	3230	4355
292	2860	2490
293	3829	4837
294	2928	3260
295	2782	3897
296	4344	3395
297	2751	1662
298	3115	3967
299	2432	2685
300	3189	3335
301	2720	3146
302	2370	4035
303	1862	3685
304	2747	3062
305	3569	2795
306	2630	1767
307	2571	3411
308	3167	2945
309	2033	3532
310	3135	3657
311	2986	3573
312	4267	4625
313	3394	4579
314	2820	4244
315	2561	2408
316	2903	2731
317	1998	3988
318	3520	4428
319	2322	3764
320	2642	3619
321	2748	3418
322	3071	2803
323	2844	3267
324	3351	3575
325	2370	4035
326	1934	2916
327	2322	3764
328	3995	4206
329	2615	2981
330	3342	2649
331	3015	3862
332	2505	2627
333	3676	4679
334	3580	4980
335	2537	2021
336	3614	3494
337	3292	3105
338	3030	3620
339	2971	2920
340	2315	2530
341	3321	4517
342	3235	3868
343	3302	3897
344	2985	3522
345	2277	2251
346	3485	3327
347	2324	2316
348	3133	5207
349	2539	3379
350	3235	3868
351	3200	3739
352	2792	2915
353	3328	3372
354	3907	3755
355	2432	2685
356	4123	4208
357	3729	3232
358	2240	3933
359	4436	3302
360	2537	2021
361	3167	2945
362	3383	3715
363	2789	3131
364	3259	4658
365	2245	2753
366	2238	2351
367	2607	3775
368	2848	2560
369	3276	3731
370	3383	3715
371	2748	3418
372	1995	3701
373	2343	2787
374	2747	3062
375	2537	4034
376	2836	3378
377	3072	4586
378	2381	4031
379	3747	4097
380	2529	4082
381	3181	4783
382	2710	3278
383	2458	4183
384	2456	2977
385	2455	4115
386	3995	4206
387	3267	3134
388	3485	3327
389	2322	3764
390	2742	3195
391	3297	3826
392	3604	3169
393	2370	4035
394	2807	3227
395	2738	2483
396	3494	4231
397	3135	3657
398	2455	3891
399	2726	3360
400	4032	4990
401	3604	3169
402	2916	3428
403	2522	2908
404	3342	2649
405	3379	3392
406	3053	3608
407	3408	3338
408	4288	4023
409	2561	2408
410	3362	3259
411	3842	3425
412	3236	4552
413	3983	4425
414	4055	4001
415	3538	4808
416	3162	3037
417	2903	2731
418	3026	3086
419	3494	4231
420	2094	3180
421	2506	3834
422	4257	3280
423	2634	2521
424	3053	3608
425	2537	2021
426	4436	3302
427	2784	2451
428	2357	3892
429	3200	3739
430	2634	2521
431	2404	3709
432	2986	3573
433	2836	3378
434	2712	4248
435	3466	3476
436	3319	2936
437	3824	4976
438	3071	2803
439	3075	3291
440	3167	2945
441	2421	3698
442	2711	4444
443	3209	4149
444	2200	3029
445	2705	3643
446	2610	3123
447	2783	3259
448	3044	2650
449	2522	2908
450	2789	3131
451	3150	4873
452	3450	4531
453	2726	3360
454	3189	3335
455	3591	4559
456	3371	3048
457	4055	4001
458	2983	3840
459	3298	4671
460	2277	2251
461	4406	3346
462	3706	4899
463	3520	4428
464	3241	4125
465	2273	2639
466	3269	3740
467	3378	4547
468	3261	2601
469	3053	3608
470	3394	4579
471	2580	3208
472	3488	3389
473	3494	4231
474	3676	4679
475	2903	2731
476	3480	4026
477	2788	4038
478	2939	3331
479	2894	3833
480	3829	4837
481	3015	3862
482	1934	3158
483	2455	3891
484	3030	3841
485	4406	3346
486	2479	1906
487	3261	2601
488	3480	4026
489	2128	2493
490	2837	3012
491	2128	2493
492	2128	2493
493	2506	3834
494	2371	3361
495	3373	4814
496	2738	2483
497	2063	3097
498	2240	3933
499	3580	4980
500	4032	4990
501	3071	2803
502	2421	3698
503	3842	3425
504	3459	5112
505	3394	4579
506	2338	2508
507	4358	4378
508	2555	2819
509	2710	3278
510	2844	3267
511	2456	2977
512	2975	2523
513	2971	2920
514	3248	4359
515	2488	3903
516	3189	3335
517	3125	3817
518	1862	3685
519	2991	3490
520	3450	4531
521	3468	3185
522	2240	3933
523	2401	4104
524	3604	3169
525	3125	3817
526	3162	3037
527	2322	3764
528	3223	4092
529	2324	2316
530	3342	2649
531	2566	2636
532	2856	2897
533	3373	4814
534	2634	2521
535	2455	4115
536	4257	3280
537	2689	2487
538	3298	5083
539	3026	3086
540	2837	2531
541	1995	3701
542	2853	3833
543	2273	2639
544	3030	3620
545	3870	4711
546	2948	2920
547	2986	3573
548	2238	2351
549	3362	3259
550	2566	2636
551	2343	2787
552	2689	2487
553	3280	3616
554	3267	3134
555	3321	4517
556	3480	4026
557	3394	4579
558	3404	4300
559	3181	4783
560	3261	2601
561	2826	4453
562	3676	4679
563	2370	4035
564	2527	3476
565	3279	3369
566	3368	3303
567	3844	4357
568	3408	3338
569	2859	2394
570	1934	3158
571	3480	4026
572	3351	3575
573	3150	4873
574	2853	3833
575	2455	3891
576	4257	3280
577	2939	3331
578	3357	2939
579	3147	4304
580	3039	3615
581	2566	2636
582	2985	3522
583	2771	3119
584	2860	2490
585	3362	3259
586	3267	3134
587	3466	3476
588	2747	3062
589	2535	4133
590	2876	3972
591	3030	3620
592	3280	3616
593	3053	3608
594	3181	4783
595	3987	3419
596	3428	2948
597	3033	4396
598	3209	4149
599	2370	4035
600	3298	5083
601	3368	3303
602	2455	4115
603	4358	4378
604	3079	4317
605	3147	4304
606	4150	4397
607	2940	3468
608	3591	4559
609	2033	3532
610	2610	3123
611	3267	3134
612	2983	4657
613	2396	2755
614	2876	3972
615	3373	4814
616	3351	3575
617	3162	3037
618	2982	5319
619	3039	3615
620	2859	2394
621	2564	2658
622	3230	4355
623	3924	4262
624	2710	3278
625	3208	2955
626	3373	4814
627	4267	4625
628	1810	3674
629	2455	2877
630	4123	4208
631	3259	4658
632	2928	3260
633	3686	5178
634	3044	2650
635	3351	3575
636	2094	3180
637	3044	2650
638	3604	3169
639	2442	3503
640	2807	3227
641	2396	2755
642	2381	4031
643	2859	2394
644	2663	4135
645	3373	4814
646	2555	2819
647	3167	2945
648	3216	3970
649	3302	3897
650	2561	2408
651	2371	3361
652	3987	3419
653	1934	3158
654	2616	3543
655	3302	3897
656	3133	5207
657	3371	3048
658	3292	3105
659	2847	3782
660	2720	3146
661	3190	4501
662	2571	3411
663	2705	3643
664	2853	3440
665	3147	4304
666	2369	3018
667	3651	4049
668	2976	3486
669	2738	2483
670	3030	3841
671	2033	3532
672	3189	3335
673	3115	3967
674	3016	3328
675	3379	5031
676	2369	3018
677	2948	2920
678	3323	3228
679	3200	3739
680	3243	4425
681	2862	1500
682	2306	3511
683	2975	2523
684	2522	2908
685	2529	4082
686	3759	4411
687	4288	4023
688	2738	2483
689	3190	4501
690	3771	4154
691	2820	4244
692	2844	3267
693	2967	3183
694	3258	3261
695	3468	3185
696	3011	3474
697	3956	4366
698	2974	3391
699	2245	2753
700	2621	3982
701	3188	3436
702	2712	4248
703	2974	3391
704	3354	4815
705	3030	3620
706	3488	3389
707	3209	4149
708	2792	2915
709	2630	1767
710	3258	3261
711	3354	4815
712	2040	3322
713	2782	3897
714	2488	3903
715	3150	4873
716	3030	3620
717	2488	4295
718	3021	3121
719	3362	3259
720	3181	4783
721	2306	3511
722	2381	4031
723	2859	2394
724	3391	4415
725	3405	2526
726	2723	1911
727	2733	3131
728	2396	2755
729	2724	3889
730	3230	4355
731	2191	3257
732	3759	4411
733	2467	2318
734	3912	3822
735	3040	3433
736	2967	3183
737	2343	2787
738	2522	2908
739	2956	2893
740	3223	4092
741	2338	2508
742	2527	3476
743	3269	3740
744	2748	3418
745	3338	4669
746	2607	3775
747	2711	4444
748	4344	3395
749	3026	3086
750	2442	3503
751	3196	5182
752	3011	3474
753	2737	3450
754	3311	4666
755	3292	3105
756	3646	4062
757	2663	4135
758	2784	2451
759	2916	2307
760	3956	4366
761	3371	3048
762	2948	2920
763	2140	2678
764	3292	3105
765	4288	4023
766	2484	2941
767	3223	4092
768	3383	3715
769	2751	1662
770	3368	3303
771	3404	4300
772	3466	3476
773	2737	3450
774	3011	3474
775	2633	3057
776	3079	4317
777	3297	3826
778	2396	2755
779	2571	3411
780	3033	4396
781	3125	3817
782	2580	3208
783	3196	5182
784	2076	2878
785	2940	3468
786	2943	5089
787	2034	3469
788	3459	5112
789	2837	2531
790	2495	3615
791	3079	4317
792	2571	3411
793	2705	3643
794	2726	3360
795	4406	3346
796	2690	3112
797	4159	4503
798	3211	3535
799	2564	2658
800	2369	3018
801	3044	2650
802	3450	4531
803	2537	2021
804	3568	3625
805	3147	4304
806	2140	2678
807	2991	3490
808	2810	3144
809	3241	4125
810	4039	4699
811	2928	3260
812	3488	3389
813	2940	3468
814	3884	5129
815	2369	3018
816	2371	3361
817	3044	2650
818	2971	2920
819	3258	3261
820	2975	2523
821	4436	3302
822	2343	2787
823	3580	4980
824	2853	3440
825	2034	3469
826	3459	5112
827	3058	3624
828	3267	3134
829	2974	3391
830	4032	4990
831	2720	3146
832	2940	3468
833	2615	2981
834	2789	3131
835	2720	3146
836	3223	4092
837	3241	4125
838	2432	2685
839	3267	3134
840	2305	2896
841	2782	3897
842	2853	3833
843	3269	3740
844	3466	3476
845	2527	3476
846	2561	2408
847	2621	3982
848	2724	3889
849	2737	3450
850	3190	4501
851	1862	3685
852	2357	3892
853	2689	2487
854	3315	3859
855	3072	3779
856	3188	3436
857	3480	4026
858	2245	2753
859	2689	2487
860	2566	2636
861	2943	5089
862	3279	3369
863	2982	5319
864	3236	4552
865	2853	3833
866	3030	3841
867	2690	3112
868	3956	4366
869	3328	3372
870	3216	3970
871	2789	3131
872	2467	2318
873	3319	4174
874	3924	4262
875	3759	4411
876	3371	3048
877	2401	4104
878	3877	3335
879	3651	4049
880	2974	3391
881	3279	3369
882	3208	2955
883	3125	3817
884	2983	3840
885	2140	2678
886	3569	2795
887	3378	4547
888	2495	3615
889	3280	3616
890	2729	3402
891	3520	4428
892	2579	3095
893	3075	3291
894	2782	3897
895	2571	3411
896	3058	3624
897	3069	3127
898	3494	4231
DEMAND_SECTION
1	0
2	6
3	3
4	11
5	6
6	6
7	3
8	6
9	5
10	3
11	10
12	5
13	4
14	5
15	4
16	5
17	4
18	5
19	6
20	3
21	4
22	6
23	7
24	4
25	6
26	9
27	11
28	9
29	7
30	3
31	8
32	5
33	4
34	7
35	9
36	10
37	3
38	4
39	9
40	5
41	3
42	8
43	6
44	4
45	7
46	4
47	7
48	6
49	5
50	6
51	4
52	4
53	8
54	4
55	6
56	6
57	4
58	8
59	3
60	6
61	4
62	3
63	8
64	4
65	4
66	6
67	9
68	10
69	5
70	5
71	4
72	7
73	7
74	5
75	9
76	6
77	5
78	6
79	3
80	5
81	6
82	9
83	7
84	6
85	5
86	5
87	6
88	4
89	8
90	9
91	4
92	6
93	9
94	5
95	4
96	5
97	6
98	6
99	7
100	7
101	5
102	8
103	7
104	5
105	6
106	5
107	6
108	7
109	6
110	8
111	7
112	13
113	5
114	2
115	4
116	6
117	3
118	6
119	5
120	6
121	9
122	3
123	3
124	7
125	6
126	3
127	5
128	5
129	6
130	5
131	3
132	4
133	8
134	4
135	3
136	9
137	6
138	6
139	8
140	5
141	3
142	3
143	6
144	7
145	6
146	8
147	7
148	4
149	4
150	5
151	6
152	10
153	6
154	8
155	4
156	5
157	5
158	4
159	4
160	7
161	6
162	5
163	4
164	6
165	9
166	4
167	4
168	4
169	5
170	5
171	5
172	5
173	9
174	12
175	6
176	5
177	9
178	7
179	3
180	6
181	9
182	7
183	5
184	8
185	5
186	4
187	9
188	4
189	7
190	16
191	8
192	4
193	3
194	7
195	6
196	7
197	7
198	8
199	6
200	5
201	10
202	7
203	9
204	12
205	6
206	4
207	5
208	6
209	6
210	3
211	5
212	7
213	4
214	3
215	6
216	9
217	3
218	5
219	7
220	6
221	4
222	4
223	4
224	6
225	8
226	9
227	12
228	4
229	4
230	6
231	3
232	5
233	5
234	4
235	6
236	10
237	4
238	5
239	5
240	4
241	6
242	7
243	10
244	3
245	7
246	4
247	6
248	8
249	7
250	4
251	4
252	11
253	6
254	11
255	7
256	4
257	7
258	5
259	9
260	8
261	6
262	5
263	5
264	9
265	7
266	7
267	5
268	6
269	4
270	6
271	3
272	6
273	9
274	3
275	4
276	6
277	4
278	10
279	12
280	9
281	6
282	5
283	6
284	4
285	4
286	7
287	10
288	6
289	5
290	9
291	3
292	4
293	5
294	7
295	6
296	7
297	16
298	3
299	6
300	10
301	11
302	7
303	6
304	8
305	7
306	6
307	9
308	5
309	3
310	5
311	3
312	6
313	9
314	7
315	4
316	9
317	4
318	4
319	4
320	4
321	5
322	9
323	4
324	5
325	6
326	5
327	9
328	11
329	7
330	4
331	3
332	3
333	11
334	3
335	8
336	6
337	5
338	4
339	5
340	7
341	3
342	14
343	6
344	6
345	5
346	3
347	5
348	7
349	6
350	8
351	3
352	6
353	8
354	4
355	6
356	16
357	9
358	6
359	4
360	6
361	8
362	9
363	13
364	13
365	7
366	16
367	6
368	7
369	6
370	9
371	5
372	4
373	6
374	3
375	7
376	6
377	9
378	4
379	5
380	4
381	13
382	5
383	9
384	6
385	3
386	7
387	6
388	4
389	4
390	7
391	5
392	6
393	7
394	7
395	5
396	7
397	7
398	6
399	4
400	6
401	3
402	7
403	13
404	11
405	7
406	6
407	7
408	6
409	5
410	5
411	11
412	9
413	3
414	10
415	7
416	7
417	7
418	6
419	5
420	5
421	6
422	7
423	5
424	4
425	4
426	6
427	6
428	9
429	10
430	8
431	4
432	4
433	3
434	4
435	6
436	8
437	8
438	3
439	13
440	7
441	7
442	7
443	4
444	5
445	4
446	4
447	3
448	5
449	3
450	6
451	6
452	8
453	5
454	7
455	7
456	9
457	5
458	6
459	7
460	8
461	6
462	3
463	4
464	8
465	5
466	6
467	11
468	9
469	4
470	5
471	3
472	6
473	4
474	7
475	6
476	5
477	4
478	6
479	4
480	6
481	9
482	9
483	3
484	13
485	7
486	7
487	5
488	7
489	7
490	8
491	9
492	5
493	5
494	7
495	8
496	6
497	6
498	5
499	3
500	9
501	9
502	14
503	5
504	4
505	12
506	3
507	7
508	7
509	5
510	5
511	4
512	7
513	4
514	6
515	7
516	5
517	13
518	5
519	9
520	6
521	6
522	9
523	5
524	8
525	4
526	3
527	3
528	5
529	7
530	4
531	4
532	5
533	5
534	5
535	7
536	9
537	12
538	13
539	4
540	6
541	8
542	5
543	4
544	4
545	8
546	5
547	4
548	5
549	5
550	7
551	7
552	10
553	6
554	3
555	5
556	5
557	6
558	7
559	5
560	9
561	7
562	10
563	3
564	6
565	11
566	3
567	9
568	6
569	4
570	4
571	7
572	4
573	6
574	6
575	7
576	6
577	4
578	5
579	6
580	5
581	4
582	4
583	6
584	5
585	9
586	6
587	4
588	6
589	3
590	3
591	8
592	5
593	3
594	7
595	10
596	6
597	7
598	3
599	4
600	5
601	6
602	8
603	6
604	9
605	5
606	5
607	5
608	4
609	3
610	5
611	4
612	8
613	6
614	7
615	8
616	7
617	7
618	14
619	6
620	7
621	3
622	5
623	3
624	7
625	4
626	9
627	4
628	7
629	3
630	8
631	6
632	9
633	5
634	5
635	3
636	5
637	7
638	5
639	5
640	7
641	7
642	9
643	5
644	5
645	4
646	5
647	11
648	4
649	5
650	4
651	7
652	4
653	4
654	6
655	5
656	4
657	8
658	6
659	7
660	4
661	6
662	4
663	5
664	6
665	4
666	4
667	6
668	14
669	4
670	6
671	4
672	5
673	5
674	5
675	8
676	4
677	11
678	5
679	6
680	7
681	6
682	6
683	7
684	4
685	6
686	6
687	5
688	6
689	5
690	9
691	3
692	5
693	5
694	3
695	4
696	13
697	9
698	9
699	5
700	5
701	10
702	3
703	3
704	7
705	4
706	4
707	9
708	7
709	5
710	8
711	5
712	3
713	5
714	8
715	7
716	4
717	6
718	5
719	6
720	7
721	5
722	7
723	8
724	5
725	4
726	4
727	5
728	5
729	5
730	3
731	8
732	11
733	10
734	4
735	5
736	4
737	5
738	6
739	4
740	6
741	3
742	4
743	4
744	6
745	5
746	3
747	7
748	9
749	6
750	6
751	4
752	5
753	8
754	5
755	6
756	3
757	6
758	8
759	8
760	9
761	5
762	3
763	5
764	13
765	3
766	6
767	4
768	4
769	5
770	12
771	10
772	3
773	10
774	6
775	4
776	5
777	6
778	6
779	3
780	4
781	5
782	11
783	7
784	8
785	6
786	4
787	4
788	13
789	5
790	9
791	6
792	3
793	4
794	10
795	5
796	5
797	7
798	4
799	5
800	6
801	7
802	5
803	6
804	5
805	6
806	6
807	3
808	6
809	7
810	5
811	6
812	6
813	6
814	6
815	5
816	3
817	6
818	4
819	3
820	4
821	5
822	7
823	5
824	5
825	3
826	3
827	7
828	8
829	11
830	6
831	3
832	4
833	6
834	4
835	6
836	6
837	6
838	6
839	7
840	5
841	3
842	7
843	5
844	8
845	4
846	7
847	3
848	8
849	5
850	7
851	9
852	3
853	6
854	6
855	6
856	5
857	4
858	6
859	5
860	6
861	9
862	6
863	5
864	5
865	4
866	8
867	3
868	6
869	3
870	3
871	9
872	8
873	6
874	6
875	7
876	3
877	6
878	6
879	9
880	7
881	8
882	13
883	6
884	3
885	3
886	5
887	6
888	5
889	8
890	6
891	5
892	5
893	10
894	5
895	3
896	5
897	3
898	4
DEPOT_SECTION
1
-1
SERVICE_TIME_SECTION
1	0
2	480
3	300
4	840
5	840
6	900
7	360
8	360
9	480
10	300
11	480
12	480
13	1140
14	240
15	300
16	480
17	540
18	420
19	480
20	420
21	600
22	660
23	480
24	660
25	660
26	780
27	300
28	480
29	540
30	660
31	480
32	360
33	600
34	360
35	540
36	720
37	480
38	420
39	540
40	420
41	420
42	240
43	540
44	660
45	480
46	540
47	540
48	420
49	600
50	540
51	480
52	540
53	360
54	480
55	780
56	480
57	420
58	660
59	420
60	480
61	1020
62	660
63	420
64	480
65	420
66	300
67	600
68	720
69	240
70	660
71	360
72	540
73	540
74	600
75	720
76	300
77	780
78	480
79	300
80	480
81	480
82	300
83	1020
84	540
85	480
86	300
87	300
88	600
89	480
90	300
91	360
92	480
93	420
94	540
95	360
96	660
97	360
98	1320
99	540
100	780
101	480
102	540
103	420
104	480
105	480
106	660
107	480
108	660
109	660
110	420
111	840
112	1140
113	780
114	540
115	540
116	300
117	720
118	600
119	1020
120	660
121	1080
122	660
123	540
124	660
125	840
126	480
127	660
128	540
129	540
130	300
131	360
132	420
133	540
134	780
135	480
136	420
137	540
138	420
139	660
140	360
141	900
142	540
143	600
144	600
145	720
146	540
147	480
148	840
149	1020
150	660
151	420
152	720
153	360
154	720
155	300
156	660
157	840
158	420
159	420
160	660
161	420
162	360
163	360
164	660
165	1020
166	240
167	540
168	840
169	420
170	420
171	420
172	360
173	540
174	480
175	600
176	360
177	600
178	1140
179	600
180	600
181	600
182	300
183	540
184	480
185	540
186	600
187	660
188	480
189	660
190	540
191	600
192	840
193	780
194	480
195	1020
196	480
197	540
198	420
199	420
200	480
201	720
202	360
203	540
204	300
205	360
206	600
207	600
208	300
209	480
210	480
211	660
212	480
213	360
214	720
215	420
216	360
217	540
218	540
219	480
220	660
221	660
222	360
223	660
224	660
225	300
226	540
227	480
228	540
229	360
230	300
231	420
232	360
233	420
234	360
235	600
236	360
237	540
238	660
239	480
240	540
241	420
242	420
243	420
244	600
245	420
246	480
247	480
248	540
249	240
250	420
251	480
252	600
253	600
254	540
255	540
256	300
257	840
258	600
259	600
260	240
261	660
262	660
263	660
264	540
265	660
266	540
267	300
268	300
269	600
270	600
271	540
272	480
273	300
274	360
275	480
276	600
277	360
278	540
279	300
280	1320
281	540
282	360
283	540
284	600
285	420
286	360
287	300
288	480
289	240
290	780
291	540
292	360
293	480
294	420
295	600
296	540
297	540
298	540
299	840
300	540
301	360
302	540
303	420
304	480
305	360
306	600
307	540
308	300
309	480
310	840
311	600
312	480
313	660
314	300
315	660
316	540
317	540
318	720
319	900
320	720
321	720
322	480
323	480
324	540
325	360
326	480
327	780
328	540
329	600
330	660
331	540
332	480
333	600
334	480
335	600
336	660
337	360
338	300
339	240
340	600
341	540
342	480
343	480
344	780
345	480
346	660
347	420
348	480
349	660
350	600
351	540
352	840
353	480
354	300
355	540
356	480
357	420
358	1080
359	480
360	540
361	420
362	420
363	840
364	480
365	840
366	660
367	660
368	540
369	660
370	660
371	540
372	660
373	840
374	600
375	300
376	540
377	660
378	720
379	540
380	360
381	840
382	420
383	240
384	480
385	420
386	480
387	540
388	660
389	480
390	420
391	540
392	480
393	360
394	420
395	600
396	480
397	720
398	480
399	360
400	240
401	660
402	840
403	660
404	480
405	660
406	720
407	420
408	360
409	1320
410	780
411	540
412	540
413	660
414	360
415	540
416	360
417	600
418	660
419	480
420	1140
421	660
422	600
423	480
424	600
425	540
426	480
427	420
428	660
429	660
430	660
431	540
432	480
433	360
434	480
435	480
436	480
437	1020
438	360
439	480
440	360
441	300
442	420
443	540
444	300
445	780
446	480
447	360
448	840
449	600
450	540
451	720
452	480
453	780
454	540
455	420
456	420
457	480
458	1320
459	420
460	420
461	540
462	480
463	480
464	660
465	720
466	540
467	540
468	300
469	480
470	1140
471	300
472	480
473	240
474	540
475	360
476	660
477	240
478	360
479	420
480	480
481	240
482	480
483	480
484	420
485	420
486	540
487	420
488	480
489	360
490	660
491	540
492	840
493	420
494	480
495	540
496	480
497	480
498	420
499	480
500	420
501	480
502	780
503	300
504	540
505	600
506	480
507	480
508	300
509	480
510	1500
511	540
512	480
513	660
514	720
515	900
516	780
517	420
518	540
519	420
520	420
521	1020
522	540
523	540
524	720
525	480
526	540
527	840
528	540
529	480
530	660
531	420
532	480
533	420
534	540
535	480
536	480
537	480
538	360
539	1140
540	780
541	420
542	660
543	600
544	780
545	540
546	360
547	420
548	360
549	660
550	480
551	420
552	720
553	780
554	540
555	1020
556	600
557	480
558	240
559	360
560	540
561	660
562	600
563	660
564	1080
565	600
566	480
567	480
568	600
569	360
570	840
571	540
572	840
573	540
574	480
575	480
576	300
577	480
578	660
579	360
580	360
581	900
582	1320
583	420
584	420
585	600
586	780
587	480
588	1020
589	360
590	780
591	540
592	660
593	720
594	420
595	480
596	420
597	720
598	780
599	420
600	540
601	480
602	420
603	540
604	480
605	840
606	300
607	420
608	600
609	840
610	420
611	300
612	360
613	480
614	720
615	660
616	540
617	600
618	480
619	600
620	420
621	540
622	660
623	420
624	360
625	420
626	360
627	600
628	480
629	540
630	300
631	540
632	720
633	420
634	480
635	540
636	720
637	780
638	480
639	420
640	240
641	360
642	480
643	840
644	360
645	480
646	540
647	660
648	420
649	480
650	480
651	480
652	420
653	600
654	240
655	720
656	420
657	480
658	360
659	420
660	600
661	600
662	780
663	480
664	420
665	360
666	540
667	720
668	660
669	840
670	420
671	540
672	420
673	480
674	600
675	660
676	480
677	720
678	720
679	660
680	300
681	540
682	540
683	660
684	420
685	480
686	420
687	420
688	480
689	480
690	360
691	360
692	840
693	600
694	900
695	720
696	600
697	780
698	480
699	660
700	480
701	600
702	540
703	540
704	540
705	720
706	480
707	540
708	360
709	660
710	780
711	480
712	420
713	480
714	540
715	720
716	360
717	480
718	420
719	660
720	360
721	960
722	360
723	540
724	480
725	420
726	900
727	540
728	660
729	420
730	480
731	480
732	660
733	720
734	480
735	720
736	480
737	420
738	540
739	420
740	720
741	600
742	600
743	540
744	540
745	540
746	420
747	540
748	240
749	360
750	420
751	240
752	480
753	360
754	720
755	660
756	480
757	660
758	360
759	600
760	480
761	420
762	420
763	660
764	360
765	420
766	660
767	600
768	840
769	540
770	600
771	600
772	540
773	600
774	420
775	480
776	360
777	1140
778	480
779	480
780	900
781	600
782	300
783	660
784	840
785	300
786	420
787	660
788	720
789	300
790	300
791	780
792	780
793	540
794	540
795	840
796	540
797	660
798	600
799	480
800	720
801	720
802	780
803	540
804	540
805	840
806	540
807	420
808	240
809	660
810	480
811	480
812	600
813	480
814	420
815	300
816	720
817	540
818	720
819	420
820	660
821	540
822	480
823	360
824	720
825	360
826	420
827	240
828	240
829	480
830	540
831	300
832	420
833	480
834	660
835	540
836	840
837	1140
838	420
839	660
840	660
841	420
842	660
843	660
844	300
845	300
846	420
847	480
848	420
849	540
850	900
851	600
852	720
853	420
854	720
855	480
856	420
857	780
858	900
859	240
860	660
861	840
862	720
863	480
864	780
865	780
866	660
867	660
868	780
869	360
870	720
871	480
872	960
873	840
874	540
875	900
876	600
877	480
878	360
879	240
880	480
881	240
882	660
883	540
884	660
885	300
886	720
887	540
888	1020
889	480
890	420
891	540
892	480
893	300
894	420
895	900
896	420
897	660
898	420
TIME_WINDOW_SECTION
1	0	45000
2	15600	23100
3	4800	12300
4	10200	30300
5	22800	30300
6	10200	30300
7	8400	15900
8	8400	15900
9	19200	26700
10	10200	30300
11	15600	23100
12	10200	30300
13	15600	22500
14	19200	26700
15	12000	19500
16	12000	19500
17	10200	30300
18	12000	18900
19	15600	23100
20	19200	26700
21	19200	26700
22	19200	26700
23	12000	19500
24	15600	23100
25	10200	30300
26	15600	23100
27	10200	29700
28	19200	26700
29	4800	12300
30	12000	19500
31	8400	15300
32	4800	12300
33	10200	30300
34	8400	15900
35	19200	26700
36	12000	19500
37	10200	30300
38	15600	23100
39	8400	15900
40	10200	30300
41	15600	23100
42	19200	26700
43	22800	30300
44	8400	15900
45	4800	11700
46	10200	30300
47	19200	26700
48	19200	26700
49	4800	12300
50	10200	30300
51	4800	12300
52	10200	30300
53	10200	30300
54	15600	23100
55	12000	19500
56	15600	23100
57	15600	23100
58	12000	19500
59	8400	15900
60	22800	30300
61	12000	19500
62	15600	23100
63	12000	19500
64	4800	12300
65	8400	15900
66	26400	37500
67	8400	15900
68	15600	23100
69	10200	30300
70	8400	15900
71	19200	26700
72	8400	15900
73	19200	26700
74	12000	19500
75	15600	23100
76	22800	30300
77	10200	30300
78	10200	30300
79	4800	12300
80	10200	30300
81	12000	19500
82	19200	26700
83	4800	11700
84	19200	26700
85	4800	12300
86	22800	30300
87	8400	15900
88	19200	26700
89	4800	12300
90	19200	26700
91	12000	19500
92	15600	23100
93	10200	30300
94	15600	23100
95	22800	30300
96	12000	19500
97	15600	23100
98	4800	12300
99	8400	15900
100	8400	15900
101	10200	30300
102	8400	15900
103	4800	12300
104	19200	26700
105	19200	26700
106	12000	19500
107	15600	23100
108	8400	15900
109	15600	23100
110	19200	26700
111	8400	15900
112	10200	30300
113	15600	23100
114	8400	15900
115	8400	15900
116	4800	12300
117	19200	26700
118	19200	26700
119	10200	30300
120	4800	12300
121	10200	30300
122	4800	12300
123	15600	23100
124	12000	19500
125	8400	15900
126	12000	19500
127	10200	30300
128	8400	15300
129	10200	30300
130	10200	30300
131	8400	15900
132	12000	19500
133	12000	19500
134	26400	37500
135	12000	19500
136	4800	12300
137	8400	15900
138	22800	30300
139	4800	12300
140	8400	15900
141	8400	15900
142	22800	30300
143	10200	30300
144	12000	18900
145	8400	15900
146	19200	26700
147	8400	15900
148	22800	30300
149	12000	18900
150	8400	15300
151	10200	30300
152	22800	30300
153	22800	30300
154	15600	23100
155	12000	19500
156	10200	30300
157	15600	23100
158	4800	12300
159	12000	19500
160	8400	15900
161	15600	23100
162	19200	26700
163	4800	12300
164	4800	12300
165	22800	30300
166	19200	26700
167	19200	26700
168	15600	23100
169	19200	26700
170	8400	15900
171	4800	12300
172	4800	12300
173	12000	19500
174	19200	26700
175	12000	18900
176	10200	30300
177	15600	23100
178	15600	23100
179	19200	26700
180	8400	15900
181	8400	15900
182	15600	22500
183	22800	30300
184	4800	12300
185	4800	12300
186	8400	15900
187	19200	26700
188	8400	15900
189	19200	26700
190	10200	30300
191	15600	23100
192	15600	23100
193	19200	26700
194	12000	19500
195	8400	15900
196	15600	23100
197	22800	30300
198	12000	18900
199	12000	19500
200	15600	23100
201	4800	12300
202	8400	15900
203	15600	23100
204	15600	23100
205	8400	15900
206	15600	23100
207	19200	26700
208	22800	30300
209	4800	12300
210	10200	30300
211	10200	30300
212	12000	19500
213	15600	23100
214	12000	18900
215	15600	23100
216	8400	15900
217	15600	23100
218	19200	26700
219	15600	23100
220	8400	15900
221	8400	15900
222	4800	11700
223	12000	19500
224	10200	30300
225	15600	23100
226	19200	26700
227	10200	30300
228	10200	30300
229	10200	30300
230	19200	26700
231	4800	12300
232	10200	30300
233	12000	19500
234	19200	26700
235	15600	23100
236	15600	23100
237	19200	26700
238	12000	19500
239	8400	15900
240	22800	30300
241	22800	30300
242	19200	26700
243	10200	29700
244	22800	30300
245	4800	12300
246	4800	12300
247	12000	19500
248	19200	26700
249	15600	23100
250	8400	15900
251	15600	23100
252	8400	15900
253	4800	12300
254	15600	23100
255	10200	30300
256	15600	23100
257	12000	19500
258	22800	30300
259	12000	18900
260	12000	19500
261	10200	30300
262	22800	30300
263	8400	15900
264	15600	23100
265	10200	30300
266	19200	26700
267	15600	23100
268	10200	30300
269	8400	15900
270	15600	23100
271	10200	30300
272	22800	30300
273	12000	19500
274	22800	30300
275	4800	12300
276	19200	26700
277	15600	23100
278	10200	30300
279	19200	26700
280	10200	30300
281	15600	23100
282	4800	12300
283	8400	15900
284	8400	15900
285	15600	23100
286	10200	29700
287	10200	30300
288	19200	26700
289	15600	23100
290	10200	30300
291	8400	15900
292	12000	19500
293	8400	15900
294	15600	23100
295	15600	23100
296	4800	12300
297	8400	15900
298	10200	30300
299	10200	30300
300	19200	26700
301	12000	19500
302	15600	23100
303	12000	19500
304	19200	26700
305	10200	30300
306	12000	19500
307	10200	30300
308	8400	15900
309	22800	30300
310	8400	15900
311	12000	19500
312	26400	37500
313	19200	26700
314	12000	18900
315	15600	23100
316	4800	12300
317	19200	26700
318	19200	26700
319	19200	26700
320	12000	19500
321	15600	23100
322	8400	15900
323	19200	26700
324	12000	19500
325	12000	19500
326	12000	19500
327	8400	15900
328	19200	26700
329	8400	15900
330	19200	26100
331	12000	19500
332	12000	18900
333	19200	26700
334	26400	37500
335	8400	15900
336	19200	26700
337	12000	19500
338	22800	30300
339	8400	15900
340	10200	30300
341	12000	19500
342	12000	18900
343	10200	30300
344	12000	19500
345	8400	15900
346	19200	26700
347	12000	19500
348	10200	30300
349	10200	30300
350	10200	30300
351	15600	23100
352	10200	30300
353	19200	26700
354	8400	15900
355	12000	19500
356	15600	23100
357	12000	19500
358	19200	26700
359	8400	15900
360	22800	30300
361	15600	23100
362	19200	26700
363	15600	23100
364	19200	26700
365	19200	26700
366	15600	23100
367	8400	15900
368	10200	30300
369	19200	26700
370	10200	30300
371	10200	30300
372	15600	23100
373	10200	30300
374	8400	15300
375	8400	15900
376	12000	19500
377	8400	15900
378	12000	19500
379	10200	30300
380	12000	19500
381	15600	22500
382	22800	30300
383	12000	19500
384	8400	15900
385	22800	30300
386	8400	15300
387	22800	30300
388	12000	19500
389	19200	26700
390	12000	19500
391	10200	30300
392	12000	19500
393	19200	26700
394	10200	30300
395	19200	26700
396	22800	30300
397	19200	26700
398	8400	15900
399	12000	19500
400	8400	15900
401	22800	30300
402	19200	26700
403	19200	26700
404	8400	15900
405	22800	30300
406	15600	23100
407	8400	15900
408	8400	15900
409	19200	26700
410	19200	26700
411	10200	30300
412	8400	15900
413	12000	19500
414	10200	30300
415	19200	26700
416	8400	15900
417	12000	19500
418	12000	19500
419	22800	30300
420	19200	26700
421	22800	30300
422	12000	18900
423	8400	15900
424	12000	19500
425	19200	26700
426	10200	29700
427	8400	15900
428	8400	15900
429	8400	15900
430	22800	30300
431	19200	26100
432	10200	30300
433	22800	30300
434	22800	30300
435	22800	30300
436	8400	15900
437	10200	30300
438	12000	19500
439	15600	23100
440	19200	26700
441	12000	19500
442	12000	18900
443	10200	30300
444	19200	26700
445	8400	15300
446	19200	26700
447	10200	30300
448	15600	22440
449	12000	19500
450	12000	19500
451	12000	19500
452	19200	26700
453	10200	30300
454	12000	19500
455	22800	30300
456	10200	30300
457	12000	19500
458	19200	26700
459	12000	19500
460	8400	15900
461	22800	30300
462	12000	19500
463	8400	15900
464	8400	15900
465	22800	30300
466	8400	15900
467	8400	15900
468	22800	30300
469	12000	19500
470	10200	30300
471	15600	23100
472	22800	30300
473	19200	26100
474	8400	15900
475	10200	30300
476	12000	19500
477	19200	26700
478	10200	30300
479	12000	19500
480	15600	23100
481	22800	30300
482	12000	18900
483	19200	26100
484	19200	26700
485	15600	23100
486	12000	19500
487	22800	30300
488	10200	30300
489	10200	30300
490	8400	15900
491	12000	19500
492	15600	23100
493	22800	30300
494	10200	30300
495	12000	19500
496	22800	30300
497	22800	30300
498	15600	23100
499	10200	30300
500	10200	30300
501	8400	15900
502	15600	23100
503	10200	30300
504	22800	30300
505	19200	26700
506	10200	30300
507	22800	30300
508	19200	26700
509	22800	30300
510	19200	26700
511	12000	19500
512	12000	19500
513	10200	30300
514	12000	19500
515	12000	19500
516	22800	30300
517	10200	29700
518	22800	30300
519	22800	30300
520	22800	30300
521	12000	19500
522	15600	23100
523	22800	30300
524	8400	15900
525	12000	19500
526	19200	26700
527	22800	30300
528	10200	29700
529	22800	30300
530	10200	30300
531	8400	15900
532	19200	26700
533	10200	30300
534	22800	30300
535	12000	19500
536	8400	15900
537	15600	23100
538	19200	26700
539	15600	23100
540	22800	30300
541	12000	19500
542	22800	30300
543	12000	19500
544	22800	30300
545	26400	37500
546	8400	15900
547	12000	19500
548	8400	15900
549	19200	26700
550	10200	29700
551	12000	19500
552	15600	23100
553	10200	30300
554	15600	22500
555	22800	29700
556	10200	30300
557	12000	19500
558	10200	30300
559	15600	23100
560	19200	26700
561	15600	23100
562	12000	19500
563	15600	23100
564	10200	30300
565	15600	23100
566	19200	26700
567	10200	30300
568	22800	30300
569	15600	23100
570	10200	30300
571	15600	23100
572	19200	26700
573	12000	19500
574	15600	23100
575	15600	23100
576	19200	26700
577	10200	30300
578	10200	30300
579	22800	30300
580	15600	23100
581	15600	23100
582	15600	23100
583	19200	26700
584	12000	19500
585	22800	30300
586	10200	30300
587	10200	30300
588	19200	26700
589	12000	19500
590	10200	30300
591	15600	23100
592	15600	23100
593	15600	23100
594	12000	19500
595	15600	23100
596	12000	19500
597	12000	19500
598	12000	19500
599	22800	30300
600	22800	30300
601	10200	30300
602	10200	30300
603	10200	30300
604	15600	23100
605	22800	30300
606	12000	19500
607	19200	26700
608	10200	29700
609	19200	26700
610	15600	23100
611	22800	30300
612	15600	23100
613	19200	26100
614	19200	26700
615	15600	23100
616	15600	23100
617	19200	26700
618	22800	30300
619	10200	30300
620	22800	30300
621	10200	30300
622	15600	23100
623	22800	30300
624	19200	26700
625	10200	30300
626	10200	30300
627	22800	30300
628	10200	30300
629	10200	30300
630	19200	26700
631	22800	30300
632	10200	30300
633	15600	23100
634	10200	30300
635	15600	23100
636	19200	26700
637	19200	26700
638	19200	26700
639	15600	23100
640	19200	26700
641	15600	23100
642	15600	23100
643	19200	26700
644	15600	23100
645	10200	30300
646	22800	30300
647	15600	22440
648	19200	26700
649	10200	29700
650	12000	19500
651	10200	30300
652	10200	29700
653	22800	30300
654	10200	30300
655	15600	23100
656	19200	26700
657	10200	30300
658	15600	23100
659	15600	23100
660	22800	30300
661	10200	30300
662	19200	26700
663	15600	23100
664	22800	30300
665	15600	23100
666	19200	26700
667	10200	29700
668	15600	23100
669	12000	19500
670	10200	30300
671	22800	30300
672	22800	30300
673	22800	30300
674	22800	29700
675	19200	26700
676	10200	30300
677	10200	30300
678	15600	23100
679	19200	26700
680	19200	26700
681	15600	23100
682	22800	30300
683	15600	23100
684	22800	30300
685	10200	30300
686	10200	29700
687	19200	26700
688	19200	26700
689	10200	30300
690	19200	26700
691	15600	22500
692	10200	30300
693	15600	23100
694	22800	30300
695	15600	23100
696	19200	26700
697	19200	26700
698	15600	23100
699	22800	30300
700	19200	26700
701	19200	26700
702	15600	23100
703	19200	26700
704	22800	30300
705	15600	23100
706	10200	30300
707	10200	29700
708	10200	30300
709	15600	23100
710	22800	30300
711	10200	30300
712	19200	26700
713	10200	30300
714	15600	23100
715	22800	30300
716	15600	22440
717	19200	26700
718	19200	26700
719	22800	30300
720	19200	26700
721	15600	23100
722	15600	22500
723	10200	30300
724	15600	23100
725	19200	26700
726	22800	30300
727	15600	23100
728	22800	30300
729	19200	26700
730	10200	30300
731	10200	30300
732	22800	30300
733	22800	30300
734	22800	30300
735	10200	30300
736	10200	30300
737	10200	30300
738	19200	26700
739	19200	26700
740	22800	29700
741	10200	30300
742	10200	30300
743	10200	30300
744	22800	30300
745	19200	26700
746	22800	30300
747	15600	23100
748	19200	26700
749	19200	26700
750	10200	30300
751	22800	30300
752	19200	26700
753	19200	26700
754	19200	26700
755	10200	30300
756	22800	30300
757	10200	29700
758	10200	30300
759	10200	30300
760	19200	26700
761	15600	23100
762	22800	30300
763	19200	26700
764	19200	26700
765	10200	30300
766	22800	30300
767	10200	30300
768	22800	30300
769	15600	23100
770	22800	30300
771	22800	30300
772	19200	26100
773	10200	30300
774	22800	30300
775	10200	30300
776	10200	30300
777	22800	30300
778	10200	30300
779	19200	26700
780	19200	26100
781	22800	30300
782	19200	26700
783	19200	26100
784	22800	30300
785	22800	30300
786	10200	30300
787	19200	26700
788	22800	30300
789	10200	30300
790	22800	29700
791	22800	30300
792	10200	30300
793	10200	29700
794	19200	26700
795	22800	30300
796	10200	30300
797	19200	26700
798	10200	30300
799	19200	26700
800	19200	26700
801	22800	30300
802	19200	26700
803	10200	30300
804	10200	30300
805	10200	30300
806	22800	30300
807	22800	30300
808	10200	30300
809	10200	30300
810	22800	30300
811	19200	26700
812	19200	26700
813	19200	26700
814	22800	30300
815	10200	30300
816	19200	26700
817	22800	30300
818	19200	26700
819	22800	30300
820	19200	26700
821	22800	30300
822	10200	30300
823	10200	30300
824	10200	30300
825	10200	30300
826	22800	30300
827	10200	30300
828	22800	30300
829	10200	30300
830	22800	30300
831	19200	26700
832	19200	26700
833	10200	30300
834	22800	30300
835	19200	26700
836	22800	30300
837	10200	29700
838	10200	30300
839	19200	26700
840	10200	30300
841	10200	30300
842	10200	30300
843	22800	30300
844	22800	30300
845	22800	30300
846	10200	30300
847	10200	30300
848	10200	30300
849	10200	30300
850	10200	30300
851	22800	30300
852	22800	30300
853	10200	30300
854	10200	30300
855	10200	30300
856	10200	30300
857	10200	30300
858	10200	29700
859	19200	26700
860	10200	30300
861	10200	30300
862	10200	30300
863	10200	30300
864	22800	30300
865	10200	30300
866	26400	37500
867	10200	30300
868	22800	30300
869	10200	30300
870	10200	30300
871	10200	30300
872	22800	30300
873	10200	30300
874	10200	30300
875	10200	30300
876	22800	30300
877	22800	30300
878	10200	30300
879	26400	37500
880	10200	30300
881	10200	30300
882	22800	30300
883	10200	30300
884	10200	30300
885	22800	30300
886	10200	29700
887	22800	30300
888	10200	30300
889	22800	30300
890	10200	30300
891	22800	30300
892	22800	30300
893	10200	30300
894	10200	30300
895	10200	30300
896	10200	30300
897	22800	30300
898	10200	29700
RELEASE_TIME_SECTION
1	0
2	3600
3	3600
4	3600
5	3600
6	3600
7	3600
8	3600
9	3600
10	3600
11	3600
12	3600
13	3600
14	3600
15	3600
16	3600
17	3600
18	3600
19	3600
20	3600
21	3600
22	3600
23	3600
24	3600
25	3600
26	3600
27	3600
28	3600
29	3600
30	3600
31	3600
32	3600
33	3600
34	3600
35	3600
36	3600
37	3600
38	3600
39	3600
40	3600
41	3600
42	3600
43	3600
44	3600
45	3600
46	3600
47	3600
48	3600
49	3600
50	3600
51	3600
52	3600
53	3600
54	3600
55	3600
56	3600
57	3600
58	3600
59	3600
60	3600
61	3600
62	3600
63	3600
64	3600
65	3600
66	3600
67	3600
68	3600
69	3600
70	3600
71	3600
72	3600
73	3600
74	3600
75	3600
76	3600
77	3600
78	3600
79	3600
80	3600
81	3600
82	3600
83	3600
84	3600
85	3600
86	3600
87	3600
88	3600
89	3600
90	3600
91	3600
92	3600
93	3600
94	3600
95	3600
96	3600
97	3600
98	3600
99	3600
100	3600
101	3600
102	5400
103	5400
104	5400
105	5400
106	5400
107	5400
108	5400
109	5400
110	5400
111	5400
112	5400
113	5400
114	5400
115	5400
116	5400
117	5400
118	5400
119	5400
120	5400
121	5400
122	5400
123	5400
124	5400
125	5400
126	5400
127	5400
128	5400
129	5400
130	5400
131	5400
132	5400
133	5400
134	5400
135	5400
136	5400
137	5400
138	5400
139	5400
140	5400
141	5400
142	5400
143	5400
144	5400
145	5400
146	5400
147	5400
148	5400
149	5400
150	5400
151	5400
152	5400
153	5400
154	5400
155	5400
156	5400
157	5400
158	5400
159	5400
160	5400
161	5400
162	5400
163	5400
164	5400
165	5400
166	5400
167	5400
168	5400
169	5400
170	5400
171	5400
172	5400
173	5400
174	5400
175	5400
176	5400
177	5400
178	5400
179	5400
180	5400
181	5400
182	5400
183	5400
184	5400
185	5400
186	5400
187	5400
188	5400
189	5400
190	5400
191	5400
192	5400
193	5400
194	5400
195	5400
196	5400
197	5400
198	5400
199	5400
200	5400
201	5400
202	7200
203	7200
204	7200
205	7200
206	7200
207	7200
208	7200
209	7200
210	7200
211	7200
212	7200
213	7200
214	7200
215	7200
216	7200
217	7200
218	7200
219	7200
220	7200
221	7200
222	7200
223	7200
224	7200
225	7200
226	7200
227	7200
228	7200
229	7200
230	7200
231	7200
232	7200
233	7200
234	7200
235	7200
236	7200
237	7200
238	7200
239	7200
240	7200
241	7200
242	7200
243	7200
244	7200
245	7200
246	7200
247	7200
248	7200
249	7200
250	7200
251	7200
252	7200
253	7200
254	7200
255	7200
256	7200
257	7200
258	7200
259	7200
260	7200
261	7200
262	7200
263	7200
264	7200
265	7200
266	7200
267	7200
268	7200
269	7200
270	7200
271	7200
272	7200
273	7200
274	7200
275	7200
276	7200
277	7200
278	7200
279	7200
280	7200
281	7200
282	7200
283	7200
284	7200
285	7200
286	7200
287	7200
288	7200
289	7200
290	7200
291	7200
292	7200
293	7200
294	7200
295	7200
296	7200
297	7200
298	7200
299	7200
300	7200
301	7200
302	9000
303	9000
304	9000
305	9000
306	9000
307	9000
308	9000
309	9000
310	9000
311	9000
312	9000
313	9000
314	9000
315	9000
316	9000
317	9000
318	9000
319	9000
320	9000
321	9000
322	9000
323	9000
324	9000
325	9000
326	9000
327	9000
328	9000
329	9000
330	9000
331	9000
332	9000
333	9000
334	9000
335	9000
336	9000
337	9000
338	9000
339	9000
340	9000
341	9000
342	9000
343	9000
344	9000
345	9000
346	9000
347	9000
348	9000
349	9000
350	9000
351	9000
352	9000
353	9000
354	9000
355	9000
356	9000
357	9000
358	9000
359	9000
360	9000
361	9000
362	9000
363	9000
364	9000
365	9000
366	9000
367	9000
368	9000
369	9000
370	9000
371	9000
372	9000
373	9000
374	9000
375	9000
376	9000
377	9000
378	9000
379	9000
380	9000
381	9000
382	9000
383	9000
384	9000
385	9000
386	9000
387	9000
388	9000
389	9000
390	10800
391	10800
392	10800
393	10800
394	10800
395	10800
396	10800
397	10800
398	10800
399	10800
400	10800
401	10800
402	10800
403	10800
404	10800
405	10800
406	10800
407	10800
408	10800
409	10800
410	10800
411	10800
412	10800
413	10800
414	10800
415	10800
416	10800
417	10800
418	10800
419	10800
420	10800
421	10800
422	10800
423	10800
424	10800
425	10800
426	10800
427	10800
428	10800
429	10800
430	10800
431	10800
432	10800
433	10800
434	10800
435	10800
436	10800
437	10800
438	10800
439	10800
440	10800
441	10800
442	10800
443	10800
444	10800
445	10800
446	10800
447	10800
448	10800
449	10800
450	10800
451	10800
452	10800
453	10800
454	10800
455	10800
456	10800
457	10800
458	10800
459	10800
460	10800
461	10800
462	10800
463	10800
464	10800
465	10800
466	10800
467	10800
468	10800
469	10800
470	10800
471	10800
472	10800
473	10800
474	10800
475	10800
476	10800
477	10800
478	10800
479	10800
480	10800
481	12600
482	12600
483	12600
484	12600
485	12600
486	12600
487	12600
488	12600
489	12600
490	12600
491	12600
492	12600
493	12600
494	12600
495	12600
496	12600
497	12600
498	12600
499	12600
500	12600
501	12600
502	12600
503	12600
504	12600
505	12600
506	12600
507	12600
508	12600
509	12600
510	12600
511	12600
512	12600
513	12600
514	12600
515	12600
516	12600
517	12600
518	12600
519	12600
520	12600
521	12600
522	12600
523	12600
524	12600
525	12600
526	12600
527	12600
528	12600
529	12600
530	12600
531	12600
532	12600
533	12600
534	12600
535	12600
536	12600
537	12600
538	12600
539	12600
540	12600
541	12600
542	12600
543	12600
544	12600
545	12600
546	12600
547	12600
548	12600
549	14400
550	14400
551	14400
552	14400
553	14400
554	14400
555	14400
556	14400
557	14400
558	14400
559	14400
560	14400
561	14400
562	14400
563	14400
564	14400
565	14400
566	14400
567	14400
568	14400
569	14400
570	14400
571	14400
572	14400
573	14400
574	14400
575	14400
576	14400
577	14400
578	14400
579	14400
580	14400
581	14400
582	14400
583	14400
584	14400
585	14400
586	14400
587	14400
588	14400
589	14400
590	14400
591	14400
592	14400
593	14400
594	14400
595	14400
596	14400
597	14400
598	14400
599	14400
600	14400
601	14400
602	14400
603	14400
604	14400
605	14400
606	14400
607	14400
608	14400
609	14400
610	14400
611	14400
612	14400
613	14400
614	14400
615	14400
616	14400
617	14400
618	14400
619	14400
620	14400
621	14400
622	14400
623	14400
624	14400
625	14400
626	14400
627	14400
628	14400
629	14400
630	14400
631	16200
632	16200
633	16200
634	16200
635	16200
636	16200
637	16200
638	16200
639	16200
640	16200
641	16200
642	16200
643	16200
644	16200
645	16200
646	16200
647	16200
648	16200
649	16200
650	16200
651	16200
652	16200
653	16200
654	16200
655	16200
656	16200
657	16200
658	16200
659	16200
660	16200
661	16200
662	16200
663	16200
664	16200
665	16200
666	16200
667	16200
668	16200
669	16200
670	16200
671	16200
672	16200
673	16200
674	16200
675	16200
676	16200
677	16200
678	16200
679	16200
680	16200
681	16200
682	16200
683	16200
684	16200
685	16200
686	16200
687	16200
688	16200
689	16200
690	16200
691	16200
692	16200
693	16200
694	16200
695	16200
696	16200
697	16200
698	16200
699	18000
700	18000
701	18000
702	18000
703	18000
704	18000
705	18000
706	18000
707	18000
708	18000
709	18000
710	18000
711	18000
712	18000
713	18000
714	18000
715	18000
716	18000
717	18000
718	18000
719	18000
720	18000
721	18000
722	18000
723	18000
724	18000
725	18000
726	18000
727	18000
728	18000
729	18000
730	18000
731	18000
732	18000
733	18000
734	18000
735	18000
736	18000
737	18000
738	18000
739	18000
740	18000
741	18000
742	18000
743	18000
744	18000
745	18000
746	18000
747	18000
748	18000
749	18000
750	18000
751	19800
752	19800
753	19800
754	19800
755	19800
756	19800
757	19800
758	19800
759	19800
760	19800
761	19800
762	19800
763	19800
764	19800
765	19800
766	19800
767	19800
768	19800
769	19800
770	19800
771	19800
772	19800
773	19800
774	19800
775	19800
776	19800
777	19800
778	19800
779	19800
780	19800
781	19800
782	19800
783	19800
784	19800
785	19800
786	19800
787	19800
788	19800
789	19800
790	19800
791	19800
792	19800
793	19800
794	19800
795	19800
796	19800
797	21600
798	21600
799	21600
800	21600
801	21600
802	21600
803	21600
804	21600
805	21600
806	21600
807	21600
808	21600
809	21600
810	21600
811	21600
812	21600
813	21600
814	21600
815	21600
816	21600
817	21600
818	21600
819	21600
820	21600
821	21600
822	21600
823	21600
824	21600
825	21600
826	21600
827	21600
828	21600
829	21600
830	21600
831	21600
832	21600
833	21600
834	21600
835	21600
836	21600
837	21600
838	21600
839	23400
840	23400
841	23400
842	23400
843	23400
844	23400
845	23400
846	23400
847	23400
848	23400
849	23400
850	23400
851	23400
852	23400
853	23400
854	23400
855	23400
856	23400
857	23400
858	23400
859	23400
860	23400
861	23400
862	23400
863	23400
864	23400
865	23400
866	23400
867	23400
868	23400
869	23400
870	23400
871	23400
872	23400
873	23400
874	23400
875	23400
876	23400
877	25200
878	25200
879	25200
880	25200
881	25200
882	25200
883	25200
884	25200
885	25200
886	25200
887	25200
888	25200
889	25200
890	25200
891	25200
892	25200
893	25200
894	25200
895	25200
896	25200
897	25200
898	25200
EOF
