NAME : ORTEC-VRPTW-ASYM-19eafe1e-d1-n869
TYPE : VRPTW-RT
DIMENSION : 870
EDGE_WEIGHT_TYPE : EUC_2D
CAPACITY : 135
NODE_COORD_SECTION
1	1660	4411
2	1647	4409
3	759	4429
4	1317	2720
5	1667	3898
6	968	4483
7	1896	6852
8	1065	3214
9	716	1902
10	295	1596
11	1179	2355
12	2479	6718
13	973	4101
14	1136	2898
15	2233	6158
16	1095	3063
17	1040	2780
18	753	5643
19	810	6006
20	1629	6150
21	2111	6521
22	1641	4872
23	1442	2683
24	1057	4894
25	1270	3280
26	1448	5963
27	561	2196
28	1672	3757
29	704	5648
30	888	5403
31	1040	2780
32	1710	4404
33	295	1596
34	1629	3821
35	979	1864
36	853	4182
37	1063	2740
38	1323	3847
39	1174	2611
40	961	5839
41	1137	2930
42	1236	3266
43	953	6006
44	1149	3837
45	1186	4137
46	957	4134
47	1057	4894
48	1265	2644
49	915	2703
50	983	2547
51	1060	5885
52	1222	2187
53	919	1941
54	1319	3002
55	896	5248
56	1036	2406
57	2119	5515
58	966	3865
59	1368	2750
60	1082	5438
61	2479	6718
62	1758	4712
63	1699	3823
64	1931	2577
65	2541	6982
66	1256	4559
67	1135	3234
68	1969	2547
69	825	2493
70	1710	4404
71	1265	2644
72	1939	2486
73	1714	2683
74	1137	2930
75	1518	6510
76	1103	3796
77	917	3788
78	1253	1887
79	1168	2749
80	1354	2836
81	1009	4283
82	1069	2794
83	1765	5880
84	938	2188
85	1299	2764
86	1103	3796
87	1757	3615
88	1249	6402
89	1125	2498
90	1315	3659
91	1373	3239
92	721	5243
93	917	3788
94	708	2291
95	861	5431
96	1417	2879
97	2383	6800
98	1463	6196
99	871	1822
100	1266	3442
101	999	4957
102	1177	2383
103	1265	2066
104	2526	6734
105	1335	1710
106	1365	2789
107	1069	2794
108	1969	2547
109	1379	2793
110	2264	6938
111	223	817
112	1216	5087
113	2121	6526
114	1030	4276
115	1095	2206
116	1629	3821
117	1253	1887
118	1136	2898
119	1040	4708
120	1260	3231
121	706	2433
122	1629	2678
123	1569	2963
124	1585	3571
125	926	4406
126	554	5307
127	1751	3776
128	1237	2460
129	1514	3938
130	919	3117
131	1629	3821
132	1850	3679
133	1448	5963
134	1772	5391
135	1256	4559
136	1579	1809
137	2162	6986
138	1059	2772
139	923	2858
140	1135	3234
141	888	5403
142	1410	2531
143	848	4818
144	1368	5752
145	1687	3846
146	1629	3847
147	1253	1887
148	1405	2734
149	1585	2820
150	1486	2897
151	2088	6665
152	1069	2794
153	2350	6209
154	2004	6351
155	679	2568
156	1896	6852
157	2180	6044
158	1536	5837
159	1069	2794
160	1009	4283
161	1850	3679
162	1219	3632
163	676	4762
164	1120	5547
165	1743	2409
166	706	2433
167	1015	2481
168	930	5000
169	1080	2311
170	1419	5508
171	953	5095
172	2032	6547
173	1969	2547
174	708	2291
175	896	1881
176	1498	4232
177	1650	4455
178	781	1946
179	1160	2977
180	1495	2882
181	370	2102
182	1136	2898
183	1272	3426
184	983	2547
185	2288	6664
186	1866	2738
187	1298	3941
188	915	2703
189	961	5839
190	999	4957
191	1179	2355
192	999	5744
193	1658	3580
194	1222	2187
195	1332	3015
196	1518	6510
197	973	4101
198	1814	4494
199	1056	2492
200	1250	2914
201	1106	2614
202	1216	5087
203	1807	6335
204	1119	6013
205	1175	2286
206	2004	6351
207	1287	4693
208	1281	3984
209	1149	3837
210	2111	6521
211	1299	2764
212	1354	2836
213	1267	2782
214	1758	4712
215	1397	6232
216	1939	2486
217	1515	5400
218	1367	3075
219	1451	2768
220	1522	5529
221	1087	2570
222	494	1981
223	955	4136
224	1352	4263
225	817	5306
226	1110	2242
227	2119	5515
228	1739	2940
229	1352	2654
230	1251	2525
231	1041	5651
232	1547	2898
233	1101	3188
234	1641	4872
235	1648	2844
236	1219	3632
237	683	4197
238	875	5183
239	753	5643
240	1805	6912
241	1009	4283
242	1287	4693
243	2068	6478
244	2004	6351
245	1079	3305
246	1667	3898
247	1648	2844
248	1142	1483
249	1249	2034
250	153	203
251	223	817
252	1136	2898
253	1739	2940
254	953	6006
255	1057	4894
256	1623	2548
257	1315	3659
258	999	4957
259	1448	3833
260	1611	3772
261	1330	2854
262	295	1596
263	1682	6449
264	997	5903
265	1060	5885
266	706	2433
267	714	5204
268	1850	3679
269	1087	2570
270	1154	2559
271	2451	6566
272	1886	4320
273	1566	3073
274	846	2300
275	1319	3002
276	1456	4541
277	2626	6808
278	1743	2409
279	861	5431
280	1136	2898
281	1985	2726
282	1507	2822
283	1985	2726
284	1451	2768
285	1379	2793
286	1939	2486
287	2012	5699
288	953	6006
289	1057	4894
290	762	4597
291	1354	2836
292	2559	6237
293	1612	3083
294	1687	4668
295	1518	6510
296	1120	4291
297	448	1983
298	1514	3938
299	576	4626
300	1850	3679
301	1723	6243
302	2232	6191
303	1149	3837
304	1662	6394
305	825	2493
306	2288	6664
307	1732	2908
308	1479	3997
309	1332	3015
310	1417	2879
311	930	5000
312	1365	3087
313	1087	2570
314	2541	6982
315	1041	5651
316	1251	2525
317	1758	4712
318	957	4134
319	1199	3002
320	1272	3426
321	1635	5404
322	1521	5329
323	988	2628
324	966	3865
325	1168	2749
326	1546	2155
327	1405	2734
328	970	4496
329	1567	2940
330	2383	6800
331	2088	6665
332	1266	3442
333	1234	2898
334	1237	2460
335	801	5027
336	1579	1809
337	2222	6225
338	1087	4319
339	1580	3913
340	785	4671
341	1794	2775
342	1251	2525
343	2445	7154
344	731	1949
345	1114	3805
346	1101	5883
347	670	2206
348	2526	6780
349	1623	5266
350	1795	6015
351	2480	6056
352	1185	4205
353	1699	3823
354	1554	3624
355	923	2858
356	848	4818
357	1410	2531
358	1610	4230
359	1101	5305
360	753	5643
361	1175	2286
362	983	2547
363	1120	5547
364	1710	4240
365	1543	3464
366	1814	4494
367	1092	2203
368	1479	3997
369	2451	6566
370	1747	3670
371	1265	2644
372	2012	5699
373	998	4145
374	1611	3772
375	1083	3024
376	1367	3075
377	2399	6594
378	2451	6566
379	1947	6469
380	1414	4052
381	1795	2318
382	1662	6394
383	2234	6246
384	1547	2898
385	1795	2318
386	1730	5988
387	1237	2620
388	2121	6526
389	1794	3254
390	1080	2311
391	1448	5963
392	1335	1710
393	1082	5438
394	1629	2678
395	1699	3823
396	1266	3442
397	2004	6351
398	1110	2242
399	244	2361
400	1807	6335
401	580	2004
402	1650	4455
403	1699	3823
404	1040	4708
405	1569	2963
406	1065	3214
407	1015	2481
408	966	3865
409	861	5431
410	1797	3874
411	1765	5880
412	999	5744
413	1845	3011
414	1766	6643
415	1272	3426
416	1662	6394
417	1203	2314
418	1179	2355
419	1214	5627
420	725	5293
421	716	1902
422	1264	2879
423	1635	5404
424	863	4735
425	1650	4455
426	521	4008
427	1116	4968
428	845	4816
429	1430	3906
430	1092	2203
431	1814	4494
432	1761	3714
433	1352	2654
434	1093	3031
435	1249	2034
436	786	5594
437	1365	3087
438	1868	4614
439	917	3788
440	2316	6954
441	1136	2898
442	972	3892
443	1232	3261
444	1405	2734
445	1743	2409
446	1479	3997
447	2049	5493
448	1686	2857
449	1236	3266
450	1597	2771
451	1664	4170
452	961	5839
453	1853	3552
454	607	4252
455	1018	2403
456	1270	3280
457	1664	6434
458	1265	2066
459	2292	6515
460	716	1902
461	1232	3261
462	1345	3083
463	1185	4205
464	1862	3047
465	1406	4712
466	988	2628
467	1297	3057
468	1419	5508
469	1222	2187
470	762	4597
471	999	5744
472	1686	2857
473	2016	5450
474	1282	1646
475	2350	6209
476	1650	4455
477	2233	6158
478	1610	4230
479	1809	3834
480	1367	3075
481	2298	6320
482	1314	4426
483	2222	6225
484	1345	3083
485	744	5963
486	2051	2850
487	2292	6515
488	679	2568
489	1797	3874
490	829	4125
491	1232	3261
492	2121	6526
493	1862	3047
494	1647	4409
495	1040	2780
496	1087	2350
497	2233	6158
498	735	5386
499	2472	7065
500	1463	6196
501	735	5386
502	735	5386
503	1116	4968
504	1289	4091
505	1866	2738
506	580	2004
507	1672	3757
508	708	2291
509	1543	3464
510	1139	3332
511	931	4255
512	848	4818
513	824	2238
514	1875	2477
515	1179	2355
516	1287	4693
517	1743	2409
518	1095	3063
519	1203	2314
520	923	2858
521	1514	3938
522	1120	5547
523	2445	7154
524	567	4840
525	1585	2820
526	1612	3083
527	1794	3254
528	970	4496
529	1373	3239
530	1710	4404
531	1135	3234
532	1219	3632
533	1465	5414
534	958	4777
535	1270	3280
536	1147	2765
537	1543	3464
538	244	2361
539	1730	5988
540	1566	3073
541	1136	2898
542	1264	2879
543	2396	6747
544	983	2547
545	968	4483
546	810	6006
547	1629	6150
548	1203	1874
549	1651	4244
550	1101	5883
551	1374	3164
552	1710	4240
553	1896	6852
554	1058	2773
555	845	4816
556	1197	2786
557	1809	3834
558	1629	6150
559	1368	2750
560	1414	4052
561	2479	6718
562	988	2628
563	1419	5508
564	1114	3805
565	1522	5529
566	1448	3833
567	1365	3087
568	1611	3772
569	1203	2314
570	1795	2318
571	1197	2786
572	1985	2726
573	1042	3261
574	1086	2440
575	1378	3019
576	2233	6158
577	663	5323
578	1251	2525
579	1507	2822
580	2121	6526
581	762	4597
582	2383	6800
583	1378	4926
584	1606	6156
585	1250	2914
586	1063	2740
587	1730	5988
588	744	5963
589	2348	6786
590	1567	2940
591	1018	2403
592	845	4816
593	647	4200
594	1672	3757
595	1764	4621
596	1658	3580
597	1410	2985
598	968	4483
599	2180	6044
600	1651	4244
601	1629	3821
602	670	2206
603	1850	3679
604	941	4810
605	1667	3898
606	1125	2498
607	967	5594
608	1114	3805
609	1985	2726
610	370	2102
611	1430	3906
612	1059	2772
613	2383	6800
614	1063	2740
615	1142	1483
616	1206	2996
617	725	5293
618	2445	7154
619	2480	6056
620	2292	6515
621	778	3416
622	1293	3896
623	961	5839
624	1397	6232
625	1667	3898
626	1866	2738
627	582	2293
628	1264	2879
629	1093	3031
630	2264	6938
631	1886	4320
632	1354	2836
633	1199	3002
634	778	3416
635	1442	4015
636	1896	6852
637	1664	6434
638	1041	5651
639	1651	4244
640	1065	3214
641	1120	5547
642	1687	4668
643	1641	4872
644	846	2300
645	1641	4872
646	1110	2242
647	1599	3925
648	1397	6232
649	1158	1822
650	381	499
651	381	499
652	1138	3319
653	863	4735
654	1866	2738
655	1249	6402
656	1664	4170
657	781	1946
658	917	3788
659	1107	3350
660	1272	3426
661	1678	3065
662	1106	2614
663	1566	6170
664	979	1864
665	725	5293
666	1795	6015
667	825	2493
668	1799	3847
669	731	1949
670	1087	2570
671	1222	2187
672	1606	6156
673	1612	3083
674	896	5248
675	1527	3614
676	825	2493
677	1979	6469
678	1764	4621
679	1546	2155
680	1293	3896
681	1154	2559
682	1809	3834
683	708	3815
684	580	2004
685	1293	3896
686	804	5582
687	1042	3261
688	1601	3749
689	1739	2940
690	580	2004
691	1332	3015
692	824	2238
693	1979	6469
694	1710	4404
695	1315	3659
696	861	5431
697	861	5431
698	1237	2620
699	1270	3280
700	1345	3083
701	853	4182
702	1248	5735
703	1352	2654
704	1149	3837
705	781	1946
706	1484	3621
707	1597	2771
708	671	4688
709	1507	2934
710	998	4145
711	1237	2460
712	1456	4541
713	2162	6986
714	704	5648
715	1139	3332
716	1203	1874
717	1764	4621
718	753	5643
719	957	4134
720	1095	2206
721	1710	4404
722	2222	6225
723	534	2206
724	2162	6986
725	1206	2996
726	1442	4015
727	1648	2844
728	1101	3188
729	721	5243
730	1237	2620
731	1448	3833
732	1969	2547
733	1143	5835
734	2603	6695
735	1805	6912
736	708	2291
737	521	4008
738	1601	3954
739	958	4777
740	2559	6237
741	1110	2242
742	1875	2477
743	1451	2768
744	1484	3621
745	1087	4319
746	1939	2486
747	2348	6786
748	1546	2155
749	972	3892
750	1400	2906
751	1137	2930
752	804	5582
753	1419	5508
754	244	2361
755	1229	2467
756	863	4735
757	1095	3063
758	1775	4358
759	1751	3776
760	1355	3465
761	731	1949
762	1177	2383
763	1498	3702
764	853	4182
765	1087	2570
766	671	4688
767	2451	6566
768	1299	2764
769	1799	3847
770	1601	3749
771	731	1949
772	911	2302
773	853	4182
774	1209	3031
775	1139	2891
776	2526	6780
777	1323	3847
778	778	3416
779	1355	3465
780	1498	3702
781	2626	6808
782	1448	3833
783	1597	2771
784	1279	2983
785	1597	2771
786	804	5582
787	1352	2654
788	521	4008
789	1368	3602
790	1279	2983
791	1410	2531
792	561	2196
793	1397	6232
794	1527	3614
795	1299	2764
796	1495	2882
797	1543	3464
798	967	5594
799	1282	1646
800	1597	2771
801	721	5243
802	1209	3031
803	1751	3776
804	1896	6852
805	295	1596
806	1807	6335
807	1939	2486
808	1267	3019
809	957	4134
810	1453	3665
811	973	4101
812	1612	3083
813	1317	2720
814	1287	4693
815	379	2040
816	1368	2750
817	1279	2983
818	1527	3614
819	2340	6367
820	1599	3925
821	1664	6434
822	1009	4283
823	1862	3047
824	2298	6320
825	607	4252
826	759	4354
827	349	464
828	1886	4320
829	2245	6220
830	874	2139
831	1330	2854
832	1853	3552
833	1139	3332
834	1662	6394
835	1714	2683
836	1249	6402
837	2088	6665
838	1814	4494
839	1216	5087
840	952	2356
841	2516	6667
842	1641	4872
843	973	4101
844	1368	3602
845	1710	4404
846	973	4101
847	991	2902
848	1368	5752
849	1041	5651
850	957	4335
851	1794	3254
852	785	4671
853	982	6193
854	1601	3954
855	731	1949
856	379	2040
857	1069	2794
858	1453	3665
859	1850	3679
860	1093	3031
861	1101	5305
862	1507	2934
863	1065	3214
864	647	4200
865	896	1881
866	1214	5627
867	1723	6243
868	2396	6747
869	153	203
870	295	1596
DEMAND_SECTION
1	0
2	6
3	5
4	4
5	10
6	4
7	10
8	5
9	9
10	7
11	6
12	7
13	8
14	4
15	6
16	7
17	4
18	6
19	14
20	6
21	8
22	5
23	9
24	3
25	4
26	6
27	8
28	8
29	14
30	7
31	6
32	7
33	7
34	8
35	5
36	3
37	9
38	5
39	12
40	7
41	9
42	11
43	5
44	7
45	7
46	6
47	12
48	4
49	6
50	5
51	5
52	12
53	4
54	4
55	5
56	4
57	7
58	5
59	5
60	6
61	6
62	10
63	3
64	7
65	11
66	7
67	8
68	9
69	5
70	3
71	6
72	5
73	5
74	5
75	4
76	5
77	7
78	5
79	5
80	5
81	7
82	4
83	11
84	10
85	5
86	7
87	5
88	6
89	4
90	9
91	7
92	9
93	6
94	9
95	9
96	6
97	5
98	7
99	5
100	7
101	5
102	3
103	4
104	5
105	8
106	4
107	14
108	8
109	5
110	11
111	3
112	6
113	5
114	6
115	5
116	8
117	6
118	5
119	7
120	4
121	5
122	5
123	5
124	8
125	3
126	6
127	7
128	7
129	4
130	9
131	9
132	8
133	8
134	3
135	6
136	6
137	4
138	8
139	9
140	6
141	7
142	7
143	7
144	8
145	5
146	4
147	8
148	4
149	5
150	5
151	8
152	8
153	9
154	3
155	6
156	6
157	4
158	7
159	4
160	6
161	6
162	4
163	6
164	7
165	11
166	7
167	7
168	3
169	7
170	7
171	23
172	5
173	6
174	4
175	7
176	8
177	6
178	6
179	9
180	5
181	6
182	4
183	4
184	3
185	11
186	7
187	7
188	11
189	6
190	6
191	4
192	10
193	12
194	4
195	5
196	8
197	5
198	4
199	13
200	5
201	5
202	11
203	4
204	6
205	6
206	6
207	4
208	7
209	8
210	9
211	4
212	3
213	5
214	8
215	5
216	6
217	5
218	3
219	8
220	5
221	5
222	9
223	4
224	9
225	10
226	6
227	10
228	5
229	8
230	5
231	5
232	7
233	5
234	4
235	4
236	8
237	8
238	5
239	3
240	4
241	5
242	10
243	7
244	5
245	5
246	6
247	3
248	4
249	7
250	4
251	6
252	7
253	7
254	4
255	9
256	7
257	8
258	7
259	7
260	6
261	5
262	3
263	6
264	5
265	4
266	5
267	5
268	12
269	5
270	5
271	4
272	12
273	11
274	12
275	7
276	6
277	7
278	6
279	5
280	4
281	5
282	9
283	6
284	5
285	6
286	4
287	3
288	7
289	5
290	22
291	7
292	4
293	6
294	10
295	4
296	6
297	4
298	6
299	3
300	5
301	8
302	6
303	3
304	5
305	7
306	6
307	7
308	9
309	6
310	11
311	7
312	5
313	11
314	11
315	6
316	11
317	5
318	6
319	4
320	5
321	7
322	7
323	5
324	9
325	5
326	5
327	12
328	7
329	3
330	12
331	4
332	7
333	15
334	5
335	4
336	4
337	3
338	10
339	8
340	9
341	5
342	9
343	7
344	4
345	6
346	12
347	3
348	7
349	7
350	4
351	7
352	5
353	5
354	4
355	5
356	11
357	3
358	13
359	7
360	4
361	6
362	11
363	4
364	5
365	6
366	3
367	8
368	11
369	8
370	5
371	16
372	6
373	5
374	3
375	5
376	10
377	4
378	8
379	12
380	5
381	6
382	7
383	7
384	11
385	5
386	8
387	8
388	16
389	6
390	4
391	13
392	9
393	6
394	5
395	5
396	5
397	10
398	9
399	5
400	4
401	9
402	5
403	4
404	5
405	5
406	7
407	9
408	13
409	5
410	7
411	9
412	6
413	5
414	6
415	12
416	7
417	6
418	8
419	6
420	7
421	7
422	5
423	5
424	6
425	5
426	6
427	11
428	12
429	11
430	8
431	4
432	5
433	5
434	4
435	3
436	5
437	9
438	9
439	5
440	7
441	4
442	4
443	7
444	5
445	4
446	7
447	6
448	5
449	6
450	5
451	5
452	7
453	9
454	5
455	4
456	5
457	4
458	10
459	7
460	23
461	4
462	12
463	10
464	5
465	9
466	5
467	10
468	5
469	8
470	5
471	4
472	5
473	9
474	5
475	7
476	8
477	6
478	4
479	7
480	6
481	5
482	5
483	8
484	8
485	4
486	6
487	5
488	9
489	16
490	4
491	5
492	4
493	11
494	9
495	4
496	8
497	3
498	5
499	6
500	6
501	10
502	6
503	5
504	5
505	7
506	6
507	3
508	3
509	6
510	5
511	23
512	11
513	10
514	5
515	5
516	5
517	8
518	8
519	8
520	7
521	11
522	6
523	3
524	9
525	6
526	4
527	5
528	6
529	4
530	12
531	8
532	6
533	9
534	4
535	11
536	11
537	6
538	4
539	16
540	4
541	4
542	5
543	7
544	7
545	4
546	5
547	4
548	6
549	6
550	4
551	5
552	6
553	8
554	4
555	5
556	10
557	4
558	10
559	8
560	4
561	6
562	5
563	5
564	8
565	4
566	8
567	8
568	4
569	5
570	10
571	5
572	6
573	8
574	6
575	5
576	6
577	4
578	8
579	5
580	5
581	8
582	7
583	11
584	6
585	7
586	5
587	6
588	3
589	7
590	4
591	3
592	7
593	11
594	10
595	7
596	6
597	8
598	3
599	3
600	7
601	10
602	9
603	8
604	11
605	7
606	4
607	5
608	4
609	7
610	8
611	7
612	6
613	4
614	5
615	4
616	6
617	4
618	13
619	4
620	7
621	8
622	7
623	4
624	7
625	8
626	10
627	4
628	5
629	7
630	8
631	9
632	7
633	7
634	6
635	8
636	8
637	6
638	3
639	12
640	5
641	8
642	5
643	4
644	3
645	10
646	3
647	12
648	8
649	11
650	7
651	5
652	4
653	6
654	9
655	8
656	9
657	6
658	7
659	8
660	4
661	9
662	4
663	6
664	11
665	41
666	11
667	6
668	5
669	6
670	11
671	5
672	7
673	5
674	7
675	7
676	4
677	6
678	5
679	13
680	5
681	7
682	5
683	7
684	6
685	4
686	4
687	7
688	4
689	5
690	4
691	4
692	3
693	8
694	7
695	7
696	5
697	3
698	4
699	12
700	7
701	5
702	4
703	3
704	3
705	4
706	12
707	10
708	5
709	5
710	5
711	5
712	5
713	5
714	6
715	5
716	6
717	5
718	8
719	6
720	6
721	4
722	7
723	6
724	6
725	6
726	6
727	5
728	7
729	10
730	8
731	5
732	5
733	5
734	6
735	6
736	5
737	5
738	8
739	5
740	8
741	7
742	6
743	4
744	5
745	5
746	5
747	7
748	6
749	3
750	4
751	7
752	8
753	5
754	4
755	5
756	8
757	5
758	8
759	5
760	9
761	8
762	6
763	5
764	8
765	6
766	5
767	6
768	3
769	41
770	6
771	5
772	5
773	12
774	8
775	4
776	10
777	6
778	5
779	4
780	6
781	8
782	6
783	6
784	9
785	5
786	6
787	5
788	4
789	9
790	10
791	5
792	5
793	6
794	5
795	4
796	5
797	7
798	8
799	7
800	5
801	6
802	11
803	6
804	5
805	6
806	11
807	13
808	5
809	7
810	5
811	3
812	8
813	5
814	7
815	5
816	4
817	6
818	7
819	11
820	6
821	9
822	8
823	8
824	8
825	5
826	7
827	4
828	4
829	6
830	3
831	3
832	6
833	10
834	8
835	4
836	6
837	8
838	8
839	4
840	3
841	6
842	7
843	5
844	3
845	9
846	4
847	5
848	5
849	7
850	5
851	5
852	3
853	5
854	5
855	6
856	12
857	13
858	5
859	9
860	6
861	8
862	6
863	4
864	5
865	4
866	7
867	6
868	6
869	4
870	4
DEPOT_SECTION
1
-1
SERVICE_TIME_SECTION
1	0
2	360
3	480
4	840
5	420
6	360
7	300
8	360
9	660
10	240
11	420
12	660
13	300
14	360
15	480
16	960
17	480
18	240
19	420
20	420
21	660
22	660
23	540
24	600
25	480
26	660
27	240
28	480
29	420
30	480
31	420
32	660
33	360
34	660
35	720
36	420
37	540
38	600
39	300
40	360
41	420
42	360
43	420
44	480
45	360
46	300
47	780
48	360
49	360
50	840
51	300
52	840
53	540
54	420
55	480
56	240
57	660
58	360
59	660
60	600
61	480
62	360
63	480
64	480
65	300
66	360
67	420
68	540
69	480
70	300
71	240
72	540
73	360
74	720
75	480
76	420
77	360
78	240
79	360
80	540
81	240
82	840
83	240
84	240
85	240
86	420
87	420
88	360
89	240
90	240
91	660
92	240
93	600
94	600
95	540
96	600
97	480
98	600
99	480
100	240
101	360
102	540
103	660
104	480
105	240
106	480
107	360
108	480
109	480
110	480
111	660
112	300
113	660
114	360
115	240
116	960
117	480
118	480
119	480
120	720
121	420
122	900
123	300
124	420
125	660
126	300
127	660
128	360
129	240
130	420
131	840
132	300
133	360
134	360
135	660
136	420
137	720
138	420
139	240
140	660
141	600
142	420
143	300
144	540
145	720
146	360
147	600
148	660
149	480
150	480
151	540
152	600
153	360
154	240
155	360
156	420
157	240
158	420
159	420
160	600
161	600
162	600
163	840
164	480
165	240
166	480
167	480
168	360
169	1380
170	420
171	780
172	660
173	300
174	840
175	360
176	540
177	540
178	300
179	300
180	360
181	720
182	480
183	360
184	540
185	540
186	420
187	360
188	720
189	660
190	540
191	300
192	720
193	660
194	840
195	480
196	660
197	480
198	480
199	600
200	660
201	480
202	660
203	600
204	840
205	420
206	480
207	360
208	480
209	360
210	540
211	660
212	480
213	360
214	720
215	480
216	840
217	720
218	540
219	240
220	480
221	360
222	720
223	360
224	360
225	300
226	540
227	360
228	360
229	420
230	480
231	480
232	660
233	660
234	600
235	540
236	780
237	360
238	480
239	420
240	540
241	600
242	300
243	480
244	300
245	360
246	360
247	720
248	720
249	660
250	660
251	420
252	240
253	480
254	660
255	600
256	480
257	360
258	360
259	540
260	360
261	240
262	600
263	480
264	480
265	540
266	720
267	840
268	960
269	720
270	480
271	300
272	240
273	420
274	240
275	600
276	420
277	600
278	480
279	840
280	600
281	480
282	720
283	600
284	420
285	360
286	540
287	300
288	2460
289	300
290	240
291	360
292	1020
293	300
294	300
295	540
296	600
297	240
298	360
299	660
300	360
301	360
302	600
303	300
304	420
305	480
306	360
307	540
308	540
309	660
310	420
311	660
312	540
313	480
314	360
315	600
316	360
317	600
318	300
319	420
320	660
321	420
322	480
323	480
324	300
325	240
326	300
327	600
328	960
329	420
330	600
331	240
332	360
333	420
334	540
335	240
336	300
337	660
338	720
339	540
340	420
341	660
342	420
343	600
344	420
345	480
346	360
347	360
348	420
349	420
350	2460
351	720
352	240
353	240
354	540
355	420
356	360
357	360
358	600
359	240
360	600
361	660
362	420
363	420
364	780
365	420
366	420
367	720
368	480
369	480
370	360
371	660
372	420
373	240
374	660
375	600
376	780
377	720
378	480
379	420
380	660
381	420
382	360
383	420
384	720
385	420
386	660
387	540
388	540
389	600
390	420
391	240
392	300
393	540
394	420
395	360
396	360
397	420
398	480
399	540
400	480
401	540
402	420
403	420
404	600
405	660
406	240
407	660
408	420
409	660
410	300
411	660
412	360
413	420
414	360
415	600
416	1440
417	300
418	600
419	540
420	240
421	780
422	720
423	420
424	360
425	420
426	600
427	360
428	300
429	720
430	480
431	660
432	600
433	660
434	420
435	480
436	540
437	360
438	480
439	300
440	660
441	480
442	480
443	420
444	240
445	300
446	360
447	540
448	600
449	600
450	480
451	300
452	360
453	480
454	540
455	540
456	780
457	360
458	480
459	600
460	420
461	840
462	480
463	540
464	420
465	240
466	600
467	360
468	480
469	900
470	360
471	600
472	600
473	600
474	360
475	420
476	420
477	840
478	480
479	840
480	360
481	600
482	540
483	420
484	480
485	240
486	540
487	660
488	840
489	240
490	420
491	600
492	1260
493	240
494	780
495	360
496	360
497	660
498	420
499	720
500	240
501	420
502	360
503	360
504	660
505	900
506	420
507	660
508	720
509	420
510	420
511	360
512	300
513	360
514	720
515	480
516	900
517	660
518	480
519	540
520	840
521	300
522	540
523	600
524	360
525	420
526	420
527	480
528	420
529	480
530	600
531	300
532	300
533	840
534	360
535	660
536	480
537	480
538	480
539	720
540	420
541	420
542	480
543	600
544	240
545	660
546	420
547	300
548	540
549	240
550	420
551	360
552	360
553	480
554	420
555	300
556	780
557	300
558	420
559	300
560	420
561	240
562	660
563	720
564	360
565	480
566	420
567	300
568	480
569	240
570	420
571	420
572	720
573	540
574	420
575	420
576	720
577	420
578	2460
579	300
580	540
581	480
582	480
583	420
584	420
585	480
586	600
587	300
588	660
589	420
590	660
591	360
592	960
593	480
594	480
595	660
596	540
597	240
598	300
599	480
600	480
601	600
602	900
603	240
604	240
605	540
606	360
607	240
608	300
609	480
610	360
611	480
612	540
613	480
614	2460
615	600
616	300
617	480
618	600
619	480
620	540
621	660
622	660
623	660
624	960
625	600
626	360
627	600
628	420
629	420
630	540
631	360
632	300
633	480
634	360
635	600
636	300
637	660
638	720
639	300
640	360
641	420
642	360
643	660
644	540
645	660
646	360
647	360
648	660
649	960
650	420
651	480
652	360
653	360
654	300
655	420
656	540
657	420
658	600
659	600
660	480
661	300
662	300
663	360
664	300
665	840
666	600
667	480
668	720
669	660
670	660
671	420
672	720
673	240
674	1260
675	240
676	300
677	360
678	540
679	480
680	420
681	480
682	300
683	360
684	420
685	600
686	420
687	480
688	300
689	360
690	420
691	240
692	660
693	420
694	240
695	360
696	240
697	540
698	960
699	240
700	420
701	420
702	660
703	480
704	720
705	420
706	240
707	720
708	360
709	420
710	900
711	600
712	900
713	360
714	420
715	240
716	420
717	600
718	840
719	240
720	420
721	300
722	540
723	360
724	660
725	360
726	600
727	420
728	360
729	360
730	540
731	660
732	360
733	540
734	600
735	480
736	660
737	360
738	600
739	600
740	780
741	360
742	480
743	420
744	360
745	840
746	600
747	240
748	720
749	300
750	360
751	540
752	480
753	480
754	540
755	600
756	660
757	600
758	300
759	480
760	360
761	360
762	420
763	360
764	840
765	600
766	840
767	360
768	600
769	300
770	600
771	600
772	900
773	780
774	240
775	660
776	660
777	420
778	540
779	720
780	660
781	420
782	240
783	600
784	360
785	480
786	600
787	300
788	720
789	840
790	420
791	480
792	600
793	660
794	420
795	600
796	360
797	360
798	540
799	360
800	360
801	600
802	360
803	360
804	420
805	360
806	240
807	480
808	1020
809	540
810	240
811	300
812	360
813	660
814	240
815	300
816	420
817	240
818	240
819	960
820	360
821	360
822	600
823	360
824	420
825	480
826	1440
827	540
828	300
829	540
830	420
831	540
832	420
833	840
834	360
835	240
836	540
837	600
838	360
839	360
840	420
841	240
842	480
843	360
844	660
845	660
846	480
847	360
848	660
849	480
850	360
851	360
852	480
853	600
854	660
855	300
856	300
857	480
858	360
859	360
860	360
861	720
862	240
863	360
864	600
865	360
866	480
867	660
868	720
869	480
870	480
TIME_WINDOW_SECTION
1	0	45000
2	19800	26700
3	12600	19500
4	10800	30300
5	12600	19500
6	5400	12300
7	16200	26100
8	16200	23100
9	23400	30300
10	12600	19500
11	10800	30300
12	19800	26700
13	9000	19500
14	10800	30300
15	19800	26700
16	10800	30300
17	16200	23100
18	23400	30300
19	12600	19500
20	12600	19500
21	10800	30300
22	5400	12300
23	12600	19500
24	5400	12300
25	9000	15900
26	23400	30300
27	9000	15900
28	9000	15900
29	16200	26700
30	9000	19500
31	23400	30300
32	5400	12300
33	12600	19500
34	10800	30300
35	9000	15900
36	5400	12300
37	12600	19500
38	12600	19500
39	12600	19500
40	10800	30300
41	16200	23100
42	19800	26700
43	23400	30300
44	10800	30300
45	19800	26700
46	10800	29700
47	16200	26700
48	9000	15900
49	19800	26100
50	19800	26100
51	5400	12300
52	12600	19500
53	16200	23100
54	10800	30300
55	5400	12300
56	10800	30300
57	12600	19500
58	19800	26700
59	19800	26700
60	19800	26700
61	9000	15900
62	9000	15900
63	5400	12300
64	9000	15900
65	10800	29700
66	5400	12300
67	5400	12300
68	12600	19500
69	19800	26700
70	16200	23100
71	12600	19500
72	16200	26700
73	10800	30300
74	19800	26700
75	19800	26700
76	5400	12300
77	16200	23100
78	23400	30300
79	12600	19500
80	10800	30300
81	10800	30300
82	5400	12300
83	19800	26700
84	19800	26700
85	23400	29700
86	9000	15900
87	18000	37500
88	12600	19500
89	5400	11700
90	19800	26700
91	23400	30300
92	12600	19500
93	19800	26700
94	9000	15900
95	9000	19500
96	12600	19500
97	10800	30300
98	9000	15900
99	10800	30300
100	16200	23100
101	12600	19500
102	10800	30300
103	10800	30300
104	5400	11700
105	12600	19500
106	10800	29700
107	12600	19500
108	16200	23100
109	12600	19500
110	23400	30300
111	23400	30300
112	19800	26700
113	12600	19500
114	18000	37500
115	16200	26100
116	23400	29700
117	5400	12300
118	16200	23100
119	9000	15900
120	16200	23100
121	16200	23100
122	10800	30300
123	23400	30300
124	9000	19500
125	12600	19500
126	18000	37500
127	16200	23100
128	12600	19500
129	16200	23100
130	9000	19500
131	9000	15900
132	10800	29700
133	10800	29700
134	5400	12300
135	9000	15300
136	16200	26700
137	16200	23100
138	5400	12300
139	9000	15900
140	9000	15900
141	10800	29700
142	23400	30300
143	12600	19500
144	19800	26700
145	10800	30300
146	9000	15900
147	16200	23100
148	9000	15900
149	10800	30300
150	16200	23100
151	12600	19500
152	12600	19500
153	23400	30300
154	12600	19500
155	5400	12300
156	12600	19500
157	16200	23100
158	19800	26700
159	16200	26700
160	10800	30300
161	10800	29700
162	12600	19500
163	5400	12300
164	5400	12300
165	5400	12300
166	19800	26700
167	12600	19500
168	9000	19500
169	19800	26700
170	10800	30300
171	5400	11700
172	5400	12300
173	10800	30300
174	23400	30300
175	12600	19500
176	9000	15900
177	12600	19500
178	19800	26700
179	5400	12300
180	16200	23100
181	12600	19500
182	9000	19500
183	9000	15900
184	9000	15900
185	23400	30300
186	5400	12300
187	19800	26700
188	18000	37500
189	10800	30300
190	12600	19500
191	16200	23100
192	10800	29700
193	10800	29700
194	23400	30300
195	12600	19500
196	10800	30300
197	5400	12300
198	19800	26700
199	9000	15900
200	10800	30300
201	23400	29700
202	5400	12300
203	19800	26700
204	12600	19500
205	5400	12300
206	9000	19500
207	5400	12300
208	16200	23100
209	9000	15900
210	12600	19500
211	10800	30300
212	12600	19500
213	10800	29700
214	16200	23100
215	12600	19500
216	10800	30300
217	12600	19500
218	5400	12300
219	10800	30300
220	19800	26700
221	16200	26100
222	16200	26700
223	10800	30300
224	12600	19500
225	12600	19500
226	10800	30300
227	9000	15900
228	12600	19500
229	10800	30300
230	9000	19500
231	16200	23100
232	23400	30300
233	18000	37500
234	23400	30300
235	9000	19500
236	19800	26700
237	23400	30300
238	23400	30300
239	12600	19500
240	5400	12300
241	19800	26700
242	23400	30300
243	16200	22500
244	12600	19500
245	5400	12300
246	10800	29700
247	23400	30300
248	5400	12300
249	9000	19500
250	23400	30300
251	19800	26700
252	19800	26700
253	19800	26700
254	19800	26700
255	12600	19500
256	23400	30300
257	19800	26700
258	9000	15900
259	12600	19500
260	10800	30300
261	9000	19500
262	9000	15900
263	9000	15900
264	5400	12300
265	19800	26100
266	10800	30300
267	23400	30300
268	19800	26100
269	19800	26700
270	23400	30300
271	10800	30300
272	19800	26700
273	23400	30300
274	5400	12300
275	9000	19500
276	12600	19500
277	12600	19500
278	9000	18900
279	9000	15900
280	10800	30300
281	5400	12300
282	5400	12300
283	12600	19500
284	5400	11700
285	23400	30300
286	16200	22500
287	12600	19500
288	5400	11700
289	23400	30300
290	9000	19500
291	19800	26700
292	5400	12300
293	16200	23100
294	16200	23100
295	9000	15900
296	9000	19500
297	10800	30300
298	5400	12300
299	10800	30300
300	9000	15900
301	5400	12300
302	10800	30300
303	12600	18900
304	9000	19500
305	10800	30300
306	16200	23100
307	12600	19500
308	9000	19500
309	16200	23100
310	12600	19500
311	12600	19500
312	10800	29700
313	10800	30300
314	16200	23100
315	5400	12300
316	16200	26700
317	19800	26700
318	12600	19500
319	16200	26700
320	19800	26700
321	9000	15900
322	5400	12300
323	9000	15900
324	12600	19500
325	16200	22500
326	12600	19500
327	9000	15900
328	9000	15900
329	12600	19500
330	16200	23100
331	19800	26700
332	12600	19500
333	12600	19500
334	10800	30300
335	12600	19500
336	12600	19500
337	9000	19500
338	12600	19500
339	12600	19500
340	5400	12300
341	9000	15900
342	10800	30300
343	9000	15900
344	9000	15900
345	23400	30300
346	9000	19500
347	16200	23100
348	10800	29700
349	19800	26700
350	10800	30300
351	19800	26700
352	16200	26700
353	5400	12300
354	16200	23100
355	9000	15900
356	19800	26100
357	23400	30300
358	16200	23100
359	19800	26700
360	10800	30300
361	10800	30300
362	19800	26700
363	9000	15900
364	9000	15900
365	9000	15900
366	12600	19500
367	9000	19500
368	10800	30300
369	12600	19500
370	9000	15300
371	10800	30300
372	10800	30300
373	19800	26100
374	12600	19500
375	10800	30300
376	19800	26100
377	19800	26700
378	19800	26700
379	19800	26700
380	9000	15900
381	16200	23100
382	16200	23100
383	9000	15900
384	10800	30300
385	23400	30300
386	12600	19500
387	19800	26700
388	9000	19500
389	19800	26700
390	9000	15900
391	12600	19500
392	23400	30300
393	19800	26700
394	9000	19500
395	12600	19500
396	10800	30300
397	19800	26700
398	12600	19500
399	16200	26700
400	10800	30300
401	12600	19500
402	12600	19500
403	12600	19500
404	16200	26700
405	16200	23100
406	10800	29700
407	16200	23100
408	12600	19500
409	9000	15900
410	16200	23100
411	10800	30300
412	10800	30300
413	10800	29700
414	16200	23100
415	9000	15900
416	10800	30300
417	16200	23100
418	16200	23100
419	10800	29700
420	9000	15900
421	16200	22500
422	10800	30300
423	23400	30300
424	16200	23100
425	12600	19500
426	10800	30300
427	23400	30300
428	23400	30300
429	19800	26700
430	9000	19500
431	10800	29700
432	23400	30300
433	9000	19500
434	10800	30300
435	19800	26700
436	12600	19500
437	10800	30300
438	23400	30300
439	9000	15900
440	23400	30300
441	16200	26700
442	9000	19500
443	9000	15900
444	10800	30300
445	9000	15900
446	10800	30300
447	23400	30300
448	10800	30300
449	19800	26700
450	10800	30300
451	10800	30300
452	9000	15900
453	9000	15900
454	9000	15900
455	23400	30300
456	9000	15900
457	19800	26100
458	12600	19500
459	12600	19500
460	12600	19500
461	10800	30300
462	23400	30300
463	12600	19500
464	10800	30300
465	23400	30300
466	23400	30300
467	12600	19500
468	23400	30300
469	10800	29700
470	9000	15900
471	9000	18900
472	23400	30300
473	12600	19500
474	23400	30300
475	12600	19500
476	10800	30300
477	12600	19500
478	9000	15900
479	12600	19500
480	10800	30300
481	9000	19500
482	19800	26700
483	12600	19500
484	23400	30300
485	10800	30300
486	10800	29700
487	10800	29700
488	12600	19500
489	10800	30300
490	23400	29700
491	10800	30300
492	23400	30300
493	12600	19500
494	23400	30300
495	19800	26700
496	10800	30300
497	10800	30300
498	12600	19500
499	19800	26700
500	16200	23100
501	19800	26700
502	19800	26700
503	12600	19500
504	10800	30300
505	19800	26700
506	16200	23100
507	10800	30300
508	19800	26700
509	10800	30300
510	12600	19500
511	12600	19500
512	16200	26700
513	9000	19500
514	23400	30300
515	12600	19500
516	10800	30300
517	19800	26700
518	10800	30300
519	23400	29700
520	9000	19500
521	19800	26700
522	9000	15900
523	10800	30300
524	16200	23100
525	19800	26700
526	9000	19500
527	19800	26700
528	12600	19500
529	10800	29700
530	10800	29700
531	12600	19500
532	23400	30300
533	23400	30300
534	12600	19500
535	16200	23100
536	19800	26700
537	12600	19500
538	23400	29700
539	12600	19500
540	19800	26700
541	10800	30300
542	12600	19500
543	16200	22500
544	12600	19500
545	23400	30300
546	10800	30300
547	23400	29700
548	19800	26700
549	23400	30300
550	12600	19500
551	19800	26700
552	16200	26700
553	9000	18900
554	12600	19500
555	23400	29700
556	10800	30300
557	12600	19500
558	16200	26700
559	12600	19500
560	16200	23100
561	23400	30300
562	9000	19500
563	19800	26700
564	10800	30300
565	12600	19500
566	12600	19500
567	12600	19500
568	9000	19500
569	9000	19500
570	9000	18900
571	19800	26700
572	10800	30300
573	10800	30300
574	12600	19500
575	12600	19500
576	12600	19500
577	18000	37500
578	23400	30300
579	16200	23100
580	10800	30300
581	12600	19500
582	23400	30300
583	10800	30300
584	12600	19500
585	10800	30300
586	10800	30300
587	19800	26700
588	10800	29700
589	10800	30300
590	16200	26700
591	16200	26700
592	10800	30300
593	12600	19500
594	19800	26700
595	23400	30300
596	12600	19500
597	16200	23100
598	10800	29700
599	9000	19500
600	10800	30300
601	16200	26700
602	12600	19500
603	12600	19500
604	19800	26700
605	23400	30300
606	23400	30300
607	9000	19500
608	10800	30300
609	12600	18900
610	19800	26700
611	16200	23100
612	9000	19500
613	12600	19500
614	10800	29700
615	12600	19500
616	19800	26700
617	16200	26700
618	19800	26700
619	10800	30300
620	12600	19500
621	10800	30300
622	10800	30300
623	10800	30300
624	19800	26700
625	10800	30300
626	19800	26700
627	9000	19500
628	16200	23100
629	19800	26700
630	12600	19500
631	16200	23100
632	10800	29700
633	19800	26700
634	19800	26700
635	16200	23100
636	19800	26700
637	19800	26700
638	19800	26700
639	23400	30300
640	10800	30300
641	19800	26100
642	10800	30300
643	19800	26700
644	16200	23100
645	16200	23100
646	16200	22500
647	10800	30300
648	16200	23100
649	23400	30300
650	10800	30300
651	16200	26700
652	16200	26100
653	12600	19500
654	16200	26100
655	18000	37500
656	10800	30300
657	16200	23100
658	12600	19500
659	16200	23100
660	10800	30300
661	19800	26700
662	10800	29700
663	19800	26700
664	10800	30300
665	23400	30300
666	19800	26700
667	23400	29700
668	10800	30300
669	10800	30300
670	10800	30300
671	16200	26700
672	10800	30300
673	23400	30300
674	16200	22500
675	12600	19500
676	16200	24900
677	23400	30300
678	10800	30300
679	10800	30300
680	12600	19500
681	10800	29700
682	10800	30300
683	16200	23100
684	10800	29700
685	10800	30300
686	16200	23100
687	10800	30300
688	12600	19500
689	10800	29700
690	16200	23100
691	12600	19500
692	19800	26700
693	19800	26700
694	10800	29700
695	23400	30300
696	12600	19500
697	10800	30300
698	10800	30300
699	16200	26700
700	10800	30300
701	19800	26700
702	19800	26700
703	19800	26700
704	23400	30300
705	10800	30300
706	12600	19500
707	16200	26700
708	12600	19500
709	12600	19500
710	10800	30300
711	16200	26700
712	10800	30300
713	19800	26700
714	19800	26700
715	10800	30300
716	23400	30300
717	19800	26100
718	23400	30300
719	10800	30300
720	19800	26700
721	10800	30300
722	10800	30300
723	23400	30300
724	10800	30300
725	19800	26100
726	10800	30300
727	10800	29700
728	10800	30300
729	19800	26100
730	19800	26700
731	19800	26700
732	23400	30300
733	23400	30300
734	19800	26700
735	16200	22500
736	19800	26700
737	23400	30300
738	19800	26700
739	19800	26700
740	10800	30300
741	10800	29700
742	19800	26700
743	10800	30300
744	18000	37500
745	10800	29700
746	19800	26700
747	18000	37500
748	19800	26700
749	10800	29700
750	16200	26700
751	23400	30300
752	16200	23100
753	16200	26700
754	10800	30300
755	10800	30300
756	23400	30300
757	23400	30300
758	19800	26700
759	23400	30300
760	16200	23100
761	19800	26700
762	19800	26100
763	19800	26700
764	16200	23100
765	23400	30300
766	16200	26700
767	19800	26700
768	19800	26700
769	23400	30300
770	23400	29700
771	19800	26700
772	19800	26700
773	16200	22500
774	19800	26700
775	16200	24900
776	10800	30300
777	18000	37500
778	10800	30300
779	10800	30300
780	16200	23100
781	10800	30300
782	16200	23100
783	10800	30300
784	23400	30300
785	23400	29700
786	19800	26700
787	16200	26700
788	23400	30300
789	19800	26700
790	10800	30300
791	23400	30300
792	23400	30300
793	19800	26700
794	10800	30300
795	19800	26700
796	23400	30300
797	10800	30300
798	10800	29700
799	10800	30300
800	10800	30300
801	19800	26700
802	16200	26700
803	19800	26700
804	23400	30300
805	10800	30300
806	10800	29700
807	10800	30300
808	10800	30300
809	10800	29700
810	19800	26700
811	23400	30300
812	23400	30300
813	10800	30300
814	10800	30300
815	16200	26700
816	10800	30300
817	10800	30300
818	19800	26100
819	10800	30300
820	19800	26700
821	19800	26100
822	16200	26100
823	16200	23100
824	10800	30300
825	19800	26700
826	10800	30300
827	23400	30300
828	19800	26100
829	19800	26100
830	10800	30300
831	23400	30300
832	23400	29700
833	19800	26700
834	23400	30300
835	23400	30300
836	23400	30300
837	23400	30300
838	23400	29700
839	10800	30300
840	23400	30300
841	19800	26700
842	10800	30300
843	10800	29700
844	19800	26700
845	23400	30300
846	10800	29700
847	10800	30300
848	23400	30300
849	10800	30300
850	10800	30300
851	10800	30300
852	23400	30300
853	19800	26700
854	10800	30300
855	10800	30300
856	19800	26700
857	10800	30300
858	18000	37500
859	10800	30300
860	23400	30300
861	10800	30300
862	19800	26700
863	19800	26700
864	10800	30300
865	10800	29700
866	16200	24900
867	10800	30300
868	23400	30300
869	10800	29700
870	10800	30300
RELEASE_TIME_SECTION
1	0
2	5400
3	5400
4	5400
5	5400
6	5400
7	5400
8	5400
9	5400
10	5400
11	5400
12	5400
13	5400
14	5400
15	5400
16	5400
17	5400
18	5400
19	5400
20	5400
21	5400
22	5400
23	5400
24	5400
25	5400
26	5400
27	5400
28	5400
29	5400
30	5400
31	5400
32	5400
33	5400
34	5400
35	5400
36	5400
37	5400
38	5400
39	5400
40	5400
41	5400
42	5400
43	5400
44	5400
45	5400
46	5400
47	5400
48	5400
49	5400
50	5400
51	5400
52	5400
53	5400
54	5400
55	5400
56	5400
57	5400
58	5400
59	5400
60	5400
61	5400
62	5400
63	5400
64	5400
65	5400
66	5400
67	5400
68	5400
69	5400
70	5400
71	5400
72	5400
73	5400
74	5400
75	5400
76	5400
77	5400
78	5400
79	5400
80	5400
81	5400
82	5400
83	5400
84	5400
85	5400
86	5400
87	5400
88	5400
89	5400
90	5400
91	5400
92	5400
93	5400
94	5400
95	5400
96	5400
97	5400
98	5400
99	5400
100	5400
101	5400
102	7200
103	7200
104	7200
105	7200
106	7200
107	7200
108	7200
109	7200
110	7200
111	7200
112	7200
113	7200
114	7200
115	7200
116	7200
117	7200
118	7200
119	7200
120	7200
121	7200
122	7200
123	7200
124	7200
125	7200
126	7200
127	7200
128	7200
129	7200
130	7200
131	7200
132	7200
133	7200
134	7200
135	7200
136	7200
137	7200
138	7200
139	7200
140	7200
141	7200
142	7200
143	7200
144	7200
145	7200
146	7200
147	7200
148	7200
149	7200
150	7200
151	7200
152	7200
153	7200
154	7200
155	7200
156	7200
157	7200
158	7200
159	7200
160	7200
161	7200
162	7200
163	7200
164	7200
165	7200
166	7200
167	7200
168	7200
169	7200
170	7200
171	7200
172	7200
173	7200
174	7200
175	7200
176	7200
177	7200
178	7200
179	7200
180	7200
181	7200
182	7200
183	7200
184	7200
185	7200
186	7200
187	7200
188	7200
189	7200
190	7200
191	7200
192	7200
193	7200
194	7200
195	7200
196	7200
197	7200
198	7200
199	7200
200	7200
201	7200
202	9000
203	9000
204	9000
205	9000
206	9000
207	9000
208	9000
209	9000
210	9000
211	9000
212	9000
213	9000
214	9000
215	9000
216	9000
217	9000
218	9000
219	9000
220	9000
221	9000
222	9000
223	9000
224	9000
225	9000
226	9000
227	9000
228	9000
229	9000
230	9000
231	9000
232	9000
233	9000
234	9000
235	9000
236	9000
237	9000
238	9000
239	9000
240	9000
241	9000
242	9000
243	9000
244	9000
245	9000
246	9000
247	9000
248	9000
249	9000
250	9000
251	9000
252	9000
253	9000
254	9000
255	9000
256	9000
257	9000
258	9000
259	9000
260	9000
261	9000
262	9000
263	9000
264	9000
265	9000
266	9000
267	9000
268	9000
269	9000
270	9000
271	9000
272	9000
273	9000
274	9000
275	9000
276	9000
277	9000
278	9000
279	9000
280	9000
281	9000
282	9000
283	9000
284	9000
285	9000
286	9000
287	9000
288	9000
289	9000
290	9000
291	9000
292	9000
293	9000
294	9000
295	9000
296	9000
297	9000
298	9000
299	9000
300	9000
301	9000
302	10800
303	10800
304	10800
305	10800
306	10800
307	10800
308	10800
309	10800
310	10800
311	10800
312	10800
313	10800
314	10800
315	10800
316	10800
317	10800
318	10800
319	10800
320	10800
321	10800
322	10800
323	10800
324	10800
325	10800
326	10800
327	10800
328	10800
329	10800
330	10800
331	10800
332	10800
333	10800
334	10800
335	10800
336	10800
337	10800
338	10800
339	10800
340	10800
341	10800
342	10800
343	10800
344	10800
345	10800
346	10800
347	10800
348	10800
349	10800
350	10800
351	10800
352	10800
353	10800
354	10800
355	10800
356	10800
357	10800
358	10800
359	10800
360	10800
361	10800
362	10800
363	10800
364	10800
365	10800
366	10800
367	10800
368	10800
369	10800
370	10800
371	10800
372	10800
373	10800
374	10800
375	10800
376	10800
377	10800
378	10800
379	10800
380	10800
381	10800
382	10800
383	10800
384	10800
385	10800
386	10800
387	10800
388	10800
389	10800
390	10800
391	10800
392	10800
393	10800
394	10800
395	10800
396	10800
397	12600
398	12600
399	12600
400	12600
401	12600
402	12600
403	12600
404	12600
405	12600
406	12600
407	12600
408	12600
409	12600
410	12600
411	12600
412	12600
413	12600
414	12600
415	12600
416	12600
417	12600
418	12600
419	12600
420	12600
421	12600
422	12600
423	12600
424	12600
425	12600
426	12600
427	12600
428	12600
429	12600
430	12600
431	12600
432	12600
433	12600
434	12600
435	12600
436	12600
437	12600
438	12600
439	12600
440	12600
441	12600
442	12600
443	12600
444	12600
445	12600
446	12600
447	12600
448	12600
449	12600
450	12600
451	12600
452	12600
453	12600
454	12600
455	12600
456	12600
457	12600
458	12600
459	12600
460	12600
461	12600
462	12600
463	12600
464	12600
465	12600
466	12600
467	12600
468	12600
469	12600
470	12600
471	12600
472	12600
473	12600
474	12600
475	12600
476	12600
477	12600
478	12600
479	12600
480	12600
481	12600
482	12600
483	14400
484	14400
485	14400
486	14400
487	14400
488	14400
489	14400
490	14400
491	14400
492	14400
493	14400
494	14400
495	14400
496	14400
497	14400
498	14400
499	14400
500	14400
501	14400
502	14400
503	14400
504	14400
505	14400
506	14400
507	14400
508	14400
509	14400
510	14400
511	14400
512	14400
513	14400
514	14400
515	14400
516	14400
517	14400
518	14400
519	14400
520	14400
521	14400
522	14400
523	14400
524	14400
525	14400
526	14400
527	14400
528	14400
529	14400
530	14400
531	14400
532	14400
533	14400
534	14400
535	14400
536	14400
537	14400
538	14400
539	14400
540	14400
541	14400
542	14400
543	14400
544	14400
545	14400
546	14400
547	14400
548	14400
549	14400
550	14400
551	14400
552	14400
553	14400
554	14400
555	14400
556	14400
557	14400
558	14400
559	14400
560	14400
561	14400
562	14400
563	14400
564	14400
565	14400
566	14400
567	14400
568	14400
569	16200
570	16200
571	16200
572	16200
573	16200
574	16200
575	16200
576	16200
577	16200
578	16200
579	16200
580	16200
581	16200
582	16200
583	16200
584	16200
585	16200
586	16200
587	16200
588	16200
589	16200
590	16200
591	16200
592	16200
593	16200
594	16200
595	16200
596	16200
597	16200
598	16200
599	16200
600	16200
601	16200
602	16200
603	16200
604	16200
605	16200
606	16200
607	16200
608	16200
609	16200
610	16200
611	16200
612	16200
613	16200
614	16200
615	16200
616	16200
617	16200
618	16200
619	16200
620	16200
621	16200
622	16200
623	16200
624	16200
625	16200
626	16200
627	16200
628	16200
629	16200
630	16200
631	16200
632	16200
633	16200
634	16200
635	16200
636	16200
637	16200
638	16200
639	16200
640	16200
641	16200
642	18000
643	18000
644	18000
645	18000
646	18000
647	18000
648	18000
649	18000
650	18000
651	18000
652	18000
653	18000
654	18000
655	18000
656	18000
657	18000
658	18000
659	18000
660	18000
661	18000
662	18000
663	18000
664	18000
665	18000
666	18000
667	18000
668	18000
669	18000
670	18000
671	18000
672	18000
673	18000
674	18000
675	18000
676	18000
677	18000
678	18000
679	18000
680	18000
681	18000
682	18000
683	18000
684	18000
685	18000
686	18000
687	18000
688	18000
689	18000
690	18000
691	18000
692	18000
693	18000
694	18000
695	18000
696	18000
697	18000
698	18000
699	18000
700	18000
701	18000
702	18000
703	18000
704	18000
705	18000
706	18000
707	18000
708	18000
709	18000
710	19800
711	19800
712	19800
713	19800
714	19800
715	19800
716	19800
717	19800
718	19800
719	19800
720	19800
721	19800
722	19800
723	19800
724	19800
725	19800
726	19800
727	19800
728	19800
729	19800
730	19800
731	19800
732	19800
733	19800
734	19800
735	19800
736	19800
737	19800
738	19800
739	19800
740	19800
741	19800
742	19800
743	19800
744	19800
745	19800
746	19800
747	19800
748	19800
749	19800
750	19800
751	19800
752	19800
753	19800
754	19800
755	19800
756	19800
757	19800
758	21600
759	21600
760	21600
761	21600
762	21600
763	21600
764	21600
765	21600
766	21600
767	21600
768	21600
769	21600
770	21600
771	21600
772	21600
773	21600
774	21600
775	21600
776	21600
777	21600
778	21600
779	21600
780	21600
781	21600
782	21600
783	21600
784	21600
785	21600
786	21600
787	21600
788	21600
789	21600
790	21600
791	21600
792	21600
793	21600
794	21600
795	21600
796	21600
797	21600
798	21600
799	21600
800	21600
801	21600
802	21600
803	21600
804	21600
805	21600
806	21600
807	21600
808	21600
809	21600
810	21600
811	21600
812	21600
813	21600
814	21600
815	21600
816	21600
817	21600
818	21600
819	21600
820	21600
821	21600
822	21600
823	21600
824	21600
825	21600
826	23400
827	23400
828	23400
829	23400
830	23400
831	23400
832	23400
833	23400
834	23400
835	23400
836	23400
837	23400
838	23400
839	23400
840	23400
841	23400
842	23400
843	23400
844	23400
845	23400
846	23400
847	23400
848	23400
849	23400
850	23400
851	23400
852	23400
853	23400
854	23400
855	23400
856	23400
857	23400
858	23400
859	23400
860	23400
861	23400
862	23400
863	23400
864	23400
865	23400
866	23400
867	23400
868	23400
869	23400
870	23400
EOF
