NAME : ORTEC-VRPTW-ASYM-4da724b1-d1-n1010
TYPE : VRPTW-RT
DIMENSION : 1011
EDGE_WEIGHT_TYPE : EUC_2D
CAPACITY : 135
NODE_COORD_SECTION
1	1959	4763
2	1834	5084
3	2566	3036
4	2659	3073
5	2263	2025
6	2021	3187
7	2354	2645
8	1854	4307
9	2571	3011
10	3099	4490
11	2092	4019
12	891	7160
13	1954	2839
14	2379	3377
15	2050	3928
16	2608	3292
17	1789	4708
18	2634	3048
19	2587	2835
20	844	7355
21	2098	5279
22	3369	1069
23	2036	3274
24	1169	6869
25	2348	3657
26	1743	3488
27	2345	4459
28	1780	4079
29	2465	5233
30	2095	3272
31	1789	4708
32	1211	2255
33	1444	5678
34	2385	2505
35	2290	5989
36	2496	5893
37	3248	1920
38	1083	6291
39	2417	3508
40	945	7027
41	2388	2869
42	1243	6690
43	2357	2467
44	2199	3107
45	2680	4424
46	2307	3505
47	1169	6869
48	2040	6737
49	2059	3377
50	1914	6043
51	2386	5395
52	2095	3272
53	1881	3096
54	823	7058
55	2033	4138
56	2083	4025
57	1203	6686
58	1977	5590
59	2137	3982
60	2332	2487
61	891	7160
62	1136	7335
63	1942	3311
64	2659	6159
65	2806	6110
66	1442	7180
67	1422	6426
68	2300	5162
69	2203	3108
70	1211	2255
71	2040	6737
72	2093	4663
73	1712	3889
74	2388	2869
75	2567	4904
76	2461	3142
77	2314	3236
78	2747	2040
79	2098	5279
80	804	7189
81	2496	2303
82	2166	3053
83	2873	3109
84	2195	5805
85	2626	2154
86	2461	3142
87	2360	3279
88	1006	7189
89	2420	2178
90	1056	6810
91	2416	2436
92	2405	6348
93	2314	3236
94	2630	5401
95	2798	4737
96	2647	2855
97	2515	2936
98	3152	3009
99	1074	6229
100	1695	4145
101	1488	6467
102	2073	3847
103	2527	1695
104	1999	4146
105	1811	5894
106	2414	4796
107	2166	3053
108	2300	5162
109	2645	2412
110	994	7276
111	2300	5162
112	2284	3254
113	2788	3010
114	4504	0
115	2503	3685
116	3000	1705
117	2747	2040
118	2379	3377
119	1856	3538
120	1801	2722
121	2108	3383
122	2320	4202
123	1444	5678
124	2198	3058
125	2806	6110
126	1845	4098
127	2664	5721
128	962	6948
129	1811	4655
130	2263	2025
131	3000	1705
132	2527	1695
133	2253	6163
134	3031	2164
135	1442	7180
136	1855	6060
137	2328	5293
138	2445	3160
139	1954	2839
140	1422	6426
141	2674	1800
142	2953	3010
143	2780	4601
144	3369	1069
145	3557	740
146	2360	3279
147	2747	2040
148	2484	3703
149	1104	6398
150	2413	2528
151	1941	3326
152	2166	3053
153	1071	7184
154	2850	5836
155	1521	5606
156	3702	979
157	1090	6279
158	2956	2225
159	2166	3053
160	2496	2303
161	2355	6252
162	1700	6332
163	2493	2678
164	2450	4223
165	2120	3917
166	2108	3383
167	2165	3229
168	1942	3311
169	3017	3464
170	2926	5181
171	2429	2233
172	2496	2534
173	2300	5162
174	2630	5401
175	2503	2451
176	2496	3180
177	2013	4011
178	1961	3756
179	2227	6254
180	2381	3342
181	2730	2423
182	2379	3377
183	2380	3240
184	2195	5805
185	2503	3685
186	2354	2645
187	2384	3723
188	2059	3377
189	945	7027
190	1488	6467
191	2092	4019
192	2273	3187
193	2788	3010
194	2095	3272
195	2259	2225
196	2567	4904
197	2780	4601
198	2160	3194
199	1167	6397
200	1087	7295
201	2139	3262
202	2284	3254
203	1761	6747
204	2116	5755
205	2246	4385
206	1441	3259
207	2644	5742
208	1745	6389
209	2348	3657
210	2098	5279
211	2626	2154
212	804	7189
213	2760	5012
214	3573	2276
215	2267	4356
216	2441	5942
217	2678	3464
218	3297	2753
219	3099	4490
220	2452	6396
221	2782	2295
222	2653	5718
223	3017	2784
224	2089	3858
225	2030	3120
226	2380	4519
227	1203	6686
228	1870	3367
229	2560	6149
230	777	7066
231	1441	3259
232	2191	3711
233	2139	3262
234	2532	2910
235	2653	5718
236	2472	5251
237	2314	3236
238	1856	3630
239	2634	3048
240	2522	5802
241	2496	2303
242	2644	5742
243	1712	4287
244	2850	5836
245	2798	4737
246	1978	3987
247	2653	5718
248	1786	6058
249	1479	3817
250	2680	3151
251	1188	6528
252	2379	3377
253	1870	3367
254	2552	6227
255	2166	3053
256	2320	4202
257	1056	6810
258	1488	6467
259	2472	5251
260	1638	3877
261	2034	4339
262	3099	4490
263	2658	2569
264	2190	2269
265	2386	5395
266	2108	3383
267	2743	2832
268	2355	6252
269	2782	2295
270	1882	4059
271	2496	3180
272	2760	5704
273	2513	3258
274	2982	1779
275	823	7058
276	2089	3858
277	2470	6422
278	2120	3917
279	1855	6060
280	1006	7189
281	2785	2785
282	2735	4263
283	2785	2785
284	3099	4490
285	2645	2412
286	2441	5942
287	2608	3292
288	2552	6227
289	1169	6869
290	1638	3877
291	804	7189
292	3000	1705
293	1136	7335
294	1442	7180
295	2214	3194
296	2786	5706
297	2695	3738
298	1811	4655
299	1914	6043
300	2527	1695
301	2775	3099
302	2515	2936
303	2199	3107
304	2314	3020
305	2203	3108
306	2503	3685
307	1567	6722
308	2691	2421
309	2030	3120
310	1942	3311
311	1349	5969
312	2782	2295
313	2416	2436
314	1655	6406
315	1441	3259
316	777	7066
317	1136	7335
318	2199	3107
319	2485	2558
320	2380	3240
321	2777	5013
322	2307	3575
323	2674	5232
324	1695	4145
325	1510	5555
326	2032	5654
327	2484	3703
328	1993	3103
329	1603	3291
330	2034	4339
331	1941	3326
332	1695	4145
333	2332	2487
334	962	6948
335	2560	6149
336	1855	6060
337	1895	4109
338	1427	6045
339	2496	2534
340	2475	4435
341	2451	2963
342	777	7066
343	844	7355
344	2501	3330
345	3261	2495
346	1422	6426
347	2441	3434
348	2674	5232
349	1977	5590
350	2475	4435
351	2867	2458
352	1090	6279
353	1905	3754
354	1942	3311
355	2195	5805
356	2136	3632
357	1954	2839
358	2780	4601
359	2953	3010
360	2642	3423
361	1897	3261
362	2225	5892
363	2634	3048
364	2246	4385
365	1914	6043
366	2450	4223
367	2731	5691
368	1994	6104
369	2160	3194
370	2451	2963
371	2691	2421
372	1112	6798
373	2727	2734
374	2040	6737
375	2608	3292
376	2303	3272
377	1883	4034
378	2703	2777
379	3297	2753
380	3010	3593
381	2496	3180
382	2032	5654
383	2870	2383
384	3461	1427
385	2212	3052
386	2083	4025
387	3061	2355
388	2191	3711
389	3461	1427
390	2039	4801
391	2125	4890
392	2788	3010
393	1803	6267
394	3017	3464
395	1743	3488
396	1811	5894
397	2332	2487
398	2355	6252
399	1942	3311
400	1695	4145
401	2850	5836
402	2380	4519
403	2515	2936
404	2645	2412
405	2077	3801
406	1942	3311
407	1521	5606
408	1056	6810
409	1913	3846
410	1854	4307
411	2165	3229
412	1977	5590
413	2798	4737
414	2405	6348
415	1855	6060
416	2873	3109
417	2273	3187
418	2388	6167
419	2496	5893
420	2314	3020
421	2610	4514
422	2092	4019
423	2760	5012
424	2353	4218
425	2571	3011
426	2678	3464
427	979	7199
428	2777	5013
429	1473	2775
430	2077	3801
431	3476	1988
432	2045	4291
433	1941	3326
434	1479	3817
435	2273	3187
436	2451	2963
437	2205	5833
438	1188	6528
439	1897	3261
440	2388	2869
441	1479	3817
442	2648	4651
443	1349	5969
444	2314	3236
445	2570	5447
446	2379	3377
447	2117	6137
448	2758	6224
449	2484	3703
450	2120	3917
451	2691	2421
452	2497	2825
453	1673	6326
454	2120	3917
455	1243	6690
456	2628	2786
457	2378	3119
458	945	7027
459	2208	3054
460	2139	3846
461	2926	5181
462	2689	5077
463	2426	5179
464	1879	4114
465	1913	3846
466	2527	1695
467	2450	5954
468	2212	3052
469	2571	3011
470	2758	6224
471	2210	2374
472	1905	3754
473	2871	2501
474	2674	1800
475	2674	5232
476	2034	3490
477	2926	5181
478	1087	7295
479	2440	2769
480	1638	3877
481	2273	3187
482	851	6944
483	777	7066
484	1071	7184
485	2077	3801
486	2421	3554
487	2777	5013
488	2050	3928
489	2642	3423
490	2239	2774
491	3297	2753
492	1018	7104
493	2611	4557
494	1895	4109
495	3058	2514
496	1499	2420
497	2760	3196
498	2174	5259
499	1521	5606
500	2603	2266
501	843	7199
502	2758	6224
503	2788	3010
504	2871	2501
505	1834	5084
506	1789	4708
507	1890	4055
508	2050	3928
509	1978	3987
510	2303	3272
511	3152	3009
512	1978	3987
513	2267	4356
514	2045	4291
515	2442	2899
516	2354	2645
517	1780	4079
518	2630	5401
519	1994	6104
520	962	6958
521	1854	4307
522	2484	3703
523	2688	4618
524	1810	2652
525	2497	2825
526	2092	4019
527	2644	5742
528	2120	3917
529	2608	3292
530	2610	4514
531	777	7066
532	1954	2839
533	1811	4655
534	2450	4223
535	1774	4171
536	1104	6398
537	1136	7335
538	1803	6267
539	2501	3330
540	1743	3488
541	1211	2255
542	1422	6426
543	2547	6356
544	1700	6332
545	2527	1695
546	2381	3342
547	2307	3505
548	3143	2475
549	1879	4114
550	2454	3278
551	1994	6104
552	2089	3858
553	2165	3229
554	2039	4801
555	2513	3258
556	1006	7189
557	979	7199
558	1977	5590
559	2401	5872
560	2195	5805
561	1855	6060
562	2021	3187
563	2587	2835
564	844	7355
565	2191	3711
566	1967	3893
567	1422	6426
568	2339	3354
569	1171	6913
570	2354	2645
571	1479	3817
572	1941	3326
573	2385	2505
574	2360	3279
575	1473	2775
576	844	7355
577	1974	4478
578	1999	4146
579	2870	2383
580	891	7160
581	2674	5232
582	2926	5181
583	3261	2495
584	1309	6850
585	2472	5251
586	1349	5969
587	1883	4034
588	2328	5293
589	2021	3187
590	2093	4663
591	2785	2785
592	2355	6252
593	2050	3928
594	2735	4263
595	2788	3010
596	1638	3877
597	2496	2534
598	2034	4339
599	2380	3762
600	1841	6245
601	3248	1920
602	2039	4801
603	2388	6167
604	3526	1342
605	1499	2420
606	2050	3928
607	1603	3291
608	2426	5179
609	891	7160
610	1521	5606
611	2267	4930
612	2239	2774
613	1780	4079
614	2304	3107
615	1078	6701
616	1657	3456
617	2021	3187
618	1967	3893
619	3000	1705
620	2610	4514
621	2441	3434
622	1978	3987
623	2420	2178
624	2832	2855
625	3261	2495
626	2785	2785
627	2730	2423
628	2273	3187
629	2445	3160
630	2139	3262
631	2360	3279
632	3248	1920
633	1811	5894
634	2227	6254
635	2353	4218
636	2758	6224
637	1546	3453
638	2174	5259
639	2402	3195
640	2647	2855
641	2034	3490
642	2355	6252
643	2503	2451
644	2267	4356
645	2263	2025
646	2832	2855
647	2354	2645
648	2982	1779
649	979	7199
650	2388	2869
651	1078	6701
652	3526	1342
653	2760	5704
654	804	7189
655	2210	2374
656	2485	2558
657	2693	2517
658	1883	4034
659	3702	979
660	2380	3240
661	1441	3259
662	1999	4146
663	1854	4307
664	2552	6227
665	1712	4287
666	2267	4930
667	2532	2910
668	1603	3291
669	3476	1988
670	2532	2910
671	2165	3229
672	2380	4519
673	2608	3292
674	2267	4356
675	994	7276
676	1301	6237
677	1056	6810
678	1056	6810
679	1745	6389
680	1473	2775
681	2267	4930
682	2354	2645
683	1099	6953
684	1961	3756
685	1655	6406
686	1122	2645
687	2380	3240
688	2442	2899
689	2139	3262
690	1499	2420
691	2465	5233
692	2867	2458
693	2203	3108
694	891	7160
695	2496	2303
696	2212	3052
697	2782	2295
698	2440	2769
699	2380	3762
700	2611	4557
701	2033	4138
702	2350	2146
703	2203	3108
704	2378	3119
705	1856	3630
706	2284	3254
707	2493	2678
708	2239	2774
709	2693	2517
710	1845	4098
711	2645	2412
712	2603	2266
713	2647	2855
714	2527	1695
715	2731	5691
716	2688	4618
717	1870	3367
718	3152	3009
719	1905	3754
720	2259	2225
721	2165	3229
722	1810	2652
723	2378	3119
724	1167	6397
725	1211	2255
726	1056	6810
727	2798	4737
728	2798	4737
729	2688	2780
730	1879	4114
731	2210	2374
732	2450	4223
733	2645	2412
734	1630	3493
735	1136	7335
736	1188	6528
737	1993	3103
738	994	7276
739	2348	3657
740	1961	3756
741	1623	5153
742	2513	3258
743	2452	6396
744	1910	6577
745	2303	3272
746	962	6948
747	3055	2405
748	2089	3858
749	1910	6577
750	2328	5293
751	2465	5233
752	2108	3383
753	3261	2495
754	2304	3107
755	2634	3048
756	2199	3107
757	2724	3333
758	2440	2769
759	2225	5892
760	1657	3456
761	1211	2255
762	1895	4109
763	2089	3858
764	2634	3048
765	2496	3180
766	2653	5718
767	2465	5233
768	2786	5706
769	2139	3262
770	2276	2800
771	2610	4514
772	2465	5233
773	2307	3505
774	1712	4287
775	1810	2652
776	3461	1427
777	994	7276
778	1169	6869
779	1883	4034
780	2414	4796
781	2522	5802
782	2630	5401
783	3476	1988
784	804	7189
785	3369	1069
786	3175	3120
787	2380	4519
788	1442	7180
789	2497	2825
790	1843	4274
791	3099	4490
792	3261	1649
793	2522	5802
794	2093	4663
795	2318	4456
796	2032	5654
797	2625	4576
798	2117	6137
799	1087	7295
800	2780	4601
801	2307	3575
802	2032	5654
803	2758	6224
804	1673	6326
805	2045	4291
806	2786	5706
807	2659	3073
808	2608	3292
809	1943	3153
810	2628	2786
811	1368	6170
812	1733	2916
813	1657	3456
814	2485	2558
815	2073	3847
816	2782	2295
817	2348	3657
818	1112	6798
819	2212	3052
820	2501	3330
821	2332	2487
822	3055	2405
823	2496	5893
824	2567	4904
825	2496	3180
826	1881	3096
827	1422	6426
828	2640	6143
829	3248	1920
830	2873	3109
831	2570	5447
832	1368	6170
833	2261	4142
834	3031	2164
835	2742	2782
836	2628	2786
837	2357	2467
838	1188	6528
839	1834	5084
840	2742	2782
841	2953	3010
842	2345	4459
843	2267	4356
844	2350	2146
845	2626	2154
846	2693	2517
847	1821	2959
848	2357	3168
849	3702	979
850	2628	2786
851	891	7160
852	1761	6747
853	2441	5942
854	1906	6540
855	2199	3107
856	2934	3678
857	2083	4025
858	1136	7335
859	2644	5742
860	2137	3982
861	2742	2782
862	690	7075
863	1913	3846
864	2496	2303
865	2689	5077
866	2477	3499
867	2240	3062
868	2760	5704
869	2688	4618
870	1879	4114
871	1368	6170
872	2451	2963
873	1516	6063
874	2108	3383
875	2212	3052
876	2630	5401
877	2747	2617
878	1462	2283
879	2034	3490
880	2045	4291
881	1442	7180
882	1006	7189
883	1365	5754
884	2284	3254
885	2208	3054
886	2139	3846
887	2339	3354
888	2780	4601
889	1623	5153
890	1211	2255
891	2780	4601
892	2688	2780
893	2261	4142
894	3369	1069
895	2676	5888
896	1102	7177
897	2647	2855
898	3055	2405
899	706	6912
900	962	6958
901	1856	3630
902	2501	3330
903	2676	5888
904	2355	6252
905	2547	6356
906	2225	5892
907	2867	2458
908	1870	3367
909	1854	4307
910	2775	3099
911	2496	3180
912	2727	2734
913	2727	2734
914	2775	3099
915	3702	979
916	2401	5872
917	2680	3151
918	2034	3490
919	2567	4904
920	2532	2910
921	2195	5805
922	1243	6690
923	2214	3194
924	1499	2420
925	1810	2652
926	2441	5942
927	2320	4202
928	2653	3350
929	2832	2855
930	2465	5233
931	2380	4519
932	2659	6159
933	2416	2436
934	2445	3160
935	2676	5888
936	2307	3505
937	2166	3053
938	1188	6528
939	1978	3987
940	2214	3194
941	2785	2785
942	2045	4291
943	2440	2769
944	2832	2855
945	2050	3928
946	2385	2505
947	1961	3756
948	2093	4663
949	2503	2451
950	2497	2825
951	2388	2869
952	2045	4291
953	1150	6749
954	1993	3103
955	2405	6348
956	2413	2528
957	2452	6396
958	2210	2374
959	3261	1649
960	2926	5181
961	2402	3195
962	2225	4989
963	1056	6810
964	2689	5077
965	2680	4424
966	2139	3262
967	1856	3538
968	2303	3272
969	2307	3505
970	2688	2780
971	979	7199
972	2137	3982
973	2570	5447
974	1745	6389
975	3010	3593
976	2089	3858
977	1978	6075
978	1006	7189
979	2867	2458
980	2405	6348
981	2381	3342
982	2493	2678
983	2261	4142
984	2417	3508
985	2465	5233
986	1897	3261
987	1841	6245
988	1695	4145
989	3114	2536
990	2472	5251
991	2724	3333
992	2036	3274
993	1567	6722
994	2139	3262
995	2785	2785
996	2413	2528
997	1712	3889
998	2360	3279
999	2678	3464
1000	2284	3254
1001	2674	5232
1002	2760	3196
1003	2470	6422
1004	2386	5395
1005	2120	3917
1006	2442	2899
1007	1913	3846
1008	1309	6850
1009	1904	3148
1010	2760	3196
1011	2166	3053
DEMAND_SECTION
1	0
2	6
3	10
4	5
5	4
6	6
7	3
8	9
9	10
10	6
11	6
12	4
13	4
14	4
15	10
16	7
17	5
18	4
19	4
20	8
21	4
22	6
23	4
24	8
25	6
26	4
27	8
28	3
29	3
30	4
31	7
32	7
33	4
34	11
35	5
36	9
37	3
38	6
39	8
40	4
41	5
42	6
43	8
44	3
45	6
46	6
47	6
48	9
49	3
50	4
51	4
52	5
53	3
54	5
55	8
56	4
57	3
58	6
59	3
60	13
61	4
62	3
63	5
64	8
65	7
66	9
67	4
68	4
69	3
70	4
71	4
72	8
73	4
74	5
75	6
76	4
77	9
78	7
79	19
80	6
81	3
82	4
83	7
84	6
85	6
86	4
87	4
88	5
89	4
90	6
91	6
92	7
93	3
94	4
95	7
96	6
97	7
98	4
99	6
100	8
101	8
102	5
103	6
104	6
105	5
106	7
107	4
108	5
109	7
110	5
111	5
112	5
113	4
114	4
115	3
116	5
117	5
118	8
119	9
120	5
121	4
122	3
123	7
124	7
125	4
126	8
127	7
128	10
129	4
130	4
131	4
132	6
133	5
134	5
135	8
136	5
137	5
138	4
139	5
140	5
141	5
142	8
143	12
144	8
145	6
146	5
147	11
148	5
149	11
150	3
151	3
152	4
153	5
154	5
155	7
156	6
157	4
158	8
159	5
160	9
161	7
162	5
163	3
164	5
165	6
166	5
167	4
168	4
169	4
170	5
171	16
172	8
173	8
174	12
175	4
176	7
177	4
178	7
179	6
180	7
181	13
182	11
183	3
184	4
185	5
186	6
187	7
188	4
189	3
190	7
191	3
192	10
193	12
194	3
195	4
196	5
197	4
198	5
199	6
200	8
201	5
202	7
203	25
204	6
205	6
206	10
207	3
208	4
209	6
210	9
211	3
212	4
213	4
214	7
215	6
216	4
217	6
218	4
219	6
220	5
221	4
222	7
223	5
224	7
225	6
226	8
227	4
228	9
229	5
230	6
231	4
232	4
233	5
234	10
235	4
236	6
237	7
238	8
239	4
240	8
241	6
242	6
243	10
244	4
245	4
246	7
247	5
248	9
249	6
250	5
251	6
252	7
253	4
254	5
255	4
256	5
257	8
258	9
259	7
260	5
261	6
262	3
263	5
264	13
265	7
266	5
267	8
268	6
269	6
270	7
271	4
272	6
273	6
274	8
275	6
276	7
277	4
278	5
279	12
280	4
281	8
282	13
283	10
284	9
285	11
286	5
287	4
288	5
289	6
290	6
291	3
292	4
293	4
294	10
295	5
296	5
297	4
298	8
299	5
300	6
301	11
302	7
303	9
304	6
305	6
306	4
307	8
308	10
309	9
310	4
311	7
312	6
313	5
314	5
315	5
316	6
317	7
318	3
319	10
320	8
321	7
322	8
323	10
324	8
325	4
326	8
327	8
328	8
329	3
330	3
331	4
332	7
333	8
334	13
335	3
336	3
337	3
338	3
339	8
340	3
341	3
342	3
343	3
344	5
345	8
346	6
347	4
348	3
349	3
350	7
351	7
352	4
353	4
354	7
355	5
356	4
357	8
358	4
359	4
360	9
361	5
362	4
363	4
364	4
365	7
366	4
367	4
368	4
369	10
370	4
371	6
372	11
373	5
374	4
375	7
376	6
377	3
378	6
379	5
380	7
381	3
382	6
383	6
384	4
385	10
386	3
387	8
388	6
389	5
390	7
391	5
392	8
393	8
394	6
395	6
396	3
397	3
398	4
399	3
400	4
401	4
402	4
403	5
404	10
405	7
406	5
407	6
408	9
409	8
410	9
411	3
412	5
413	6
414	7
415	8
416	3
417	6
418	5
419	5
420	8
421	3
422	8
423	3
424	6
425	10
426	8
427	6
428	4
429	4
430	8
431	8
432	9
433	4
434	4
435	13
436	6
437	5
438	3
439	5
440	4
441	5
442	4
443	8
444	7
445	4
446	7
447	4
448	5
449	3
450	8
451	8
452	7
453	5
454	5
455	5
456	3
457	4
458	5
459	5
460	6
461	9
462	4
463	4
464	5
465	8
466	8
467	6
468	4
469	8
470	7
471	8
472	6
473	6
474	5
475	4
476	6
477	6
478	6
479	11
480	25
481	5
482	4
483	10
484	5
485	4
486	3
487	5
488	3
489	8
490	8
491	9
492	4
493	3
494	3
495	6
496	3
497	4
498	4
499	8
500	4
501	9
502	8
503	4
504	8
505	4
506	6
507	5
508	4
509	3
510	10
511	4
512	8
513	7
514	8
515	4
516	4
517	4
518	4
519	3
520	10
521	6
522	8
523	11
524	6
525	7
526	6
527	6
528	7
529	4
530	6
531	8
532	3
533	3
534	7
535	5
536	5
537	7
538	5
539	8
540	3
541	6
542	6
543	4
544	4
545	6
546	10
547	10
548	6
549	4
550	8
551	13
552	4
553	5
554	4
555	5
556	5
557	19
558	9
559	4
560	6
561	7
562	5
563	6
564	8
565	5
566	7
567	5
568	4
569	4
570	7
571	8
572	4
573	4
574	8
575	3
576	5
577	6
578	6
579	7
580	4
581	6
582	4
583	4
584	3
585	5
586	10
587	7
588	4
589	5
590	6
591	5
592	5
593	8
594	6
595	4
596	3
597	18
598	6
599	4
600	5
601	5
602	8
603	6
604	5
605	10
606	7
607	4
608	5
609	4
610	10
611	4
612	8
613	5
614	7
615	9
616	7
617	8
618	4
619	7
620	4
621	6
622	4
623	8
624	6
625	4
626	5
627	9
628	7
629	7
630	18
631	5
632	4
633	7
634	5
635	4
636	5
637	5
638	7
639	10
640	4
641	4
642	5
643	9
644	5
645	6
646	5
647	6
648	4
649	6
650	7
651	8
652	5
653	9
654	15
655	4
656	6
657	9
658	8
659	3
660	13
661	5
662	6
663	13
664	5
665	4
666	4
667	8
668	8
669	3
670	10
671	7
672	8
673	4
674	4
675	10
676	6
677	3
678	4
679	5
680	5
681	12
682	5
683	5
684	9
685	5
686	7
687	5
688	4
689	4
690	5
691	13
692	6
693	3
694	8
695	13
696	5
697	8
698	6
699	6
700	8
701	4
702	8
703	4
704	3
705	4
706	4
707	18
708	3
709	7
710	15
711	8
712	4
713	4
714	7
715	9
716	4
717	8
718	4
719	3
720	7
721	3
722	5
723	8
724	6
725	6
726	5
727	6
728	5
729	4
730	12
731	10
732	3
733	4
734	5
735	5
736	9
737	5
738	19
739	3
740	4
741	19
742	4
743	4
744	6
745	4
746	18
747	5
748	8
749	7
750	6
751	6
752	3
753	12
754	4
755	5
756	7
757	13
758	6
759	5
760	9
761	6
762	6
763	4
764	5
765	4
766	9
767	4
768	3
769	4
770	5
771	13
772	6
773	8
774	5
775	5
776	6
777	5
778	7
779	5
780	5
781	10
782	4
783	3
784	3
785	4
786	6
787	5
788	5
789	7
790	10
791	7
792	4
793	5
794	4
795	3
796	8
797	5
798	11
799	8
800	8
801	6
802	8
803	5
804	4
805	6
806	12
807	4
808	8
809	10
810	4
811	4
812	3
813	4
814	9
815	5
816	3
817	5
818	7
819	5
820	7
821	8
822	7
823	10
824	8
825	4
826	4
827	5
828	7
829	6
830	6
831	8
832	5
833	10
834	10
835	9
836	8
837	4
838	4
839	3
840	13
841	10
842	7
843	6
844	5
845	8
846	6
847	3
848	6
849	8
850	10
851	4
852	6
853	4
854	9
855	4
856	5
857	9
858	5
859	5
860	4
861	7
862	13
863	10
864	9
865	4
866	9
867	12
868	5
869	4
870	4
871	5
872	6
873	7
874	4
875	4
876	7
877	8
878	5
879	3
880	4
881	5
882	6
883	6
884	3
885	6
886	5
887	8
888	3
889	5
890	4
891	8
892	15
893	3
894	6
895	6
896	4
897	6
898	3
899	3
900	8
901	3
902	8
903	10
904	5
905	7
906	5
907	4
908	6
909	5
910	6
911	13
912	4
913	4
914	13
915	4
916	4
917	8
918	4
919	4
920	9
921	4
922	6
923	8
924	8
925	6
926	10
927	11
928	5
929	7
930	7
931	4
932	5
933	5
934	8
935	6
936	6
937	4
938	6
939	4
940	6
941	8
942	9
943	4
944	6
945	7
946	7
947	4
948	4
949	4
950	9
951	7
952	5
953	5
954	4
955	5
956	8
957	7
958	25
959	4
960	6
961	3
962	10
963	9
964	8
965	6
966	4
967	6
968	6
969	7
970	11
971	6
972	5
973	8
974	5
975	3
976	5
977	3
978	4
979	6
980	8
981	6
982	6
983	10
984	6
985	7
986	6
987	5
988	4
989	12
990	6
991	4
992	7
993	8
994	7
995	3
996	6
997	5
998	6
999	8
1000	4
1001	5
1002	6
1003	3
1004	4
1005	8
1006	8
1007	10
1008	3
1009	5
1010	4
1011	8
DEPOT_SECTION
1
-1
SERVICE_TIME_SECTION
1	0
2	900
3	300
4	300
5	420
6	840
7	240
8	540
9	300
10	360
11	420
12	300
13	480
14	300
15	420
16	420
17	540
18	780
19	600
20	1860
21	480
22	240
23	720
24	420
25	1080
26	360
27	480
28	420
29	360
30	300
31	420
32	300
33	300
34	660
35	420
36	360
37	600
38	480
39	300
40	1020
41	360
42	300
43	1020
44	360
45	600
46	780
47	660
48	240
49	480
50	420
51	480
52	420
53	840
54	420
55	660
56	360
57	1200
58	360
59	540
60	480
61	540
62	540
63	420
64	600
65	360
66	660
67	540
68	360
69	660
70	240
71	360
72	300
73	480
74	360
75	600
76	360
77	360
78	540
79	240
80	540
81	360
82	660
83	660
84	420
85	360
86	480
87	1080
88	360
89	600
90	360
91	840
92	780
93	480
94	420
95	660
96	660
97	480
98	480
99	660
100	360
101	240
102	420
103	540
104	300
105	360
106	660
107	240
108	660
109	660
110	720
111	360
112	540
113	600
114	480
115	540
116	540
117	540
118	660
119	780
120	600
121	540
122	720
123	300
124	600
125	420
126	480
127	240
128	540
129	360
130	360
131	840
132	360
133	240
134	300
135	360
136	540
137	600
138	240
139	360
140	660
141	540
142	780
143	480
144	540
145	600
146	360
147	240
148	420
149	540
150	240
151	480
152	720
153	780
154	660
155	240
156	600
157	540
158	240
159	480
160	420
161	360
162	240
163	420
164	600
165	660
166	540
167	420
168	360
169	600
170	1860
171	300
172	300
173	420
174	480
175	420
176	660
177	540
178	420
179	420
180	420
181	360
182	240
183	360
184	540
185	420
186	540
187	360
188	480
189	720
190	240
191	420
192	300
193	300
194	780
195	540
196	300
197	600
198	420
199	360
200	300
201	600
202	840
203	660
204	420
205	360
206	300
207	360
208	240
209	420
210	420
211	420
212	420
213	480
214	660
215	420
216	420
217	420
218	720
219	480
220	360
221	480
222	480
223	540
224	540
225	360
226	300
227	420
228	780
229	420
230	420
231	480
232	840
233	240
234	240
235	240
236	660
237	480
238	540
239	660
240	480
241	540
242	300
243	360
244	480
245	480
246	240
247	420
248	420
249	600
250	420
251	480
252	720
253	300
254	360
255	720
256	540
257	600
258	480
259	240
260	600
261	240
262	840
263	240
264	480
265	420
266	420
267	900
268	540
269	420
270	480
271	780
272	420
273	960
274	600
275	240
276	780
277	540
278	420
279	240
280	480
281	780
282	480
283	720
284	780
285	480
286	240
287	360
288	360
289	780
290	540
291	780
292	360
293	840
294	300
295	300
296	360
297	660
298	480
299	600
300	540
301	480
302	480
303	360
304	420
305	480
306	360
307	420
308	540
309	1020
310	360
311	240
312	660
313	840
314	420
315	540
316	480
317	420
318	600
319	960
320	660
321	660
322	780
323	720
324	360
325	480
326	360
327	300
328	540
329	600
330	360
331	300
332	660
333	780
334	300
335	240
336	720
337	360
338	420
339	420
340	300
341	420
342	600
343	480
344	660
345	420
346	600
347	480
348	780
349	300
350	660
351	900
352	360
353	660
354	420
355	720
356	360
357	540
358	840
359	300
360	600
361	420
362	540
363	1080
364	240
365	360
366	660
367	540
368	240
369	300
370	420
371	360
372	360
373	360
374	360
375	780
376	540
377	540
378	420
379	360
380	600
381	1080
382	360
383	480
384	420
385	300
386	240
387	360
388	360
389	540
390	540
391	420
392	480
393	240
394	600
395	480
396	1860
397	600
398	360
399	480
400	600
401	240
402	420
403	360
404	360
405	300
406	420
407	480
408	420
409	660
410	660
411	480
412	360
413	660
414	240
415	240
416	480
417	300
418	1080
419	540
420	420
421	240
422	720
423	300
424	480
425	660
426	300
427	360
428	660
429	480
430	540
431	540
432	840
433	420
434	660
435	360
436	780
437	420
438	540
439	420
440	360
441	300
442	240
443	540
444	720
445	540
446	1020
447	780
448	240
449	600
450	360
451	660
452	900
453	420
454	660
455	540
456	240
457	360
458	420
459	600
460	600
461	780
462	420
463	360
464	420
465	420
466	900
467	240
468	480
469	420
470	840
471	780
472	720
473	480
474	720
475	240
476	480
477	300
478	1020
479	600
480	720
481	1080
482	540
483	540
484	540
485	780
486	600
487	240
488	660
489	540
490	840
491	1020
492	600
493	720
494	660
495	540
496	660
497	360
498	480
499	600
500	240
501	360
502	660
503	480
504	240
505	360
506	360
507	1020
508	360
509	600
510	420
511	420
512	1020
513	240
514	480
515	360
516	720
517	300
518	360
519	480
520	240
521	720
522	420
523	480
524	660
525	360
526	420
527	600
528	660
529	780
530	480
531	420
532	420
533	480
534	360
535	420
536	540
537	540
538	1020
539	780
540	780
541	420
542	720
543	540
544	360
545	300
546	600
547	840
548	780
549	540
550	540
551	540
552	840
553	540
554	540
555	1020
556	360
557	480
558	660
559	300
560	600
561	540
562	600
563	360
564	420
565	360
566	420
567	240
568	660
569	660
570	300
571	360
572	1140
573	480
574	360
575	420
576	780
577	600
578	600
579	420
580	420
581	600
582	660
583	300
584	420
585	780
586	360
587	540
588	480
589	420
590	240
591	360
592	660
593	720
594	780
595	420
596	480
597	480
598	1080
599	540
600	600
601	240
602	720
603	780
604	900
605	600
606	540
607	420
608	780
609	660
610	480
611	540
612	480
613	240
614	240
615	420
616	420
617	360
618	420
619	240
620	480
621	600
622	840
623	1560
624	480
625	240
626	240
627	480
628	720
629	720
630	420
631	840
632	360
633	540
634	840
635	300
636	720
637	660
638	240
639	420
640	360
641	540
642	420
643	360
644	420
645	240
646	540
647	360
648	540
649	540
650	660
651	1080
652	720
653	780
654	600
655	240
656	480
657	540
658	420
659	240
660	600
661	480
662	420
663	540
664	360
665	420
666	540
667	300
668	240
669	480
670	600
671	360
672	300
673	720
674	300
675	840
676	660
677	420
678	420
679	420
680	660
681	480
682	360
683	360
684	240
685	480
686	360
687	360
688	1140
689	360
690	300
691	420
692	480
693	480
694	720
695	420
696	480
697	540
698	240
699	360
700	360
701	300
702	480
703	480
704	480
705	540
706	600
707	780
708	840
709	540
710	1860
711	360
712	900
713	480
714	840
715	360
716	420
717	300
718	720
719	420
720	300
721	360
722	360
723	780
724	1020
725	360
726	420
727	240
728	360
729	420
730	240
731	540
732	240
733	480
734	240
735	600
736	420
737	540
738	420
739	960
740	360
741	600
742	360
743	420
744	300
745	600
746	420
747	720
748	600
749	720
750	240
751	480
752	600
753	780
754	420
755	780
756	720
757	660
758	360
759	660
760	600
761	600
762	240
763	480
764	420
765	780
766	420
767	360
768	1140
769	420
770	780
771	420
772	240
773	240
774	240
775	600
776	420
777	420
778	1020
779	240
780	480
781	240
782	480
783	540
784	660
785	600
786	720
787	840
788	480
789	600
790	240
791	360
792	480
793	420
794	1080
795	600
796	360
797	480
798	720
799	480
800	720
801	360
802	540
803	300
804	480
805	240
806	660
807	600
808	480
809	780
810	1020
811	540
812	360
813	360
814	480
815	600
816	420
817	480
818	960
819	360
820	540
821	300
822	720
823	900
824	720
825	300
826	300
827	240
828	480
829	480
830	720
831	480
832	480
833	360
834	480
835	480
836	240
837	600
838	720
839	1020
840	480
841	420
842	420
843	360
844	420
845	540
846	540
847	240
848	240
849	300
850	660
851	780
852	240
853	480
854	600
855	540
856	600
857	360
858	900
859	420
860	480
861	480
862	240
863	240
864	660
865	780
866	240
867	660
868	840
869	360
870	660
871	600
872	240
873	540
874	840
875	480
876	600
877	240
878	660
879	240
880	240
881	420
882	300
883	360
884	240
885	600
886	360
887	360
888	540
889	240
890	480
891	240
892	300
893	240
894	660
895	720
896	240
897	420
898	600
899	540
900	660
901	720
902	420
903	300
904	420
905	360
906	420
907	420
908	300
909	360
910	540
911	240
912	840
913	600
914	540
915	300
916	540
917	600
918	540
919	720
920	480
921	660
922	480
923	720
924	420
925	240
926	720
927	480
928	720
929	360
930	420
931	240
932	600
933	300
934	600
935	780
936	420
937	720
938	300
939	300
940	360
941	240
942	480
943	720
944	420
945	300
946	780
947	540
948	1500
949	600
950	360
951	600
952	480
953	600
954	540
955	420
956	600
957	660
958	660
959	600
960	600
961	600
962	420
963	540
964	720
965	720
966	480
967	1020
968	720
969	780
970	540
971	420
972	240
973	420
974	720
975	360
976	300
977	420
978	240
979	240
980	420
981	420
982	540
983	480
984	240
985	480
986	300
987	240
988	540
989	600
990	720
991	420
992	360
993	660
994	900
995	900
996	900
997	360
998	720
999	780
1000	660
1001	360
1002	240
1003	780
1004	300
1005	420
1006	420
1007	420
1008	600
1009	420
1010	1020
1011	360
TIME_WINDOW_SECTION
1	0	45000
2	19200	26700
3	26400	37500
4	19200	26700
5	22800	29700
6	15600	23100
7	22800	30300
8	12000	18900
9	12000	19500
10	12000	19500
11	22800	30300
12	22800	30300
13	22800	30300
14	22800	30300
15	22800	30300
16	4800	12300
17	12000	19500
18	4800	12300
19	19200	26700
20	10200	30300
21	12000	19500
22	19200	26700
23	12000	19500
24	22800	30300
25	4800	12300
26	15600	26700
27	4800	12300
28	19200	26700
29	15600	23100
30	4800	12300
31	19200	26700
32	10200	30300
33	19200	26700
34	8400	15900
35	4800	12300
36	4800	11700
37	10200	30300
38	19200	26700
39	12000	18900
40	4800	12300
41	10200	30300
42	10200	30300
43	10200	30300
44	8400	15900
45	22800	30300
46	8400	15900
47	10200	30300
48	19200	26700
49	15600	26700
50	10200	30300
51	4800	12300
52	19200	26700
53	22800	29700
54	15600	26700
55	10200	29700
56	8400	19500
57	22800	30300
58	8400	15900
59	19200	26700
60	19200	26700
61	4800	12300
62	4800	12300
63	4800	11700
64	26400	37500
65	15600	26700
66	10200	30300
67	4800	12300
68	19200	26700
69	4800	12300
70	10200	30300
71	15600	23100
72	4800	12300
73	8400	15900
74	10200	30300
75	4800	12300
76	19200	26700
77	12000	19500
78	10200	30300
79	12000	19500
80	19200	26700
81	4800	12300
82	4800	12300
83	22800	30300
84	19200	26700
85	19200	26700
86	10200	30300
87	8400	15900
88	10200	30300
89	12000	19500
90	22800	30300
91	22800	30300
92	8400	15900
93	12000	19500
94	19200	26700
95	15600	23100
96	10200	30300
97	10200	30300
98	22800	30300
99	8400	15900
100	4800	12300
101	12000	19500
102	10200	30300
103	4800	12300
104	10200	30300
105	15600	23100
106	12000	19500
107	4800	12300
108	22800	30300
109	8400	15900
110	10200	30300
111	15600	26700
112	19200	26700
113	10200	30300
114	8400	15900
115	22800	30300
116	19200	26700
117	4800	12300
118	22800	30300
119	8400	15900
120	8400	15900
121	19200	26700
122	4800	11700
123	8400	15900
124	22800	30300
125	8400	15900
126	19200	26700
127	15600	23100
128	15600	23100
129	10200	30300
130	8400	15900
131	22800	30300
132	12000	19500
133	15600	26700
134	15600	26700
135	12000	19500
136	19200	26100
137	10200	30300
138	19200	26700
139	19200	26700
140	4800	12300
141	15600	24900
142	8400	15900
143	22800	30300
144	15600	23100
145	4800	12300
146	4800	12300
147	15600	24900
148	12000	19500
149	12000	19500
150	19200	26700
151	10200	30300
152	19200	26700
153	22800	30300
154	15600	23100
155	8400	19500
156	12000	19500
157	10200	30300
158	8400	15900
159	22800	30300
160	19200	26700
161	10200	30300
162	15600	23100
163	15600	23100
164	15600	23100
165	15600	26700
166	10200	30300
167	4800	12300
168	4800	12300
169	12000	19500
170	15600	23100
171	12000	19500
172	10200	30300
173	4800	12300
174	19200	26700
175	22800	30300
176	19200	26700
177	10200	30300
178	22800	30300
179	19200	26700
180	19200	26700
181	10200	30300
182	19200	26700
183	12000	19500
184	4800	12300
185	10200	30300
186	8400	15300
187	12000	19500
188	8400	15900
189	22800	30300
190	10200	30300
191	10200	30300
192	8400	15300
193	22800	30300
194	22800	30300
195	8400	19500
196	8400	18900
197	12000	19500
198	15600	23100
199	10200	30300
200	15600	23100
201	12000	19500
202	10200	30300
203	4800	12300
204	8400	15900
205	8400	19500
206	4800	12300
207	22800	30300
208	4800	12300
209	22800	30300
210	15600	23100
211	8400	15900
212	8400	15900
213	15600	26700
214	8400	19500
215	19200	26100
216	4800	12300
217	10200	30300
218	19200	26700
219	17400	37500
220	4800	12300
221	22800	30300
222	22800	30300
223	4800	12300
224	8400	15900
225	15600	23100
226	4800	12300
227	4800	12300
228	19200	26700
229	4800	12300
230	12000	19500
231	19200	26700
232	10200	30300
233	19200	26700
234	10200	30300
235	4800	12300
236	19200	26700
237	10200	30300
238	22800	30300
239	4800	12300
240	15600	23100
241	10200	30300
242	4800	12300
243	15600	26700
244	8400	15300
245	15600	23100
246	4800	12300
247	10200	30300
248	12000	19500
249	4800	12300
250	10200	30300
251	4800	12300
252	10200	30300
253	4800	12300
254	8400	15900
255	10200	30300
256	8400	15900
257	22800	30300
258	22800	30300
259	22800	30300
260	19200	26700
261	10200	30300
262	19200	26700
263	19200	26700
264	22800	30300
265	8400	15900
266	15600	23100
267	4800	12300
268	15600	23100
269	15600	23100
270	22800	30300
271	4800	12300
272	22800	30300
273	10200	29700
274	17400	37500
275	12000	19500
276	8400	15900
277	10200	30300
278	10200	30300
279	10200	30300
280	19200	26700
281	22800	30300
282	15600	26700
283	8400	15300
284	10200	30300
285	15600	23100
286	15600	26700
287	12000	19500
288	4800	12300
289	22800	30300
290	22800	30300
291	22800	30300
292	8400	15900
293	4800	12300
294	10200	30300
295	15600	23100
296	12000	19500
297	8400	19500
298	10200	30300
299	22800	30300
300	4800	12300
301	8400	19500
302	10200	30300
303	15600	23100
304	15600	23100
305	22800	30300
306	19200	26700
307	12000	19500
308	4800	12300
309	8400	15300
310	4800	12300
311	10200	30300
312	8400	15900
313	22800	30300
314	15600	23100
315	10200	30300
316	19200	26700
317	4800	12300
318	22800	30300
319	19200	26100
320	19200	26700
321	26400	37500
322	4800	12300
323	19200	26700
324	10200	30300
325	22800	30300
326	8400	15900
327	22800	30300
328	19200	26700
329	10200	30300
330	12000	19500
331	22800	30300
332	12000	18900
333	15600	23100
334	22800	30300
335	12000	19500
336	15600	24900
337	22800	30300
338	22800	30300
339	4800	12300
340	10200	30300
341	22800	30300
342	4800	11700
343	4800	12300
344	4800	12300
345	10200	30300
346	22800	29700
347	15600	23100
348	8400	15900
349	15600	23100
350	8400	19500
351	22800	29700
352	8400	19500
353	8400	15900
354	15600	23100
355	8400	19500
356	12000	19500
357	26400	37500
358	8400	15900
359	4800	12300
360	12000	19500
361	22800	30300
362	19200	26700
363	12000	19500
364	15600	23100
365	19200	26700
366	8400	15900
367	4800	12300
368	12000	19500
369	15600	26700
370	15600	23100
371	8400	15900
372	4800	12300
373	4800	12300
374	4800	12300
375	22800	30300
376	10200	30300
377	12000	19500
378	8400	15900
379	10200	30300
380	10200	30300
381	12000	19500
382	15600	26100
383	4800	12300
384	10200	30300
385	19200	26700
386	10200	30300
387	22800	30300
388	4800	12300
389	15600	23100
390	12000	19500
391	22800	30300
392	19200	26700
393	4800	12300
394	4800	11700
395	22800	30300
396	4800	12300
397	15600	23100
398	15600	26700
399	19200	26700
400	22800	30300
401	17400	37500
402	12000	19500
403	15600	23100
404	10200	30300
405	10200	30300
406	12000	19500
407	8400	15900
408	15600	26700
409	22800	30300
410	15600	24900
411	15600	23100
412	4800	11700
413	10200	30300
414	8400	15900
415	10200	30300
416	10200	30300
417	10200	30300
418	10200	30300
419	4800	12300
420	22800	30300
421	4800	12300
422	19200	26700
423	15600	26700
424	4800	12300
425	19200	26700
426	10200	30300
427	22800	29700
428	4800	12300
429	8400	15900
430	8400	19500
431	12000	19500
432	12000	19500
433	4800	12300
434	10200	30300
435	8400	15300
436	15600	23100
437	8400	19500
438	22800	30300
439	22800	30300
440	8400	15900
441	10200	30300
442	15600	24900
443	22800	30300
444	12000	19500
445	10200	30300
446	22800	30300
447	8400	15900
448	22800	30300
449	4800	12300
450	19200	26700
451	22800	30300
452	8400	15900
453	8400	18900
454	12000	19500
455	8400	15900
456	15600	23100
457	15600	23100
458	19200	26700
459	8400	15900
460	10200	30300
461	10200	30300
462	15600	26700
463	8400	19500
464	19200	26700
465	8400	15900
466	10200	30300
467	8400	19500
468	12000	19500
469	10200	30300
470	8400	15900
471	8400	19500
472	22800	30300
473	8400	15900
474	15600	23100
475	8400	15900
476	4800	12300
477	10200	30300
478	10200	30300
479	15600	24900
480	22800	30300
481	8400	15300
482	19200	26700
483	12000	19500
484	22800	30300
485	12000	19500
486	15600	26700
487	10200	30300
488	8400	15900
489	19200	26700
490	19200	26700
491	15600	23100
492	22800	30300
493	12000	19500
494	8400	19500
495	10200	30300
496	12000	19500
497	15600	26700
498	19200	26700
499	15600	24900
500	15600	23100
501	12000	19500
502	8400	19500
503	8400	15900
504	10200	30300
505	22800	30300
506	8400	15300
507	12000	19500
508	19200	26700
509	10200	30300
510	8400	19500
511	19200	26700
512	12000	19500
513	12000	19500
514	22800	30300
515	19200	26700
516	8400	15300
517	10200	30300
518	15600	23100
519	8400	19500
520	12000	19500
521	12000	19500
522	19200	26700
523	15600	23100
524	15600	23100
525	8400	15900
526	19200	26700
527	8400	19500
528	10200	30300
529	22800	30300
530	19200	26700
531	8400	15900
532	12000	19500
533	22800	30300
534	19200	26700
535	22800	30300
536	10200	30300
537	10200	30300
538	22800	30300
539	19200	26700
540	10200	30300
541	15600	26700
542	22800	30300
543	10200	30300
544	15600	23100
545	10200	30300
546	19200	26100
547	19200	26700
548	8400	15300
549	15600	23100
550	17400	37500
551	19200	26700
552	15600	23100
553	22800	30300
554	12000	18900
555	15600	23100
556	22800	30300
557	8400	15900
558	10200	30300
559	15600	26700
560	22800	30300
561	15600	23100
562	8400	15300
563	19200	26700
564	12000	19500
565	22800	29700
566	10200	30300
567	22800	30300
568	19200	26700
569	22800	30300
570	10200	30300
571	8400	15300
572	15600	26700
573	8400	18900
574	10200	30300
575	10200	30300
576	10200	30300
577	19200	26700
578	19200	26700
579	12000	19500
580	19200	26700
581	10200	30300
582	8400	15900
583	8400	15900
584	10200	30300
585	8400	15900
586	10200	30300
587	15600	26700
588	15600	23100
589	19200	26100
590	10200	30300
591	12000	19500
592	22800	30300
593	19200	26700
594	12000	19500
595	8400	19500
596	8400	15900
597	8400	19500
598	10200	30300
599	12000	19500
600	8400	15900
601	15600	23100
602	15600	23100
603	8400	15900
604	22800	30300
605	10200	29700
606	8400	15900
607	19200	26700
608	10200	29700
609	22800	30300
610	8400	15900
611	8400	15900
612	12000	19500
613	15600	26100
614	10200	30300
615	22800	30300
616	22800	30300
617	10200	30300
618	15600	23100
619	10200	29700
620	10200	30300
621	12000	19500
622	19200	26700
623	19200	26700
624	22800	30300
625	22800	30300
626	15600	23100
627	12000	19500
628	10200	30300
629	22800	30300
630	22800	30300
631	12000	19500
632	19200	26700
633	12000	19500
634	12000	19500
635	22800	30300
636	22800	30300
637	12000	19500
638	8400	19500
639	15600	26700
640	22800	30300
641	12000	19500
642	15600	26700
643	22800	30300
644	19200	26700
645	19200	26700
646	10200	30300
647	10200	30300
648	15600	23100
649	12000	18900
650	8400	19500
651	19200	26700
652	22800	29700
653	15600	23100
654	10200	30300
655	10200	30300
656	12000	18900
657	19200	26700
658	15600	23100
659	22800	30300
660	15600	23100
661	10200	30300
662	8400	15900
663	12000	19500
664	10200	30300
665	10200	30300
666	22800	30300
667	15600	26100
668	10200	30300
669	19200	26700
670	12000	18900
671	12000	19500
672	22800	30300
673	22800	30300
674	10200	30300
675	22800	30300
676	22800	30300
677	8400	18900
678	19200	26100
679	19200	26700
680	12000	18900
681	10200	30300
682	12000	19500
683	8400	19500
684	10200	30300
685	12000	19500
686	10200	30300
687	17400	37500
688	10200	30300
689	19200	26700
690	22800	30300
691	15600	23100
692	19200	26700
693	19200	26700
694	12000	18900
695	19200	26700
696	22800	30300
697	8400	18900
698	15600	23100
699	19200	26700
700	8400	19500
701	19200	26700
702	15600	23100
703	22800	30300
704	19200	26700
705	10200	30300
706	19200	26700
707	19200	26700
708	10200	30300
709	19200	26100
710	12000	19500
711	22800	30300
712	19200	26700
713	10200	30300
714	10200	30300
715	10200	30300
716	10200	30300
717	10200	30300
718	19200	26700
719	15600	24900
720	19200	26700
721	19200	26700
722	17400	37500
723	12000	19500
724	22800	30300
725	10200	30300
726	10200	30300
727	8400	19500
728	10200	29700
729	10200	29700
730	22800	30300
731	15600	23100
732	19200	26700
733	22800	29700
734	12000	19500
735	22800	30300
736	15600	23100
737	10200	30300
738	22800	30300
739	10200	30300
740	15600	23100
741	19200	26700
742	22800	30300
743	10200	30300
744	10200	30300
745	10200	30300
746	10200	30300
747	15600	23100
748	19200	26700
749	22800	29700
750	22800	30300
751	10200	30300
752	15600	23100
753	19200	26700
754	15600	26700
755	10200	30300
756	22800	29700
757	22800	30300
758	22800	30300
759	10200	30300
760	12000	19500
761	22800	29700
762	8400	19500
763	22800	30300
764	10200	30300
765	10200	30300
766	22800	30300
767	10200	30300
768	12000	19500
769	15600	23100
770	10200	30300
771	15600	26700
772	10200	30300
773	8400	19500
774	19200	26700
775	15600	23100
776	19200	26700
777	22800	30300
778	19200	26700
779	12000	19500
780	10200	30300
781	8400	19500
782	22800	30300
783	19200	26700
784	10200	30300
785	10200	30300
786	22800	30300
787	12000	19500
788	22800	30300
789	19200	26700
790	15600	23100
791	10200	30300
792	19200	26700
793	10200	30300
794	10200	30300
795	19200	26700
796	15600	26100
797	19200	26700
798	22800	30300
799	15600	23100
800	8400	19500
801	12000	19500
802	22800	30300
803	26400	37500
804	10200	30300
805	19200	26700
806	19200	26700
807	10200	29700
808	10200	29700
809	22800	29700
810	22800	30300
811	15600	23100
812	15600	23100
813	10200	30300
814	19200	26700
815	19200	26100
816	10200	30300
817	22800	30300
818	15600	23100
819	15600	23100
820	19200	26700
821	22800	30300
822	22800	30300
823	19200	26700
824	15600	26700
825	22800	30300
826	22800	30300
827	22800	30300
828	10200	30300
829	22800	29700
830	22800	30300
831	15600	24900
832	10200	30300
833	15600	24900
834	22800	30300
835	10200	30300
836	15600	26700
837	19200	26700
838	22800	30300
839	19200	26700
840	19200	26700
841	15600	23100
842	15600	26700
843	22800	30300
844	10200	30300
845	19200	26700
846	22800	30300
847	19200	26700
848	10200	30300
849	19200	26700
850	10200	30300
851	15600	26700
852	15600	26700
853	10200	30300
854	15600	23100
855	15600	23100
856	19200	26700
857	10200	30300
858	15600	23100
859	10200	30300
860	22800	30300
861	17400	37500
862	22800	30300
863	19200	26100
864	22800	30300
865	19200	26700
866	19200	26700
867	10200	30300
868	10200	30300
869	10200	30300
870	10200	30300
871	15600	26700
872	19200	26700
873	22800	30300
874	15600	23100
875	10200	30300
876	22800	30300
877	15600	26700
878	19200	26700
879	10200	30300
880	10200	30300
881	19200	26700
882	19200	26700
883	15600	23100
884	22800	30300
885	17400	37500
886	15600	23100
887	19200	26700
888	15600	26700
889	22800	30300
890	19200	26700
891	15600	26700
892	19200	26700
893	19200	26700
894	15600	26700
895	10200	30300
896	22800	30300
897	22800	30300
898	19200	26700
899	19200	26700
900	22800	30300
901	10200	30300
902	10200	29700
903	19200	26700
904	19200	26700
905	10200	30300
906	19200	26700
907	19200	26700
908	15600	23100
909	17400	37500
910	15600	26700
911	22800	30300
912	22800	30300
913	17400	37500
914	10200	30300
915	10200	30300
916	10200	30300
917	10200	30300
918	19200	26100
919	10200	30300
920	22800	30300
921	10200	30300
922	22800	30300
923	19200	26700
924	10200	30300
925	10200	30300
926	19200	26700
927	10200	29700
928	19200	26700
929	19200	26700
930	19200	26700
931	19200	26700
932	19200	26700
933	22800	30300
934	10200	29700
935	22800	30300
936	10200	30300
937	19200	26700
938	22800	30300
939	17400	37500
940	19200	26700
941	19200	26700
942	22800	30300
943	22800	30300
944	19200	26700
945	10200	29700
946	22800	30300
947	10200	30300
948	22800	30300
949	10200	29700
950	22800	30300
951	19200	26700
952	22800	30300
953	22800	30300
954	22800	30300
955	10200	30300
956	22800	30300
957	19200	26700
958	19200	26700
959	26400	37500
960	22800	29700
961	10200	30300
962	10200	30300
963	19200	26700
964	19200	26700
965	15600	26700
966	19200	26700
967	15600	24900
968	22800	30300
969	22800	30300
970	19200	26700
971	10200	30300
972	19200	26700
973	26400	37500
974	22800	30300
975	10200	30300
976	22800	30300
977	19200	26700
978	22800	30300
979	22800	30300
980	10200	30300
981	10200	30300
982	10200	30300
983	10200	30300
984	22800	30300
985	22800	30300
986	26400	37500
987	10200	29700
988	15600	26700
989	10200	30300
990	19200	26700
991	22800	30300
992	10200	30300
993	10200	29700
994	10200	30300
995	10200	30300
996	10200	30300
997	22800	30300
998	10200	30300
999	10200	30300
1000	10200	30300
1001	19200	26700
1002	10200	30300
1003	22800	30300
1004	22800	30300
1005	10200	30300
1006	22800	30300
1007	22800	30300
1008	10200	30300
1009	22800	30300
1010	10200	29700
1011	22800	30300
RELEASE_TIME_SECTION
1	0
2	3600
3	3600
4	3600
5	3600
6	3600
7	3600
8	3600
9	3600
10	3600
11	3600
12	3600
13	3600
14	3600
15	3600
16	3600
17	3600
18	3600
19	3600
20	3600
21	3600
22	3600
23	3600
24	3600
25	3600
26	3600
27	3600
28	3600
29	3600
30	3600
31	3600
32	3600
33	3600
34	3600
35	3600
36	3600
37	3600
38	3600
39	3600
40	3600
41	3600
42	3600
43	3600
44	3600
45	3600
46	3600
47	3600
48	3600
49	3600
50	3600
51	3600
52	3600
53	3600
54	3600
55	3600
56	3600
57	3600
58	3600
59	3600
60	3600
61	3600
62	3600
63	3600
64	3600
65	3600
66	3600
67	3600
68	3600
69	3600
70	3600
71	3600
72	3600
73	3600
74	3600
75	3600
76	3600
77	3600
78	3600
79	3600
80	3600
81	3600
82	3600
83	3600
84	3600
85	3600
86	3600
87	3600
88	3600
89	3600
90	3600
91	3600
92	3600
93	3600
94	3600
95	3600
96	3600
97	3600
98	3600
99	3600
100	3600
101	3600
102	5400
103	5400
104	5400
105	5400
106	5400
107	5400
108	5400
109	5400
110	5400
111	5400
112	5400
113	5400
114	5400
115	5400
116	5400
117	5400
118	5400
119	5400
120	5400
121	5400
122	5400
123	5400
124	5400
125	5400
126	5400
127	5400
128	5400
129	5400
130	5400
131	5400
132	5400
133	5400
134	5400
135	5400
136	5400
137	5400
138	5400
139	5400
140	5400
141	5400
142	5400
143	5400
144	5400
145	5400
146	5400
147	5400
148	5400
149	5400
150	5400
151	5400
152	5400
153	5400
154	5400
155	5400
156	5400
157	5400
158	5400
159	5400
160	5400
161	5400
162	5400
163	5400
164	5400
165	5400
166	5400
167	5400
168	5400
169	5400
170	5400
171	5400
172	5400
173	5400
174	5400
175	5400
176	5400
177	5400
178	5400
179	5400
180	5400
181	5400
182	5400
183	5400
184	5400
185	5400
186	5400
187	5400
188	5400
189	5400
190	5400
191	5400
192	5400
193	5400
194	5400
195	5400
196	5400
197	5400
198	5400
199	5400
200	5400
201	5400
202	7200
203	7200
204	7200
205	7200
206	7200
207	7200
208	7200
209	7200
210	7200
211	7200
212	7200
213	7200
214	7200
215	7200
216	7200
217	7200
218	7200
219	7200
220	7200
221	7200
222	7200
223	7200
224	7200
225	7200
226	7200
227	7200
228	7200
229	7200
230	7200
231	7200
232	7200
233	7200
234	7200
235	7200
236	7200
237	7200
238	7200
239	7200
240	7200
241	7200
242	7200
243	7200
244	7200
245	7200
246	7200
247	7200
248	7200
249	7200
250	7200
251	7200
252	7200
253	7200
254	7200
255	7200
256	7200
257	7200
258	7200
259	7200
260	7200
261	7200
262	7200
263	7200
264	7200
265	7200
266	7200
267	7200
268	7200
269	7200
270	7200
271	7200
272	7200
273	7200
274	7200
275	7200
276	7200
277	7200
278	7200
279	7200
280	7200
281	7200
282	7200
283	7200
284	7200
285	7200
286	7200
287	7200
288	7200
289	7200
290	7200
291	7200
292	7200
293	7200
294	7200
295	7200
296	7200
297	7200
298	7200
299	7200
300	7200
301	7200
302	9000
303	9000
304	9000
305	9000
306	9000
307	9000
308	9000
309	9000
310	9000
311	9000
312	9000
313	9000
314	9000
315	9000
316	9000
317	9000
318	9000
319	9000
320	9000
321	9000
322	9000
323	9000
324	9000
325	9000
326	9000
327	9000
328	9000
329	9000
330	9000
331	9000
332	9000
333	9000
334	9000
335	9000
336	9000
337	9000
338	9000
339	9000
340	9000
341	9000
342	9000
343	9000
344	9000
345	9000
346	9000
347	9000
348	9000
349	9000
350	9000
351	9000
352	9000
353	9000
354	9000
355	9000
356	9000
357	9000
358	9000
359	9000
360	9000
361	9000
362	9000
363	9000
364	9000
365	9000
366	9000
367	9000
368	9000
369	9000
370	9000
371	9000
372	9000
373	9000
374	9000
375	9000
376	9000
377	9000
378	9000
379	9000
380	9000
381	9000
382	9000
383	9000
384	9000
385	9000
386	9000
387	9000
388	9000
389	9000
390	9000
391	9000
392	9000
393	9000
394	9000
395	9000
396	9000
397	9000
398	9000
399	9000
400	9000
401	10800
402	10800
403	10800
404	10800
405	10800
406	10800
407	10800
408	10800
409	10800
410	10800
411	10800
412	10800
413	10800
414	10800
415	10800
416	10800
417	10800
418	10800
419	10800
420	10800
421	10800
422	10800
423	10800
424	10800
425	10800
426	10800
427	10800
428	10800
429	10800
430	10800
431	10800
432	10800
433	10800
434	10800
435	10800
436	10800
437	10800
438	10800
439	10800
440	10800
441	10800
442	10800
443	10800
444	10800
445	10800
446	10800
447	10800
448	10800
449	10800
450	10800
451	10800
452	10800
453	10800
454	10800
455	10800
456	10800
457	10800
458	10800
459	10800
460	10800
461	10800
462	10800
463	10800
464	10800
465	10800
466	10800
467	10800
468	10800
469	10800
470	10800
471	10800
472	10800
473	10800
474	10800
475	10800
476	10800
477	10800
478	10800
479	10800
480	10800
481	10800
482	10800
483	10800
484	10800
485	10800
486	10800
487	10800
488	10800
489	10800
490	10800
491	10800
492	10800
493	10800
494	12600
495	12600
496	12600
497	12600
498	12600
499	12600
500	12600
501	12600
502	12600
503	12600
504	12600
505	12600
506	12600
507	12600
508	12600
509	12600
510	12600
511	12600
512	12600
513	12600
514	12600
515	12600
516	12600
517	12600
518	12600
519	12600
520	12600
521	12600
522	12600
523	12600
524	12600
525	12600
526	12600
527	12600
528	12600
529	12600
530	12600
531	12600
532	12600
533	12600
534	12600
535	12600
536	12600
537	12600
538	12600
539	12600
540	12600
541	12600
542	12600
543	12600
544	12600
545	12600
546	12600
547	12600
548	12600
549	12600
550	12600
551	12600
552	12600
553	12600
554	12600
555	12600
556	12600
557	12600
558	12600
559	12600
560	12600
561	12600
562	12600
563	12600
564	12600
565	12600
566	12600
567	12600
568	12600
569	12600
570	12600
571	12600
572	12600
573	12600
574	12600
575	12600
576	12600
577	12600
578	12600
579	12600
580	12600
581	12600
582	12600
583	12600
584	12600
585	12600
586	12600
587	12600
588	14400
589	14400
590	14400
591	14400
592	14400
593	14400
594	14400
595	14400
596	14400
597	14400
598	14400
599	14400
600	14400
601	14400
602	14400
603	14400
604	14400
605	14400
606	14400
607	14400
608	14400
609	14400
610	14400
611	14400
612	14400
613	14400
614	14400
615	14400
616	14400
617	14400
618	14400
619	14400
620	14400
621	14400
622	14400
623	14400
624	14400
625	14400
626	14400
627	14400
628	14400
629	14400
630	14400
631	14400
632	14400
633	14400
634	14400
635	14400
636	14400
637	14400
638	14400
639	14400
640	14400
641	14400
642	14400
643	14400
644	14400
645	14400
646	14400
647	14400
648	14400
649	14400
650	14400
651	14400
652	14400
653	14400
654	14400
655	14400
656	14400
657	14400
658	14400
659	14400
660	14400
661	14400
662	14400
663	14400
664	14400
665	16200
666	16200
667	16200
668	16200
669	16200
670	16200
671	16200
672	16200
673	16200
674	16200
675	16200
676	16200
677	16200
678	16200
679	16200
680	16200
681	16200
682	16200
683	16200
684	16200
685	16200
686	16200
687	16200
688	16200
689	16200
690	16200
691	16200
692	16200
693	16200
694	16200
695	16200
696	16200
697	16200
698	16200
699	16200
700	16200
701	16200
702	16200
703	16200
704	16200
705	16200
706	16200
707	16200
708	16200
709	16200
710	16200
711	16200
712	16200
713	16200
714	16200
715	16200
716	16200
717	16200
718	16200
719	16200
720	16200
721	16200
722	16200
723	16200
724	16200
725	16200
726	16200
727	16200
728	16200
729	16200
730	16200
731	16200
732	16200
733	16200
734	16200
735	16200
736	16200
737	16200
738	16200
739	16200
740	16200
741	16200
742	16200
743	16200
744	16200
745	18000
746	18000
747	18000
748	18000
749	18000
750	18000
751	18000
752	18000
753	18000
754	18000
755	18000
756	18000
757	18000
758	18000
759	18000
760	18000
761	18000
762	18000
763	18000
764	18000
765	18000
766	18000
767	18000
768	18000
769	18000
770	18000
771	18000
772	18000
773	18000
774	18000
775	18000
776	18000
777	18000
778	18000
779	18000
780	18000
781	18000
782	18000
783	18000
784	18000
785	18000
786	18000
787	18000
788	18000
789	18000
790	18000
791	18000
792	18000
793	18000
794	18000
795	18000
796	18000
797	18000
798	18000
799	18000
800	18000
801	18000
802	18000
803	18000
804	18000
805	18000
806	18000
807	18000
808	18000
809	19800
810	19800
811	19800
812	19800
813	19800
814	19800
815	19800
816	19800
817	19800
818	19800
819	19800
820	19800
821	19800
822	19800
823	19800
824	19800
825	19800
826	19800
827	19800
828	19800
829	19800
830	19800
831	19800
832	19800
833	19800
834	19800
835	19800
836	19800
837	19800
838	19800
839	19800
840	19800
841	19800
842	19800
843	19800
844	19800
845	19800
846	19800
847	19800
848	19800
849	19800
850	19800
851	19800
852	19800
853	19800
854	19800
855	19800
856	19800
857	19800
858	19800
859	19800
860	19800
861	19800
862	19800
863	19800
864	19800
865	19800
866	21600
867	21600
868	21600
869	21600
870	21600
871	21600
872	21600
873	21600
874	21600
875	21600
876	21600
877	21600
878	21600
879	21600
880	21600
881	21600
882	21600
883	21600
884	21600
885	21600
886	21600
887	21600
888	21600
889	21600
890	21600
891	21600
892	21600
893	21600
894	21600
895	21600
896	21600
897	21600
898	21600
899	21600
900	21600
901	21600
902	21600
903	21600
904	21600
905	21600
906	21600
907	21600
908	21600
909	21600
910	21600
911	21600
912	21600
913	21600
914	21600
915	21600
916	21600
917	21600
918	21600
919	21600
920	21600
921	21600
922	23400
923	23400
924	23400
925	23400
926	23400
927	23400
928	23400
929	23400
930	23400
931	23400
932	23400
933	23400
934	23400
935	23400
936	23400
937	23400
938	23400
939	23400
940	23400
941	23400
942	23400
943	23400
944	23400
945	23400
946	23400
947	23400
948	23400
949	23400
950	23400
951	23400
952	23400
953	23400
954	23400
955	23400
956	23400
957	23400
958	23400
959	23400
960	23400
961	23400
962	23400
963	23400
964	23400
965	23400
966	23400
967	23400
968	23400
969	23400
970	23400
971	23400
972	23400
973	25200
974	25200
975	25200
976	25200
977	25200
978	25200
979	25200
980	25200
981	25200
982	25200
983	25200
984	25200
985	25200
986	25200
987	25200
988	25200
989	25200
990	25200
991	25200
992	25200
993	25200
994	25200
995	25200
996	25200
997	25200
998	25200
999	25200
1000	25200
1001	25200
1002	25200
1003	25200
1004	25200
1005	25200
1006	25200
1007	25200
1008	25200
1009	25200
1010	25200
1011	25200
EOF
