NAME : ORTEC-VRPTW-ASYM-e7835db2-d1-n847
TYPE : VRPTW-RT
DIMENSION : 848
EDGE_WEIGHT_TYPE : EUC_2D
CAPACITY : 160
NODE_COORD_SECTION
1	2275	3017
2	3813	1375
3	883	4591
4	3891	2045
5	1790	3709
6	3051	2438
7	2045	5744
8	3625	2765
9	2898	3497
10	1314	4221
11	1142	3948
12	1379	3672
13	1716	3486
14	1379	3762
15	3375	5501
16	4039	3263
17	1669	5531
18	1652	3582
19	2626	5084
20	3515	4216
21	3457	2117
22	3889	2868
23	1668	5623
24	4324	1088
25	3580	3218
26	3205	2422
27	4309	2874
28	1816	4900
29	4491	2391
30	3893	2797
31	1669	5531
32	1675	3835
33	1746	6052
34	966	4204
35	1960	4918
36	1621	5321
37	2216	2960
38	2989	3970
39	2791	3362
40	4145	2863
41	2837	5625
42	1691	5560
43	3534	1385
44	3093	2122
45	1385	3889
46	4600	2958
47	2845	3544
48	2350	2740
49	695	4617
50	893	4255
51	2085	4474
52	2357	4694
53	3600	2780
54	2563	4088
55	4285	1504
56	4405	2389
57	1362	3844
58	2107	4093
59	2875	5464
60	2943	2938
61	1379	3672
62	1006	4025
63	2182	3079
64	3322	4626
65	1149	4416
66	3883	2370
67	1752	6301
68	2568	4680
69	4576	2017
70	126	7769
71	2350	2740
72	4108	2042
73	1032	4159
74	2837	5625
75	4644	1749
76	3663	1644
77	2894	4557
78	3594	5707
79	3457	2117
80	3837	1705
81	2875	4681
82	3521	3061
83	3801	2851
84	1989	3173
85	3035	2582
86	3663	1644
87	3998	2982
88	1379	3762
89	3539	1533
90	2597	3982
91	3672	3089
92	4855	1381
93	2894	4557
94	3794	3212
95	3499	2000
96	2008	4890
97	682	4543
98	3002	2067
99	2077	4183
100	3254	2093
101	4130	2583
102	729	4696
103	711	4711
104	4258	1385
105	2056	3445
106	3188	2365
107	3521	3061
108	2568	4680
109	2809	3683
110	3190	2368
111	880	7196
112	1198	6614
113	679	4791
114	1447	6182
115	4337	1344
116	3931	2023
117	4867	1671
118	651	4463
119	4390	2456
120	1816	4900
121	1109	3970
122	2446	3863
123	560	4815
124	2313	5175
125	1149	4416
126	1287	3920
127	4053	2213
128	635	4642
129	1808	5159
130	1564	6086
131	3753	2719
132	2633	3753
133	3205	2422
134	2064	4225
135	839	4558
136	2733	3193
137	2041	3234
138	2709	4126
139	1716	3486
140	1752	6301
141	3893	2797
142	1545	5274
143	1601	3656
144	3889	2868
145	4453	2303
146	2431	3262
147	3594	5707
148	3878	3080
149	4214	3106
150	2784	3073
151	3437	3342
152	3521	3061
153	945	4658
154	2064	4103
155	788	5078
156	3016	4332
157	2212	4175
158	2956	4357
159	3521	3061
160	2875	4681
161	2633	3753
162	734	4821
163	1017	6747
164	3944	3314
165	2563	4088
166	1109	3970
167	1210	3979
168	2366	4213
169	2784	4682
170	2834	2762
171	2349	5653
172	3225	1977
173	2568	4680
174	3794	3212
175	3837	2969
176	4417	2294
177	2701	3285
178	3709	3739
179	4147	2217
180	3056	4178
181	2845	3219
182	1379	3762
183	1728	4841
184	937	4478
185	4337	1344
186	4079	1761
187	1371	3753
188	695	4617
189	4145	2863
190	4130	2583
191	1142	3948
192	3192	4247
193	679	4791
194	2357	4694
195	512	5030
196	4644	1749
197	1716	3486
198	3302	2837
199	3316	2584
200	3211	4764
201	1643	3934
202	2758	2686
203	1066	6626
204	4293	1172
205	1936	4498
206	2064	4103
207	2863	1909
208	2891	2893
209	3093	2122
210	3457	2117
211	3035	2582
212	3837	1705
213	4046	1911
214	827	4514
215	2692	5226
216	2710	4109
217	3685	2832
218	1155	3925
219	4254	2950
220	1486	3711
221	2573	4746
222	924	4501
223	2614	4317
224	4926	2000
225	3648	3122
226	4124	2375
227	1362	3844
228	3878	1483
229	3800	2228
230	3738	2713
231	1990	5020
232	855	4371
233	875	4826
234	3889	2868
235	3899	1505
236	734	4821
237	2960	3048
238	2328	4673
239	1652	3582
240	3483	2681
241	1052	4103
242	3667	2201
243	3815	1411
244	2055	4876
245	3499	2000
246	4158	2776
247	3899	1505
248	2683	3392
249	3140	2409
250	3489	2416
251	880	7196
252	1379	3762
253	3878	1483
254	2631	2733
255	4324	1088
256	4188	1909
257	2597	3982
258	4130	2583
259	3445	2718
260	2160	3244
261	2281	4808
262	1314	4221
263	3184	4165
264	4889	1452
265	3247	2925
266	1109	3970
267	1451	3839
268	2633	3753
269	1974	4739
270	3768	2113
271	4183	1457
272	1827	3740
273	2056	4285
274	4625	1701
275	4125	1751
276	4774	1168
277	774	6834
278	3998	2674
279	2794	4673
280	1379	3762
281	1451	3839
282	4389	2353
283	1144	6992
284	1314	4221
285	2999	3231
286	3767	2327
287	1420	4146
288	3534	1385
289	4324	1088
290	2160	3244
291	3837	1705
292	3931	2023
293	1006	4025
294	839	4558
295	901	4299
296	1248	4212
297	2641	3649
298	1015	4285
299	893	4255
300	2633	3753
301	2866	3851
302	1063	4030
303	1655	4336
304	2016	4553
305	4576	2017
306	1417	4017
307	2180	4036
308	2976	3462
309	3648	3122
310	2366	4213
311	3139	2719
312	2573	4746
313	1333	3808
314	3595	1868
315	1990	5020
316	3738	2713
317	1006	4025
318	1655	4336
319	1136	4150
320	1728	4841
321	4978	1994
322	4344	2015
323	3254	2093
324	2738	4836
325	3239	4755
326	3878	3080
327	2449	5829
328	1975	4701
329	682	4543
330	3437	3342
331	3254	2093
332	2943	2938
333	635	4642
334	679	7036
335	2733	3193
336	3310	1861
337	2992	1993
338	1263	3909
339	4561	1741
340	1721	5424
341	3738	2713
342	1631	5550
343	3611	2354
344	1730	3873
345	3555	2215
346	3742	3024
347	2617	3366
348	3107	3589
349	4503	811
350	855	4563
351	2212	4175
352	4260	3099
353	3121	3083
354	1989	3173
355	1052	4103
356	1394	3856
357	1601	3656
358	1640	3829
359	819	4748
360	3002	2067
361	3697	2886
362	1652	3582
363	1936	4498
364	893	4255
365	1347	4008
366	1230	4099
367	4077	2294
368	3302	2837
369	3167	2181
370	4453	2303
371	4246	1954
372	2485	4111
373	3993	2047
374	1420	4146
375	1944	5070
376	3497	4834
377	1155	3925
378	2449	5075
379	4183	1457
380	3448	3268
381	749	4739
382	2598	5691
383	1649	3445
384	3182	2954
385	2731	4523
386	855	4371
387	3671	3522
388	3903	2498
389	679	4791
390	1136	4150
391	2784	4682
392	3205	2422
393	2056	3445
394	2943	2938
395	1925	6351
396	2182	3079
397	4108	2042
398	2055	4876
399	4309	2874
400	941	4512
401	1063	4030
402	1066	6626
403	2809	3683
404	4966	2009
405	2182	3079
406	814	4675
407	3734	2966
408	915	4397
409	3136	3438
410	941	4512
411	2107	4093
412	3680	3297
413	4018	3390
414	2599	5545
415	3870	1968
416	1621	5321
417	2177	3919
418	1649	3445
419	3488	2038
420	1142	3948
421	1474	3694
422	2898	3497
423	3685	2832
424	3930	2635
425	3182	3167
426	2848	3797
427	4966	2009
428	1083	4327
429	2168	3985
430	3437	3342
431	940	4653
432	3167	2181
433	1447	6182
434	2638	4474
435	3937	2141
436	3774	2204
437	3839	2904
438	3140	2409
439	2508	4653
440	3139	2719
441	2894	4557
442	3753	1567
443	2784	3073
444	4073	3092
445	3878	3080
446	3998	2674
447	3780	1746
448	2408	2991
449	3182	3167
450	3575	2444
451	1691	5560
452	1066	4264
453	2871	3472
454	4145	2863
455	4257	2825
456	3636	1504
457	3499	2000
458	3617	3089
459	4491	2391
460	3580	3218
461	2177	3919
462	711	4711
463	2056	3001
464	3178	4692
465	2898	3497
466	3248	2366
467	4073	3092
468	2291	2899
469	4260	3099
470	4993	1428
471	4197	2039
472	1541	5593
473	3330	2449
474	4219	4579
475	2357	4694
476	2087	4308
477	1348	3951
478	4181	2334
479	696	4698
480	945	4658
481	4966	2009
482	3225	1977
483	4978	1994
484	3017	3682
485	788	5078
486	3842	2251
487	4029	2944
488	3310	1861
489	2291	2899
490	1619	3661
491	4330	2267
492	3834	2670
493	788	5078
494	2841	3004
495	4741	1514
496	4073	3092
497	3658	2666
498	1669	5531
499	3017	3682
500	4140	2955
501	3355	3888
502	3129	2183
503	4158	2776
504	4140	2955
505	695	4617
506	2168	3985
507	2256	2927
508	3977	3161
509	2787	4738
510	3381	2162
511	2807	3377
512	3238	2121
513	3625	2765
514	2771	5092
515	2507	4209
516	2091	4172
517	2408	2991
518	1142	3948
519	2863	1909
520	4039	3263
521	3488	2038
522	4181	2334
523	4073	3092
524	2641	3387
525	4214	3106
526	2732	4615
527	2951	2714
528	1136	4150
529	977	4318
530	126	7769
531	1752	6301
532	265	7632
533	711	4711
534	3056	4178
535	4600	2958
536	1469	4253
537	3580	3218
538	4774	1168
539	3056	4178
540	1379	3762
541	1610	3507
542	2107	4093
543	789	4594
544	937	4478
545	2733	3193
546	3655	1480
547	2626	5084
548	1965	5060
549	862	4772
550	1217	4509
551	3555	2215
552	1348	3951
553	3167	2175
554	3140	2409
555	2683	3392
556	966	4204
557	3998	2982
558	2694	3660
559	1965	5060
560	1478	3881
561	3365	2358
562	1379	3672
563	4065	2090
564	1730	3873
565	3771	2351
566	3445	2718
567	3139	2719
568	1944	5070
569	2041	3234
570	3655	1480
571	2598	5691
572	3767	2327
573	966	4204
574	1451	3839
575	1318	3984
576	1925	6351
577	2617	3366
578	4585	1054
579	4253	3207
580	3738	2713
581	679	4791
582	2087	4308
583	3225	1977
584	3778	1932
585	2461	4031
586	2366	4518
587	2216	2960
588	2278	4490
589	3870	1968
590	3415	1912
591	1619	3661
592	3375	5501
593	4199	1974
594	1379	3672
595	4083	2545
596	2106	4267
597	3381	2162
598	1209	4055
599	2436	4809
600	4161	4566
601	3655	1480
602	2212	4175
603	3753	2719
604	3907	1481
605	3742	3024
606	4081	2058
607	1730	3873
608	1451	3839
609	2845	3219
610	1259	3645
611	1643	3934
612	2519	3326
613	4282	1947
614	682	4543
615	3998	2982
616	2216	2960
617	4867	1671
618	4644	1857
619	4284	1572
620	4073	3092
621	4067	1673
622	3930	2021
623	2056	3001
624	4620	2188
625	1353	3811
626	2633	3753
627	2999	3231
628	2692	5226
629	1790	3709
630	4081	2058
631	3977	3161
632	2794	3515
633	3712	3329
634	3930	2635
635	2436	4809
636	3190	2368
637	506	5179
638	3837	1705
639	3946	3301
640	1030	4281
641	4620	2188
642	1739	5858
643	3143	2490
644	2045	5744
645	2177	3919
646	1511	3655
647	3625	2765
648	729	4696
649	3815	1411
650	1371	3753
651	3071	2548
652	2040	4450
653	3071	2548
654	4124	2375
655	4039	3263
656	3285	2951
657	2692	5226
658	5049	1359
659	1650	6675
660	2706	3292
661	3734	2966
662	664	4363
663	3977	3161
664	2732	4615
665	2894	4557
666	855	4563
667	2256	2927
668	1643	3934
669	833	4667
670	855	4563
671	4576	2017
672	2875	4681
673	3178	4692
674	2573	4746
675	3793	3193
676	2951	2714
677	2808	2249
678	2180	4036
679	3619	1615
680	4413	1318
681	1353	3811
682	2694	3660
683	3923	3094
684	1353	3811
685	711	4711
686	1000	6873
687	1064	4103
688	3002	2067
689	2787	4738
690	1210	3979
691	2091	4172
692	2871	3472
693	3988	3124
694	1675	3835
695	3734	2966
696	3499	2000
697	2794	4673
698	3853	2248
699	3946	3301
700	3944	3314
701	2809	3683
702	3517	6356
703	3415	2089
704	1006	4025
705	3937	2141
706	3839	2904
707	2771	5092
708	1650	6675
709	3709	3739
710	1140	4321
711	2787	3130
712	1066	4264
713	1486	3711
714	723	4842
715	3355	3888
716	2709	4126
717	4862	1392
718	4774	1168
719	2041	3234
720	1038	4436
721	3922	2796
722	3730	4612
723	1655	4336
724	4441	1464
725	1850	3687
726	2040	4450
727	1668	5623
728	2360	4912
729	1652	3582
730	4417	2294
731	4491	2391
732	4413	1318
733	1248	4212
734	4264	2466
735	3903	2498
736	1259	3645
737	4491	2391
738	4600	2958
739	3815	1411
740	704	4648
741	3671	3522
742	3190	2368
743	1466	4213
744	3297	3122
745	1064	4103
746	3483	2681
747	3794	3212
748	3126	3404
749	2408	2991
750	3445	2718
751	912	4517
752	4254	2950
753	3793	3193
754	3526	2278
755	3308	2028
756	2794	4673
757	2273	4727
758	1962	5211
759	3239	4755
760	2892	2872
761	3747	2659
762	1601	3656
763	4344	2015
764	3448	3268
765	4073	3092
766	3182	3167
767	1217	4509
768	1066	4264
769	4246	2920
770	4489	1220
771	3184	4165
772	704	4648
773	730	4463
774	1621	5321
775	1030	6431
776	4246	1954
777	2807	3377
778	1621	5321
779	4644	1749
780	4055	2727
781	3555	2215
782	697	4520
783	2989	3970
784	1804	4373
785	1826	5040
786	2989	3970
787	3445	2718
788	1066	4264
789	4644	1857
790	1066	4264
791	3891	2543
792	3098	2826
793	4394	2326
794	3035	2582
795	3056	4178
796	696	4698
797	4053	2213
798	3056	3641
799	1379	3672
800	1066	6626
801	3767	2327
802	1716	3486
803	4405	2389
804	3891	2045
805	3667	2201
806	1142	3948
807	4644	1857
808	3425	3064
809	2177	3919
810	3709	3739
811	3488	2386
812	1338	6571
813	3043	2709
814	1649	3445
815	1063	4030
816	3188	2583
817	2807	3377
818	1461	4138
819	1541	5593
820	3575	1567
821	4067	1673
822	4347	2271
823	3038	2855
824	1716	3486
825	1601	3656
826	2077	4183
827	2008	4890
828	4862	1392
829	4258	2488
830	2951	2714
831	4177	3126
832	3364	2021
833	3521	3061
834	2794	3515
835	1675	3835
836	2633	3753
837	1941	3357
838	855	4563
839	3136	3438
840	3793	3193
841	3051	2438
842	4183	1457
843	3837	2969
844	2485	4111
845	789	4594
846	1746	6052
847	3889	2868
848	893	4255
DEMAND_SECTION
1	0
2	6
3	4
4	7
5	6
6	10
7	4
8	4
9	9
10	4
11	5
12	5
13	4
14	8
15	3
16	10
17	8
18	6
19	7
20	8
21	3
22	6
23	4
24	5
25	9
26	7
27	7
28	7
29	6
30	4
31	5
32	6
33	8
34	4
35	6
36	8
37	7
38	10
39	9
40	5
41	5
42	7
43	4
44	4
45	7
46	5
47	11
48	8
49	6
50	5
51	9
52	4
53	3
54	8
55	7
56	6
57	5
58	5
59	10
60	6
61	4
62	4
63	4
64	8
65	6
66	13
67	7
68	8
69	9
70	11
71	4
72	4
73	5
74	9
75	5
76	10
77	7
78	4
79	2
80	5
81	3
82	7
83	11
84	6
85	6
86	6
87	4
88	9
89	5
90	11
91	6
92	8
93	8
94	8
95	8
96	6
97	4
98	8
99	5
100	7
101	11
102	4
103	2
104	9
105	5
106	4
107	7
108	5
109	6
110	4
111	16
112	5
113	10
114	5
115	2
116	7
117	4
118	5
119	9
120	9
121	10
122	9
123	9
124	8
125	11
126	3
127	10
128	6
129	8
130	4
131	8
132	5
133	7
134	8
135	6
136	7
137	9
138	3
139	5
140	9
141	7
142	7
143	6
144	8
145	7
146	5
147	4
148	8
149	7
150	5
151	7
152	6
153	7
154	4
155	7
156	8
157	9
158	4
159	9
160	4
161	16
162	4
163	9
164	8
165	3
166	17
167	5
168	17
169	5
170	7
171	6
172	6
173	5
174	4
175	8
176	8
177	17
178	14
179	6
180	4
181	6
182	6
183	5
184	6
185	12
186	6
187	12
188	4
189	10
190	8
191	4
192	5
193	11
194	4
195	9
196	5
197	9
198	5
199	5
200	6
201	4
202	11
203	3
204	7
205	12
206	3
207	6
208	4
209	17
210	4
211	5
212	11
213	3
214	9
215	7
216	7
217	4
218	6
219	7
220	5
221	4
222	15
223	7
224	8
225	8
226	5
227	7
228	7
229	6
230	10
231	4
232	5
233	3
234	6
235	8
236	6
237	4
238	10
239	6
240	13
241	6
242	6
243	8
244	7
245	9
246	8
247	5
248	5
249	4
250	7
251	6
252	7
253	12
254	7
255	4
256	8
257	8
258	7
259	16
260	10
261	7
262	6
263	9
264	10
265	4
266	6
267	11
268	9
269	9
270	6
271	5
272	9
273	3
274	11
275	4
276	6
277	5
278	7
279	5
280	7
281	6
282	6
283	10
284	7
285	9
286	4
287	5
288	8
289	6
290	6
291	6
292	7
293	4
294	8
295	9
296	7
297	6
298	6
299	16
300	9
301	4
302	11
303	5
304	5
305	5
306	5
307	16
308	4
309	9
310	6
311	9
312	3
313	12
314	4
315	8
316	3
317	11
318	6
319	6
320	4
321	16
322	8
323	11
324	4
325	11
326	9
327	6
328	6
329	7
330	5
331	12
332	5
333	10
334	6
335	6
336	7
337	4
338	7
339	6
340	5
341	10
342	7
343	9
344	4
345	4
346	6
347	6
348	6
349	7
350	4
351	12
352	4
353	5
354	9
355	5
356	7
357	5
358	5
359	5
360	5
361	8
362	5
363	3
364	6
365	3
366	7
367	8
368	9
369	6
370	5
371	5
372	5
373	7
374	9
375	7
376	7
377	4
378	4
379	4
380	4
381	10
382	8
383	11
384	10
385	5
386	3
387	4
388	5
389	7
390	6
391	5
392	5
393	10
394	6
395	4
396	6
397	4
398	6
399	8
400	9
401	9
402	6
403	3
404	4
405	4
406	9
407	13
408	4
409	13
410	6
411	4
412	7
413	5
414	6
415	6
416	3
417	6
418	7
419	10
420	7
421	7
422	8
423	7
424	6
425	2
426	8
427	6
428	11
429	17
430	4
431	9
432	5
433	9
434	6
435	11
436	7
437	13
438	6
439	3
440	11
441	4
442	19
443	3
444	6
445	9
446	5
447	9
448	4
449	10
450	7
451	8
452	8
453	7
454	4
455	8
456	8
457	6
458	6
459	6
460	3
461	9
462	13
463	4
464	6
465	6
466	4
467	6
468	9
469	8
470	10
471	3
472	8
473	2
474	6
475	4
476	7
477	6
478	8
479	5
480	7
481	8
482	4
483	16
484	6
485	7
486	9
487	13
488	4
489	8
490	4
491	8
492	6
493	10
494	7
495	5
496	4
497	7
498	2
499	6
500	7
501	4
502	4
503	9
504	7
505	6
506	11
507	2
508	8
509	6
510	4
511	3
512	5
513	3
514	6
515	7
516	22
517	9
518	5
519	10
520	7
521	11
522	7
523	6
524	3
525	6
526	10
527	9
528	2
529	7
530	11
531	5
532	10
533	2
534	8
535	8
536	5
537	6
538	6
539	5
540	5
541	2
542	11
543	5
544	4
545	15
546	7
547	8
548	6
549	9
550	5
551	7
552	4
553	6
554	13
555	5
556	7
557	7
558	8
559	5
560	5
561	5
562	6
563	6
564	4
565	3
566	5
567	15
568	8
569	4
570	5
571	6
572	6
573	4
574	5
575	8
576	4
577	5
578	4
579	3
580	5
581	10
582	7
583	14
584	5
585	5
586	7
587	4
588	5
589	7
590	11
591	7
592	4
593	16
594	9
595	8
596	11
597	4
598	6
599	7
600	9
601	10
602	7
603	7
604	7
605	6
606	5
607	3
608	7
609	4
610	14
611	14
612	9
613	7
614	7
615	7
616	7
617	7
618	7
619	7
620	4
621	5
622	10
623	6
624	15
625	7
626	6
627	4
628	3
629	4
630	8
631	8
632	5
633	6
634	6
635	9
636	10
637	4
638	10
639	4
640	5
641	6
642	7
643	4
644	4
645	7
646	5
647	5
648	5
649	6
650	9
651	9
652	5
653	5
654	10
655	5
656	11
657	10
658	3
659	5
660	6
661	6
662	5
663	9
664	5
665	9
666	3
667	4
668	6
669	5
670	4
671	5
672	9
673	6
674	9
675	6
676	5
677	19
678	7
679	7
680	4
681	5
682	13
683	8
684	3
685	4
686	8
687	5
688	9
689	11
690	3
691	5
692	8
693	4
694	4
695	5
696	5
697	9
698	7
699	8
700	5
701	7
702	3
703	7
704	5
705	5
706	12
707	6
708	12
709	5
710	12
711	3
712	8
713	6
714	8
715	5
716	5
717	10
718	4
719	6
720	7
721	9
722	7
723	5
724	11
725	8
726	5
727	6
728	6
729	8
730	4
731	2
732	8
733	8
734	12
735	8
736	10
737	6
738	5
739	4
740	4
741	7
742	2
743	5
744	7
745	4
746	4
747	8
748	6
749	16
750	4
751	7
752	7
753	4
754	10
755	4
756	4
757	7
758	5
759	5
760	7
761	8
762	5
763	5
764	7
765	5
766	9
767	8
768	5
769	3
770	7
771	4
772	6
773	6
774	7
775	9
776	10
777	8
778	4
779	7
780	6
781	3
782	8
783	4
784	10
785	4
786	7
787	5
788	6
789	6
790	4
791	6
792	9
793	6
794	5
795	4
796	7
797	10
798	6
799	11
800	7
801	4
802	9
803	8
804	7
805	5
806	5
807	6
808	9
809	6
810	9
811	5
812	9
813	7
814	4
815	6
816	8
817	4
818	5
819	10
820	5
821	5
822	8
823	3
824	7
825	13
826	4
827	6
828	4
829	8
830	8
831	7
832	4
833	4
834	9
835	7
836	5
837	5
838	4
839	5
840	6
841	5
842	7
843	7
844	4
845	5
846	4
847	6
848	10
DEPOT_SECTION
1
-1
SERVICE_TIME_SECTION
1	0
2	420
3	360
4	420
5	480
6	240
7	480
8	780
9	540
10	540
11	600
12	600
13	480
14	360
15	720
16	780
17	600
18	180
19	480
20	480
21	420
22	480
23	840
24	240
25	600
26	480
27	300
28	600
29	540
30	600
31	420
32	600
33	1080
34	420
35	1380
36	600
37	540
38	480
39	540
40	540
41	600
42	480
43	420
44	540
45	720
46	660
47	600
48	660
49	540
50	420
51	540
52	420
53	300
54	420
55	720
56	840
57	780
58	660
59	600
60	720
61	600
62	420
63	480
64	480
65	780
66	600
67	720
68	420
69	480
70	420
71	600
72	360
73	660
74	480
75	360
76	660
77	540
78	600
79	600
80	360
81	600
82	660
83	540
84	300
85	540
86	480
87	540
88	360
89	540
90	540
91	300
92	420
93	720
94	540
95	1380
96	420
97	660
98	540
99	360
100	600
101	600
102	480
103	540
104	660
105	600
106	360
107	600
108	600
109	600
110	660
111	480
112	840
113	360
114	420
115	660
116	420
117	720
118	960
119	360
120	420
121	600
122	540
123	240
124	480
125	420
126	720
127	480
128	720
129	360
130	360
131	1020
132	720
133	840
134	600
135	540
136	480
137	420
138	720
139	540
140	420
141	540
142	660
143	300
144	300
145	540
146	360
147	360
148	420
149	600
150	300
151	420
152	480
153	960
154	360
155	900
156	480
157	600
158	660
159	480
160	480
161	360
162	420
163	480
164	600
165	540
166	420
167	420
168	360
169	600
170	480
171	420
172	600
173	240
174	540
175	660
176	540
177	600
178	780
179	660
180	360
181	480
182	600
183	480
184	360
185	480
186	300
187	480
188	540
189	420
190	960
191	240
192	420
193	480
194	240
195	600
196	600
197	600
198	480
199	420
200	600
201	360
202	300
203	960
204	600
205	600
206	660
207	360
208	480
209	360
210	240
211	600
212	480
213	480
214	360
215	660
216	480
217	1380
218	300
219	480
220	840
221	1200
222	660
223	420
224	420
225	300
226	600
227	720
228	600
229	420
230	420
231	420
232	300
233	360
234	420
235	780
236	540
237	660
238	540
239	480
240	360
241	360
242	660
243	540
244	300
245	900
246	420
247	600
248	1380
249	540
250	540
251	420
252	480
253	660
254	420
255	540
256	840
257	480
258	780
259	420
260	540
261	420
262	480
263	480
264	540
265	540
266	1380
267	600
268	420
269	420
270	240
271	660
272	480
273	480
274	720
275	540
276	840
277	1620
278	360
279	660
280	540
281	540
282	660
283	540
284	840
285	900
286	540
287	300
288	480
289	480
290	540
291	600
292	420
293	360
294	240
295	480
296	840
297	480
298	660
299	420
300	660
301	480
302	240
303	780
304	420
305	660
306	360
307	480
308	300
309	480
310	480
311	480
312	1080
313	360
314	480
315	600
316	600
317	240
318	420
319	480
320	300
321	360
322	540
323	360
324	780
325	600
326	480
327	540
328	660
329	660
330	600
331	540
332	420
333	480
334	420
335	420
336	540
337	780
338	540
339	540
340	480
341	480
342	480
343	420
344	480
345	540
346	480
347	660
348	480
349	600
350	480
351	480
352	540
353	540
354	540
355	420
356	480
357	600
358	300
359	600
360	540
361	600
362	420
363	480
364	540
365	540
366	360
367	600
368	480
369	1380
370	600
371	660
372	360
373	540
374	780
375	480
376	240
377	480
378	420
379	600
380	540
381	540
382	480
383	360
384	660
385	480
386	600
387	540
388	240
389	420
390	600
391	420
392	720
393	540
394	540
395	540
396	480
397	720
398	300
399	1140
400	420
401	780
402	660
403	480
404	480
405	600
406	720
407	600
408	1380
409	420
410	540
411	420
412	480
413	420
414	540
415	540
416	420
417	660
418	660
419	360
420	540
421	660
422	480
423	720
424	420
425	960
426	240
427	780
428	480
429	600
430	660
431	480
432	540
433	540
434	240
435	420
436	600
437	360
438	600
439	420
440	480
441	600
442	420
443	360
444	600
445	720
446	300
447	360
448	600
449	540
450	480
451	600
452	960
453	540
454	660
455	420
456	480
457	300
458	480
459	540
460	360
461	420
462	600
463	600
464	420
465	600
466	660
467	1020
468	180
469	480
470	660
471	480
472	240
473	300
474	300
475	360
476	300
477	660
478	480
479	600
480	840
481	840
482	420
483	840
484	840
485	660
486	1140
487	840
488	540
489	1080
490	540
491	540
492	600
493	240
494	480
495	240
496	420
497	420
498	360
499	540
500	600
501	1380
502	540
503	300
504	900
505	360
506	480
507	540
508	540
509	420
510	540
511	600
512	420
513	300
514	480
515	480
516	360
517	480
518	420
519	600
520	360
521	420
522	660
523	600
524	780
525	780
526	420
527	720
528	600
529	540
530	360
531	420
532	720
533	600
534	600
535	540
536	300
537	540
538	420
539	480
540	420
541	540
542	780
543	540
544	360
545	600
546	420
547	600
548	720
549	1020
550	840
551	720
552	420
553	300
554	540
555	540
556	420
557	780
558	480
559	1140
560	360
561	480
562	540
563	600
564	600
565	1140
566	540
567	720
568	540
569	420
570	480
571	780
572	780
573	360
574	480
575	480
576	960
577	540
578	540
579	480
580	420
581	1140
582	540
583	660
584	420
585	600
586	720
587	540
588	480
589	840
590	480
591	660
592	720
593	540
594	240
595	420
596	720
597	480
598	540
599	540
600	600
601	360
602	660
603	600
604	300
605	720
606	540
607	300
608	840
609	540
610	480
611	540
612	420
613	720
614	180
615	600
616	480
617	540
618	360
619	600
620	540
621	600
622	780
623	300
624	540
625	480
626	600
627	600
628	780
629	600
630	660
631	480
632	300
633	720
634	360
635	420
636	300
637	540
638	360
639	300
640	360
641	540
642	840
643	780
644	480
645	720
646	300
647	1020
648	420
649	360
650	420
651	480
652	540
653	360
654	600
655	660
656	480
657	600
658	840
659	360
660	420
661	420
662	360
663	300
664	1020
665	360
666	420
667	600
668	660
669	360
670	420
671	360
672	540
673	1020
674	540
675	480
676	840
677	780
678	600
679	420
680	900
681	600
682	360
683	480
684	240
685	1020
686	360
687	420
688	540
689	600
690	1020
691	360
692	600
693	660
694	540
695	660
696	480
697	480
698	480
699	660
700	360
701	420
702	480
703	480
704	240
705	480
706	600
707	780
708	480
709	660
710	480
711	600
712	300
713	420
714	480
715	420
716	660
717	420
718	720
719	840
720	780
721	240
722	600
723	480
724	300
725	600
726	540
727	600
728	540
729	840
730	300
731	600
732	720
733	420
734	420
735	420
736	960
737	540
738	480
739	420
740	480
741	240
742	420
743	540
744	720
745	240
746	960
747	540
748	360
749	360
750	600
751	780
752	420
753	300
754	480
755	480
756	660
757	600
758	420
759	480
760	780
761	960
762	540
763	420
764	720
765	840
766	540
767	480
768	540
769	780
770	540
771	840
772	240
773	540
774	480
775	840
776	360
777	540
778	1140
779	660
780	600
781	600
782	360
783	480
784	420
785	300
786	540
787	780
788	300
789	660
790	480
791	240
792	480
793	480
794	660
795	360
796	600
797	480
798	300
799	600
800	600
801	420
802	1320
803	360
804	300
805	540
806	540
807	540
808	600
809	600
810	900
811	600
812	540
813	840
814	540
815	420
816	420
817	360
818	480
819	420
820	240
821	840
822	480
823	300
824	360
825	840
826	420
827	420
828	360
829	420
830	780
831	480
832	660
833	360
834	540
835	420
836	660
837	780
838	420
839	1020
840	600
841	420
842	840
843	420
844	300
845	780
846	540
847	240
848	600
TIME_WINDOW_SECTION
1	0	45000
2	7200	30600
3	19800	27000
4	16200	23400
5	9000	16200
6	9000	16200
7	12600	19800
8	9000	16200
9	5400	12600
10	12600	19800
11	19800	27000
12	16200	23400
13	12600	19800
14	5400	12600
15	16200	23400
16	23400	30600
17	12600	19800
18	12600	19800
19	5400	12600
20	9000	16200
21	23400	30600
22	19800	27000
23	12600	19800
24	7200	30600
25	16200	23400
26	5400	12600
27	12600	19800
28	5400	12600
29	12600	19800
30	16200	23400
31	5400	12600
32	16200	23400
33	12600	19800
34	9000	15300
35	16200	23400
36	19800	27000
37	23400	30600
38	5400	12600
39	5400	12600
40	12600	19800
41	9000	16200
42	23400	30600
43	12600	19800
44	16200	23400
45	19800	27000
46	16200	23400
47	9000	16200
48	5400	12600
49	9000	16200
50	12600	19800
51	12600	19800
52	16200	23400
53	19800	27000
54	12600	18900
55	19800	27000
56	19800	26100
57	7200	30600
58	5400	12600
59	23400	29700
60	23400	30600
61	12600	19800
62	7200	30600
63	19800	27000
64	12600	19800
65	23400	30600
66	16200	23400
67	9000	16200
68	5400	12600
69	19800	27000
70	9000	16200
71	12600	19800
72	19800	27000
73	7200	30600
74	16200	23400
75	16200	27000
76	19800	27000
77	5400	12600
78	23400	30600
79	5400	12600
80	16200	23400
81	5400	12600
82	16200	23400
83	19800	27000
84	7200	30600
85	16200	23400
86	16200	23400
87	9000	16200
88	9000	19800
89	5400	12600
90	16200	23400
91	9000	16200
92	9000	16200
93	16200	23400
94	19800	27000
95	7200	30600
96	16200	23400
97	7200	30600
98	23400	30600
99	9000	15300
100	23400	30600
101	12600	19800
102	19800	26100
103	12600	19800
104	23400	30600
105	12600	19800
106	9000	16200
107	7200	30600
108	12600	19800
109	19800	26100
110	16200	23400
111	5400	12600
112	9000	16200
113	9000	19800
114	9000	16200
115	9000	16200
116	16200	23400
117	23400	30600
118	7200	30600
119	23400	30600
120	7200	30600
121	19800	27000
122	12600	19800
123	9000	16200
124	19800	27000
125	12600	19800
126	7200	30600
127	12600	19800
128	19800	26040
129	7200	30600
130	9000	16200
131	9000	16200
132	9000	16200
133	19800	27000
134	19800	27000
135	7200	30600
136	5400	12600
137	19800	27000
138	9000	16200
139	12600	19800
140	12600	19800
141	19800	27000
142	5400	12600
143	7200	30600
144	19800	26040
145	9000	16200
146	16200	23400
147	23400	30600
148	16200	23400
149	12600	19800
150	5400	12600
151	16200	23400
152	9000	16200
153	19800	27000
154	19800	27000
155	23400	30600
156	16200	27000
157	19800	27000
158	7200	29700
159	12600	18900
160	16200	23400
161	12600	19800
162	12600	19800
163	12600	19800
164	12600	19800
165	19800	27000
166	23400	30600
167	5400	12600
168	16200	23400
169	9000	16200
170	16200	23400
171	5400	12600
172	23400	30600
173	9000	16200
174	9000	16200
175	9000	16200
176	9000	16200
177	9000	16200
178	19800	27000
179	19800	27000
180	16200	23400
181	9000	15240
182	5400	12600
183	16200	23400
184	23400	30600
185	7200	30600
186	5400	12600
187	9000	16200
188	9000	16200
189	19800	27000
190	19800	27000
191	19800	27000
192	12600	19800
193	23400	30600
194	9000	16200
195	12600	19800
196	16200	27000
197	12600	19800
198	19800	26040
199	23400	30600
200	5400	11700
201	9000	16200
202	16200	23400
203	16200	27000
204	23400	30600
205	23400	30600
206	16200	23400
207	16200	23400
208	19800	27000
209	16200	27000
210	12600	19800
211	5400	12600
212	19800	27000
213	23400	30600
214	23400	30600
215	23400	30600
216	9000	16200
217	12600	19800
218	19800	27000
219	9000	16200
220	9000	16200
221	9000	16200
222	12600	19800
223	23400	30600
224	9000	16200
225	5400	12600
226	23400	30600
227	19800	27000
228	9000	16200
229	12600	19800
230	5400	12600
231	19800	27000
232	16200	23400
233	7200	30600
234	5400	12600
235	16200	23400
236	7200	30600
237	16200	23400
238	9000	16200
239	12600	19800
240	7200	30600
241	12600	19800
242	7200	30600
243	23400	30600
244	12600	19800
245	12600	19800
246	9000	16200
247	23400	30600
248	12600	19800
249	16200	23400
250	16200	23400
251	16200	23400
252	7200	30600
253	7200	30600
254	7200	30600
255	16200	23400
256	19800	27000
257	9000	16200
258	16200	23400
259	9000	16200
260	12600	19800
261	7200	30600
262	23400	30600
263	19800	27000
264	7200	30600
265	5400	12600
266	9000	16200
267	7200	30600
268	19800	27000
269	19800	27000
270	19800	27000
271	16200	23400
272	5400	12600
273	5400	12600
274	19800	27000
275	5400	12600
276	9000	16200
277	12600	19800
278	9000	16200
279	5400	12600
280	16200	23400
281	19800	27000
282	12600	19800
283	12600	19800
284	19800	27000
285	9000	16200
286	19800	27000
287	7200	30600
288	7200	30600
289	9000	16200
290	12600	19800
291	19800	27000
292	16200	23400
293	12600	19800
294	19800	27000
295	19800	27000
296	12600	19800
297	9000	16200
298	16200	23400
299	19800	27000
300	23400	30600
301	23400	30600
302	7200	30600
303	16200	23400
304	19800	27000
305	12600	19800
306	16200	23400
307	12600	19800
308	16200	23400
309	12600	19800
310	9000	16200
311	7200	30600
312	12600	19800
313	9000	16200
314	16200	23400
315	16200	23400
316	5400	12600
317	16200	23400
318	16200	23400
319	5400	12600
320	7200	30600
321	12600	19800
322	16200	23400
323	5400	12600
324	19800	27000
325	19800	26100
326	9000	16200
327	9000	16200
328	16200	23400
329	9000	16200
330	16200	23400
331	5400	12600
332	19800	27000
333	16200	23400
334	7200	30600
335	16200	23400
336	19800	27000
337	9000	16200
338	23400	30600
339	19800	27000
340	9000	16200
341	12600	19800
342	16200	23400
343	5400	12600
344	7200	30600
345	19800	27000
346	12600	19800
347	12600	19800
348	12600	19800
349	23400	30600
350	19800	27000
351	19800	27000
352	23400	30600
353	9000	16200
354	23400	30600
355	12600	19800
356	7200	30600
357	5400	12600
358	23400	29700
359	23400	30600
360	7200	30600
361	16200	23400
362	12600	19800
363	7200	30600
364	9000	16200
365	16200	23400
366	12600	19800
367	9000	16200
368	7200	30600
369	7200	30600
370	12600	19800
371	23400	30600
372	9000	16200
373	9000	16200
374	9000	16200
375	9000	16200
376	9000	15300
377	12600	19800
378	23400	30600
379	16200	23400
380	7200	30600
381	12600	19800
382	7200	30600
383	5400	12600
384	5400	12600
385	16200	23400
386	9000	16200
387	9000	16200
388	16200	23400
389	19800	27000
390	19800	27000
391	16200	23400
392	23400	30600
393	16200	23400
394	19800	26040
395	19800	27000
396	16200	23400
397	19800	27000
398	16200	23400
399	16200	27000
400	12600	19800
401	9000	16200
402	19800	27000
403	9000	16200
404	16200	23400
405	16200	23400
406	23400	30600
407	23400	30600
408	12600	19800
409	19800	27000
410	19800	27000
411	7200	30600
412	7200	30600
413	16200	23400
414	12600	19800
415	19800	27000
416	12600	19800
417	9000	16200
418	16200	23400
419	12600	19800
420	7200	30600
421	23400	30600
422	12600	19800
423	23400	30600
424	19800	27000
425	12600	19800
426	16200	23400
427	16200	23400
428	23400	30600
429	12600	19800
430	12600	19800
431	16200	23400
432	12600	19800
433	19800	27000
434	23400	30600
435	7200	30600
436	12600	19800
437	16200	23400
438	16200	23400
439	16200	23400
440	23400	30600
441	19800	27000
442	16200	23400
443	9000	16200
444	9000	16200
445	23400	30600
446	23400	30600
447	9000	16200
448	23400	30600
449	19800	27000
450	23400	30600
451	12600	19800
452	23400	30600
453	7200	30600
454	9000	16200
455	7200	30600
456	19800	27000
457	19800	27000
458	16200	23400
459	23400	30600
460	9000	16200
461	23400	30600
462	23400	30600
463	16200	23400
464	23400	30600
465	16200	23400
466	16200	23400
467	12600	19800
468	23400	30600
469	23400	30600
470	9000	16200
471	23400	30600
472	12600	19800
473	12600	19800
474	19800	27000
475	19800	27000
476	19800	27000
477	12600	19800
478	23400	30600
479	7200	30600
480	9000	16200
481	7200	30600
482	23400	30600
483	16200	23400
484	19800	27000
485	23400	30600
486	19800	27000
487	23400	30600
488	16200	23400
489	12600	19800
490	12600	19800
491	23400	30600
492	23400	30600
493	16200	23400
494	23400	30600
495	12600	19800
496	9000	16200
497	16200	23400
498	12600	19800
499	16200	23400
500	23400	30600
501	7200	30600
502	9000	16200
503	16200	23400
504	16200	23400
505	12600	19800
506	9000	16200
507	9000	16200
508	19800	27000
509	19800	27000
510	9000	16200
511	23400	30600
512	19800	26100
513	12600	19800
514	16200	23400
515	12600	19800
516	12600	19800
517	19800	27000
518	9000	16200
519	16200	23400
520	9000	16200
521	16200	23400
522	23400	30600
523	9000	16200
524	7200	30600
525	12600	19800
526	9000	16200
527	16200	23400
528	7200	30600
529	12600	19800
530	19800	27000
531	7200	30600
532	12600	19800
533	7200	30600
534	19800	27000
535	7200	30600
536	19800	27000
537	19800	27000
538	7200	30600
539	7200	30600
540	9000	16200
541	16200	23400
542	23400	30600
543	23400	30600
544	19800	27000
545	12600	19800
546	12600	19800
547	7200	30600
548	12600	19800
549	12600	19800
550	16200	23400
551	16200	23400
552	23400	29700
553	12600	19800
554	19800	27000
555	16200	23400
556	19800	27000
557	19800	27000
558	16200	23400
559	12600	19800
560	9000	16200
561	19800	27000
562	7200	30600
563	12600	19800
564	9000	16200
565	9000	19800
566	12600	19800
567	23400	30600
568	12600	19800
569	19800	27000
570	16200	23400
571	12600	19800
572	16200	23400
573	12600	19800
574	23400	30600
575	12600	19800
576	7200	30600
577	7200	30600
578	12600	19800
579	7200	30600
580	23400	30600
581	19800	26100
582	19800	27000
583	23400	30600
584	12600	19800
585	12600	19800
586	12600	19800
587	23400	30600
588	12600	19800
589	16200	23400
590	23400	30600
591	16200	27000
592	23400	30600
593	23400	30600
594	7200	30600
595	7200	30600
596	12600	19800
597	7200	30600
598	16200	23400
599	19800	27000
600	12600	19800
601	12600	19800
602	16200	23400
603	16200	23400
604	7200	30600
605	7200	30600
606	19800	27000
607	19800	27000
608	19800	27000
609	7200	30600
610	19800	27000
611	19800	27000
612	12600	19800
613	19800	27000
614	12600	19800
615	12600	19800
616	7200	30600
617	23400	30600
618	16200	23400
619	12600	18900
620	19800	27000
621	16200	23400
622	16200	23400
623	23400	30600
624	23400	30600
625	16200	23400
626	19800	27000
627	7200	30600
628	16200	23400
629	16200	23400
630	23400	30600
631	23400	30600
632	12600	19800
633	19800	27000
634	23400	29700
635	7200	30600
636	16200	23400
637	12600	19800
638	12600	19800
639	16200	23400
640	23400	29700
641	16200	23400
642	19800	27000
643	12600	19800
644	16200	23400
645	23400	30600
646	16200	23400
647	7200	30600
648	19800	27000
649	23400	30600
650	7200	30600
651	23400	30600
652	12600	19800
653	23400	29700
654	19800	27000
655	7200	30600
656	12600	19800
657	19800	27000
658	19800	27000
659	23400	30600
660	12600	19800
661	19800	27000
662	19800	27000
663	16200	23400
664	16200	23400
665	23400	30600
666	19800	27000
667	19800	27000
668	16200	23400
669	16200	23400
670	23400	29700
671	16200	23400
672	19800	27000
673	19800	27000
674	16200	27000
675	23400	30600
676	23400	30600
677	12600	19800
678	12600	19800
679	7200	29700
680	23400	30600
681	12600	19800
682	19800	27000
683	12600	19800
684	19800	26100
685	16200	23400
686	19800	27000
687	16200	23400
688	19800	27000
689	23400	30600
690	19800	27000
691	16200	23400
692	16200	23400
693	16200	23400
694	12600	19800
695	23400	30600
696	16200	23400
697	12600	19800
698	19800	27000
699	23400	30600
700	16200	23400
701	23400	30600
702	16200	23400
703	16200	23400
704	7200	30600
705	19800	26040
706	16200	23400
707	16200	23400
708	19800	27000
709	12600	19800
710	19800	27000
711	16200	23400
712	16200	23400
713	9000	19800
714	19800	26100
715	19800	26100
716	16200	23400
717	16200	23400
718	19800	27000
719	7200	30600
720	7200	30600
721	16200	23400
722	23400	30600
723	16200	23400
724	19800	27000
725	16200	23400
726	19800	27000
727	16200	23400
728	23400	30600
729	19800	27000
730	19800	27000
731	16200	23400
732	19800	27000
733	19800	27000
734	16200	23400
735	16200	23400
736	16200	23400
737	19800	27000
738	7200	30600
739	23400	30600
740	19800	27000
741	19800	27000
742	7200	30600
743	23400	30600
744	19800	27000
745	23400	30600
746	19800	27000
747	19800	27000
748	23400	29700
749	23400	29700
750	23400	30600
751	16200	27000
752	19800	26100
753	16200	23400
754	23400	30600
755	19800	27000
756	19800	27000
757	16200	23400
758	23400	30600
759	23400	30600
760	7200	30600
761	7200	30600
762	23400	30600
763	16200	23400
764	19800	27000
765	19800	27000
766	16200	23400
767	19800	27000
768	19800	27000
769	23400	30600
770	23400	30600
771	7200	30600
772	23400	30600
773	7200	30600
774	7200	30600
775	7200	30600
776	19800	26040
777	23400	30600
778	23400	30600
779	23400	30600
780	19800	27000
781	7200	30600
782	19800	27000
783	23400	30600
784	16200	23400
785	7200	30600
786	23400	30600
787	19800	27000
788	16200	23400
789	23400	30600
790	23400	30600
791	23400	30600
792	16200	23400
793	23400	30600
794	19800	27000
795	19800	27000
796	19800	27000
797	19800	27000
798	23400	30600
799	23400	30600
800	23400	30600
801	16200	23400
802	16200	23400
803	23400	30600
804	23400	30600
805	19800	27000
806	23400	30600
807	19800	27000
808	23400	30600
809	23400	30600
810	19800	27000
811	16200	27000
812	23400	30600
813	19800	27000
814	19800	27000
815	7200	30600
816	19800	27000
817	19800	27000
818	23400	30600
819	7200	30600
820	23400	30600
821	23400	30600
822	7200	30600
823	23400	30600
824	19800	27000
825	23400	30600
826	19800	27000
827	19800	27000
828	19800	27000
829	23400	30600
830	7200	30600
831	23400	30600
832	23400	30600
833	7200	30600
834	7200	30600
835	7200	30600
836	7200	29700
837	7200	30600
838	19800	27000
839	19800	27000
840	23400	30600
841	23400	30600
842	23400	29700
843	19800	27000
844	19800	27000
845	7200	29700
846	19800	27000
847	19800	26100
848	7200	30600
RELEASE_TIME_SECTION
1	0
2	5400
3	5400
4	5400
5	5400
6	5400
7	5400
8	5400
9	5400
10	5400
11	5400
12	5400
13	5400
14	5400
15	5400
16	5400
17	5400
18	5400
19	5400
20	5400
21	5400
22	5400
23	5400
24	5400
25	5400
26	5400
27	5400
28	5400
29	5400
30	5400
31	5400
32	5400
33	5400
34	5400
35	5400
36	5400
37	5400
38	5400
39	5400
40	5400
41	5400
42	5400
43	5400
44	5400
45	5400
46	5400
47	5400
48	5400
49	5400
50	5400
51	5400
52	5400
53	5400
54	5400
55	5400
56	5400
57	5400
58	5400
59	5400
60	5400
61	5400
62	5400
63	5400
64	5400
65	5400
66	5400
67	5400
68	5400
69	5400
70	5400
71	5400
72	5400
73	5400
74	5400
75	5400
76	5400
77	5400
78	5400
79	5400
80	5400
81	5400
82	5400
83	5400
84	5400
85	5400
86	5400
87	5400
88	5400
89	5400
90	5400
91	5400
92	5400
93	5400
94	5400
95	5400
96	5400
97	5400
98	5400
99	5400
100	5400
101	5400
102	7200
103	7200
104	7200
105	7200
106	7200
107	7200
108	7200
109	7200
110	7200
111	7200
112	7200
113	7200
114	7200
115	7200
116	7200
117	7200
118	7200
119	7200
120	7200
121	7200
122	7200
123	7200
124	7200
125	7200
126	7200
127	7200
128	7200
129	7200
130	7200
131	7200
132	7200
133	7200
134	7200
135	7200
136	7200
137	7200
138	7200
139	7200
140	7200
141	7200
142	7200
143	7200
144	7200
145	7200
146	7200
147	7200
148	7200
149	7200
150	7200
151	7200
152	7200
153	7200
154	7200
155	7200
156	7200
157	7200
158	7200
159	7200
160	7200
161	7200
162	7200
163	7200
164	7200
165	7200
166	7200
167	7200
168	7200
169	7200
170	7200
171	7200
172	7200
173	7200
174	7200
175	7200
176	7200
177	7200
178	7200
179	7200
180	7200
181	7200
182	7200
183	7200
184	7200
185	7200
186	7200
187	7200
188	7200
189	7200
190	7200
191	7200
192	7200
193	7200
194	7200
195	7200
196	7200
197	7200
198	7200
199	7200
200	7200
201	7200
202	9000
203	9000
204	9000
205	9000
206	9000
207	9000
208	9000
209	9000
210	9000
211	9000
212	9000
213	9000
214	9000
215	9000
216	9000
217	9000
218	9000
219	9000
220	9000
221	9000
222	9000
223	9000
224	9000
225	9000
226	9000
227	9000
228	9000
229	9000
230	9000
231	9000
232	9000
233	9000
234	9000
235	9000
236	9000
237	9000
238	9000
239	9000
240	9000
241	9000
242	9000
243	9000
244	9000
245	9000
246	9000
247	9000
248	9000
249	9000
250	9000
251	9000
252	9000
253	9000
254	9000
255	9000
256	9000
257	9000
258	9000
259	9000
260	9000
261	9000
262	9000
263	9000
264	9000
265	9000
266	9000
267	9000
268	9000
269	9000
270	9000
271	9000
272	9000
273	9000
274	9000
275	9000
276	9000
277	9000
278	9000
279	9000
280	9000
281	9000
282	9000
283	9000
284	9000
285	9000
286	9000
287	9000
288	9000
289	9000
290	9000
291	9000
292	9000
293	9000
294	9000
295	9000
296	9000
297	9000
298	9000
299	9000
300	9000
301	9000
302	10800
303	10800
304	10800
305	10800
306	10800
307	10800
308	10800
309	10800
310	10800
311	10800
312	10800
313	10800
314	10800
315	10800
316	10800
317	10800
318	10800
319	10800
320	10800
321	10800
322	10800
323	10800
324	10800
325	10800
326	10800
327	10800
328	10800
329	10800
330	10800
331	10800
332	10800
333	10800
334	10800
335	10800
336	10800
337	10800
338	10800
339	10800
340	10800
341	10800
342	10800
343	10800
344	10800
345	10800
346	10800
347	10800
348	10800
349	10800
350	10800
351	10800
352	10800
353	10800
354	10800
355	10800
356	10800
357	10800
358	10800
359	10800
360	10800
361	10800
362	10800
363	10800
364	10800
365	10800
366	10800
367	10800
368	10800
369	10800
370	10800
371	10800
372	10800
373	10800
374	10800
375	10800
376	10800
377	10800
378	10800
379	10800
380	10800
381	10800
382	10800
383	10800
384	10800
385	10800
386	10800
387	10800
388	10800
389	10800
390	10800
391	10800
392	10800
393	10800
394	10800
395	10800
396	10800
397	10800
398	12600
399	12600
400	12600
401	12600
402	12600
403	12600
404	12600
405	12600
406	12600
407	12600
408	12600
409	12600
410	12600
411	12600
412	12600
413	12600
414	12600
415	12600
416	12600
417	12600
418	12600
419	12600
420	12600
421	12600
422	12600
423	12600
424	12600
425	12600
426	12600
427	12600
428	12600
429	12600
430	12600
431	12600
432	12600
433	12600
434	12600
435	12600
436	12600
437	12600
438	12600
439	12600
440	12600
441	12600
442	12600
443	12600
444	12600
445	12600
446	12600
447	12600
448	12600
449	12600
450	12600
451	12600
452	12600
453	12600
454	12600
455	12600
456	12600
457	12600
458	12600
459	12600
460	12600
461	12600
462	12600
463	12600
464	12600
465	12600
466	12600
467	12600
468	12600
469	12600
470	12600
471	12600
472	12600
473	12600
474	12600
475	12600
476	12600
477	12600
478	12600
479	12600
480	12600
481	12600
482	12600
483	12600
484	12600
485	12600
486	12600
487	12600
488	14400
489	14400
490	14400
491	14400
492	14400
493	14400
494	14400
495	14400
496	14400
497	14400
498	14400
499	14400
500	14400
501	14400
502	14400
503	14400
504	14400
505	14400
506	14400
507	14400
508	14400
509	14400
510	14400
511	14400
512	14400
513	14400
514	14400
515	14400
516	14400
517	14400
518	14400
519	14400
520	14400
521	14400
522	14400
523	14400
524	14400
525	14400
526	14400
527	14400
528	14400
529	14400
530	14400
531	14400
532	14400
533	14400
534	14400
535	14400
536	14400
537	14400
538	14400
539	14400
540	14400
541	14400
542	14400
543	14400
544	14400
545	14400
546	14400
547	14400
548	14400
549	14400
550	14400
551	14400
552	14400
553	14400
554	14400
555	14400
556	14400
557	14400
558	14400
559	14400
560	14400
561	14400
562	14400
563	14400
564	14400
565	14400
566	14400
567	14400
568	14400
569	16200
570	16200
571	16200
572	16200
573	16200
574	16200
575	16200
576	16200
577	16200
578	16200
579	16200
580	16200
581	16200
582	16200
583	16200
584	16200
585	16200
586	16200
587	16200
588	16200
589	16200
590	16200
591	16200
592	16200
593	16200
594	16200
595	16200
596	16200
597	16200
598	16200
599	16200
600	16200
601	16200
602	16200
603	16200
604	16200
605	16200
606	16200
607	16200
608	16200
609	16200
610	16200
611	16200
612	16200
613	16200
614	16200
615	16200
616	16200
617	16200
618	16200
619	16200
620	16200
621	16200
622	16200
623	16200
624	16200
625	16200
626	16200
627	16200
628	16200
629	16200
630	16200
631	16200
632	16200
633	16200
634	16200
635	16200
636	16200
637	16200
638	16200
639	16200
640	16200
641	16200
642	16200
643	16200
644	16200
645	16200
646	16200
647	16200
648	16200
649	18000
650	18000
651	18000
652	18000
653	18000
654	18000
655	18000
656	18000
657	18000
658	18000
659	18000
660	18000
661	18000
662	18000
663	18000
664	18000
665	18000
666	18000
667	18000
668	18000
669	18000
670	18000
671	18000
672	18000
673	18000
674	18000
675	18000
676	18000
677	18000
678	18000
679	18000
680	18000
681	18000
682	18000
683	18000
684	18000
685	18000
686	18000
687	18000
688	18000
689	18000
690	18000
691	18000
692	18000
693	18000
694	18000
695	18000
696	18000
697	18000
698	18000
699	18000
700	18000
701	18000
702	18000
703	18000
704	18000
705	18000
706	18000
707	18000
708	18000
709	18000
710	18000
711	18000
712	18000
713	18000
714	18000
715	19800
716	19800
717	19800
718	19800
719	19800
720	19800
721	19800
722	19800
723	19800
724	19800
725	19800
726	19800
727	19800
728	19800
729	19800
730	19800
731	19800
732	19800
733	19800
734	19800
735	19800
736	19800
737	19800
738	19800
739	19800
740	19800
741	19800
742	19800
743	19800
744	19800
745	19800
746	19800
747	19800
748	19800
749	19800
750	19800
751	19800
752	19800
753	19800
754	19800
755	19800
756	19800
757	19800
758	19800
759	19800
760	19800
761	19800
762	19800
763	19800
764	19800
765	19800
766	19800
767	21600
768	21600
769	21600
770	21600
771	21600
772	21600
773	21600
774	21600
775	21600
776	21600
777	21600
778	21600
779	21600
780	21600
781	21600
782	21600
783	21600
784	21600
785	21600
786	21600
787	21600
788	21600
789	21600
790	21600
791	21600
792	21600
793	21600
794	21600
795	21600
796	21600
797	21600
798	21600
799	21600
800	21600
801	21600
802	21600
803	21600
804	21600
805	21600
806	21600
807	21600
808	21600
809	21600
810	21600
811	21600
812	23400
813	23400
814	23400
815	23400
816	23400
817	23400
818	23400
819	23400
820	23400
821	23400
822	23400
823	23400
824	23400
825	23400
826	23400
827	23400
828	23400
829	23400
830	23400
831	23400
832	23400
833	23400
834	23400
835	23400
836	23400
837	23400
838	23400
839	23400
840	23400
841	23400
842	23400
843	23400
844	23400
845	23400
846	23400
847	23400
848	23400
EOF
