NAME : ORTEC-VRPTW-ASYM-fee7a003-d1-n945
TYPE : VRPTW-RT
DIMENSION : 946
EDGE_WEIGHT_TYPE : EUC_2D
CAPACITY : 135
NODE_COORD_SECTION
1	1493	4737
2	1741	6940
3	1557	5280
4	809	6626
5	2017	6852
6	1323	5571
7	1109	4863
8	1615	6230
9	1290	5606
10	1823	6111
11	2063	4982
12	1743	6894
13	1671	7225
14	1594	2261
15	1304	5340
16	2349	3664
17	1910	5338
18	1650	6102
19	2493	4794
20	1797	6956
21	2612	3714
22	1389	6831
23	1841	4986
24	887	4380
25	1245	6604
26	2590	3904
27	1456	4723
28	1141	2840
29	1037	4700
30	1493	5630
31	1910	5338
32	1935	5105
33	1823	6111
34	2120	4508
35	2324	3816
36	1603	2054
37	2493	4794
38	866	5411
39	1956	7458
40	1413	5999
41	1716	6533
42	1265	6502
43	1675	6233
44	1380	7036
45	1411	5322
46	847	6611
47	887	4380
48	1310	2027
49	1985	4453
50	1514	6221
51	1662	5369
52	1493	5630
53	984	6084
54	1218	2121
55	1158	3932
56	1827	7212
57	2613	3904
58	894	6913
59	1137	4554
60	2184	5168
61	1028	4872
62	1117	6002
63	2486	4203
64	1576	4951
65	1008	5400
66	1909	6833
67	2413	4544
68	932	6541
69	1249	2108
70	1935	5105
71	1310	2027
72	2253	8324
73	1261	7842
74	1716	6533
75	2343	3487
76	1455	2336
77	1893	7448
78	1685	6084
79	2612	3714
80	1050	5044
81	2341	4542
82	1249	6473
83	914	4738
84	1512	7327
85	2171	6613
86	1455	2336
87	1457	2227
88	1594	2261
89	1762	6741
90	1185	6431
91	1268	7089
92	1883	6582
93	1893	7448
94	1295	5472
95	1514	7351
96	1155	4290
97	1059	4656
98	2188	4403
99	1705	2577
100	894	6913
101	1995	4824
102	1217	4314
103	2171	6613
104	0	6956
105	2759	4782
106	1576	6441
107	1249	6473
108	932	6541
109	1802	7037
110	2539	3997
111	932	6541
112	1930	7214
113	902	4712
114	1264	4786
115	2560	3724
116	1766	7732
117	1685	6084
118	1594	2261
119	2640	3314
120	1141	2840
121	1255	2634
122	1292	7347
123	728	4142
124	1154	4510
125	1008	5400
126	1135	2858
127	1114	4388
128	1804	7084
129	1064	2250
130	1182	5747
131	1766	7732
132	2282	6328
133	2590	3904
134	2613	3904
135	1909	6833
136	2476	3439
137	1761	6711
138	1590	6203
139	1671	7225
140	2413	4544
141	1493	5630
142	1701	7334
143	2380	3448
144	1389	6831
145	2650	3898
146	1457	2227
147	1615	6230
148	1889	3144
149	1685	6084
150	1756	6531
151	1112	5172
152	1249	6473
153	1650	6102
154	885	4882
155	1883	6961
156	1109	4863
157	1686	3301
158	1664	4431
159	1249	6473
160	2341	4542
161	2282	6328
162	2710	3872
163	1804	7084
164	1519	5582
165	1218	2121
166	1255	2634
167	1048	6136
168	2486	4203
169	1928	6536
170	2015	2827
171	1009	4498
172	852	4307
173	932	6541
174	1295	5472
175	1802	7037
176	1219	2218
177	1157	4103
178	2634	3369
179	2548	3624
180	1372	5478
181	2607	3875
182	1594	2261
183	998	7713
184	1514	6221
185	2560	3724
186	1197	2629
187	1097	5525
188	1743	6894
189	1413	5999
190	1102	5574
191	2063	4982
192	2194	7305
193	902	4712
194	1493	5630
195	1423	2151
196	2343	3487
197	1671	7225
198	1264	4786
199	2275	6899
200	828	6119
201	1102	5574
202	1930	7214
203	1760	4643
204	1537	5994
205	961	5185
206	831	6155
207	2154	7544
208	770	4516
209	1380	7036
210	2612	3714
211	1438	7526
212	1050	5044
213	2607	3875
214	1497	8391
215	1403	7008
216	1995	4824
217	1665	6395
218	2776	4980
219	2270	6196
220	1490	6944
221	1239	5597
222	1181	5424
223	2642	4792
224	1224	4447
225	1456	4723
226	2613	3904
227	1979	7339
228	2657	3996
229	887	4380
230	831	6155
231	2122	2977
232	1497	8391
233	1389	6831
234	2272	7903
235	2710	3872
236	1893	7448
237	1762	6741
238	1962	6999
239	1763	3177
240	2341	4542
241	2154	7544
242	993	5024
243	885	4882
244	1514	7351
245	2017	6852
246	1239	5597
247	852	5652
248	1345	6924
249	931	6763
250	2657	3996
251	1594	2261
252	1979	7339
253	1675	6233
254	1249	6473
255	1292	7347
256	1185	6431
257	1102	5574
258	2710	3872
259	2366	5283
260	1059	4656
261	1823	6111
262	2038	6204
263	1085	2071
264	1662	5369
265	1255	2634
266	1039	4379
267	2282	6328
268	1490	6944
269	1097	5525
270	1219	2218
271	1928	6536
272	1372	5478
273	1753	5257
274	752	6995
275	2642	4792
276	2521	5188
277	1218	2121
278	1898	2676
279	1594	2261
280	1039	4379
281	1160	4242
282	1039	4379
283	1823	6111
284	1802	7037
285	2335	8034
286	2349	3664
287	1675	6233
288	887	4380
289	2366	5283
290	1050	5044
291	1766	7732
292	1117	6002
293	1909	6833
294	2548	3624
295	2433	7342
296	899	4198
297	1514	6221
298	2282	6328
299	1591	8034
300	1647	6162
301	847	6611
302	2629	3943
303	1249	2108
304	2560	3724
305	1435	6291
306	2650	3898
307	2539	3997
308	1224	4447
309	2110	8473
310	1490	6944
311	1268	7089
312	1571	6078
313	831	6155
314	887	4380
315	1117	6002
316	847	6611
317	1953	6132
318	2206	5639
319	2263	4675
320	1256	5741
321	894	6913
322	2612	3714
323	1528	6074
324	1889	3144
325	1609	6607
326	1490	6944
327	1059	4656
328	1112	5172
329	894	6913
330	2184	5168
331	1804	7084
332	914	4738
333	1898	2676
334	770	4516
335	852	4307
336	2694	3295
337	2549	4396
338	887	4380
339	1797	6956
340	2335	3081
341	1111	6472
342	2413	4544
343	1660	6709
344	1256	5741
345	1730	5591
346	2694	3295
347	2219	3808
348	1686	3301
349	852	5652
350	2486	4203
351	1512	7327
352	2341	4542
353	1671	7225
354	2380	3448
355	1701	7334
356	1338	5707
357	2188	4403
358	2266	8844
359	1962	6999
360	961	5185
361	1514	6221
362	1519	5582
363	1471	5147
364	998	7713
365	1264	4786
366	1622	6174
367	2650	3898
368	1910	5338
369	2009	2496
370	993	5024
371	2349	3664
372	752	6995
373	907	6585
374	2015	2827
375	1665	6395
376	2032	5268
377	1219	2218
378	2459	3438
379	1424	5751
380	2629	3943
381	1157	4103
382	2046	6382
383	2019	6473
384	1272	2265
385	1175	5497
386	1590	6203
387	1953	6132
388	2590	3904
389	2759	4782
390	2184	5168
391	2282	6328
392	2486	4203
393	2253	8324
394	885	4882
395	1456	4723
396	1484	7069
397	1647	6162
398	1760	4643
399	845	3903
400	1670	4459
401	2486	4203
402	1883	6961
403	2595	4109
404	728	4142
405	1484	7069
406	894	6913
407	1898	2676
408	1883	6582
409	1898	2676
410	1654	8173
411	2194	7305
412	1603	2054
413	1893	3320
414	2629	3943
415	1128	5129
416	1121	4405
417	1290	5606
418	1995	4824
419	2335	8034
420	2206	5639
421	1395	7465
422	1670	4459
423	1053	6590
424	1033	3806
425	1112	5172
426	1345	6924
427	2194	7305
428	1264	4786
429	1898	6879
430	2657	3996
431	2188	4403
432	1716	6533
433	1345	6924
434	1512	7327
435	2110	8473
436	2329	4610
437	1893	7448
438	1895	6842
439	1594	2261
440	1756	6531
441	1347	5469
442	1889	3144
443	1218	2121
444	2650	3898
445	1519	7926
446	1893	7047
447	2575	4817
448	1492	6217
449	1783	4570
450	1413	5999
451	2232	5300
452	1282	5501
453	1514	7351
454	1535	6175
455	1245	6604
456	1893	3320
457	1480	5586
458	2008	6831
459	1290	5606
460	1265	6502
461	1347	5469
462	1780	7408
463	852	5652
464	2634	3369
465	1458	5638
466	1152	2219
467	704	4724
468	2015	2827
469	1338	5872
470	2366	5283
471	2194	7305
472	2575	4817
473	1299	2578
474	2188	4403
475	1650	6102
476	1304	5340
477	1338	5707
478	1395	7465
479	1883	6961
480	1304	5679
481	1780	7408
482	1296	6105
483	1480	5586
484	1883	6961
485	1883	6582
486	1662	6373
487	1347	5469
488	1590	6203
489	2634	3369
490	1741	6940
491	1910	5338
492	1960	5136
493	1304	5340
494	2017	6852
495	1661	7508
496	1083	4513
497	2017	6852
498	1403	7008
499	1985	4453
500	2275	6899
501	1931	5235
502	1109	4863
503	845	3903
504	1805	7326
505	1295	5472
506	998	7713
507	1068	4546
508	1615	6230
509	842	3669
510	2380	3448
511	1796	6252
512	1519	7926
513	2063	4982
514	2154	7544
515	1218	2121
516	2349	3664
517	1299	2578
518	1603	2054
519	1528	6074
520	1685	6084
521	1783	4570
522	1117	6002
523	1953	6132
524	2590	3904
525	1935	5105
526	2413	4544
527	1571	6078
528	2282	6328
529	1372	5478
530	847	6611
531	1654	8173
532	1245	6604
533	949	4945
534	998	7713
535	2642	4792
536	1484	7069
537	1272	2265
538	1372	5478
539	1594	2261
540	2008	6831
541	1514	6221
542	2476	3439
543	1660	6709
544	2493	4794
545	1797	6956
546	2122	2977
547	2213	4938
548	2413	4544
549	1671	6508
550	1471	5147
551	1109	4863
552	2776	4980
553	2048	5366
554	2120	4508
555	1457	2227
556	1395	7465
557	1797	6956
558	1137	4554
559	0	6956
560	1743	6894
561	1152	2219
562	2015	2827
563	1111	6472
564	1432	2543
565	2710	3872
566	2110	8473
567	907	6585
568	1323	5571
569	2120	4508
570	1576	4951
571	2282	6328
572	1256	5741
573	1050	5044
574	1304	5340
575	887	4380
576	1160	4242
577	1671	7225
578	852	4307
579	1059	4656
580	1678	6431
581	1626	7082
582	828	6119
583	1430	6601
584	1272	2265
585	1028	4872
586	1296	6105
587	1753	5257
588	1535	6175
589	1883	6961
590	1517	6398
591	1141	2840
592	902	4712
593	1181	5424
594	1323	5571
595	1686	3301
596	2213	4938
597	2120	4508
598	1128	5129
599	2282	6328
600	1576	6441
601	2017	6852
602	1762	6741
603	2490	4844
604	1111	6472
605	1039	4379
606	2607	3875
607	1590	6203
608	1111	6472
609	1059	4656
610	1457	2227
611	1430	6601
612	2759	4782
613	1685	6084
614	1586	6506
615	1350	7650
616	1037	4700
617	1347	5469
618	653	4578
619	2401	4741
620	1480	5586
621	1155	4290
622	2282	6328
623	1403	7008
624	2490	4844
625	1109	4863
626	1158	3932
627	2335	8034
628	1716	6533
629	902	4712
630	2539	3997
631	1928	6536
632	1050	5044
633	1953	6132
634	2411	7780
635	1085	2071
636	907	6585
637	1109	4863
638	1893	3320
639	831	6155
640	0	6956
641	1519	5582
642	993	5024
643	1909	6833
644	1097	5525
645	1389	6831
646	1389	6831
647	1560	5670
648	1152	2219
649	804	3808
650	2595	4109
651	2595	4109
652	2398	3827
653	2048	5366
654	1109	4863
655	1783	4570
656	2139	3705
657	1889	3144
658	2459	3438
659	2219	3808
660	1345	6924
661	998	7713
662	1931	5235
663	1102	5574
664	2324	3816
665	1037	4700
666	2219	3808
667	1743	6894
668	2335	3081
669	1185	6431
670	1591	8034
671	1304	5679
672	1653	7224
673	1435	6291
674	2329	4610
675	1528	6074
676	1155	4290
677	1395	7465
678	1085	2071
679	845	3903
680	1438	7526
681	1155	4290
682	899	4198
683	1576	6441
684	1471	5147
685	1301	7468
686	845	3903
687	1048	6136
688	1796	6252
689	2329	4610
690	2275	6899
691	1935	5105
692	2595	4109
693	1898	2676
694	1175	5497
695	2324	3816
696	1245	6604
697	2624	4012
698	845	3903
699	1653	7224
700	884	5900
701	1117	6002
702	2657	3996
703	842	3669
704	1152	2219
705	1380	7036
706	1240	6369
707	2270	6196
708	1461	5673
709	752	6995
710	1804	7084
711	1199	4821
712	2642	4792
713	1461	5673
714	1661	7508
715	1037	4700
716	1068	4546
717	1111	6472
718	1350	7650
719	1111	6472
720	847	6611
721	1895	6842
722	1185	6431
723	2560	3724
724	1935	5105
725	1185	2329
726	1841	4986
727	2642	4792
728	1239	5597
729	1571	6078
730	1111	6472
731	1517	6398
732	1128	5129
733	2710	3872
734	1590	6203
735	847	6611
736	993	5024
737	1796	6252
738	1570	4962
739	887	4380
740	1671	6508
741	1295	5472
742	1053	6590
743	1980	4042
744	1654	8173
745	2575	4817
746	2266	8844
747	1055	7231
748	1766	7732
749	1456	4723
750	1411	5322
751	1155	4290
752	2710	3872
753	842	3669
754	1823	6111
755	1763	3177
756	2549	4396
757	2253	8324
758	967	4959
759	2523	4853
760	1528	6074
761	1626	7082
762	931	6763
763	1338	5872
764	2459	3438
765	1675	6233
766	2015	2827
767	1347	5469
768	2206	5639
769	1033	3806
770	2272	7903
771	1484	7069
772	1796	7537
773	2398	3827
774	1796	6252
775	1114	4388
776	1444	5650
777	2373	8901
778	1609	6607
779	1181	5424
780	2595	4109
781	1705	2577
782	1211	5107
783	1898	6879
784	961	5185
785	1438	7526
786	2008	6831
787	1301	7468
788	1295	5472
789	2184	5168
790	1199	4821
791	1603	2054
792	2343	3487
793	1960	5136
794	1219	2218
795	2411	7780
796	1586	6506
797	914	4738
798	1985	4453
799	2373	8901
800	866	5411
801	2401	4741
802	2521	5188
803	2710	3872
804	1492	6217
805	1586	6506
806	1492	6217
807	2657	3996
808	1053	6590
809	1586	6506
810	1435	6291
811	1438	7526
812	1085	2071
813	1372	5478
814	2490	4844
815	1492	6217
816	1517	6398
817	2521	5188
818	1114	4388
819	1109	4863
820	1823	6111
821	1345	6924
822	1741	6940
823	1671	7225
824	1117	6002
825	2154	7544
826	2154	7544
827	1137	4554
828	2063	4982
829	2329	4610
830	2341	4542
831	1436	5840
832	2401	4741
833	1015	4519
834	1928	6536
835	2380	3448
836	1389	6831
837	1059	4656
838	2232	5300
839	2629	3943
840	1647	6162
841	1350	7650
842	1295	5472
843	1939	7413
844	1909	6833
845	1112	5172
846	1650	6102
847	653	4578
848	1264	4786
849	1157	4103
850	1671	7225
851	1498	6979
852	1240	6369
853	1705	2577
854	831	6155
855	2154	7544
856	1603	2054
857	2595	4109
858	1953	6132
859	2549	4396
860	1304	5679
861	2694	3295
862	1980	4042
863	1980	4042
864	1249	6473
865	1158	3932
866	2282	6328
867	1609	6607
868	1438	6820
869	2266	8844
870	2219	3808
871	1517	6398
872	1323	5571
873	1609	6607
874	1760	4643
875	914	4738
876	2009	2496
877	1591	8034
878	1960	5136
879	1296	6105
880	1796	6252
881	1028	4872
882	1895	6842
883	1535	6175
884	998	7713
885	2270	6196
886	2575	4817
887	1456	4723
888	1653	7224
889	1160	4242
890	1117	6002
891	2548	3624
892	852	5652
893	2120	4508
894	1039	4379
895	1796	7537
896	1304	5340
897	752	6995
898	2282	6328
899	2139	3705
900	2253	8324
901	828	6119
902	2640	3954
903	1647	6162
904	2281	4576
905	2270	6196
906	1050	5044
907	1650	6102
908	2624	4012
909	1436	5840
910	1457	2227
911	2595	4109
912	1117	6002
913	1411	5322
914	1102	5574
915	2640	3314
916	1211	5107
917	2324	3816
918	1137	4554
919	2046	6382
920	2366	5283
921	1461	5673
922	949	4945
923	2206	5639
924	866	5411
925	907	6585
926	1037	4700
927	1956	7458
928	1664	4431
929	2548	3624
930	2413	4544
931	1455	2336
932	1537	5994
933	1304	5340
934	1344	2113
935	1756	6531
936	72	6703
937	1296	6105
938	1662	5369
939	2282	6328
940	1931	5235
941	1893	3320
942	1389	6831
943	1498	6979
944	2549	4396
945	728	4142
946	1157	4103
DEMAND_SECTION
1	0
2	13
3	8
4	7
5	4
6	4
7	6
8	3
9	9
10	6
11	3
12	4
13	9
14	3
15	16
16	6
17	9
18	5
19	7
20	7
21	11
22	5
23	7
24	4
25	4
26	4
27	14
28	5
29	10
30	4
31	5
32	5
33	7
34	6
35	4
36	7
37	11
38	5
39	6
40	11
41	11
42	4
43	4
44	9
45	8
46	5
47	6
48	16
49	16
50	7
51	4
52	9
53	4
54	7
55	6
56	5
57	9
58	5
59	6
60	6
61	7
62	6
63	5
64	6
65	4
66	4
67	7
68	4
69	16
70	5
71	7
72	3
73	6
74	4
75	12
76	6
77	8
78	7
79	7
80	7
81	4
82	6
83	8
84	4
85	8
86	9
87	5
88	8
89	15
90	12
91	8
92	7
93	7
94	8
95	12
96	8
97	9
98	4
99	8
100	6
101	12
102	5
103	6
104	7
105	7
106	15
107	7
108	4
109	5
110	5
111	8
112	8
113	6
114	5
115	7
116	4
117	7
118	4
119	8
120	7
121	12
122	8
123	4
124	5
125	11
126	9
127	5
128	4
129	4
130	7
131	5
132	5
133	5
134	5
135	9
136	8
137	7
138	6
139	5
140	8
141	5
142	9
143	6
144	9
145	6
146	4
147	6
148	9
149	10
150	10
151	10
152	12
153	7
154	5
155	6
156	5
157	3
158	9
159	5
160	4
161	4
162	6
163	8
164	9
165	13
166	7
167	7
168	4
169	5
170	4
171	12
172	5
173	10
174	7
175	4
176	4
177	4
178	7
179	6
180	13
181	4
182	5
183	5
184	6
185	5
186	8
187	4
188	6
189	7
190	12
191	5
192	7
193	6
194	5
195	4
196	4
197	7
198	4
199	4
200	5
201	6
202	4
203	4
204	5
205	5
206	16
207	8
208	4
209	5
210	6
211	5
212	11
213	4
214	8
215	5
216	6
217	7
218	6
219	6
220	6
221	12
222	8
223	7
224	6
225	10
226	12
227	7
228	5
229	11
230	4
231	4
232	4
233	6
234	4
235	12
236	5
237	4
238	7
239	5
240	5
241	5
242	13
243	8
244	7
245	6
246	15
247	5
248	5
249	8
250	5
251	8
252	7
253	7
254	7
255	7
256	9
257	8
258	4
259	5
260	6
261	7
262	8
263	7
264	7
265	4
266	12
267	4
268	4
269	13
270	14
271	4
272	13
273	6
274	5
275	5
276	7
277	4
278	4
279	6
280	6
281	7
282	8
283	7
284	4
285	9
286	8
287	9
288	8
289	5
290	12
291	8
292	6
293	4
294	7
295	11
296	9
297	6
298	6
299	8
300	4
301	8
302	5
303	5
304	8
305	14
306	9
307	7
308	5
309	4
310	13
311	5
312	4
313	7
314	13
315	4
316	16
317	6
318	14
319	6
320	10
321	5
322	9
323	12
324	6
325	4
326	7
327	6
328	6
329	4
330	4
331	5
332	5
333	8
334	6
335	14
336	6
337	5
338	6
339	6
340	7
341	5
342	9
343	7
344	6
345	12
346	6
347	13
348	7
349	4
350	7
351	8
352	8
353	12
354	10
355	8
356	4
357	11
358	4
359	15
360	5
361	5
362	11
363	5
364	6
365	10
366	6
367	6
368	8
369	4
370	9
371	4
372	8
373	3
374	5
375	7
376	13
377	7
378	9
379	5
380	7
381	7
382	4
383	5
384	4
385	5
386	9
387	4
388	4
389	6
390	10
391	11
392	6
393	6
394	4
395	8
396	6
397	8
398	5
399	9
400	5
401	9
402	5
403	4
404	4
405	6
406	8
407	9
408	6
409	4
410	10
411	5
412	8
413	5
414	9
415	7
416	6
417	13
418	8
419	8
420	7
421	6
422	5
423	8
424	5
425	5
426	8
427	6
428	4
429	10
430	9
431	4
432	7
433	5
434	4
435	5
436	4
437	9
438	4
439	5
440	4
441	4
442	8
443	9
444	6
445	4
446	10
447	5
448	10
449	7
450	9
451	8
452	6
453	5
454	4
455	19
456	5
457	5
458	10
459	12
460	4
461	4
462	6
463	5
464	7
465	8
466	7
467	5
468	9
469	7
470	4
471	5
472	5
473	9
474	7
475	8
476	8
477	4
478	4
479	8
480	8
481	7
482	3
483	10
484	4
485	9
486	16
487	4
488	6
489	8
490	6
491	12
492	4
493	7
494	8
495	5
496	6
497	12
498	4
499	7
500	12
501	7
502	8
503	4
504	5
505	4
506	12
507	8
508	8
509	12
510	6
511	7
512	4
513	7
514	5
515	6
516	5
517	12
518	4
519	8
520	10
521	10
522	15
523	6
524	9
525	6
526	3
527	7
528	9
529	4
530	9
531	12
532	10
533	4
534	4
535	5
536	5
537	8
538	5
539	4
540	7
541	5
542	12
543	8
544	7
545	10
546	8
547	5
548	7
549	7
550	4
551	4
552	5
553	12
554	12
555	9
556	9
557	5
558	7
559	5
560	5
561	8
562	6
563	9
564	4
565	5
566	4
567	13
568	7
569	6
570	9
571	7
572	4
573	3
574	5
575	5
576	5
577	9
578	4
579	6
580	10
581	8
582	8
583	7
584	10
585	6
586	10
587	4
588	6
589	7
590	5
591	6
592	8
593	8
594	7
595	10
596	4
597	4
598	5
599	4
600	6
601	5
602	3
603	5
604	4
605	8
606	11
607	7
608	5
609	8
610	6
611	6
612	5
613	7
614	8
615	11
616	8
617	8
618	4
619	10
620	5
621	6
622	6
623	8
624	9
625	6
626	5
627	5
628	6
629	4
630	10
631	5
632	3
633	5
634	5
635	3
636	5
637	3
638	5
639	6
640	6
641	11
642	5
643	5
644	4
645	5
646	7
647	8
648	4
649	8
650	5
651	6
652	8
653	5
654	7
655	8
656	7
657	10
658	15
659	9
660	5
661	6
662	7
663	8
664	5
665	5
666	9
667	5
668	7
669	12
670	8
671	6
672	4
673	6
674	5
675	3
676	7
677	8
678	6
679	5
680	5
681	11
682	5
683	4
684	8
685	7
686	4
687	6
688	5
689	5
690	5
691	5
692	5
693	12
694	7
695	14
696	6
697	13
698	7
699	15
700	5
701	11
702	8
703	12
704	7
705	10
706	7
707	4
708	5
709	5
710	4
711	7
712	3
713	8
714	5
715	7
716	8
717	5
718	4
719	9
720	5
721	5
722	7
723	5
724	4
725	5
726	6
727	8
728	6
729	5
730	5
731	6
732	7
733	4
734	5
735	3
736	5
737	6
738	9
739	4
740	10
741	4
742	10
743	4
744	6
745	5
746	6
747	5
748	8
749	8
750	4
751	4
752	6
753	6
754	4
755	7
756	8
757	7
758	6
759	7
760	5
761	5
762	5
763	4
764	6
765	5
766	7
767	5
768	7
769	7
770	5
771	6
772	4
773	3
774	4
775	4
776	4
777	7
778	4
779	8
780	7
781	6
782	12
783	6
784	5
785	8
786	5
787	20
788	8
789	6
790	9
791	16
792	4
793	5
794	12
795	6
796	9
797	5
798	4
799	6
800	8
801	13
802	5
803	4
804	7
805	5
806	9
807	6
808	8
809	7
810	6
811	3
812	5
813	4
814	11
815	7
816	7
817	7
818	10
819	4
820	11
821	6
822	7
823	13
824	6
825	14
826	4
827	8
828	6
829	7
830	9
831	8
832	3
833	5
834	15
835	8
836	6
837	4
838	5
839	4
840	12
841	13
842	7
843	5
844	7
845	4
846	4
847	8
848	7
849	8
850	4
851	4
852	8
853	5
854	5
855	7
856	7
857	13
858	9
859	5
860	11
861	7
862	9
863	6
864	8
865	4
866	5
867	6
868	12
869	5
870	7
871	6
872	14
873	9
874	5
875	5
876	8
877	7
878	5
879	5
880	6
881	4
882	4
883	5
884	5
885	4
886	11
887	8
888	3
889	5
890	4
891	12
892	7
893	7
894	6
895	5
896	4
897	8
898	12
899	6
900	9
901	4
902	5
903	5
904	6
905	5
906	5
907	3
908	4
909	6
910	8
911	8
912	4
913	6
914	10
915	3
916	6
917	5
918	6
919	8
920	4
921	8
922	6
923	4
924	10
925	9
926	6
927	9
928	6
929	4
930	4
931	13
932	4
933	5
934	7
935	13
936	5
937	4
938	5
939	5
940	4
941	5
942	5
943	8
944	9
945	11
946	13
DEPOT_SECTION
1
-1
SERVICE_TIME_SECTION
1	0
2	660
3	420
4	480
5	540
6	300
7	600
8	300
9	420
10	240
11	300
12	300
13	780
14	360
15	900
16	360
17	480
18	1080
19	480
20	600
21	480
22	480
23	360
24	480
25	480
26	240
27	840
28	540
29	540
30	300
31	960
32	420
33	540
34	780
35	420
36	660
37	300
38	300
39	540
40	600
41	540
42	540
43	300
44	420
45	420
46	780
47	240
48	720
49	420
50	720
51	540
52	720
53	600
54	300
55	420
56	480
57	540
58	480
59	1080
60	480
61	480
62	720
63	300
64	420
65	360
66	540
67	1200
68	480
69	480
70	360
71	240
72	540
73	600
74	480
75	480
76	420
77	840
78	540
79	1200
80	600
81	660
82	900
83	780
84	720
85	480
86	1140
87	240
88	540
89	360
90	240
91	780
92	600
93	600
94	300
95	420
96	660
97	840
98	360
99	540
100	420
101	420
102	600
103	540
104	540
105	1200
106	420
107	420
108	300
109	600
110	540
111	540
112	420
113	540
114	420
115	240
116	360
117	660
118	300
119	480
120	420
121	540
122	360
123	540
124	720
125	300
126	540
127	480
128	660
129	480
130	720
131	840
132	420
133	780
134	900
135	660
136	240
137	420
138	540
139	300
140	780
141	420
142	1140
143	420
144	300
145	300
146	540
147	360
148	300
149	480
150	480
151	240
152	480
153	540
154	480
155	360
156	720
157	480
158	540
159	360
160	480
161	360
162	420
163	480
164	540
165	780
166	360
167	900
168	540
169	720
170	600
171	300
172	420
173	540
174	540
175	600
176	1020
177	300
178	300
179	480
180	360
181	480
182	240
183	540
184	600
185	600
186	540
187	300
188	300
189	300
190	240
191	540
192	480
193	900
194	540
195	480
196	300
197	600
198	300
199	360
200	300
201	480
202	780
203	300
204	240
205	660
206	540
207	540
208	660
209	360
210	420
211	420
212	840
213	240
214	480
215	300
216	720
217	240
218	780
219	420
220	480
221	840
222	720
223	720
224	1020
225	600
226	420
227	300
228	300
229	900
230	360
231	780
232	600
233	420
234	420
235	540
236	600
237	480
238	360
239	480
240	780
241	300
242	600
243	420
244	420
245	720
246	300
247	420
248	420
249	240
250	360
251	360
252	540
253	240
254	1080
255	480
256	300
257	660
258	360
259	480
260	480
261	300
262	360
263	540
264	600
265	420
266	360
267	360
268	660
269	420
270	780
271	420
272	480
273	300
274	480
275	540
276	480
277	600
278	360
279	360
280	540
281	840
282	240
283	540
284	420
285	600
286	1020
287	660
288	240
289	240
290	300
291	480
292	360
293	300
294	600
295	420
296	600
297	420
298	240
299	240
300	780
301	360
302	540
303	840
304	540
305	600
306	480
307	840
308	360
309	420
310	900
311	600
312	420
313	300
314	540
315	480
316	660
317	720
318	540
319	540
320	540
321	1200
322	540
323	600
324	480
325	840
326	600
327	300
328	360
329	600
330	240
331	360
332	480
333	300
334	840
335	540
336	360
337	300
338	720
339	540
340	480
341	360
342	420
343	780
344	780
345	360
346	420
347	660
348	420
349	720
350	240
351	1080
352	420
353	480
354	300
355	540
356	720
357	300
358	480
359	480
360	420
361	240
362	240
363	300
364	540
365	720
366	720
367	540
368	600
369	540
370	600
371	840
372	960
373	420
374	480
375	780
376	420
377	480
378	540
379	540
380	1200
381	360
382	480
383	1020
384	240
385	420
386	480
387	600
388	780
389	600
390	480
391	240
392	240
393	420
394	780
395	240
396	600
397	360
398	540
399	480
400	360
401	720
402	480
403	540
404	420
405	540
406	480
407	840
408	360
409	540
410	540
411	540
412	480
413	660
414	300
415	420
416	300
417	540
418	480
419	360
420	300
421	240
422	540
423	420
424	300
425	540
426	420
427	480
428	600
429	600
430	720
431	480
432	720
433	300
434	240
435	360
436	240
437	300
438	480
439	600
440	480
441	540
442	300
443	360
444	240
445	360
446	540
447	300
448	240
449	840
450	420
451	360
452	300
453	540
454	420
455	600
456	300
457	240
458	360
459	300
460	660
461	600
462	1080
463	480
464	1140
465	240
466	480
467	240
468	420
469	300
470	1200
471	480
472	780
473	420
474	540
475	540
476	780
477	360
478	600
479	600
480	360
481	360
482	720
483	300
484	300
485	600
486	240
487	660
488	360
489	1380
490	780
491	540
492	600
493	600
494	600
495	420
496	240
497	300
498	360
499	240
500	540
501	600
502	360
503	300
504	420
505	360
506	360
507	840
508	540
509	840
510	780
511	240
512	420
513	600
514	540
515	600
516	480
517	480
518	480
519	840
520	840
521	840
522	840
523	600
524	540
525	360
526	300
527	1200
528	900
529	300
530	540
531	540
532	540
533	480
534	480
535	540
536	660
537	420
538	360
539	240
540	540
541	600
542	240
543	420
544	480
545	660
546	360
547	420
548	1380
549	240
550	420
551	480
552	540
553	720
554	360
555	360
556	780
557	240
558	1020
559	720
560	240
561	360
562	600
563	900
564	240
565	660
566	360
567	480
568	600
569	720
570	660
571	300
572	360
573	240
574	360
575	660
576	240
577	300
578	660
579	480
580	240
581	540
582	480
583	480
584	240
585	540
586	420
587	300
588	300
589	300
590	300
591	360
592	420
593	600
594	1200
595	660
596	300
597	240
598	420
599	240
600	780
601	600
602	600
603	660
604	480
605	420
606	540
607	480
608	420
609	1080
610	540
611	660
612	780
613	480
614	360
615	780
616	900
617	1080
618	480
619	840
620	360
621	540
622	240
623	660
624	240
625	300
626	600
627	1200
628	420
629	480
630	540
631	300
632	480
633	240
634	240
635	480
636	660
637	600
638	540
639	660
640	480
641	1020
642	600
643	660
644	240
645	420
646	540
647	660
648	420
649	540
650	300
651	900
652	240
653	960
654	360
655	360
656	540
657	300
658	480
659	360
660	360
661	420
662	720
663	420
664	480
665	480
666	780
667	540
668	780
669	360
670	480
671	480
672	660
673	660
674	300
675	420
676	420
677	360
678	420
679	240
680	480
681	780
682	480
683	660
684	420
685	660
686	540
687	360
688	480
689	420
690	600
691	300
692	840
693	480
694	360
695	300
696	780
697	240
698	540
699	420
700	240
701	600
702	300
703	660
704	420
705	480
706	720
707	240
708	720
709	720
710	600
711	240
712	540
713	300
714	720
715	240
716	300
717	420
718	360
719	480
720	360
721	480
722	360
723	720
724	300
725	360
726	300
727	540
728	600
729	720
730	360
731	540
732	480
733	540
734	540
735	540
736	660
737	480
738	600
739	360
740	600
741	540
742	720
743	360
744	720
745	720
746	600
747	480
748	600
749	300
750	660
751	480
752	420
753	240
754	540
755	480
756	720
757	540
758	900
759	420
760	480
761	660
762	420
763	420
764	540
765	540
766	360
767	480
768	540
769	660
770	780
771	300
772	360
773	480
774	600
775	720
776	360
777	300
778	720
779	660
780	480
781	600
782	540
783	1380
784	720
785	420
786	360
787	780
788	600
789	480
790	360
791	480
792	840
793	780
794	480
795	300
796	960
797	540
798	600
799	660
800	540
801	420
802	540
803	540
804	900
805	780
806	360
807	300
808	780
809	1020
810	300
811	420
812	300
813	1200
814	600
815	420
816	660
817	420
818	480
819	480
820	300
821	900
822	600
823	720
824	660
825	720
826	660
827	360
828	840
829	600
830	300
831	300
832	600
833	780
834	360
835	480
836	720
837	1020
838	300
839	660
840	480
841	420
842	360
843	600
844	660
845	600
846	600
847	660
848	420
849	960
850	240
851	360
852	240
853	360
854	480
855	480
856	1080
857	360
858	840
859	540
860	360
861	240
862	780
863	300
864	780
865	660
866	780
867	240
868	480
869	840
870	300
871	420
872	240
873	360
874	540
875	600
876	720
877	540
878	420
879	540
880	600
881	480
882	240
883	600
884	1080
885	420
886	600
887	360
888	420
889	420
890	240
891	540
892	300
893	540
894	540
895	300
896	360
897	720
898	540
899	960
900	240
901	240
902	300
903	360
904	420
905	420
906	660
907	600
908	600
909	420
910	300
911	480
912	240
913	480
914	420
915	720
916	480
917	420
918	600
919	480
920	480
921	720
922	300
923	600
924	780
925	600
926	300
927	420
928	480
929	420
930	360
931	300
932	420
933	840
934	660
935	420
936	540
937	420
938	420
939	540
940	600
941	600
942	420
943	720
944	360
945	300
946	660
TIME_WINDOW_SECTION
1	0	45000
2	5400	12300
3	23400	30300
4	5400	12300
5	9000	19500
6	23400	30300
7	18000	36900
8	19800	26700
9	16200	26100
10	10800	30300
11	9000	19500
12	9000	19500
13	12600	19500
14	19800	26700
15	16200	26700
16	12600	19500
17	5400	12300
18	10800	30300
19	18000	37500
20	23400	30300
21	9000	19500
22	5400	12300
23	23400	30300
24	9000	15900
25	12600	18840
26	19800	26700
27	23400	30300
28	16200	24900
29	9000	19500
30	19800	26700
31	23400	30300
32	23400	30300
33	23400	30300
34	23400	30300
35	12600	18840
36	5400	12300
37	16200	23100
38	10800	30300
39	10800	30300
40	23400	30300
41	5400	12300
42	12600	19500
43	16200	26700
44	12600	18900
45	19800	26700
46	19800	26700
47	10800	30300
48	23400	30300
49	16200	26700
50	9000	15900
51	9000	19500
52	16200	26100
53	5400	12300
54	19800	26700
55	19800	26700
56	16200	23100
57	9000	15900
58	10800	30300
59	12600	19500
60	23400	30300
61	16200	23100
62	23400	30300
63	5400	12300
64	19800	26700
65	5400	12300
66	19800	26700
67	9000	19500
68	18000	37500
69	23400	30300
70	23400	30300
71	23400	30300
72	9000	15900
73	5400	12300
74	12600	19500
75	23400	30300
76	10800	30300
77	19800	26700
78	9000	15900
79	10800	29700
80	16200	26700
81	16200	26100
82	23400	30300
83	19800	26700
84	16200	23100
85	5400	12300
86	10800	29700
87	9000	15900
88	10800	30300
89	5400	12300
90	10800	30300
91	19800	26700
92	10800	30300
93	16200	26700
94	19800	26700
95	9000	15900
96	16200	26700
97	23400	30300
98	10800	30300
99	23400	30300
100	23400	30300
101	9000	19500
102	10800	30300
103	9000	15900
104	12600	19500
105	12600	19500
106	19800	26700
107	9000	15900
108	10800	30300
109	9000	15900
110	5400	12300
111	16200	26700
112	23400	30300
113	5400	12300
114	9000	15900
115	18000	36900
116	5400	12300
117	23400	30300
118	12600	19500
119	23400	30300
120	23400	30300
121	5400	11700
122	19800	26700
123	9000	18900
124	5400	12300
125	12600	19500
126	9000	15900
127	9000	18900
128	9000	19500
129	5400	12300
130	12600	18900
131	10800	30300
132	19800	26700
133	19800	26700
134	19800	26700
135	16200	26700
136	9000	19500
137	10800	29700
138	10800	30300
139	23400	30300
140	5400	12300
141	5400	12300
142	16200	23100
143	12600	19500
144	9000	19500
145	5400	11700
146	12600	18840
147	23400	30300
148	23400	30300
149	12600	18840
150	23400	30300
151	9000	19500
152	23400	30300
153	19800	26700
154	10800	30300
155	12600	19500
156	23400	30300
157	5400	12300
158	23400	30300
159	19800	26700
160	5400	12300
161	12600	19500
162	23400	30300
163	12600	19500
164	12600	19500
165	12600	19500
166	12600	19500
167	5400	12300
168	10800	30300
169	23400	30300
170	23400	30300
171	5400	12300
172	23400	30300
173	16200	23100
174	5400	12300
175	10800	30300
176	16200	23100
177	23400	30300
178	5400	12300
179	5400	12300
180	23400	30300
181	23400	30300
182	12600	19500
183	23400	30300
184	19800	26700
185	16200	23100
186	16200	26700
187	23400	30300
188	9000	15900
189	9000	15900
190	19800	26700
191	5400	12300
192	12600	19500
193	9000	15900
194	19800	26700
195	23400	30300
196	5400	12300
197	19800	26700
198	9000	19500
199	5400	12300
200	16200	23100
201	19800	26700
202	16200	23100
203	23400	30300
204	9000	15900
205	12600	19500
206	19800	26700
207	5400	12300
208	19800	26700
209	10800	30300
210	10800	30300
211	12600	19500
212	12600	19500
213	9000	15900
214	9000	15900
215	19800	26700
216	23400	30300
217	9000	19500
218	16200	26700
219	10800	30300
220	18000	36900
221	19800	26700
222	12600	19500
223	23400	30300
224	10800	30300
225	12600	19500
226	12600	18840
227	19800	26700
228	23400	30300
229	16200	26100
230	5400	11700
231	19800	26700
232	9000	15900
233	10800	29700
234	10800	30300
235	5400	12300
236	5400	12300
237	19800	26700
238	12600	19500
239	9000	15900
240	23400	30300
241	16200	22500
242	9000	15900
243	10800	29700
244	16200	23100
245	5400	11700
246	19800	26700
247	9000	19500
248	10800	30300
249	16200	23100
250	16200	26700
251	12600	19500
252	19800	26700
253	23400	30300
254	9000	19500
255	19800	26700
256	5400	12300
257	19800	26700
258	10800	30300
259	23400	30300
260	16200	23100
261	19800	26700
262	19800	26700
263	9000	15900
264	12600	19500
265	16200	23100
266	19800	26700
267	9000	18900
268	12600	19500
269	19800	26700
270	23400	30300
271	5400	12300
272	5400	12300
273	16200	26700
274	5400	11700
275	23400	30300
276	23400	30300
277	16200	23100
278	16200	24900
279	16200	22500
280	5400	12300
281	9000	19500
282	10800	29700
283	12600	19500
284	10800	29700
285	9000	15900
286	19800	26700
287	9000	19500
288	19800	26700
289	16200	24900
290	10800	30300
291	23400	30300
292	9000	15900
293	5400	12300
294	9000	15900
295	23400	30300
296	5400	12300
297	9000	15900
298	19800	26700
299	12600	19500
300	23400	30300
301	9000	15900
302	5400	12300
303	10800	29700
304	23400	30300
305	9000	19500
306	19800	26700
307	16200	26700
308	10800	29700
309	9000	19500
310	23400	30300
311	12600	19500
312	16200	23100
313	19800	26700
314	12600	19500
315	9000	15900
316	10800	30300
317	9000	19500
318	19800	26700
319	23400	30300
320	10800	29700
321	18000	37500
322	9000	15900
323	9000	15900
324	19800	26700
325	23400	30300
326	16200	26700
327	5400	12300
328	16200	26700
329	10800	30300
330	12600	18900
331	9000	15900
332	5400	12300
333	10800	29700
334	10800	30300
335	9000	19500
336	19800	26700
337	10800	30300
338	19800	26700
339	12600	18840
340	10800	30300
341	19800	26100
342	12600	19500
343	19800	26700
344	10800	30300
345	12600	19500
346	9000	15900
347	9000	15900
348	19800	26700
349	9000	19500
350	16200	23100
351	12600	19500
352	10800	30300
353	19800	26700
354	12600	19500
355	19800	26700
356	5400	12300
357	9000	15900
358	9000	15900
359	19800	26700
360	10800	29700
361	10800	30300
362	10800	30300
363	16200	23100
364	23400	30300
365	19800	26100
366	12600	19500
367	16200	26100
368	23400	30300
369	16200	26700
370	12600	19500
371	9000	15900
372	19800	26700
373	19800	26700
374	23400	30300
375	9000	15900
376	12600	19500
377	12600	19500
378	16200	26700
379	23400	30300
380	23400	30300
381	16200	23100
382	9000	15900
383	10800	30300
384	19800	26700
385	16200	26700
386	9000	15900
387	12600	19500
388	10800	30300
389	16200	23100
390	9000	19500
391	19800	26700
392	23400	30300
393	9000	19500
394	9000	15900
395	23400	30300
396	16200	26700
397	16200	23100
398	9000	15900
399	23400	30300
400	9000	15900
401	12600	19500
402	9000	19500
403	10800	30300
404	10800	30300
405	19800	26700
406	10800	29700
407	16200	24900
408	10800	29700
409	23400	30300
410	16200	26700
411	9000	19500
412	9000	15900
413	19800	26700
414	9000	15900
415	16200	26700
416	16200	23100
417	16200	26700
418	12600	19500
419	10800	30300
420	12600	19500
421	23400	30300
422	9000	15900
423	19800	26700
424	10800	29700
425	10800	30300
426	10800	30300
427	16200	26700
428	19800	26700
429	10800	29700
430	23400	30300
431	9000	15900
432	12600	18900
433	19800	26700
434	10800	29700
435	23400	30300
436	16200	24900
437	12600	19500
438	9000	18900
439	23400	30300
440	12600	18900
441	19800	26700
442	12600	19500
443	19800	26700
444	19800	26700
445	9000	19500
446	10800	30300
447	16200	26700
448	16200	23100
449	23400	30300
450	10800	29700
451	23400	30300
452	19800	26700
453	16200	23100
454	12600	19500
455	10800	29700
456	12600	19500
457	9000	15900
458	9000	19500
459	16200	26700
460	23400	30300
461	23400	30300
462	12600	19500
463	10800	30300
464	10800	29700
465	10800	30300
466	10800	29700
467	12600	19500
468	10800	29700
469	23400	30300
470	19800	26700
471	10800	30300
472	19800	26700
473	9000	19500
474	19800	26700
475	23400	30300
476	12600	19500
477	23400	30300
478	16200	26100
479	10800	30300
480	19800	26700
481	19800	26100
482	12600	18840
483	10800	29700
484	10800	29700
485	16200	23100
486	19800	26700
487	23400	30300
488	10800	29700
489	23400	30300
490	9000	19500
491	10800	30300
492	19800	26100
493	16200	26700
494	16200	23100
495	10800	30300
496	16200	26100
497	19800	26700
498	19800	26700
499	9000	19500
500	23400	30300
501	9000	15900
502	10800	30300
503	16200	23100
504	10800	29700
505	12600	19500
506	16200	23100
507	18000	36900
508	19800	26700
509	19800	26700
510	19800	26700
511	16200	23100
512	19800	26700
513	16200	26700
514	10800	30300
515	10800	30300
516	19800	26700
517	10800	30300
518	10800	30300
519	12600	19500
520	23400	30300
521	19800	26700
522	19800	26700
523	9000	19500
524	16200	26700
525	19800	26700
526	12600	19500
527	19800	26700
528	23400	30300
529	9000	19500
530	19800	26100
531	10800	30300
532	19800	26700
533	9000	15900
534	18000	37500
535	9000	15900
536	23400	30300
537	10800	30300
538	12600	19500
539	19800	26700
540	9000	19500
541	9000	19500
542	23400	30300
543	10800	29700
544	9000	19500
545	19800	26700
546	23400	30300
547	16200	23100
548	10800	30300
549	12600	19500
550	19800	26700
551	16200	23100
552	10800	30300
553	10800	30300
554	9000	19500
555	23400	30300
556	23400	30300
557	10800	30300
558	23400	30300
559	12600	19500
560	19800	26100
561	16200	23100
562	10800	30300
563	10800	29700
564	19800	26700
565	12600	19500
566	9000	19500
567	16200	26700
568	9000	19500
569	23400	30300
570	19800	26700
571	12600	19500
572	19800	26700
573	10800	29700
574	16200	26100
575	16200	23100
576	19800	26700
577	16200	26700
578	12600	19500
579	19800	26700
580	19800	26700
581	9000	19500
582	16200	26100
583	19800	26700
584	16200	23100
585	9000	19500
586	19800	26100
587	12600	19500
588	12600	19500
589	10800	30300
590	19800	26700
591	16200	26700
592	9000	19500
593	10800	30300
594	12600	19500
595	19800	26700
596	12600	19500
597	12600	19500
598	23400	30300
599	23400	30300
600	9000	19500
601	10800	30300
602	18000	37500
603	23400	30300
604	9000	19500
605	10800	29700
606	10800	30300
607	19800	26700
608	16200	23100
609	10800	30300
610	19800	26700
611	23400	30300
612	10800	30300
613	23400	30300
614	23400	30300
615	23400	30300
616	19800	26700
617	10800	30300
618	9000	19500
619	12600	19500
620	10800	30300
621	12600	19500
622	12600	19500
623	16200	23100
624	12600	19500
625	16200	23100
626	16200	23100
627	19800	26700
628	16200	24900
629	16200	23100
630	9000	19500
631	9000	18900
632	12600	19500
633	19800	26700
634	16200	22500
635	12600	19500
636	9000	18900
637	9000	19500
638	16200	26700
639	19800	26700
640	23400	30300
641	19800	26700
642	19800	26700
643	23400	30300
644	10800	30300
645	16200	26700
646	19800	26700
647	19800	26700
648	23400	30300
649	19800	26700
650	9000	19500
651	9000	19500
652	10800	30300
653	10800	30300
654	9000	18900
655	10800	30300
656	10800	30300
657	10800	30300
658	10800	29700
659	23400	30300
660	23400	30300
661	16200	26700
662	12600	19500
663	19800	26700
664	23400	30300
665	19800	26700
666	19800	26700
667	10800	30300
668	23400	30300
669	19800	26700
670	10800	30300
671	12600	19500
672	16200	26700
673	23400	30300
674	19800	26700
675	19800	26700
676	19800	26700
677	10800	30300
678	19800	26700
679	19800	26700
680	23400	30300
681	23400	30300
682	10800	30300
683	19800	26700
684	10800	29700
685	23400	30300
686	23400	30300
687	19800	26700
688	16200	26700
689	16200	26700
690	19800	26700
691	12600	19500
692	19800	26700
693	16200	24900
694	12600	19500
695	12600	19500
696	19800	26700
697	10800	30300
698	10800	30300
699	10800	30300
700	23400	30300
701	16200	26700
702	9000	19500
703	10800	30300
704	23400	30300
705	10800	30300
706	19800	26100
707	10800	30300
708	23400	30300
709	23400	30300
710	10800	29700
711	10800	29700
712	23400	30300
713	10800	30300
714	16200	23100
715	10800	30300
716	10800	29700
717	19800	26700
718	16200	26700
719	10800	30300
720	10800	30300
721	23400	30300
722	19800	26700
723	23400	30300
724	10800	30300
725	23400	30300
726	10800	29700
727	10800	30300
728	10800	30300
729	18000	37500
730	10800	30300
731	19800	26700
732	19800	26700
733	10800	30300
734	23400	30300
735	10800	30300
736	16200	26700
737	10800	30300
738	10800	30300
739	18000	37500
740	16200	24900
741	10800	30300
742	10800	30300
743	19800	26700
744	23400	30300
745	16200	23100
746	19800	26700
747	10800	30300
748	23400	30300
749	10800	30300
750	23400	30300
751	19800	26700
752	19800	26700
753	23400	30300
754	10800	30300
755	16200	26700
756	10800	30300
757	19800	26100
758	16200	26100
759	19800	26700
760	16200	26700
761	23400	30300
762	16200	26700
763	19800	26700
764	19800	26700
765	19800	26700
766	23400	30300
767	23400	30300
768	23400	30300
769	23400	30300
770	23400	30300
771	16200	24900
772	23400	30300
773	16200	26100
774	19800	26100
775	16200	23100
776	23400	30300
777	19800	26700
778	27000	36900
779	10800	29700
780	23400	30300
781	16200	26700
782	19800	26100
783	19800	26700
784	19800	26700
785	23400	30300
786	10800	29700
787	10800	30300
788	10800	30300
789	10800	30300
790	16200	26700
791	16200	26700
792	19800	26700
793	16200	26700
794	19800	26700
795	10800	29700
796	19800	26700
797	19800	26700
798	10800	29700
799	23400	30300
800	23400	30300
801	23400	30300
802	19800	26700
803	16200	23100
804	10800	30300
805	19800	26700
806	10800	30300
807	23400	30300
808	10800	29700
809	16200	26700
810	19800	26700
811	10800	30300
812	19800	26700
813	16200	24900
814	23400	30300
815	16200	23100
816	10800	30300
817	10800	30300
818	10800	30300
819	10800	30300
820	10800	30300
821	23400	30300
822	10800	30300
823	10800	29700
824	19800	26700
825	23400	30300
826	23400	30300
827	10800	29700
828	19800	26700
829	10800	30300
830	18000	36900
831	23400	30300
832	16200	26100
833	19800	26700
834	19800	26700
835	19800	26700
836	19800	26700
837	19800	26700
838	23400	30300
839	19800	26700
840	23400	30300
841	19800	26700
842	10800	29700
843	19800	26700
844	10800	29700
845	23400	30300
846	18000	37500
847	10800	30300
848	10800	30300
849	10800	30300
850	19800	26700
851	16200	26700
852	16200	26700
853	19800	26700
854	23400	30300
855	10800	29700
856	18000	37500
857	10800	29700
858	19800	26700
859	16200	26700
860	10800	30300
861	16200	26700
862	23400	30300
863	23400	30300
864	23400	30300
865	16200	26700
866	10800	30300
867	19800	26700
868	23400	30300
869	10800	29700
870	10800	30300
871	23400	30300
872	10800	29700
873	16200	26100
874	10800	30300
875	10800	30300
876	16200	26700
877	10800	29700
878	23400	30300
879	18000	37500
880	10800	30300
881	10800	30300
882	10800	30300
883	23400	30300
884	10800	30300
885	10800	30300
886	23400	30300
887	19800	26700
888	10800	30300
889	10800	30300
890	10800	29700
891	23400	30300
892	10800	30300
893	10800	30300
894	19800	26700
895	10800	30300
896	19800	26100
897	10800	30300
898	23400	30300
899	10800	30300
900	23400	30300
901	23400	30300
902	16200	26700
903	10800	30300
904	23400	30300
905	10800	30300
906	10800	30300
907	23400	30300
908	19800	26700
909	19800	26700
910	10800	30300
911	23400	30300
912	10800	30300
913	19800	26700
914	23400	30300
915	10800	29700
916	19800	26700
917	16200	26700
918	19800	26700
919	10800	30300
920	10800	30300
921	23400	30300
922	23400	30300
923	18000	37500
924	23400	30300
925	23400	30300
926	10800	30300
927	10800	30300
928	10800	29700
929	10800	30300
930	10800	29700
931	10800	30300
932	23400	30300
933	10800	30300
934	23400	30300
935	10800	30300
936	10800	30300
937	10800	29700
938	10800	30300
939	23400	30300
940	10800	30300
941	23400	30300
942	10800	30300
943	10800	30300
944	10800	30300
945	23400	30300
946	23400	30300
RELEASE_TIME_SECTION
1	0
2	5400
3	5400
4	5400
5	5400
6	5400
7	5400
8	5400
9	5400
10	5400
11	5400
12	5400
13	5400
14	5400
15	5400
16	5400
17	5400
18	5400
19	5400
20	5400
21	5400
22	5400
23	5400
24	5400
25	5400
26	5400
27	5400
28	5400
29	5400
30	5400
31	5400
32	5400
33	5400
34	5400
35	5400
36	5400
37	5400
38	5400
39	5400
40	5400
41	5400
42	5400
43	5400
44	5400
45	5400
46	5400
47	5400
48	5400
49	5400
50	5400
51	5400
52	5400
53	5400
54	5400
55	5400
56	5400
57	5400
58	5400
59	5400
60	5400
61	5400
62	5400
63	5400
64	5400
65	5400
66	5400
67	5400
68	5400
69	5400
70	5400
71	5400
72	5400
73	5400
74	5400
75	5400
76	5400
77	5400
78	5400
79	5400
80	5400
81	5400
82	5400
83	5400
84	5400
85	5400
86	5400
87	5400
88	5400
89	5400
90	5400
91	5400
92	5400
93	5400
94	5400
95	5400
96	5400
97	5400
98	5400
99	5400
100	5400
101	5400
102	7200
103	7200
104	7200
105	7200
106	7200
107	7200
108	7200
109	7200
110	7200
111	7200
112	7200
113	7200
114	7200
115	7200
116	7200
117	7200
118	7200
119	7200
120	7200
121	7200
122	7200
123	7200
124	7200
125	7200
126	7200
127	7200
128	7200
129	7200
130	7200
131	7200
132	7200
133	7200
134	7200
135	7200
136	7200
137	7200
138	7200
139	7200
140	7200
141	7200
142	7200
143	7200
144	7200
145	7200
146	7200
147	7200
148	7200
149	7200
150	7200
151	7200
152	7200
153	7200
154	7200
155	7200
156	7200
157	7200
158	7200
159	7200
160	7200
161	7200
162	7200
163	7200
164	7200
165	7200
166	7200
167	7200
168	7200
169	7200
170	7200
171	7200
172	7200
173	7200
174	7200
175	7200
176	7200
177	7200
178	7200
179	7200
180	7200
181	7200
182	7200
183	7200
184	7200
185	7200
186	7200
187	7200
188	7200
189	7200
190	7200
191	7200
192	7200
193	7200
194	7200
195	7200
196	7200
197	7200
198	7200
199	7200
200	7200
201	7200
202	9000
203	9000
204	9000
205	9000
206	9000
207	9000
208	9000
209	9000
210	9000
211	9000
212	9000
213	9000
214	9000
215	9000
216	9000
217	9000
218	9000
219	9000
220	9000
221	9000
222	9000
223	9000
224	9000
225	9000
226	9000
227	9000
228	9000
229	9000
230	9000
231	9000
232	9000
233	9000
234	9000
235	9000
236	9000
237	9000
238	9000
239	9000
240	9000
241	9000
242	9000
243	9000
244	9000
245	9000
246	9000
247	9000
248	9000
249	9000
250	9000
251	9000
252	9000
253	9000
254	9000
255	9000
256	9000
257	9000
258	9000
259	9000
260	9000
261	9000
262	9000
263	9000
264	9000
265	9000
266	9000
267	9000
268	9000
269	9000
270	9000
271	9000
272	9000
273	9000
274	9000
275	9000
276	9000
277	9000
278	9000
279	9000
280	9000
281	9000
282	9000
283	9000
284	9000
285	9000
286	9000
287	9000
288	9000
289	9000
290	9000
291	9000
292	9000
293	9000
294	9000
295	9000
296	9000
297	9000
298	9000
299	9000
300	10800
301	10800
302	10800
303	10800
304	10800
305	10800
306	10800
307	10800
308	10800
309	10800
310	10800
311	10800
312	10800
313	10800
314	10800
315	10800
316	10800
317	10800
318	10800
319	10800
320	10800
321	10800
322	10800
323	10800
324	10800
325	10800
326	10800
327	10800
328	10800
329	10800
330	10800
331	10800
332	10800
333	10800
334	10800
335	10800
336	10800
337	10800
338	10800
339	10800
340	10800
341	10800
342	10800
343	10800
344	10800
345	10800
346	10800
347	10800
348	10800
349	10800
350	10800
351	10800
352	10800
353	10800
354	10800
355	10800
356	10800
357	10800
358	10800
359	10800
360	10800
361	10800
362	10800
363	10800
364	10800
365	10800
366	10800
367	10800
368	10800
369	10800
370	10800
371	10800
372	10800
373	10800
374	10800
375	10800
376	10800
377	10800
378	10800
379	10800
380	10800
381	10800
382	10800
383	10800
384	10800
385	10800
386	10800
387	10800
388	10800
389	10800
390	10800
391	10800
392	10800
393	10800
394	12600
395	12600
396	12600
397	12600
398	12600
399	12600
400	12600
401	12600
402	12600
403	12600
404	12600
405	12600
406	12600
407	12600
408	12600
409	12600
410	12600
411	12600
412	12600
413	12600
414	12600
415	12600
416	12600
417	12600
418	12600
419	12600
420	12600
421	12600
422	12600
423	12600
424	12600
425	12600
426	12600
427	12600
428	12600
429	12600
430	12600
431	12600
432	12600
433	12600
434	12600
435	12600
436	12600
437	12600
438	12600
439	12600
440	12600
441	12600
442	12600
443	12600
444	12600
445	12600
446	12600
447	12600
448	12600
449	12600
450	12600
451	12600
452	12600
453	12600
454	12600
455	12600
456	12600
457	12600
458	12600
459	12600
460	12600
461	12600
462	12600
463	12600
464	12600
465	12600
466	12600
467	12600
468	12600
469	12600
470	12600
471	12600
472	12600
473	12600
474	12600
475	12600
476	12600
477	12600
478	12600
479	12600
480	12600
481	14400
482	14400
483	14400
484	14400
485	14400
486	14400
487	14400
488	14400
489	14400
490	14400
491	14400
492	14400
493	14400
494	14400
495	14400
496	14400
497	14400
498	14400
499	14400
500	14400
501	14400
502	14400
503	14400
504	14400
505	14400
506	14400
507	14400
508	14400
509	14400
510	14400
511	14400
512	14400
513	14400
514	14400
515	14400
516	14400
517	14400
518	14400
519	14400
520	14400
521	14400
522	14400
523	14400
524	14400
525	14400
526	14400
527	14400
528	14400
529	14400
530	14400
531	14400
532	14400
533	14400
534	14400
535	14400
536	14400
537	14400
538	14400
539	14400
540	14400
541	14400
542	14400
543	14400
544	14400
545	14400
546	14400
547	14400
548	14400
549	14400
550	14400
551	14400
552	14400
553	14400
554	14400
555	14400
556	14400
557	14400
558	14400
559	14400
560	14400
561	14400
562	14400
563	14400
564	14400
565	14400
566	14400
567	14400
568	16200
569	16200
570	16200
571	16200
572	16200
573	16200
574	16200
575	16200
576	16200
577	16200
578	16200
579	16200
580	16200
581	16200
582	16200
583	16200
584	16200
585	16200
586	16200
587	16200
588	16200
589	16200
590	16200
591	16200
592	16200
593	16200
594	16200
595	16200
596	16200
597	16200
598	16200
599	16200
600	16200
601	16200
602	16200
603	16200
604	16200
605	16200
606	16200
607	16200
608	16200
609	16200
610	16200
611	16200
612	16200
613	16200
614	16200
615	16200
616	16200
617	16200
618	16200
619	16200
620	16200
621	16200
622	16200
623	16200
624	16200
625	16200
626	16200
627	16200
628	16200
629	16200
630	16200
631	16200
632	16200
633	16200
634	16200
635	16200
636	16200
637	16200
638	16200
639	16200
640	16200
641	16200
642	18000
643	18000
644	18000
645	18000
646	18000
647	18000
648	18000
649	18000
650	18000
651	18000
652	18000
653	18000
654	18000
655	18000
656	18000
657	18000
658	18000
659	18000
660	18000
661	18000
662	18000
663	18000
664	18000
665	18000
666	18000
667	18000
668	18000
669	18000
670	18000
671	18000
672	18000
673	18000
674	18000
675	18000
676	18000
677	18000
678	18000
679	18000
680	18000
681	18000
682	18000
683	18000
684	18000
685	18000
686	18000
687	18000
688	18000
689	18000
690	18000
691	18000
692	18000
693	18000
694	18000
695	18000
696	18000
697	18000
698	18000
699	18000
700	18000
701	18000
702	18000
703	18000
704	18000
705	18000
706	18000
707	18000
708	18000
709	19800
710	19800
711	19800
712	19800
713	19800
714	19800
715	19800
716	19800
717	19800
718	19800
719	19800
720	19800
721	19800
722	19800
723	19800
724	19800
725	19800
726	19800
727	19800
728	19800
729	19800
730	19800
731	19800
732	19800
733	19800
734	19800
735	19800
736	19800
737	19800
738	19800
739	19800
740	19800
741	19800
742	19800
743	19800
744	19800
745	19800
746	19800
747	19800
748	19800
749	19800
750	19800
751	19800
752	19800
753	19800
754	19800
755	19800
756	19800
757	19800
758	19800
759	19800
760	19800
761	19800
762	19800
763	19800
764	19800
765	19800
766	19800
767	19800
768	19800
769	19800
770	19800
771	19800
772	19800
773	19800
774	19800
775	21600
776	21600
777	21600
778	21600
779	21600
780	21600
781	21600
782	21600
783	21600
784	21600
785	21600
786	21600
787	21600
788	21600
789	21600
790	21600
791	21600
792	21600
793	21600
794	21600
795	21600
796	21600
797	21600
798	21600
799	21600
800	21600
801	21600
802	21600
803	21600
804	21600
805	21600
806	21600
807	21600
808	21600
809	21600
810	21600
811	21600
812	21600
813	21600
814	21600
815	21600
816	21600
817	21600
818	21600
819	21600
820	21600
821	21600
822	21600
823	21600
824	21600
825	21600
826	21600
827	21600
828	21600
829	21600
830	21600
831	23400
832	23400
833	23400
834	23400
835	23400
836	23400
837	23400
838	23400
839	23400
840	23400
841	23400
842	23400
843	23400
844	23400
845	23400
846	23400
847	23400
848	23400
849	23400
850	23400
851	23400
852	23400
853	23400
854	23400
855	23400
856	23400
857	23400
858	23400
859	23400
860	23400
861	23400
862	23400
863	23400
864	23400
865	23400
866	23400
867	23400
868	23400
869	23400
870	23400
871	23400
872	23400
873	23400
874	23400
875	23400
876	23400
877	23400
878	25200
879	25200
880	25200
881	25200
882	25200
883	25200
884	25200
885	25200
886	25200
887	25200
888	25200
889	25200
890	25200
891	25200
892	25200
893	25200
894	25200
895	25200
896	25200
897	25200
898	25200
899	25200
900	25200
901	25200
902	25200
903	25200
904	25200
905	25200
906	25200
907	25200
908	25200
909	25200
910	25200
911	25200
912	25200
913	25200
914	25200
915	25200
916	25200
917	25200
918	25200
919	27000
920	27000
921	27000
922	27000
923	27000
924	27000
925	27000
926	27000
927	27000
928	27000
929	27000
930	27000
931	27000
932	27000
933	27000
934	27000
935	27000
936	27000
937	27000
938	27000
939	27000
940	27000
941	27000
942	27000
943	27000
944	27000
945	27000
946	27000
EOF
