NAME : ORTEC-VRPTW-ASYM-7101755b-d1-n896
TYPE : VRPTW-RT
DIMENSION : 897
EDGE_WEIGHT_TYPE : EUC_2D
CAPACITY : 160
NODE_COORD_SECTION
1	2635	5076
2	4950	5579
3	2054	5642
4	2052	6652
5	3309	3957
6	3128	5636
7	4361	4182
8	3774	3625
9	2970	5743
10	1753	5955
11	5479	3371
12	4055	4609
13	5299	2715
14	5993	2509
15	5360	3469
16	5369	3137
17	2763	5853
18	1522	6737
19	5271	2833
20	5235	2850
21	1515	6470
22	2828	4961
23	3210	6706
24	3394	3651
25	5102	2713
26	5793	2166
27	2643	6903
28	2985	4286
29	2787	5567
30	2848	6526
31	4327	4771
32	4560	4091
33	1753	5955
34	2998	6467
35	5717	3092
36	2282	7191
37	3895	3512
38	5250	2824
39	2774	5220
40	4181	6816
41	2379	6721
42	3436	3781
43	1918	6004
44	5741	2823
45	5956	2210
46	4813	2215
47	3394	3651
48	2299	5349
49	2851	4126
50	3572	4130
51	5812	3000
52	2368	5790
53	1326	7376
54	1981	6061
55	3573	3836
56	1250	6771
57	3071	3954
58	3240	4100
59	1714	7174
60	1274	7069
61	3485	3908
62	2931	5699
63	1309	6901
64	1274	7489
65	3011	4049
66	3679	3441
67	3023	4400
68	3579	3563
69	4514	2754
70	3751	3602
71	2299	5349
72	1629	7870
73	5488	3848
74	2379	6721
75	4037	6124
76	1996	6386
77	2500	5978
78	5536	1730
79	1515	6470
80	3554	4896
81	1825	7045
82	5151	2503
83	3873	3474
84	3130	4637
85	2924	6664
86	1996	6386
87	3939	4300
88	3114	5469
89	4673	5002
90	5091	4125
91	2721	5687
92	3612	3524
93	2500	5978
94	3318	4341
95	4721	4284
96	5868	3140
97	5492	1794
98	5213	2274
99	3423	3860
100	2629	6731
101	3003	5644
102	4659	2514
103	3594	3739
104	2774	6493
105	3348	3499
106	3304	3927
107	5151	2503
108	3579	3563
109	3427	5087
110	4612	2397
111	1641	6657
112	3512	3533
113	2663	7045
114	2260	6844
115	5730	1597
116	2998	6467
117	5536	1730
118	5993	2509
119	5483	1630
120	5259	2692
121	3981	5654
122	2577	5733
123	3408	5474
124	5024	4215
125	3011	4049
126	5991	2878
127	3128	6605
128	2699	6832
129	3514	3887
130	2344	7159
131	2998	6467
132	2885	6544
133	4099	3489
134	6031	2626
135	3113	5622
136	5038	4151
137	3191	6929
138	2343	7013
139	5299	2715
140	3023	4400
141	2848	6526
142	2167	6750
143	3770	3389
144	2828	4961
145	2124	6587
146	3939	4300
147	5536	1730
148	3353	4835
149	3197	4249
150	3774	3320
151	3176	3898
152	5151	2503
153	3442	3958
154	1481	6803
155	4197	4405
156	2008	6870
157	3408	3899
158	1411	7054
159	2158	6196
160	1825	7045
161	2885	6544
162	3389	4687
163	5505	2407
164	2990	5688
165	1981	6061
166	3981	5654
167	1660	6581
168	1309	6901
169	3522	3860
170	3612	3959
171	3297	5030
172	3475	4806
173	3579	3563
174	3318	4341
175	3313	4920
176	1990	6914
177	1376	7081
178	2596	6018
179	2509	6460
180	2710	6997
181	4421	4586
182	5993	2509
183	2592	6555
184	1868	5903
185	5730	1597
186	2923	6824
187	3343	4098
188	2851	4126
189	4181	6816
190	1881	6476
191	5479	3371
192	3103	4352
193	2663	7045
194	2368	5790
195	1099	7465
196	4037	6124
197	5299	2715
198	2868	4073
199	4269	5152
200	2472	7146
201	3930	4893
202	1543	7768
203	2020	6615
204	2687	6456
205	5272	2665
206	1481	6803
207	2724	5849
208	6102	1836
209	5741	2823
210	1515	6470
211	2924	6664
212	4206	4513
213	2955	4610
214	2931	5699
215	4041	3175
216	1844	7071
217	3871	4824
218	1972	6300
219	3631	3426
220	2351	6694
221	3184	4007
222	3664	3848
223	4947	4128
224	4047	5602
225	2877	6219
226	1963	6650
227	6031	2626
228	2314	6866
229	2245	5529
230	2123	6588
231	3567	3707
232	3256	4023
233	3239	4251
234	2828	4961
235	5880	2727
236	3389	4687
237	1333	6984
238	5202	2869
239	1522	6737
240	3607	5258
241	1825	7045
242	1552	7124
243	3435	3717
244	3070	6511
245	4721	4284
246	3309	3957
247	3664	3848
248	3348	3499
249	2292	5885
250	5005	4248
251	1641	6657
252	5993	2509
253	2314	6866
254	1918	6004
255	5151	2503
256	2143	7634
257	5091	4125
258	1881	6476
259	1746	7352
260	4856	3861
261	4882	4406
262	1885	6320
263	3827	4852
264	3103	4286
265	4508	2632
266	3981	5654
267	2211	7054
268	2885	6544
269	3285	4037
270	1640	6906
271	4100	5204
272	3522	3860
273	1984	6013
274	2191	7077
275	3131	4068
276	4047	5602
277	5023	2423
278	1981	6061
279	1807	6798
280	3114	5469
281	2028	6897
282	2822	4995
283	2028	6897
284	1885	6320
285	3427	5087
286	1629	7870
287	3327	5025
288	1918	6004
289	3394	3651
290	4856	3861
291	3554	4896
292	2477	5273
293	3602	3705
294	3113	5622
295	3219	5441
296	5880	2727
297	2407	7231
298	3514	3887
299	3572	4130
300	2885	6544
301	5618	2835
302	5282	2718
303	4668	2526
304	4234	6689
305	4514	2754
306	2552	6701
307	4517	5227
308	1864	7644
309	3564	3631
310	5868	3140
311	1309	6901
312	5534	2356
313	3184	4007
314	3022	5485
315	1196	7228
316	3567	3707
317	2123	6588
318	2931	5699
319	4668	2526
320	4905	2684
321	1955	6268
322	3753	3372
323	4497	2635
324	3388	3713
325	2527	6236
326	2606	7257
327	1934	5601
328	3353	4835
329	3139	4090
330	3285	4037
331	3176	3898
332	2527	6236
333	3367	3897
334	2699	6832
335	2320	6729
336	5038	4151
337	5729	2251
338	4376	5829
339	4065	4450
340	4264	5055
341	2123	6588
342	3704	4852
343	5921	1572
344	2000	7187
345	1541	6741
346	5190	2900
347	3285	4365
348	3240	4100
349	4627	2331
350	1771	6407
351	3408	3899
352	2529	5298
353	1178	7363
354	3130	4637
355	4041	6296
356	2832	6833
357	3770	3389
358	5261	2114
359	3997	4461
360	3381	4921
361	1522	6737
362	5272	2665
363	3572	4130
364	2990	5688
365	2687	6570
366	2592	6555
367	2868	4073
368	2212	6208
369	2124	6587
370	4100	5204
371	4692	2853
372	2299	5349
373	3327	5025
374	5426	2858
375	3015	4369
376	1968	6975
377	2187	6986
378	1990	6914
379	4151	4628
380	2625	5022
381	2568	5629
382	4234	6689
383	2858	6489
384	4649	2676
385	3256	4023
386	2568	5629
387	6317	1549
388	4128	5282
389	2663	7045
390	4905	2684
391	3522	3860
392	5793	2166
393	3348	3499
394	1274	7069
395	2577	5733
396	1178	7363
397	2629	6731
398	1481	6803
399	1963	6650
400	2805	6765
401	2020	6615
402	2509	7036
403	3383	6691
404	1309	6901
405	5483	1630
406	5091	4125
407	3408	5474
408	3774	3625
409	2805	6765
410	3240	4100
411	1807	6798
412	4101	6430
413	5038	4151
414	3873	3474
415	2666	5617
416	3972	5041
417	2282	7191
418	1955	6268
419	4234	6689
420	4835	2408
421	3358	3859
422	2955	4610
423	3481	3768
424	2970	5743
425	3871	4824
426	5705	2455
427	3383	6691
428	3283	4207
429	3176	3898
430	2666	5617
431	2212	6208
432	2868	4073
433	2595	6899
434	2245	5529
435	5213	2274
436	3522	3540
437	2292	5885
438	2408	5052
439	5534	2356
440	3588	3740
441	2500	5978
442	5993	2509
443	4404	4742
444	3385	4949
445	3353	4835
446	3384	3583
447	1864	7644
448	3857	3452
449	6015	2516
450	3384	3583
451	3436	3781
452	3090	4139
453	1908	6741
454	4181	6816
455	1554	7105
456	4721	4284
457	2492	5077
458	3668	3730
459	5102	2713
460	2853	6862
461	2885	6544
462	1024	7464
463	6148	2514
464	2969	6369
465	3042	5561
466	3385	4949
467	2529	5298
468	1799	7171
469	3388	3713
470	2737	4922
471	3612	3959
472	3245	5081
473	2368	5790
474	2201	6299
475	3103	4352
476	2871	4659
477	4085	4593
478	3576	5017
479	2785	6683
480	3383	6691
481	3475	4806
482	3753	3372
483	5360	3469
484	3997	4461
485	5705	2455
486	1972	6300
487	1384	7056
488	2063	7924
489	5729	2251
490	1938	7245
491	3527	3987
492	5699	1531
493	4197	4405
494	4101	6430
495	3522	3514
496	3385	4949
497	2663	7045
498	1799	7171
499	5117	2769
500	4327	4771
501	2073	5520
502	5360	3469
503	2916	4800
504	3666	3581
505	3309	3957
506	4041	3175
507	2851	4126
508	1812	6972
509	4189	5149
510	4361	4182
511	2509	7036
512	2985	4286
513	5376	2893
514	2592	6555
515	3131	5013
516	3774	3625
517	4505	2762
518	5389	2808
519	3857	3452
520	2724	5849
521	1981	6061
522	4085	4593
523	2832	6833
524	2990	5688
525	3385	4949
526	2601	6699
527	3197	4249
528	1788	6179
529	3602	3705
530	3602	3705
531	4905	2684
532	3139	4090
533	2721	5687
534	3751	3602
535	3023	4400
536	1589	6814
537	3052	5578
538	2885	6544
539	2710	6997
540	4813	2215
541	5102	2713
542	2802	4773
543	2592	6555
544	4508	2632
545	2805	6765
546	5952	2442
547	2710	6997
548	3114	5469
549	2527	6236
550	2725	6683
551	1868	5903
552	5038	4151
553	1676	6896
554	5271	2833
555	3704	4852
556	3756	5136
557	3098	4177
558	3023	4400
559	3103	4352
560	2687	6570
561	2008	6870
562	3176	3898
563	2523	7367
564	3939	4300
565	3704	4852
566	1911	6134
567	2052	7272
568	3485	3908
569	3388	3713
570	3612	3959
571	2000	7187
572	2630	6555
573	1746	7352
574	5426	2858
575	3191	6929
576	3128	5636
577	2568	5629
578	1629	7870
579	2523	7367
580	2028	6897
581	1274	7489
582	3285	4365
583	4206	4513
584	5360	3469
585	3485	3908
586	2123	6588
587	2822	4995
588	2201	6299
589	3475	4806
590	5492	1794
591	4126	5285
592	4249	5779
593	3023	5363
594	1740	7230
595	3972	5041
596	3564	3631
597	1938	7245
598	2685	6470
599	2233	5284
600	3668	3730
601	3485	3908
602	4197	4405
603	6029	2509
604	2892	6379
605	2985	4286
606	4007	5524
607	3128	5636
608	3408	3899
609	3098	4177
610	2998	6467
611	5190	2900
612	2357	5617
613	3055	5655
614	3309	3957
615	4673	5002
616	5446	2467
617	2343	7013
618	3930	4893
619	2871	4659
620	1849	6984
621	1740	7230
622	3348	3499
623	3197	4249
624	2219	6056
625	3097	4228
626	3481	3768
627	3385	4949
628	1024	7464
629	2965	5580
630	4310	4816
631	4181	6816
632	2885	6544
633	3427	5087
634	4041	3175
635	3309	3957
636	5446	2467
637	4361	4182
638	3148	4345
639	2191	7077
640	1541	7204
641	3522	3540
642	2997	4251
643	1347	7220
644	1695	7621
645	4905	2684
646	2965	5580
647	3226	5362
648	5426	2858
649	1955	6268
650	3567	3707
651	2052	7272
652	3774	3625
653	2552	6701
654	3435	3717
655	3113	5622
656	3343	4098
657	3283	4207
658	5676	1727
659	2805	6765
660	1963	6650
661	5369	3137
662	4132	5001
663	2477	5940
664	4984	4780
665	5091	4125
666	5091	4125
667	1555	6738
668	3849	5257
669	4361	4182
670	3114	5469
671	3353	4835
672	2500	5978
673	1196	7228
674	1771	6407
675	1955	6268
676	1444	7550
677	3659	4498
678	5717	3092
679	3481	3768
680	1771	6407
681	4514	2754
682	4055	4609
683	1825	7045
684	6148	2514
685	5921	1572
686	3184	4007
687	2292	6924
688	4249	5779
689	4517	5227
690	1811	6261
691	1908	6741
692	3097	4228
693	1934	5601
694	4310	4816
695	1640	6906
696	3867	3455
697	5991	2878
698	2509	7036
699	4024	4456
700	4310	4816
701	3594	3739
702	3055	5655
703	3132	5510
704	4505	2762
705	4017	4704
706	2478	6137
707	2509	7036
708	1660	6581
709	5091	4125
710	4721	4284
711	1807	6798
712	4128	5282
713	6152	1754
714	5102	2713
715	6378	1520
716	2990	5688
717	4393	2892
718	3602	3705
719	2245	5529
720	3522	3540
721	4984	4780
722	2596	6018
723	1984	6013
724	3090	4139
725	3554	4896
726	5719	3515
727	2699	6832
728	3554	4896
729	2405	5060
730	3131	5013
731	6031	2626
732	2000	7187
733	3442	3958
734	2871	4659
735	2368	5790
736	4007	5524
737	2691	4912
738	5729	2251
739	3210	6706
740	4047	5602
741	1740	7604
742	1522	6737
743	2931	5699
744	2509	6460
745	2675	6326
746	2787	5567
747	2000	7187
748	3097	4228
749	5880	2727
750	4835	2408
751	3389	4687
752	2787	5567
753	4813	2215
754	2568	5629
755	3293	4023
756	3394	3651
757	2191	7077
758	3657	3618
759	3318	4341
760	3283	4207
761	2764	6827
762	1704	6714
763	3384	3583
764	3286	3964
765	2475	5398
766	3423	3860
767	6152	1754
768	2601	6699
769	4310	4816
770	3857	3452
771	2959	4044
772	1746	7352
773	2114	6453
774	2964	4438
775	3607	5258
776	4264	5055
777	1807	6798
778	2016	6953
779	2685	6470
780	3588	3923
781	4404	4742
782	3245	5081
783	4497	2635
784	2481	6408
785	3015	4369
786	3385	4949
787	5183	3022
788	2155	7258
789	2052	6652
790	3711	5677
791	5369	3137
792	3098	4177
793	3128	6605
794	3090	4139
795	3412	4931
796	3753	3372
797	5921	1572
798	3252	3991
799	3423	3860
800	5091	4125
801	2282	7191
802	2595	6899
803	4100	5204
804	2924	6664
805	6148	2514
806	3318	4341
807	1274	7069
808	5814	3226
809	4037	6124
810	2016	6953
811	1564	7023
812	1990	6914
813	3023	4400
814	3672	3713
815	2219	6056
816	3515	3405
817	3304	4791
818	1746	7352
819	2219	6056
820	3090	4139
821	2481	6408
822	3283	4207
823	4950	5579
824	2219	6056
825	2167	6750
826	2643	6903
827	3828	5152
828	2924	6664
829	2710	6997
830	2592	6555
831	3576	5017
832	2299	6159
833	3612	3524
834	2814	6777
835	3128	6605
836	3485	3908
837	1934	6435
838	2020	6615
839	2077	6570
840	5299	2715
841	2858	6489
842	4387	2889
843	2724	5849
844	3828	5152
845	4094	4706
846	3408	5474
847	2596	6018
848	1384	7056
849	3313	3619
850	3471	3670
851	2687	6456
852	2583	4889
853	3412	4931
854	4882	4406
855	2212	6208
856	4234	6689
857	5282	2718
858	3097	4228
859	5376	2893
860	5806	2150
861	1812	6972
862	2785	6683
863	5330	2503
864	3512	3533
865	2858	6489
866	3023	4400
867	2964	4438
868	3770	3389
869	6152	1754
870	2912	4433
871	2828	4961
872	3567	3707
873	3131	5013
874	3102	6361
875	5868	3140
876	5814	3226
877	4387	2889
878	2631	6925
879	3139	4090
880	3148	4345
881	2885	6544
882	3522	3540
883	1589	6814
884	3381	4921
885	1771	6407
886	6160	1815
887	5618	2835
888	1990	6914
889	3139	4090
890	3226	5362
891	5330	2503
892	5733	3164
893	5618	2835
894	2008	6870
895	1753	5955
896	3572	4130
897	2868	4073
DEMAND_SECTION
1	0
2	15
3	6
4	6
5	7
6	13
7	5
8	5
9	5
10	6
11	5
12	3
13	6
14	5
15	11
16	9
17	9
18	7
19	7
20	6
21	4
22	6
23	5
24	16
25	7
26	7
27	6
28	4
29	11
30	6
31	10
32	9
33	8
34	5
35	7
36	7
37	7
38	7
39	8
40	9
41	5
42	3
43	5
44	7
45	13
46	6
47	12
48	8
49	9
50	9
51	5
52	3
53	9
54	9
55	6
56	6
57	7
58	11
59	11
60	6
61	10
62	5
63	8
64	6
65	8
66	7
67	8
68	6
69	9
70	8
71	10
72	8
73	6
74	12
75	3
76	6
77	6
78	8
79	4
80	10
81	10
82	6
83	8
84	15
85	12
86	9
87	7
88	5
89	2
90	9
91	3
92	8
93	4
94	8
95	6
96	5
97	10
98	6
99	8
100	6
101	5
102	7
103	10
104	10
105	3
106	4
107	7
108	8
109	8
110	5
111	6
112	8
113	6
114	12
115	9
116	13
117	6
118	12
119	9
120	8
121	7
122	12
123	5
124	8
125	6
126	10
127	3
128	6
129	6
130	8
131	10
132	9
133	12
134	5
135	10
136	10
137	3
138	4
139	8
140	2
141	7
142	6
143	5
144	11
145	5
146	6
147	5
148	9
149	3
150	7
151	4
152	9
153	7
154	7
155	6
156	5
157	7
158	7
159	4
160	7
161	4
162	9
163	5
164	6
165	4
166	12
167	8
168	2
169	8
170	4
171	7
172	9
173	6
174	7
175	6
176	8
177	6
178	7
179	3
180	6
181	6
182	5
183	7
184	5
185	7
186	10
187	7
188	8
189	6
190	4
191	7
192	5
193	4
194	5
195	4
196	8
197	7
198	6
199	9
200	9
201	5
202	8
203	7
204	6
205	7
206	11
207	9
208	4
209	11
210	3
211	7
212	3
213	3
214	15
215	6
216	7
217	6
218	16
219	5
220	5
221	8
222	6
223	10
224	8
225	11
226	6
227	5
228	3
229	9
230	8
231	4
232	3
233	4
234	4
235	5
236	9
237	5
238	4
239	16
240	13
241	6
242	7
243	8
244	7
245	7
246	5
247	9
248	9
249	7
250	10
251	11
252	15
253	9
254	6
255	5
256	9
257	11
258	6
259	7
260	8
261	5
262	7
263	2
264	5
265	8
266	5
267	5
268	9
269	5
270	6
271	5
272	9
273	4
274	4
275	4
276	5
277	8
278	5
279	4
280	6
281	6
282	3
283	11
284	3
285	5
286	9
287	8
288	6
289	12
290	5
291	4
292	8
293	3
294	4
295	8
296	7
297	4
298	7
299	6
300	7
301	7
302	5
303	9
304	11
305	7
306	6
307	6
308	5
309	5
310	7
311	3
312	5
313	4
314	7
315	7
316	8
317	4
318	5
319	9
320	4
321	5
322	7
323	6
324	3
325	4
326	10
327	5
328	8
329	7
330	7
331	4
332	7
333	4
334	5
335	9
336	9
337	6
338	5
339	6
340	5
341	3
342	4
343	8
344	11
345	7
346	3
347	6
348	4
349	5
350	14
351	9
352	10
353	13
354	2
355	5
356	13
357	3
358	9
359	10
360	6
361	2
362	4
363	7
364	4
365	6
366	5
367	3
368	4
369	3
370	8
371	4
372	9
373	5
374	6
375	6
376	7
377	6
378	10
379	7
380	5
381	5
382	9
383	6
384	12
385	4
386	5
387	8
388	3
389	9
390	5
391	3
392	9
393	3
394	3
395	4
396	5
397	4
398	7
399	8
400	8
401	5
402	7
403	12
404	9
405	7
406	7
407	5
408	7
409	6
410	6
411	5
412	5
413	11
414	3
415	7
416	5
417	5
418	12
419	6
420	9
421	6
422	4
423	4
424	8
425	7
426	5
427	5
428	3
429	7
430	12
431	9
432	7
433	6
434	8
435	5
436	8
437	8
438	3
439	4
440	13
441	10
442	7
443	9
444	8
445	12
446	7
447	4
448	5
449	9
450	10
451	6
452	3
453	10
454	3
455	5
456	4
457	7
458	5
459	8
460	5
461	10
462	7
463	16
464	7
465	5
466	6
467	4
468	7
469	10
470	4
471	3
472	6
473	7
474	3
475	9
476	4
477	7
478	13
479	4
480	10
481	7
482	6
483	4
484	7
485	12
486	6
487	5
488	5
489	10
490	10
491	5
492	16
493	9
494	9
495	8
496	6
497	6
498	6
499	7
500	10
501	6
502	3
503	6
504	5
505	7
506	5
507	6
508	5
509	9
510	5
511	15
512	5
513	5
514	7
515	6
516	10
517	14
518	13
519	7
520	7
521	7
522	13
523	7
524	6
525	2
526	7
527	9
528	11
529	7
530	8
531	5
532	3
533	15
534	12
535	9
536	6
537	5
538	3
539	4
540	7
541	3
542	6
543	6
544	7
545	6
546	8
547	8
548	5
549	6
550	9
551	7
552	6
553	10
554	4
555	5
556	2
557	6
558	7
559	8
560	6
561	8
562	5
563	5
564	9
565	5
566	6
567	7
568	7
569	12
570	4
571	6
572	9
573	5
574	14
575	8
576	8
577	3
578	9
579	5
580	6
581	11
582	4
583	5
584	7
585	7
586	7
587	3
588	4
589	4
590	6
591	3
592	6
593	16
594	5
595	3
596	4
597	3
598	5
599	8
600	5
601	4
602	5
603	5
604	6
605	9
606	15
607	6
608	3
609	6
610	6
611	3
612	6
613	4
614	8
615	3
616	11
617	7
618	5
619	6
620	9
621	4
622	7
623	7
624	10
625	9
626	7
627	6
628	8
629	4
630	6
631	4
632	5
633	10
634	4
635	7
636	9
637	11
638	5
639	3
640	5
641	5
642	6
643	3
644	6
645	7
646	7
647	5
648	11
649	5
650	9
651	12
652	16
653	6
654	6
655	6
656	12
657	7
658	7
659	6
660	6
661	9
662	12
663	10
664	12
665	7
666	5
667	8
668	4
669	5
670	7
671	3
672	3
673	8
674	7
675	7
676	5
677	5
678	7
679	5
680	3
681	5
682	6
683	5
684	6
685	7
686	7
687	7
688	3
689	6
690	5
691	6
692	8
693	11
694	4
695	3
696	5
697	8
698	11
699	6
700	4
701	10
702	3
703	10
704	8
705	6
706	4
707	6
708	7
709	8
710	7
711	4
712	8
713	5
714	4
715	8
716	3
717	8
718	5
719	9
720	7
721	4
722	6
723	4
724	4
725	8
726	5
727	4
728	15
729	5
730	6
731	10
732	4
733	4
734	4
735	4
736	5
737	3
738	13
739	7
740	6
741	7
742	5
743	3
744	12
745	7
746	9
747	8
748	8
749	12
750	7
751	7
752	8
753	3
754	13
755	8
756	10
757	9
758	3
759	6
760	3
761	3
762	4
763	6
764	4
765	11
766	9
767	16
768	6
769	7
770	4
771	11
772	11
773	4
774	4
775	7
776	10
777	14
778	3
779	7
780	10
781	5
782	7
783	7
784	7
785	7
786	7
787	6
788	14
789	7
790	5
791	6
792	4
793	4
794	6
795	5
796	7
797	13
798	4
799	4
800	8
801	3
802	10
803	3
804	6
805	4
806	8
807	8
808	7
809	6
810	4
811	12
812	9
813	4
814	3
815	6
816	9
817	5
818	7
819	4
820	4
821	10
822	4
823	6
824	3
825	6
826	8
827	6
828	3
829	10
830	6
831	7
832	8
833	8
834	10
835	9
836	5
837	5
838	6
839	16
840	16
841	8
842	3
843	7
844	6
845	4
846	6
847	7
848	10
849	9
850	3
851	8
852	5
853	5
854	5
855	9
856	6
857	15
858	15
859	8
860	5
861	8
862	9
863	5
864	9
865	6
866	6
867	4
868	13
869	7
870	9
871	5
872	9
873	7
874	7
875	6
876	7
877	3
878	8
879	7
880	9
881	8
882	5
883	4
884	7
885	7
886	12
887	13
888	5
889	9
890	6
891	5
892	10
893	7
894	9
895	5
896	6
897	6
DEPOT_SECTION
1
-1
SERVICE_TIME_SECTION
1	0
2	360
3	360
4	480
5	600
6	1020
7	240
8	360
9	540
10	540
11	360
12	540
13	420
14	840
15	360
16	360
17	900
18	780
19	960
20	780
21	720
22	600
23	360
24	780
25	480
26	360
27	300
28	900
29	600
30	840
31	600
32	300
33	780
34	600
35	240
36	480
37	480
38	600
39	780
40	840
41	480
42	840
43	480
44	600
45	540
46	240
47	480
48	660
49	420
50	600
51	780
52	600
53	1080
54	360
55	540
56	540
57	360
58	360
59	480
60	480
61	360
62	480
63	480
64	720
65	360
66	600
67	480
68	420
69	420
70	480
71	360
72	600
73	540
74	420
75	600
76	420
77	360
78	540
79	540
80	780
81	720
82	420
83	600
84	900
85	540
86	660
87	540
88	540
89	720
90	540
91	480
92	780
93	540
94	360
95	480
96	360
97	300
98	240
99	420
100	480
101	300
102	720
103	480
104	360
105	300
106	600
107	300
108	300
109	300
110	540
111	600
112	600
113	780
114	420
115	360
116	480
117	540
118	300
119	720
120	600
121	900
122	480
123	600
124	420
125	600
126	540
127	600
128	540
129	780
130	540
131	240
132	600
133	720
134	360
135	540
136	600
137	420
138	540
139	600
140	600
141	480
142	420
143	600
144	300
145	600
146	780
147	600
148	600
149	360
150	600
151	540
152	540
153	720
154	420
155	540
156	420
157	660
158	720
159	480
160	300
161	300
162	600
163	600
164	420
165	600
166	540
167	360
168	480
169	480
170	780
171	600
172	300
173	600
174	420
175	660
176	360
177	300
178	360
179	540
180	660
181	420
182	300
183	780
184	780
185	720
186	720
187	540
188	600
189	540
190	420
191	600
192	480
193	540
194	600
195	360
196	540
197	420
198	480
199	300
200	540
201	600
202	480
203	300
204	480
205	420
206	300
207	540
208	540
209	900
210	300
211	420
212	540
213	480
214	720
215	480
216	600
217	600
218	1080
219	480
220	780
221	480
222	300
223	600
224	600
225	780
226	660
227	420
228	360
229	600
230	360
231	600
232	480
233	480
234	600
235	720
236	600
237	540
238	540
239	1020
240	420
241	600
242	660
243	480
244	780
245	420
246	420
247	960
248	240
249	360
250	600
251	720
252	540
253	660
254	600
255	480
256	720
257	300
258	900
259	420
260	360
261	600
262	600
263	900
264	420
265	540
266	240
267	840
268	480
269	300
270	360
271	240
272	840
273	480
274	780
275	960
276	720
277	540
278	480
279	840
280	240
281	600
282	300
283	480
284	720
285	900
286	480
287	780
288	240
289	540
290	660
291	540
292	660
293	300
294	660
295	1560
296	900
297	840
298	540
299	780
300	900
301	480
302	480
303	360
304	840
305	300
306	540
307	720
308	360
309	660
310	1020
311	600
312	720
313	360
314	480
315	300
316	960
317	420
318	780
319	480
320	420
321	660
322	420
323	600
324	600
325	480
326	420
327	600
328	660
329	780
330	420
331	900
332	420
333	480
334	420
335	600
336	540
337	480
338	600
339	900
340	660
341	420
342	420
343	600
344	540
345	360
346	420
347	240
348	600
349	660
350	360
351	600
352	720
353	420
354	480
355	600
356	840
357	480
358	720
359	420
360	660
361	480
362	480
363	600
364	600
365	660
366	420
367	600
368	600
369	300
370	540
371	480
372	660
373	360
374	600
375	780
376	660
377	600
378	480
379	600
380	840
381	600
382	600
383	540
384	720
385	660
386	540
387	600
388	300
389	1080
390	420
391	420
392	480
393	600
394	960
395	600
396	480
397	540
398	720
399	600
400	780
401	540
402	660
403	600
404	480
405	480
406	480
407	480
408	660
409	300
410	720
411	660
412	660
413	600
414	300
415	720
416	720
417	420
418	240
419	540
420	660
421	480
422	600
423	360
424	480
425	840
426	660
427	480
428	600
429	540
430	660
431	600
432	660
433	540
434	600
435	300
436	960
437	840
438	420
439	540
440	660
441	780
442	840
443	720
444	420
445	780
446	360
447	360
448	840
449	420
450	300
451	420
452	300
453	420
454	360
455	420
456	720
457	720
458	360
459	300
460	660
461	420
462	360
463	480
464	780
465	240
466	240
467	420
468	660
469	960
470	660
471	540
472	540
473	420
474	1080
475	480
476	600
477	600
478	600
479	600
480	720
481	480
482	240
483	780
484	420
485	240
486	840
487	780
488	360
489	540
490	720
491	360
492	540
493	600
494	540
495	720
496	300
497	300
498	540
499	660
500	600
501	840
502	660
503	420
504	240
505	540
506	540
507	360
508	1140
509	660
510	480
511	600
512	360
513	660
514	480
515	600
516	540
517	420
518	360
519	600
520	780
521	600
522	540
523	420
524	360
525	540
526	960
527	480
528	660
529	540
530	360
531	840
532	540
533	600
534	900
535	540
536	540
537	300
538	360
539	360
540	540
541	480
542	360
543	900
544	480
545	540
546	240
547	1020
548	660
549	240
550	360
551	1080
552	420
553	780
554	660
555	600
556	240
557	600
558	720
559	360
560	360
561	480
562	540
563	720
564	480
565	480
566	420
567	780
568	420
569	360
570	360
571	360
572	600
573	540
574	540
575	780
576	600
577	540
578	540
579	660
580	600
581	480
582	300
583	540
584	540
585	840
586	360
587	420
588	420
589	360
590	480
591	660
592	900
593	720
594	960
595	720
596	540
597	480
598	480
599	600
600	300
601	660
602	480
603	480
604	420
605	900
606	780
607	480
608	240
609	480
610	360
611	780
612	780
613	600
614	1080
615	600
616	660
617	660
618	540
619	420
620	480
621	360
622	600
623	300
624	300
625	420
626	540
627	480
628	420
629	300
630	480
631	600
632	300
633	420
634	540
635	960
636	480
637	540
638	720
639	240
640	480
641	660
642	420
643	360
644	720
645	660
646	360
647	360
648	360
649	300
650	480
651	660
652	240
653	660
654	480
655	1020
656	300
657	600
658	780
659	360
660	840
661	540
662	840
663	900
664	480
665	660
666	540
667	900
668	480
669	360
670	420
671	540
672	600
673	300
674	720
675	600
676	540
677	600
678	420
679	600
680	480
681	480
682	540
683	720
684	600
685	600
686	480
687	360
688	420
689	660
690	780
691	660
692	360
693	300
694	240
695	300
696	540
697	780
698	720
699	780
700	480
701	240
702	780
703	780
704	960
705	600
706	360
707	420
708	240
709	360
710	540
711	360
712	360
713	480
714	480
715	480
716	480
717	480
718	420
719	480
720	420
721	840
722	660
723	480
724	480
725	600
726	300
727	420
728	540
729	660
730	780
731	660
732	240
733	600
734	540
735	360
736	420
737	420
738	420
739	420
740	840
741	540
742	960
743	360
744	300
745	540
746	480
747	480
748	900
749	660
750	300
751	540
752	480
753	420
754	300
755	420
756	1020
757	840
758	360
759	840
760	480
761	300
762	720
763	300
764	420
765	240
766	600
767	480
768	600
769	480
770	600
771	300
772	960
773	360
774	420
775	600
776	660
777	660
778	240
779	420
780	900
781	780
782	480
783	600
784	420
785	660
786	900
787	540
788	540
789	300
790	360
791	540
792	420
793	540
794	600
795	360
796	420
797	480
798	780
799	360
800	420
801	660
802	480
803	420
804	300
805	600
806	540
807	480
808	480
809	420
810	420
811	540
812	480
813	480
814	420
815	540
816	600
817	480
818	540
819	360
820	900
821	300
822	480
823	540
824	660
825	540
826	600
827	600
828	480
829	600
830	480
831	540
832	420
833	360
834	300
835	480
836	240
837	540
838	540
839	420
840	540
841	300
842	660
843	900
844	660
845	540
846	300
847	600
848	420
849	540
850	300
851	660
852	540
853	900
854	600
855	660
856	420
857	480
858	420
859	420
860	420
861	600
862	360
863	900
864	540
865	420
866	480
867	720
868	660
869	900
870	480
871	600
872	480
873	240
874	720
875	360
876	420
877	660
878	600
879	480
880	480
881	540
882	480
883	480
884	600
885	600
886	600
887	360
888	600
889	420
890	480
891	1080
892	540
893	900
894	420
895	660
896	420
897	720
TIME_WINDOW_SECTION
1	0	45000
2	19200	26700
3	12000	19500
4	22800	30300
5	8400	15900
6	22800	30300
7	12000	19500
8	4800	12300
9	8400	15900
10	15600	23100
11	4800	12300
12	8400	15900
13	4800	12300
14	4800	12300
15	22800	30300
16	19200	26700
17	12000	19500
18	22800	30300
19	19200	26700
20	8400	15900
21	22800	30300
22	19200	26700
23	6600	30300
24	15600	23100
25	19200	26700
26	22800	30300
27	4800	12300
28	22800	30300
29	19200	26700
30	8400	15900
31	15600	23100
32	22800	30300
33	15600	23100
34	22800	30300
35	19200	26700
36	8400	15900
37	12000	19500
38	8400	15900
39	12000	19500
40	6600	30300
41	4800	12300
42	4800	12300
43	12000	19500
44	15600	23100
45	19200	26700
46	15600	23100
47	6600	29700
48	19200	26700
49	12000	19500
50	15600	23100
51	15600	23100
52	22800	29700
53	4800	12300
54	22800	30300
55	22800	30300
56	8400	15900
57	4800	12300
58	12000	19500
59	6600	30300
60	8400	15900
61	22800	30300
62	12000	19500
63	8400	15900
64	22800	30300
65	19200	26700
66	15600	23100
67	19200	26700
68	19200	26700
69	4800	12300
70	6600	30300
71	12000	19500
72	22800	30300
73	19200	26700
74	4800	12300
75	19200	26700
76	19200	26700
77	19200	26700
78	15600	23100
79	15600	23100
80	19200	26700
81	19200	26700
82	8400	15900
83	19200	26700
84	15600	23100
85	19200	26700
86	12000	19500
87	22800	30300
88	4800	12300
89	12000	19500
90	15600	23100
91	4800	12300
92	15600	23100
93	22800	30300
94	15600	23100
95	4800	12300
96	6600	30300
97	8400	15900
98	6600	29700
99	22800	30300
100	12000	19500
101	15600	22440
102	8400	15900
103	19200	26700
104	19200	26700
105	8400	19500
106	22800	29700
107	19200	26700
108	12000	19500
109	12000	19500
110	15600	23100
111	4800	12300
112	8400	15900
113	8400	15900
114	22800	30300
115	12000	19500
116	8400	15900
117	6600	30300
118	22800	30300
119	22800	30300
120	6600	30300
121	22800	30300
122	15600	23100
123	12000	19500
124	12000	19500
125	22800	30300
126	12000	19500
127	12000	19500
128	19200	26700
129	19200	26700
130	6600	30300
131	6600	30300
132	22800	29700
133	22800	30300
134	4800	12300
135	6600	30300
136	12000	19500
137	4800	12300
138	19200	26700
139	22800	30300
140	12000	19500
141	22800	30300
142	19200	26700
143	12000	19500
144	22800	30300
145	15600	26700
146	19200	26700
147	12000	19500
148	15600	23100
149	12000	19500
150	15600	23100
151	15600	22440
152	6600	30300
153	4800	12300
154	8400	15900
155	8400	15900
156	19200	26700
157	8400	15900
158	19200	26700
159	6600	30300
160	22800	30300
161	4800	12300
162	12000	19500
163	15600	23100
164	15600	23100
165	8400	15900
166	19200	26700
167	8400	15900
168	6600	30300
169	6600	30300
170	6600	29700
171	12000	19500
172	15600	23100
173	19200	26700
174	15600	23100
175	4800	11700
176	19200	26700
177	8400	15900
178	19200	26700
179	19200	26700
180	12000	19500
181	19200	26700
182	6600	30300
183	15600	23100
184	15600	23100
185	12000	19500
186	8400	15900
187	6600	30300
188	22800	30300
189	22800	30300
190	4800	12300
191	8400	15900
192	4800	12300
193	12000	19500
194	4800	12300
195	15600	23100
196	6600	30300
197	19200	26700
198	22800	30300
199	19200	26700
200	12000	19500
201	22800	30300
202	19200	26700
203	19200	26700
204	12000	19500
205	8400	15900
206	6600	30300
207	12000	19500
208	15600	23100
209	19200	26700
210	8400	15900
211	6600	30300
212	15600	23100
213	15600	23100
214	22800	30300
215	8400	15900
216	12000	19500
217	6600	30300
218	19200	26700
219	15600	23100
220	19200	26700
221	12000	19500
222	22800	30300
223	4800	12300
224	12000	19500
225	8400	15900
226	22800	29700
227	6600	30300
228	8400	15900
229	6600	30300
230	8400	15900
231	22800	30300
232	19200	26700
233	12000	19500
234	4800	12300
235	6600	30300
236	19200	26700
237	15600	23100
238	4800	12300
239	15600	23100
240	4800	12300
241	6600	29700
242	12000	19500
243	22800	30300
244	15600	23100
245	6600	29700
246	12000	19500
247	22800	30300
248	6600	30300
249	6600	30300
250	19200	26700
251	4800	12300
252	19200	26700
253	15600	23100
254	22800	30300
255	15600	22440
256	15600	23100
257	22800	30300
258	22800	30300
259	4800	11700
260	22800	30300
261	4800	12300
262	19200	26700
263	15600	23100
264	15600	23100
265	6600	30300
266	12000	18900
267	19200	26700
268	12000	19500
269	19200	26700
270	6600	30300
271	6600	30300
272	12000	19500
273	19200	26700
274	4800	12300
275	12000	19500
276	12000	19500
277	6600	30300
278	19200	26700
279	22800	30300
280	22800	30300
281	22800	30300
282	15600	23100
283	15600	23100
284	15600	23100
285	6600	30300
286	22800	30300
287	19200	26700
288	19200	26100
289	6600	30300
290	12000	19500
291	6600	30300
292	8400	15900
293	19200	26700
294	8400	15900
295	12000	18900
296	12000	19500
297	6600	30300
298	22800	30300
299	22800	30300
300	22800	30300
301	8400	15900
302	8400	15900
303	12000	19500
304	12000	19500
305	12000	18900
306	12000	19500
307	15600	22440
308	12000	19500
309	19200	26700
310	15600	23100
311	15600	26700
312	8400	15900
313	8400	15900
314	19200	26700
315	6600	29700
316	15600	23100
317	12000	19500
318	4800	12300
319	19200	26700
320	12000	19500
321	12000	19500
322	22800	30300
323	8400	15900
324	15600	23100
325	19200	26700
326	19200	26700
327	12000	19500
328	15600	23100
329	6600	30300
330	6600	30300
331	22800	30300
332	6600	29700
333	22800	30300
334	19200	26700
335	19200	26700
336	22800	30300
337	22800	30300
338	4800	11700
339	19200	26100
340	6600	30300
341	15600	23100
342	19200	26700
343	15600	22500
344	15600	23100
345	19200	26700
346	22800	30300
347	6600	30300
348	15600	23100
349	22800	30300
350	4800	12300
351	6600	30300
352	6600	29700
353	4800	12300
354	8400	15900
355	19200	26700
356	22800	30300
357	6600	30300
358	8400	15900
359	12000	19500
360	8400	15900
361	15600	23100
362	6600	29700
363	8400	15900
364	12000	19500
365	22800	30300
366	6600	30300
367	4800	12300
368	4800	12300
369	22800	30300
370	6600	30300
371	4800	12300
372	22800	29700
373	19200	26700
374	15600	23100
375	22800	30300
376	15600	23100
377	4800	12300
378	22800	30300
379	19200	26700
380	12000	19500
381	19200	26700
382	6600	30300
383	19200	26700
384	22800	30300
385	15600	26700
386	4800	12300
387	6600	30300
388	22800	30300
389	6600	30300
390	15600	23100
391	4800	12300
392	6600	29700
393	19200	26700
394	22800	30300
395	19200	26700
396	6600	29700
397	22800	30300
398	22800	30300
399	19200	26700
400	19200	26700
401	22800	30300
402	8400	15900
403	22800	30300
404	8400	19500
405	6600	29700
406	12000	19500
407	22800	30300
408	22800	30300
409	15600	23100
410	4800	12300
411	22800	30300
412	6600	30300
413	22800	30300
414	12000	19500
415	4800	12300
416	8400	15900
417	19200	26700
418	15600	23100
419	19200	26700
420	22800	30300
421	22800	30300
422	19200	26700
423	22800	30300
424	8400	15900
425	19200	26700
426	8400	15900
427	6600	30300
428	15600	23100
429	22800	30300
430	8400	15900
431	12000	19500
432	15600	23100
433	15600	23100
434	8400	15900
435	6600	30300
436	15600	23100
437	15600	23100
438	15600	23100
439	15600	23100
440	15600	23100
441	22800	29640
442	12000	19500
443	6600	30300
444	12000	19500
445	4800	12300
446	15600	23100
447	8400	15900
448	19200	26700
449	8400	15900
450	15600	23100
451	15600	23100
452	12000	18900
453	12000	19500
454	8400	15300
455	22800	30300
456	12000	18900
457	4800	12300
458	8400	15900
459	8400	15300
460	6600	30300
461	12000	19500
462	6600	30300
463	19200	26700
464	6600	30300
465	8400	15900
466	8400	15900
467	6600	29700
468	8400	15900
469	15600	23100
470	12000	19500
471	12000	19500
472	8400	15900
473	22800	30300
474	8400	15900
475	19200	26700
476	15600	23100
477	12000	19500
478	19200	26700
479	6600	30300
480	12000	19500
481	15600	23100
482	22800	30300
483	15600	23100
484	6600	30300
485	22800	29700
486	6600	30300
487	12000	19500
488	12000	19500
489	6600	30300
490	12000	19500
491	19200	26700
492	15600	23100
493	22800	30300
494	12000	18900
495	15600	23100
496	6600	30300
497	15600	23100
498	8400	15900
499	19200	26700
500	19200	26700
501	12000	19500
502	19200	26700
503	12000	19500
504	6600	30300
505	22800	30300
506	12000	19500
507	15600	23100
508	6600	30300
509	19200	26700
510	15600	23100
511	15600	22500
512	12000	19500
513	19200	26700
514	8400	15900
515	12000	19500
516	19200	26700
517	22800	30300
518	19200	26700
519	15600	23100
520	8400	15900
521	8400	15900
522	22800	30300
523	12000	19500
524	22800	30300
525	15600	26700
526	19200	26700
527	6600	29700
528	22800	30300
529	22800	30300
530	12000	19500
531	12000	19500
532	8400	15900
533	22800	29700
534	22800	30300
535	12000	19500
536	12000	19500
537	12000	19500
538	8400	15900
539	12000	19500
540	15600	23100
541	15600	23100
542	22800	30300
543	19200	26700
544	8400	15900
545	12000	19500
546	6600	29700
547	15600	23100
548	8400	15900
549	8400	15900
550	8400	15900
551	19200	26700
552	22800	30300
553	15600	23100
554	15600	23100
555	22800	30300
556	8400	15900
557	19200	26700
558	19200	26700
559	6600	30300
560	22800	30300
561	19200	26700
562	15600	23100
563	15600	23100
564	6600	30300
565	15600	23100
566	19200	26700
567	12000	19500
568	15600	23100
569	19200	26700
570	12000	19500
571	12000	19500
572	15600	23100
573	22800	30300
574	6600	30300
575	12000	19500
576	12000	19500
577	19200	26700
578	22800	30300
579	15600	23100
580	12000	19500
581	15600	23100
582	19200	26700
583	15600	23100
584	22800	29700
585	12000	19500
586	12000	18900
587	22800	30300
588	22800	30300
589	8400	15900
590	22800	30300
591	15600	23100
592	15600	22440
593	22800	30300
594	19200	26700
595	8400	15900
596	22800	30300
597	6600	29700
598	15600	23100
599	8400	15900
600	6600	30300
601	15600	23100
602	15600	23100
603	19200	26700
604	19200	26700
605	19200	26700
606	6600	30300
607	8400	15900
608	6600	30300
609	12000	19500
610	22800	30300
611	19200	26700
612	15600	23100
613	6600	30300
614	8400	15900
615	15600	23100
616	12000	19500
617	22800	30300
618	22800	30300
619	22800	30300
620	19200	26700
621	15600	23100
622	15600	22500
623	22800	30300
624	12000	19500
625	19200	26700
626	6600	30300
627	19200	26700
628	6600	30300
629	22800	30300
630	22800	30300
631	6600	30300
632	8400	15900
633	15600	23100
634	15600	26700
635	22800	30300
636	19200	26700
637	22800	30300
638	19200	26700
639	12000	18900
640	6600	30300
641	15600	23100
642	19200	26700
643	12000	19500
644	19200	26700
645	6600	30300
646	12000	19500
647	12000	19500
648	12000	19500
649	19200	26700
650	15600	23100
651	12000	18840
652	12000	19500
653	6600	30300
654	12000	19500
655	15600	23100
656	15600	23100
657	15600	23100
658	6600	30300
659	6600	30300
660	19200	26700
661	15600	23100
662	19200	26700
663	15600	23100
664	12000	19500
665	15600	23100
666	12000	19500
667	12000	19500
668	12000	19500
669	12000	19500
670	22800	30300
671	6600	30300
672	19200	26100
673	15600	23100
674	12000	19500
675	15600	23100
676	15600	23100
677	6600	30300
678	6600	30300
679	12000	19500
680	6600	30300
681	19200	26700
682	12000	19500
683	19200	26700
684	22800	30300
685	15600	23100
686	6600	30300
687	22800	30300
688	15600	23100
689	22800	30300
690	19200	26700
691	22800	30300
692	15600	23100
693	15600	23100
694	22800	30300
695	12000	19500
696	12000	19500
697	22800	30300
698	22800	30300
699	22800	30300
700	6600	30300
701	19200	26700
702	19200	26700
703	22800	30300
704	15600	23100
705	12000	19500
706	22800	30300
707	12000	19500
708	15600	23100
709	22800	30300
710	6600	30300
711	12000	19500
712	6600	30300
713	15600	23100
714	6600	30300
715	19200	26700
716	12000	19500
717	6600	30300
718	19200	26700
719	22800	30300
720	22800	30300
721	12000	19500
722	22800	30300
723	22800	30300
724	22800	30300
725	6600	30300
726	15600	23100
727	6600	29700
728	19200	26700
729	22800	30300
730	6600	29700
731	15600	22500
732	22800	30300
733	15600	23100
734	12000	19500
735	22800	30300
736	12000	19500
737	15600	23100
738	6600	30300
739	6600	30300
740	6600	30300
741	22800	30300
742	15600	23100
743	15600	23100
744	6600	30300
745	19200	26700
746	22800	30300
747	6600	30300
748	22800	30300
749	19200	26700
750	6600	30300
751	19200	26700
752	12000	18900
753	15600	23100
754	15600	23100
755	12000	19500
756	19200	26700
757	19200	26700
758	15600	23100
759	19200	26700
760	12000	19500
761	6600	30300
762	15600	23100
763	19200	26700
764	12000	19500
765	6600	30300
766	6600	30300
767	6600	30300
768	19200	26700
769	6600	30300
770	6600	30300
771	22800	30300
772	22800	30300
773	19200	26700
774	12000	19500
775	22800	29700
776	15600	22500
777	22800	30300
778	19200	26700
779	12000	19500
780	15600	23100
781	15600	23100
782	22800	30300
783	15600	23100
784	6600	30300
785	12000	19500
786	12000	19500
787	6600	29700
788	6600	30300
789	22800	30300
790	22800	30300
791	19200	26700
792	6600	30300
793	19200	26700
794	15600	23100
795	19200	26700
796	19200	26700
797	19200	26700
798	15600	23100
799	19200	26700
800	6600	30300
801	15600	23100
802	6600	30300
803	22800	30300
804	15600	23100
805	6600	30300
806	15600	22500
807	19200	26700
808	22800	30300
809	6600	30300
810	6600	30300
811	15600	23100
812	22800	30300
813	19200	26700
814	19200	26700
815	6600	30300
816	15600	23100
817	15600	23100
818	15600	22500
819	22800	30300
820	15600	23100
821	6600	30300
822	15600	23100
823	22800	30300
824	19200	26700
825	22800	30300
826	19200	26700
827	15600	23100
828	15600	26700
829	15600	23100
830	15600	26700
831	15600	23100
832	19200	26700
833	19200	26700
834	6600	29700
835	22800	30300
836	19200	26700
837	19200	26700
838	19200	26700
839	19200	26700
840	6600	30300
841	19200	26700
842	22800	29700
843	15600	23100
844	6600	30300
845	6600	30300
846	19200	26700
847	15600	23100
848	6600	30300
849	22800	30300
850	19200	26700
851	19200	26700
852	22800	30300
853	6600	30300
854	6600	30300
855	19200	26700
856	22800	30300
857	6600	30300
858	6600	30300
859	19200	26700
860	6600	30300
861	19200	26700
862	19200	26700
863	22800	30300
864	6600	30300
865	19200	26700
866	19200	26700
867	19200	26700
868	19200	26700
869	22800	30300
870	15600	23100
871	22800	30300
872	22800	30300
873	19200	26700
874	19200	26700
875	19200	26700
876	22800	30300
877	6600	30300
878	19200	26700
879	15600	23100
880	6600	30300
881	15600	23100
882	19200	26700
883	6600	30300
884	15600	23100
885	19200	26700
886	22800	30300
887	19200	26700
888	19200	26700
889	22800	30300
890	15600	23100
891	22800	30300
892	22800	30300
893	6600	29700
894	22800	30300
895	15600	23100
896	19200	26700
897	6600	29700
RELEASE_TIME_SECTION
1	0
2	3600
3	3600
4	3600
5	3600
6	3600
7	3600
8	3600
9	3600
10	3600
11	3600
12	3600
13	3600
14	3600
15	3600
16	3600
17	3600
18	3600
19	3600
20	3600
21	3600
22	3600
23	3600
24	3600
25	3600
26	3600
27	3600
28	3600
29	3600
30	3600
31	3600
32	3600
33	3600
34	3600
35	3600
36	3600
37	3600
38	3600
39	3600
40	3600
41	3600
42	3600
43	3600
44	3600
45	3600
46	3600
47	3600
48	3600
49	3600
50	3600
51	3600
52	3600
53	3600
54	3600
55	3600
56	3600
57	3600
58	3600
59	3600
60	3600
61	3600
62	3600
63	3600
64	3600
65	3600
66	3600
67	3600
68	3600
69	3600
70	3600
71	3600
72	3600
73	3600
74	3600
75	3600
76	3600
77	3600
78	3600
79	3600
80	3600
81	3600
82	3600
83	3600
84	3600
85	3600
86	3600
87	3600
88	3600
89	3600
90	3600
91	3600
92	3600
93	3600
94	3600
95	3600
96	3600
97	3600
98	3600
99	3600
100	3600
101	3600
102	5400
103	5400
104	5400
105	5400
106	5400
107	5400
108	5400
109	5400
110	5400
111	5400
112	5400
113	5400
114	5400
115	5400
116	5400
117	5400
118	5400
119	5400
120	5400
121	5400
122	5400
123	5400
124	5400
125	5400
126	5400
127	5400
128	5400
129	5400
130	5400
131	5400
132	5400
133	5400
134	5400
135	5400
136	5400
137	5400
138	5400
139	5400
140	5400
141	5400
142	5400
143	5400
144	5400
145	5400
146	5400
147	5400
148	5400
149	5400
150	5400
151	5400
152	5400
153	5400
154	5400
155	5400
156	5400
157	5400
158	5400
159	5400
160	5400
161	5400
162	5400
163	5400
164	5400
165	5400
166	5400
167	5400
168	5400
169	5400
170	5400
171	5400
172	5400
173	5400
174	5400
175	5400
176	5400
177	5400
178	5400
179	5400
180	5400
181	5400
182	5400
183	5400
184	5400
185	5400
186	5400
187	5400
188	5400
189	5400
190	5400
191	5400
192	5400
193	5400
194	5400
195	5400
196	5400
197	5400
198	5400
199	5400
200	5400
201	5400
202	7200
203	7200
204	7200
205	7200
206	7200
207	7200
208	7200
209	7200
210	7200
211	7200
212	7200
213	7200
214	7200
215	7200
216	7200
217	7200
218	7200
219	7200
220	7200
221	7200
222	7200
223	7200
224	7200
225	7200
226	7200
227	7200
228	7200
229	7200
230	7200
231	7200
232	7200
233	7200
234	7200
235	7200
236	7200
237	7200
238	7200
239	7200
240	7200
241	7200
242	7200
243	7200
244	7200
245	7200
246	7200
247	7200
248	7200
249	7200
250	7200
251	7200
252	7200
253	7200
254	7200
255	7200
256	7200
257	7200
258	7200
259	7200
260	7200
261	7200
262	7200
263	7200
264	7200
265	7200
266	7200
267	7200
268	7200
269	7200
270	7200
271	7200
272	7200
273	7200
274	7200
275	7200
276	7200
277	7200
278	7200
279	7200
280	7200
281	7200
282	7200
283	7200
284	7200
285	7200
286	7200
287	7200
288	7200
289	7200
290	7200
291	7200
292	7200
293	7200
294	7200
295	7200
296	7200
297	7200
298	7200
299	7200
300	7200
301	7200
302	9000
303	9000
304	9000
305	9000
306	9000
307	9000
308	9000
309	9000
310	9000
311	9000
312	9000
313	9000
314	9000
315	9000
316	9000
317	9000
318	9000
319	9000
320	9000
321	9000
322	9000
323	9000
324	9000
325	9000
326	9000
327	9000
328	9000
329	9000
330	9000
331	9000
332	9000
333	9000
334	9000
335	9000
336	9000
337	9000
338	9000
339	9000
340	9000
341	9000
342	9000
343	9000
344	9000
345	9000
346	9000
347	9000
348	9000
349	9000
350	9000
351	9000
352	9000
353	9000
354	9000
355	9000
356	9000
357	9000
358	9000
359	9000
360	9000
361	9000
362	9000
363	9000
364	9000
365	9000
366	9000
367	9000
368	9000
369	9000
370	9000
371	9000
372	9000
373	9000
374	9000
375	9000
376	9000
377	9000
378	9000
379	9000
380	9000
381	9000
382	9000
383	9000
384	9000
385	9000
386	9000
387	9000
388	9000
389	9000
390	9000
391	9000
392	9000
393	9000
394	9000
395	9000
396	9000
397	9000
398	10800
399	10800
400	10800
401	10800
402	10800
403	10800
404	10800
405	10800
406	10800
407	10800
408	10800
409	10800
410	10800
411	10800
412	10800
413	10800
414	10800
415	10800
416	10800
417	10800
418	10800
419	10800
420	10800
421	10800
422	10800
423	10800
424	10800
425	10800
426	10800
427	10800
428	10800
429	10800
430	10800
431	10800
432	10800
433	10800
434	10800
435	10800
436	10800
437	10800
438	10800
439	10800
440	10800
441	10800
442	10800
443	10800
444	10800
445	10800
446	10800
447	10800
448	10800
449	10800
450	10800
451	10800
452	10800
453	10800
454	10800
455	10800
456	10800
457	10800
458	10800
459	10800
460	10800
461	10800
462	10800
463	10800
464	10800
465	10800
466	10800
467	10800
468	10800
469	10800
470	10800
471	10800
472	10800
473	10800
474	10800
475	10800
476	10800
477	10800
478	10800
479	10800
480	10800
481	10800
482	10800
483	10800
484	10800
485	10800
486	10800
487	10800
488	10800
489	12600
490	12600
491	12600
492	12600
493	12600
494	12600
495	12600
496	12600
497	12600
498	12600
499	12600
500	12600
501	12600
502	12600
503	12600
504	12600
505	12600
506	12600
507	12600
508	12600
509	12600
510	12600
511	12600
512	12600
513	12600
514	12600
515	12600
516	12600
517	12600
518	12600
519	12600
520	12600
521	12600
522	12600
523	12600
524	12600
525	12600
526	12600
527	12600
528	12600
529	12600
530	12600
531	12600
532	12600
533	12600
534	12600
535	12600
536	12600
537	12600
538	12600
539	12600
540	12600
541	12600
542	12600
543	12600
544	12600
545	12600
546	12600
547	12600
548	12600
549	12600
550	12600
551	12600
552	12600
553	12600
554	12600
555	12600
556	12600
557	12600
558	12600
559	12600
560	12600
561	12600
562	12600
563	12600
564	12600
565	12600
566	12600
567	12600
568	12600
569	12600
570	12600
571	12600
572	12600
573	12600
574	12600
575	14400
576	14400
577	14400
578	14400
579	14400
580	14400
581	14400
582	14400
583	14400
584	14400
585	14400
586	14400
587	14400
588	14400
589	14400
590	14400
591	14400
592	14400
593	14400
594	14400
595	14400
596	14400
597	14400
598	14400
599	14400
600	14400
601	14400
602	14400
603	14400
604	14400
605	14400
606	14400
607	14400
608	14400
609	14400
610	14400
611	14400
612	14400
613	14400
614	14400
615	14400
616	14400
617	14400
618	14400
619	14400
620	14400
621	14400
622	14400
623	14400
624	14400
625	14400
626	14400
627	14400
628	14400
629	14400
630	14400
631	14400
632	14400
633	14400
634	14400
635	14400
636	14400
637	14400
638	14400
639	14400
640	14400
641	14400
642	14400
643	14400
644	14400
645	14400
646	14400
647	14400
648	14400
649	14400
650	14400
651	14400
652	14400
653	14400
654	16200
655	16200
656	16200
657	16200
658	16200
659	16200
660	16200
661	16200
662	16200
663	16200
664	16200
665	16200
666	16200
667	16200
668	16200
669	16200
670	16200
671	16200
672	16200
673	16200
674	16200
675	16200
676	16200
677	16200
678	16200
679	16200
680	16200
681	16200
682	16200
683	16200
684	16200
685	16200
686	16200
687	16200
688	16200
689	16200
690	16200
691	16200
692	16200
693	16200
694	16200
695	16200
696	16200
697	16200
698	16200
699	16200
700	16200
701	16200
702	16200
703	16200
704	16200
705	16200
706	16200
707	16200
708	16200
709	16200
710	16200
711	16200
712	16200
713	16200
714	16200
715	16200
716	16200
717	16200
718	16200
719	16200
720	16200
721	16200
722	16200
723	16200
724	16200
725	16200
726	18000
727	18000
728	18000
729	18000
730	18000
731	18000
732	18000
733	18000
734	18000
735	18000
736	18000
737	18000
738	18000
739	18000
740	18000
741	18000
742	18000
743	18000
744	18000
745	18000
746	18000
747	18000
748	18000
749	18000
750	18000
751	18000
752	18000
753	18000
754	18000
755	18000
756	18000
757	18000
758	18000
759	18000
760	18000
761	18000
762	18000
763	18000
764	18000
765	18000
766	18000
767	18000
768	18000
769	18000
770	18000
771	18000
772	18000
773	18000
774	18000
775	18000
776	18000
777	18000
778	18000
779	18000
780	18000
781	18000
782	18000
783	18000
784	18000
785	18000
786	18000
787	18000
788	18000
789	18000
790	18000
791	18000
792	19800
793	19800
794	19800
795	19800
796	19800
797	19800
798	19800
799	19800
800	19800
801	19800
802	19800
803	19800
804	19800
805	19800
806	19800
807	19800
808	19800
809	19800
810	19800
811	19800
812	19800
813	19800
814	19800
815	19800
816	19800
817	19800
818	19800
819	19800
820	19800
821	19800
822	19800
823	19800
824	19800
825	19800
826	19800
827	19800
828	19800
829	19800
830	19800
831	19800
832	19800
833	19800
834	19800
835	19800
836	19800
837	19800
838	19800
839	19800
840	19800
841	19800
842	19800
843	19800
844	19800
845	19800
846	19800
847	19800
848	19800
849	21600
850	21600
851	21600
852	21600
853	21600
854	21600
855	21600
856	21600
857	21600
858	21600
859	21600
860	21600
861	21600
862	21600
863	21600
864	21600
865	21600
866	21600
867	21600
868	21600
869	21600
870	21600
871	21600
872	21600
873	21600
874	21600
875	21600
876	21600
877	21600
878	21600
879	21600
880	21600
881	21600
882	21600
883	21600
884	21600
885	21600
886	21600
887	21600
888	21600
889	21600
890	21600
891	21600
892	21600
893	21600
894	21600
895	21600
896	21600
897	21600
EOF
