NAME : ORTEC-VRPTW-ASYM-8b1620d9-d1-n925
TYPE : VRPTW-RT
DIMENSION : 926
EDGE_WEIGHT_TYPE : EUC_2D
CAPACITY : 135
NODE_COORD_SECTION
1	1905	4517
2	2077	4592
3	2341	2060
4	2863	4191
5	3218	3448
6	1870	6334
7	1832	6003
8	2471	2577
9	1315	5755
10	2402	2664
11	1815	4339
12	1439	4369
13	1846	6760
14	1006	5624
15	1577	5860
16	1000	5097
17	2777	3650
18	1515	4364
19	1694	6434
20	1424	4607
21	2675	3663
22	1852	5478
23	2614	4855
24	1239	3889
25	1498	5903
26	2804	3468
27	2391	2858
28	1546	4981
29	903	5954
30	1235	5573
31	2777	3650
32	2864	3641
33	2402	2664
34	3015	4020
35	1997	4336
36	1532	9088
37	2970	3535
38	465	6015
39	2492	2022
40	1627	8423
41	545	5880
42	664	6338
43	1199	4412
44	1208	6409
45	3167	3772
46	1488	5191
47	1239	3889
48	1704	6302
49	1476	4365
50	1480	7283
51	1444	7182
52	1235	5573
53	2443	2887
54	2345	1962
55	1213	4391
56	2318	2721
57	3035	3762
58	1732	5268
59	1480	4384
60	1046	5066
61	1465	4087
62	2495	4143
63	2179	2447
64	1462	4170
65	1233	6015
66	2126	5323
67	703	6585
68	1401	5195
69	1055	6042
70	2864	3641
71	1704	6302
72	1394	6050
73	1156	6807
74	545	5880
75	2414	4742
76	2624	4920
77	1446	4649
78	1504	4910
79	2675	3663
80	761	6575
81	2983	3547
82	1239	3889
83	1508	6765
84	1241	5341
85	1041	5458
86	2624	4920
87	1460	6872
88	1006	5624
89	1343	5289
90	1535	5215
91	2584	2938
92	2730	3829
93	2287	4712
94	2929	4006
95	1029	6920
96	2271	4527
97	1572	6936
98	1970	5384
99	1553	6023
100	1597	7015
101	1055	6029
102	999	5568
103	1414	5996
104	1512	3835
105	1605	5621
106	2871	3749
107	1239	3889
108	1401	5195
109	669	7364
110	2212	2467
111	1505	7136
112	1568	7175
113	1105	7848
114	1361	5104
115	3137	4089
116	3015	4020
117	1504	4910
118	2966	3588
119	1259	5683
120	1230	5978
121	2270	2115
122	1505	6671
123	1158	7630
124	1497	6196
125	1233	6015
126	1655	4540
127	1346	4960
128	1488	4547
129	1617	4189
130	3218	3448
131	3015	4020
132	1414	5996
133	2804	3468
134	2755	4995
135	2126	5323
136	2617	2618
137	2185	1608
138	2296	2083
139	1846	6760
140	703	6585
141	1625	5034
142	1534	4192
143	1359	7070
144	1852	5478
145	2293	3167
146	1460	6872
147	1504	4910
148	2293	3167
149	1514	5112
150	1624	5628
151	2619	4483
152	1239	3889
153	1274	7571
154	934	5536
155	2014	2097
156	914	6999
157	2500	3196
158	1493	8546
159	1316	5313
160	2983	3547
161	1414	5996
162	2841	4232
163	1488	4547
164	1068	6861
165	2345	1962
166	2270	2115
167	2038	2247
168	1480	4384
169	1657	7655
170	1809	6687
171	2457	2691
172	1446	4039
173	1401	5195
174	2929	4006
175	1022	7697
176	2241	3047
177	1450	3585
178	1660	4106
179	1464	6248
180	2601	2272
181	1947	2409
182	1006	5624
183	1890	6932
184	1241	5341
185	1968	6463
186	1832	6003
187	2839	4244
188	1439	4369
189	1627	8423
190	1055	6029
191	1815	4339
192	2470	4794
193	1105	7848
194	1235	5573
195	1547	4925
196	1059	8945
197	1359	7070
198	1361	5104
199	1421	4020
200	1502	6682
201	1055	6029
202	1568	7175
203	2320	2213
204	1177	5925
205	0	6090
206	934	5536
207	2457	2691
208	669	6295
209	1208	6409
210	2675	3663
211	1041	5458
212	761	6575
213	1947	2409
214	2495	4143
215	2929	4006
216	1394	6050
217	1534	5695
218	2014	2097
219	1450	3434
220	2774	3714
221	1211	4505
222	1455	5232
223	1401	7277
224	1312	6535
225	2271	4527
226	1366	4717
227	3035	3762
228	782	5892
229	1613	6279
230	2134	1912
231	934	5536
232	2883	3490
233	1162	8717
234	3146	3763
235	1536	5338
236	2841	4232
237	1446	4649
238	2442	3027
239	1515	4364
240	1645	4949
241	2983	3547
242	2980	3842
243	1581	5977
244	2555	1878
245	1029	6920
246	3218	3448
247	1536	5338
248	506	6397
249	2678	5214
250	1299	7252
251	1505	7136
252	1006	5624
253	782	5892
254	1199	4412
255	1239	3889
256	2817	4029
257	1535	5215
258	1055	6029
259	2841	4232
260	1219	7013
261	2943	4757
262	2402	2664
263	742	5974
264	1228	6065
265	1444	7182
266	2270	2115
267	1140	6627
268	1505	6671
269	1211	4505
270	2839	4244
271	2862	4101
272	2609	3059
273	1621	8631
274	2176	2115
275	1229	4750
276	1312	6535
277	1516	5763
278	2345	1962
279	2617	2618
280	1006	5624
281	1140	6627
282	1612	4443
283	1140	6627
284	2402	2664
285	669	7364
286	1394	6050
287	830	6000
288	1199	4412
289	1239	3889
290	1219	7013
291	761	6575
292	3015	4020
293	2240	4717
294	1538	7066
295	2414	4742
296	1536	5338
297	1115	4774
298	1617	4189
299	1480	7283
300	1414	5996
301	2806	4590
302	1572	6936
303	1488	5191
304	1164	6685
305	1055	6042
306	1968	6463
307	1720	6206
308	3167	3772
309	944	6832
310	2271	4527
311	1480	4384
312	1645	4949
313	1211	4505
314	1233	6015
315	1885	5361
316	934	5536
317	2134	1912
318	2495	4143
319	1488	5191
320	441	6159
321	1890	6932
322	1620	4378
323	1873	5111
324	1563	5010
325	1597	7015
326	2675	3663
327	1111	6684
328	2293	3167
329	1211	4505
330	1572	6936
331	2619	4483
332	1597	7015
333	1046	5066
334	1488	4547
335	1613	6279
336	2617	2618
337	925	6811
338	1574	5242
339	1446	4039
340	2944	3974
341	1526	5623
342	2134	1912
343	1535	5086
344	818	9232
345	2625	2891
346	2222	4768
347	904	7084
348	1563	5010
349	1732	5268
350	2944	3974
351	1644	5710
352	2500	3196
353	896	7170
354	2179	2447
355	1241	5341
356	2983	3547
357	1846	6760
358	1359	7070
359	2948	4041
360	2253	2591
361	1970	5384
362	1383	8448
363	1515	4364
364	0	6090
365	1480	7283
366	1068	6861
367	1047	6746
368	1890	6932
369	1361	5104
370	1639	4933
371	3167	3772
372	2862	4101
373	2779	4625
374	1581	5977
375	830	6000
376	1229	4750
377	129	5981
378	1486	9110
379	482	6716
380	2789	3881
381	2862	4101
382	1552	7224
383	2250	2301
384	1489	5878
385	1164	6685
386	1450	3585
387	2099	4417
388	2883	3490
389	1489	5878
390	1382	4819
391	2241	5042
392	1105	7848
393	441	6159
394	1657	7655
395	2804	3468
396	1605	5621
397	1046	5066
398	1505	6671
399	2179	2447
400	1597	7015
401	2555	1878
402	1366	4717
403	2863	4191
404	1149	4153
405	2320	2213
406	669	7364
407	1465	6834
408	2179	2447
409	1259	5683
410	1227	5195
411	2471	2577
412	2863	4191
413	1732	5268
414	2617	2618
415	2730	3829
416	2617	2618
417	1508	6765
418	2470	4794
419	1465	4087
420	1532	9088
421	906	7313
422	1164	6685
423	1170	4959
424	1815	4339
425	1333	4540
426	1239	4599
427	1315	5755
428	1534	5695
429	2635	2512
430	1565	4036
431	1391	6083
432	1465	6834
433	986	5278
434	1279	4227
435	2619	4483
436	2678	5214
437	466	6961
438	1639	4933
439	1361	5104
440	1505	7136
441	1970	5384
442	545	5880
443	2678	5214
444	3201	4155
445	1645	4949
446	1692	6417
447	2287	4712
448	2226	4545
449	2966	3588
450	2501	4437
451	1443	4566
452	1293	6832
453	3167	3772
454	521	6397
455	1565	4036
456	1681	7161
457	664	6338
458	1873	5024
459	1901	4332
460	1627	8423
461	1757	7136
462	1029	6920
463	1923	4535
464	903	5954
465	1498	5903
466	906	7313
467	1707	5104
468	1559	5045
469	1315	5755
470	664	6338
471	1443	4566
472	1385	7069
473	896	7170
474	3064	3993
475	1625	5034
476	2212	2467
477	3103	3847
478	1809	6687
479	1502	6682
480	1235	5573
481	2470	4794
482	1452	5476
483	1256	4173
484	1274	7571
485	1465	6834
486	1446	4039
487	1620	4378
488	1577	5860
489	1391	6083
490	2014	2097
491	1716	4303
492	2240	4717
493	925	6811
494	1385	7069
495	2362	1788
496	2333	4467
497	1707	5104
498	2014	2097
499	1428	8537
500	1873	5024
501	1443	4566
502	1105	7848
503	3064	3993
504	2077	4592
505	2777	3650
506	1553	6302
507	1577	5860
508	1552	5159
509	1229	4750
510	1042	7194
511	1552	5159
512	1476	4365
513	1421	4020
514	1757	7136
515	896	7170
516	1546	4981
517	1493	8546
518	2140	2364
519	1504	4910
520	1293	6832
521	1661	3957
522	999	5568
523	521	6397
524	2457	2691
525	2345	1962
526	1000	5097
527	1170	4959
528	1452	5476
529	1617	4189
530	1068	6861
531	1535	5086
532	1111	6684
533	1514	5112
534	1901	4332
535	2240	4717
536	2495	4143
537	441	6159
538	818	9232
539	2584	2938
540	703	6585
541	1885	5361
542	1414	5996
543	2601	2272
544	848	6080
545	2374	4768
546	1621	8631
547	1890	6932
548	1444	7182
549	2863	4191
550	1382	4819
551	1006	5624
552	2635	2512
553	1732	5268
554	1229	5924
555	1241	5341
556	1081	8846
557	1870	6334
558	2970	3535
559	1535	5086
560	2883	3490
561	1587	6215
562	2222	4768
563	2470	4794
564	1543	4248
565	1832	6003
566	2678	5214
567	506	6397
568	2619	4483
569	839	4700
570	1460	6872
571	1391	6083
572	1424	4607
573	1473	5411
574	2250	2301
575	1439	4369
576	1563	5010
577	1809	6687
578	2625	2891
579	1896	3697
580	1645	4949
581	129	5981
582	1170	4959
583	1489	5878
584	1394	6050
585	839	4700
586	1462	4170
587	1563	5010
588	761	6575
589	1577	5860
590	1465	4087
591	2134	1912
592	1612	4443
593	1105	7848
594	1846	6760
595	1446	4039
596	2622	4432
597	2458	2948
598	1694	6434
599	2970	3535
600	1465	4087
601	944	6832
602	2272	2025
603	2176	2115
604	1298	6601
605	1465	4087
606	1538	7066
607	1078	6932
608	1546	4981
609	1608	5069
610	1105	7848
611	1401	7277
612	1870	6334
613	2500	3196
614	1587	6215
615	3015	4020
616	1170	4959
617	904	7084
618	2226	4545
619	1164	6685
620	3218	3448
621	2442	3027
622	1626	6594
623	2625	2891
624	1140	6627
625	1947	2409
626	2296	2083
627	1055	6029
628	2035	6210
629	1428	8537
630	2625	2891
631	1572	6936
632	1460	6872
633	2132	4741
634	506	6397
635	1464	6248
636	1608	5069
637	1535	5086
638	938	7612
639	1451	4033
640	1707	5104
641	1612	4443
642	1632	4674
643	669	7364
644	2929	4006
645	3218	3448
646	1626	6594
647	1832	6003
648	1213	4391
649	2176	2115
650	545	5880
651	1105	7848
652	2609	3059
653	761	6575
654	848	6080
655	441	6159
656	1612	4443
657	129	5981
658	1832	6003
659	906	7313
660	934	5536
661	1587	6215
662	2471	2577
663	1068	6861
664	1581	5977
665	1538	7066
666	2176	2115
667	986	5278
668	2038	2247
669	1366	4717
670	1000	5097
671	1022	7697
672	2929	4006
673	1835	4988
674	1227	5195
675	1391	6083
676	1538	7066
677	2293	3167
678	1446	4649
679	1885	5361
680	1644	5710
681	1449	5857
682	1055	6029
683	2362	1788
684	1997	4336
685	1239	4599
686	1644	5710
687	1055	6042
688	1439	4369
689	2983	3547
690	1559	5045
691	2287	2056
692	1535	5215
693	2806	4590
694	2240	4717
695	1720	6206
696	1055	6042
697	1692	6417
698	2442	3027
699	1608	5069
700	1661	3957
701	1111	6684
702	1632	4674
703	1391	6083
704	1228	6065
705	1655	4540
706	669	7364
707	1632	4674
708	1414	5996
709	1617	4189
710	1298	6601
711	2871	3749
712	1047	6746
713	1661	3957
714	3245	3880
715	782	5892
716	1970	5384
717	1547	4925
718	1000	5097
719	1692	6417
720	1421	4020
721	2514	2202
722	1029	6920
723	2617	2618
724	2241	5042
725	1366	4717
726	1385	7069
727	2925	4122
728	1451	4033
729	1505	7136
730	2212	2467
731	1208	6409
732	1660	4106
733	1590	7086
734	1621	8631
735	1873	5024
736	2169	7073
737	1229	4750
738	2296	2083
739	1488	4547
740	2287	4712
741	2185	1608
742	2606	5060
743	903	5954
744	2270	2115
745	2755	4995
746	2625	2891
747	1608	5069
748	1274	7571
749	2625	2891
750	1488	5191
751	2226	4545
752	1535	5215
753	1383	8448
754	3137	4089
755	986	5278
756	2864	3641
757	2614	4855
758	1312	6535
759	2185	1608
760	1515	4364
761	2241	3047
762	2495	4143
763	1464	6248
764	1885	5361
765	2492	2022
766	903	5954
767	2625	2891
768	1536	5338
769	1162	8717
770	1078	6932
771	1170	4959
772	2241	5042
773	2841	4232
774	2296	2083
775	903	5954
776	1488	5191
777	1581	5977
778	999	5568
779	1489	5878
780	2212	2467
781	2341	2060
782	1239	3889
783	129	5981
784	1401	5195
785	1462	6596
786	2871	3749
787	1645	4949
788	2929	4006
789	986	5278
790	2821	4658
791	2374	4768
792	1681	7161
793	761	6575
794	1852	5478
795	1119	6728
796	1553	6023
797	1366	4717
798	1882	6971
799	2271	4527
800	1655	4540
801	2841	4232
802	1450	3434
803	2806	4590
804	1590	7086
805	1574	5242
806	1526	5623
807	1295	3671
808	1229	5924
809	2272	2025
810	2501	4437
811	1502	6682
812	1359	7070
813	1809	6687
814	1443	4566
815	1565	4036
816	1279	4227
817	2863	4191
818	1545	5386
819	1391	6083
820	1346	4960
821	1873	5024
822	3137	4089
823	1613	5766
824	1532	9088
825	2287	2056
826	2820	3908
827	1208	6409
828	0	6090
829	2862	4101
830	1559	5045
831	3245	3880
832	1493	8546
833	818	9232
834	1059	8945
835	1553	6302
836	2443	2887
837	2817	4029
838	1115	4774
839	465	6015
840	1613	5766
841	2755	4995
842	1516	5763
843	1873	5024
844	1298	6601
845	1613	6279
846	986	5278
847	482	6716
848	2948	4041
849	2929	4006
850	1041	5458
851	2601	2272
852	1256	4173
853	989	5355
854	2730	3829
855	1516	5763
856	1346	4960
857	914	6999
858	2402	2664
859	1465	4087
860	938	7612
861	2320	2213
862	1295	3671
863	1488	5191
864	2514	2202
865	1846	6760
866	2495	4143
867	1682	7268
868	1473	5411
869	482	6716
870	1720	6206
871	1692	6417
872	2320	2213
873	2983	3547
874	1716	4303
875	2755	4995
876	2066	1725
877	2515	4694
878	2486	4869
879	3146	3763
880	1498	5903
881	1508	6765
882	1623	3506
883	1149	4153
884	2486	4869
885	1446	4039
886	1493	8546
887	2374	4768
888	3103	3847
889	1279	4227
890	2126	5323
891	1177	5925
892	938	7612
893	1361	5104
894	1055	6042
895	1568	7175
896	1450	3585
897	2241	5042
898	2864	3641
899	1359	7070
900	1366	4717
901	1852	5478
902	1361	5104
903	2980	3842
904	2270	2115
905	2271	4527
906	2287	4712
907	441	6159
908	2140	2364
909	2442	3027
910	1682	7268
911	2821	4658
912	818	9232
913	1505	6671
914	1383	8448
915	1644	5710
916	2471	2577
917	2806	4590
918	2862	4101
919	1543	8115
920	1228	6065
921	938	7612
922	1597	7015
923	2806	4590
924	914	6999
925	1229	5924
926	1299	7252
DEMAND_SECTION
1	0
2	9
3	16
4	4
5	7
6	3
7	13
8	6
9	4
10	9
11	8
12	6
13	8
14	3
15	8
16	5
17	7
18	7
19	5
20	4
21	5
22	7
23	15
24	9
25	7
26	7
27	12
28	5
29	4
30	9
31	10
32	5
33	7
34	4
35	3
36	8
37	8
38	11
39	6
40	5
41	5
42	4
43	4
44	6
45	6
46	14
47	8
48	6
49	4
50	7
51	8
52	7
53	7
54	4
55	8
56	4
57	6
58	6
59	6
60	5
61	6
62	13
63	16
64	9
65	9
66	6
67	6
68	10
69	17
70	3
71	6
72	4
73	11
74	4
75	7
76	5
77	5
78	6
79	4
80	3
81	7
82	7
83	9
84	7
85	5
86	4
87	3
88	6
89	5
90	7
91	5
92	5
93	7
94	9
95	5
96	5
97	5
98	14
99	6
100	9
101	4
102	16
103	4
104	3
105	4
106	4
107	8
108	4
109	13
110	4
111	7
112	3
113	5
114	6
115	6
116	14
117	4
118	4
119	3
120	10
121	3
122	3
123	9
124	9
125	8
126	6
127	8
128	5
129	4
130	15
131	6
132	3
133	8
134	6
135	6
136	12
137	8
138	4
139	7
140	6
141	7
142	7
143	7
144	4
145	5
146	5
147	4
148	7
149	3
150	7
151	7
152	6
153	4
154	16
155	4
156	3
157	3
158	6
159	8
160	4
161	19
162	6
163	6
164	3
165	8
166	5
167	7
168	10
169	4
170	4
171	4
172	3
173	8
174	4
175	14
176	3
177	10
178	6
179	3
180	4
181	10
182	6
183	9
184	10
185	13
186	5
187	4
188	8
189	3
190	3
191	5
192	3
193	5
194	15
195	7
196	4
197	6
198	5
199	8
200	3
201	4
202	9
203	7
204	5
205	14
206	8
207	9
208	9
209	4
210	4
211	9
212	8
213	5
214	9
215	7
216	7
217	3
218	9
219	4
220	8
221	8
222	5
223	8
224	5
225	4
226	8
227	5
228	9
229	7
230	6
231	8
232	6
233	3
234	10
235	4
236	6
237	3
238	4
239	9
240	8
241	7
242	6
243	4
244	4
245	6
246	4
247	7
248	6
249	9
250	3
251	4
252	9
253	7
254	4
255	15
256	4
257	4
258	5
259	12
260	4
261	5
262	14
263	6
264	4
265	5
266	6
267	4
268	4
269	8
270	4
271	8
272	4
273	8
274	5
275	6
276	8
277	7
278	4
279	7
280	7
281	5
282	5
283	9
284	9
285	9
286	8
287	5
288	3
289	5
290	6
291	13
292	5
293	5
294	4
295	10
296	5
297	6
298	7
299	7
300	4
301	6
302	4
303	6
304	6
305	4
306	3
307	12
308	4
309	7
310	4
311	9
312	9
313	8
314	13
315	3
316	10
317	12
318	4
319	4
320	10
321	6
322	12
323	9
324	6
325	7
326	5
327	4
328	6
329	14
330	8
331	3
332	4
333	4
334	4
335	5
336	6
337	6
338	13
339	12
340	7
341	6
342	6
343	8
344	7
345	5
346	10
347	7
348	5
349	13
350	4
351	4
352	7
353	7
354	6
355	6
356	9
357	4
358	4
359	6
360	8
361	5
362	14
363	5
364	5
365	13
366	6
367	11
368	7
369	6
370	4
371	4
372	4
373	9
374	6
375	3
376	6
377	6
378	7
379	7
380	4
381	3
382	7
383	4
384	7
385	8
386	3
387	4
388	12
389	4
390	3
391	7
392	6
393	4
394	10
395	8
396	7
397	5
398	3
399	4
400	8
401	7
402	9
403	5
404	5
405	6
406	5
407	4
408	8
409	11
410	6
411	6
412	5
413	5
414	5
415	4
416	4
417	5
418	14
419	6
420	4
421	8
422	11
423	3
424	12
425	7
426	9
427	4
428	5
429	6
430	7
431	7
432	8
433	20
434	4
435	3
436	9
437	8
438	5
439	7
440	7
441	7
442	7
443	6
444	16
445	7
446	5
447	5
448	4
449	3
450	7
451	7
452	3
453	7
454	7
455	4
456	12
457	4
458	7
459	5
460	7
461	4
462	8
463	5
464	4
465	5
466	3
467	9
468	8
469	4
470	5
471	5
472	7
473	6
474	6
475	5
476	5
477	6
478	11
479	6
480	6
481	7
482	5
483	6
484	4
485	3
486	5
487	7
488	5
489	4
490	5
491	8
492	7
493	3
494	3
495	3
496	7
497	8
498	6
499	6
500	6
501	4
502	13
503	5
504	4
505	4
506	10
507	7
508	8
509	8
510	5
511	7
512	3
513	4
514	7
515	7
516	3
517	16
518	4
519	12
520	12
521	3
522	10
523	9
524	11
525	3
526	3
527	10
528	4
529	7
530	4
531	9
532	5
533	4
534	4
535	3
536	8
537	7
538	20
539	7
540	5
541	7
542	11
543	4
544	5
545	7
546	4
547	17
548	7
549	9
550	5
551	7
552	4
553	8
554	5
555	9
556	4
557	8
558	7
559	6
560	6
561	4
562	4
563	8
564	10
565	3
566	8
567	10
568	3
569	5
570	6
571	7
572	12
573	5
574	3
575	7
576	5
577	8
578	8
579	7
580	5
581	4
582	4
583	7
584	5
585	4
586	4
587	4
588	6
589	5
590	7
591	16
592	4
593	4
594	9
595	7
596	4
597	9
598	5
599	4
600	5
601	3
602	7
603	5
604	7
605	7
606	7
607	7
608	6
609	7
610	5
611	9
612	12
613	6
614	14
615	7
616	11
617	11
618	7
619	8
620	8
621	3
622	6
623	7
624	5
625	5
626	6
627	7
628	7
629	3
630	8
631	5
632	10
633	4
634	3
635	12
636	5
637	5
638	7
639	4
640	8
641	5
642	9
643	7
644	4
645	5
646	8
647	7
648	4
649	8
650	4
651	14
652	4
653	7
654	9
655	4
656	7
657	4
658	3
659	5
660	19
661	9
662	17
663	5
664	4
665	11
666	6
667	9
668	7
669	12
670	4
671	8
672	6
673	12
674	8
675	3
676	9
677	5
678	5
679	8
680	4
681	15
682	10
683	6
684	13
685	5
686	11
687	7
688	7
689	8
690	3
691	5
692	3
693	5
694	6
695	9
696	4
697	5
698	12
699	8
700	8
701	3
702	7
703	7
704	4
705	7
706	5
707	5
708	7
709	8
710	4
711	3
712	7
713	7
714	4
715	4
716	7
717	5
718	9
719	3
720	6
721	9
722	7
723	4
724	7
725	7
726	4
727	8
728	11
729	7
730	4
731	8
732	5
733	4
734	5
735	4
736	6
737	7
738	4
739	7
740	4
741	6
742	15
743	6
744	8
745	11
746	9
747	4
748	4
749	7
750	4
751	5
752	10
753	5
754	3
755	7
756	4
757	5
758	6
759	7
760	5
761	9
762	11
763	4
764	8
765	7
766	7
767	6
768	8
769	7
770	6
771	5
772	6
773	4
774	11
775	4
776	3
777	3
778	6
779	6
780	4
781	7
782	7
783	4
784	6
785	3
786	8
787	9
788	5
789	7
790	6
791	3
792	4
793	13
794	4
795	6
796	8
797	5
798	10
799	4
800	10
801	5
802	5
803	3
804	4
805	4
806	20
807	5
808	8
809	6
810	9
811	9
812	4
813	6
814	16
815	6
816	5
817	6
818	8
819	5
820	8
821	13
822	4
823	6
824	4
825	5
826	7
827	9
828	11
829	8
830	5
831	10
832	9
833	9
834	4
835	5
836	4
837	4
838	4
839	5
840	3
841	4
842	6
843	4
844	6
845	7
846	3
847	5
848	16
849	9
850	3
851	6
852	13
853	12
854	6
855	3
856	4
857	6
858	5
859	7
860	8
861	8
862	3
863	7
864	4
865	4
866	7
867	9
868	10
869	8
870	9
871	4
872	10
873	7
874	7
875	5
876	4
877	9
878	6
879	10
880	11
881	3
882	4
883	4
884	9
885	6
886	6
887	10
888	3
889	3
890	10
891	4
892	7
893	3
894	9
895	9
896	3
897	16
898	7
899	8
900	7
901	5
902	8
903	3
904	7
905	7
906	5
907	8
908	9
909	7
910	6
911	5
912	5
913	7
914	4
915	4
916	3
917	5
918	5
919	6
920	10
921	4
922	6
923	5
924	10
925	3
926	7
DEPOT_SECTION
1
-1
SERVICE_TIME_SECTION
1	0
2	360
3	240
4	480
5	360
6	360
7	480
8	600
9	600
10	480
11	540
12	600
13	600
14	240
15	480
16	420
17	540
18	600
19	360
20	420
21	600
22	360
23	540
24	360
25	360
26	480
27	360
28	240
29	660
30	600
31	1140
32	360
33	420
34	840
35	600
36	1020
37	600
38	360
39	420
40	300
41	1020
42	240
43	480
44	480
45	360
46	360
47	540
48	480
49	540
50	540
51	420
52	600
53	240
54	540
55	240
56	540
57	360
58	600
59	420
60	840
61	360
62	240
63	900
64	360
65	600
66	360
67	480
68	420
69	240
70	720
71	300
72	420
73	420
74	600
75	660
76	600
77	720
78	540
79	360
80	360
81	240
82	360
83	540
84	840
85	540
86	780
87	480
88	420
89	420
90	480
91	480
92	600
93	420
94	600
95	360
96	720
97	240
98	240
99	300
100	480
101	420
102	720
103	240
104	300
105	840
106	660
107	420
108	420
109	420
110	540
111	540
112	960
113	480
114	240
115	300
116	660
117	600
118	840
119	300
120	360
121	660
122	660
123	420
124	240
125	900
126	660
127	360
128	480
129	660
130	540
131	540
132	540
133	780
134	600
135	240
136	420
137	420
138	900
139	660
140	840
141	360
142	780
143	360
144	600
145	660
146	480
147	420
148	900
149	780
150	480
151	300
152	360
153	420
154	540
155	840
156	240
157	1200
158	240
159	600
160	420
161	360
162	360
163	420
164	240
165	540
166	240
167	480
168	840
169	300
170	420
171	240
172	360
173	420
174	1020
175	480
176	420
177	600
178	420
179	420
180	600
181	600
182	540
183	480
184	360
185	720
186	360
187	600
188	660
189	900
190	720
191	420
192	480
193	600
194	660
195	360
196	480
197	540
198	900
199	360
200	600
201	420
202	480
203	600
204	540
205	480
206	600
207	420
208	480
209	420
210	360
211	600
212	420
213	360
214	720
215	600
216	420
217	600
218	900
219	660
220	480
221	480
222	240
223	240
224	240
225	600
226	720
227	240
228	600
229	300
230	480
231	420
232	480
233	420
234	360
235	480
236	360
237	420
238	540
239	240
240	240
241	720
242	360
243	300
244	360
245	420
246	480
247	300
248	600
249	360
250	840
251	720
252	900
253	600
254	360
255	420
256	360
257	720
258	240
259	300
260	1200
261	300
262	240
263	540
264	1020
265	240
266	600
267	540
268	660
269	600
270	420
271	360
272	360
273	540
274	480
275	480
276	720
277	540
278	240
279	840
280	240
281	660
282	240
283	420
284	720
285	420
286	600
287	600
288	360
289	420
290	420
291	360
292	420
293	300
294	360
295	360
296	660
297	540
298	420
299	660
300	840
301	360
302	360
303	600
304	600
305	240
306	420
307	720
308	360
309	600
310	300
311	540
312	480
313	360
314	600
315	660
316	300
317	240
318	360
319	360
320	600
321	600
322	300
323	660
324	600
325	540
326	420
327	420
328	480
329	720
330	420
331	780
332	240
333	960
334	960
335	300
336	900
337	600
338	1140
339	660
340	540
341	360
342	240
343	240
344	780
345	480
346	360
347	600
348	360
349	540
350	420
351	360
352	660
353	420
354	300
355	420
356	660
357	540
358	480
359	360
360	840
361	600
362	1200
363	540
364	660
365	420
366	420
367	240
368	660
369	540
370	600
371	480
372	300
373	840
374	660
375	780
376	360
377	240
378	360
379	480
380	360
381	360
382	660
383	900
384	360
385	480
386	840
387	480
388	240
389	480
390	300
391	360
392	360
393	240
394	600
395	360
396	420
397	600
398	360
399	720
400	360
401	360
402	840
403	720
404	420
405	540
406	600
407	540
408	540
409	840
410	240
411	660
412	720
413	360
414	600
415	240
416	540
417	720
418	1080
419	360
420	600
421	240
422	540
423	480
424	420
425	420
426	660
427	600
428	240
429	420
430	840
431	300
432	300
433	960
434	480
435	420
436	420
437	600
438	660
439	660
440	240
441	420
442	720
443	600
444	720
445	720
446	240
447	420
448	720
449	300
450	300
451	660
452	480
453	240
454	540
455	300
456	360
457	540
458	720
459	900
460	360
461	720
462	360
463	720
464	420
465	240
466	420
467	780
468	360
469	420
470	240
471	540
472	480
473	300
474	780
475	540
476	480
477	300
478	600
479	480
480	480
481	540
482	960
483	360
484	540
485	720
486	360
487	480
488	540
489	540
490	420
491	780
492	540
493	540
494	240
495	600
496	420
497	1260
498	660
499	600
500	360
501	600
502	600
503	480
504	480
505	480
506	420
507	660
508	540
509	600
510	300
511	840
512	240
513	360
514	660
515	360
516	540
517	240
518	540
519	540
520	420
521	600
522	240
523	660
524	600
525	780
526	300
527	300
528	420
529	360
530	420
531	780
532	420
533	300
534	480
535	480
536	780
537	300
538	480
539	660
540	900
541	540
542	600
543	780
544	720
545	240
546	360
547	540
548	720
549	600
550	600
551	540
552	1020
553	360
554	660
555	840
556	420
557	660
558	420
559	360
560	480
561	600
562	360
563	240
564	600
565	780
566	660
567	720
568	480
569	240
570	540
571	420
572	300
573	600
574	600
575	300
576	900
577	900
578	600
579	840
580	540
581	540
582	540
583	540
584	480
585	540
586	420
587	540
588	480
589	900
590	540
591	360
592	360
593	300
594	240
595	420
596	540
597	660
598	720
599	480
600	720
601	360
602	480
603	900
604	720
605	420
606	660
607	1080
608	540
609	360
610	960
611	600
612	540
613	480
614	600
615	780
616	360
617	720
618	600
619	420
620	240
621	480
622	600
623	360
624	480
625	360
626	300
627	780
628	480
629	420
630	240
631	480
632	720
633	360
634	720
635	300
636	840
637	420
638	780
639	360
640	480
641	720
642	540
643	480
644	480
645	480
646	480
647	600
648	360
649	480
650	420
651	600
652	720
653	480
654	360
655	840
656	360
657	540
658	480
659	720
660	420
661	840
662	480
663	600
664	240
665	840
666	720
667	600
668	600
669	240
670	720
671	240
672	360
673	420
674	300
675	240
676	480
677	600
678	720
679	720
680	720
681	480
682	240
683	480
684	360
685	480
686	360
687	1080
688	540
689	360
690	660
691	240
692	660
693	600
694	540
695	600
696	360
697	480
698	420
699	420
700	240
701	240
702	660
703	300
704	420
705	420
706	360
707	360
708	540
709	420
710	360
711	600
712	480
713	420
714	600
715	1080
716	660
717	480
718	480
719	660
720	420
721	660
722	600
723	600
724	420
725	900
726	480
727	660
728	240
729	900
730	360
731	480
732	540
733	840
734	540
735	420
736	540
737	660
738	540
739	240
740	420
741	780
742	420
743	360
744	480
745	360
746	660
747	240
748	660
749	420
750	540
751	660
752	600
753	240
754	240
755	900
756	720
757	480
758	360
759	660
760	480
761	240
762	600
763	420
764	420
765	420
766	540
767	960
768	660
769	240
770	240
771	420
772	300
773	360
774	540
775	360
776	240
777	480
778	240
779	360
780	1140
781	240
782	300
783	360
784	300
785	600
786	360
787	960
788	240
789	480
790	360
791	600
792	540
793	420
794	720
795	240
796	540
797	480
798	360
799	240
800	420
801	720
802	600
803	840
804	240
805	480
806	480
807	540
808	660
809	420
810	420
811	480
812	360
813	240
814	420
815	840
816	480
817	720
818	480
819	720
820	540
821	540
822	240
823	240
824	420
825	540
826	600
827	540
828	540
829	600
830	540
831	360
832	240
833	480
834	900
835	840
836	360
837	360
838	240
839	600
840	360
841	660
842	540
843	480
844	600
845	420
846	720
847	240
848	480
849	240
850	360
851	480
852	360
853	420
854	600
855	420
856	600
857	240
858	720
859	660
860	600
861	600
862	420
863	780
864	840
865	480
866	480
867	600
868	720
869	600
870	420
871	240
872	300
873	360
874	660
875	240
876	540
877	540
878	360
879	540
880	240
881	600
882	360
883	300
884	480
885	600
886	480
887	240
888	720
889	420
890	420
891	660
892	420
893	420
894	240
895	360
896	540
897	540
898	720
899	480
900	420
901	780
902	420
903	300
904	480
905	420
906	600
907	480
908	240
909	360
910	240
911	480
912	360
913	660
914	240
915	900
916	480
917	360
918	540
919	480
920	540
921	240
922	420
923	660
924	1080
925	720
926	420
TIME_WINDOW_SECTION
1	0	45000
2	10200	29700
3	22800	30300
4	12000	19500
5	8400	19500
6	12000	19500
7	15600	26700
8	4800	12300
9	22800	30300
10	12000	19500
11	22800	30300
12	10200	30300
13	15600	26700
14	8400	19500
15	4800	12300
16	15600	23100
17	10200	30300
18	8400	15900
19	8400	19500
20	12000	19500
21	19200	26700
22	22800	29700
23	4800	12300
24	19200	26700
25	4800	12300
26	15600	23100
27	22800	30300
28	15600	23100
29	4800	12300
30	10200	30300
31	10200	29700
32	8400	15900
33	12000	19500
34	10200	30300
35	4800	12300
36	22800	30300
37	10200	30300
38	15600	23100
39	22800	29700
40	19200	26100
41	4800	12300
42	12000	19500
43	10200	30300
44	22800	30300
45	8400	19500
46	19200	26700
47	15600	26700
48	4800	12300
49	12000	19500
50	22800	30300
51	10200	30300
52	19200	26700
53	12000	19500
54	15600	23100
55	8400	19500
56	22800	30300
57	19200	26700
58	10200	30300
59	12000	19500
60	4800	11700
61	12000	19500
62	15600	26700
63	22800	30300
64	15600	26700
65	10200	30300
66	10200	30300
67	12000	19500
68	8400	19500
69	8400	15900
70	12000	19500
71	15600	26100
72	8400	15900
73	15600	26700
74	4800	12300
75	12000	18840
76	19200	26700
77	15600	26700
78	22800	30300
79	19200	26700
80	22800	30300
81	19200	26700
82	22800	30300
83	8400	19500
84	15600	23100
85	12000	19500
86	15600	23100
87	4800	11700
88	8400	15900
89	15600	23100
90	19200	26700
91	22800	30300
92	4800	12300
93	19200	26700
94	4800	12300
95	15600	26700
96	10200	29700
97	19200	26100
98	19200	26700
99	8400	19500
100	10200	29700
101	10200	30300
102	10200	30300
103	10200	29700
104	12000	19500
105	4800	12300
106	22800	30300
107	8400	19500
108	19200	26700
109	12000	19500
110	4800	12300
111	12000	18900
112	12000	19500
113	19200	26700
114	8400	15900
115	15600	26700
116	22800	30300
117	4800	12300
118	12000	19500
119	4800	12300
120	10200	30300
121	12000	19500
122	12000	19500
123	19200	26700
124	4800	12300
125	4800	12300
126	10200	30300
127	10200	30300
128	10200	30300
129	8400	15900
130	10200	30300
131	19200	26700
132	22800	30300
133	4800	12300
134	10200	30300
135	4800	12300
136	4800	12300
137	19200	26700
138	8400	19500
139	15600	26700
140	19200	26700
141	12000	19500
142	10200	30300
143	22800	30300
144	15600	26100
145	8400	19500
146	4800	12300
147	8400	15900
148	22800	30300
149	12000	19500
150	10200	29700
151	10200	30300
152	8400	15900
153	22800	30300
154	15600	23100
155	22800	30300
156	12000	19500
157	19200	26700
158	8400	15300
159	4800	12300
160	19200	26700
161	19200	26100
162	15600	26100
163	4800	12300
164	22800	30300
165	8400	15900
166	12000	19500
167	15600	23100
168	12000	19500
169	4800	12300
170	12000	19500
171	15600	23100
172	10200	30300
173	15600	23100
174	19200	26700
175	12000	19500
176	12000	19500
177	12000	19500
178	10200	30300
179	22800	29700
180	22800	30300
181	10200	30300
182	10200	30300
183	22800	30300
184	8400	19500
185	4800	12300
186	15600	26100
187	4800	12300
188	4800	11700
189	10200	30300
190	10200	30300
191	19200	26700
192	12000	19500
193	22800	30300
194	22800	30300
195	19200	26700
196	15600	23100
197	15600	26100
198	15600	26100
199	8400	15900
200	4800	11700
201	19200	26700
202	22800	30300
203	12000	18840
204	12000	19500
205	19200	26700
206	12000	19500
207	8400	15900
208	4800	12300
209	19200	26700
210	8400	19500
211	19200	26700
212	19200	26700
213	12000	19500
214	22800	30300
215	17400	36900
216	8400	19500
217	22800	30300
218	22800	29700
219	4800	12300
220	15600	23100
221	15600	26700
222	22800	30300
223	15600	23100
224	8400	19500
225	15600	23100
226	15600	26700
227	4800	12300
228	4800	12300
229	19200	26100
230	22800	30300
231	22800	30300
232	10200	30300
233	10200	30300
234	10200	30300
235	12000	19500
236	10200	29700
237	4800	12300
238	22800	30300
239	10200	30300
240	15600	26700
241	12000	19500
242	17400	37500
243	19200	26100
244	15600	26700
245	4800	12300
246	4800	12300
247	4800	12300
248	10200	30300
249	12000	19500
250	22800	30300
251	19200	26700
252	10200	29700
253	12000	19500
254	4800	12300
255	10200	30300
256	22800	30300
257	8400	15900
258	4800	12300
259	12000	19500
260	8400	19500
261	19200	26700
262	4800	12300
263	4800	12300
264	19200	26700
265	19200	26700
266	22800	30300
267	4800	12300
268	10200	30300
269	4800	12300
270	12000	19500
271	19200	26100
272	10200	30300
273	22800	30300
274	12000	19500
275	19200	26700
276	10200	30300
277	22800	30300
278	8400	15300
279	15600	23100
280	12000	19500
281	10200	30300
282	10200	30300
283	15600	26700
284	10200	30300
285	10200	30300
286	8400	15900
287	19200	26700
288	15600	23100
289	12000	19500
290	12000	19500
291	12000	19500
292	22800	30300
293	10200	29700
294	19200	26700
295	12000	19500
296	19200	26700
297	4800	12300
298	12000	19500
299	10200	30300
300	10200	29700
301	22800	30300
302	19200	26100
303	12000	19500
304	22800	29700
305	22800	30300
306	22800	30300
307	10200	30300
308	19200	26700
309	12000	19500
310	15600	26700
311	8400	19500
312	10200	29700
313	8400	19500
314	12000	19500
315	12000	19500
316	10200	30300
317	10200	30300
318	19200	26700
319	12000	19500
320	4800	12300
321	10200	29700
322	15600	26700
323	22800	30300
324	22800	30300
325	8400	15900
326	22800	30300
327	12000	19500
328	19200	26700
329	10200	29700
330	10200	30300
331	4800	12300
332	22800	29700
333	10200	30300
334	12000	19500
335	12000	19500
336	15600	22500
337	4800	12300
338	12000	19500
339	15600	23100
340	10200	30300
341	19200	26700
342	12000	19500
343	4800	12300
344	10200	30300
345	10200	30300
346	12000	19500
347	22800	30300
348	22800	30300
349	22800	30300
350	22800	30300
351	12000	19500
352	19200	26700
353	15600	24900
354	22800	30300
355	22800	30300
356	4800	12300
357	19200	26700
358	19200	26700
359	22800	30300
360	10200	30300
361	19200	26700
362	12000	19500
363	19200	26700
364	12000	19500
365	10200	30300
366	4800	12300
367	12000	19500
368	4800	12300
369	10200	30300
370	15600	26700
371	10200	30300
372	4800	12300
373	19200	26700
374	17400	37500
375	12000	19500
376	8400	19500
377	19200	26700
378	10200	30300
379	22800	30300
380	12000	19500
381	19200	26700
382	4800	12300
383	4800	12300
384	4800	12300
385	10200	29700
386	15600	26100
387	12000	19500
388	8400	19500
389	22800	30300
390	10200	30300
391	4800	12300
392	10200	30300
393	4800	12300
394	10200	30300
395	22800	29700
396	10200	30300
397	15600	26100
398	19200	26700
399	15600	26700
400	10200	30300
401	10200	30300
402	12000	19500
403	4800	12300
404	22800	30300
405	8400	15900
406	12000	19500
407	22800	30300
408	22800	30300
409	15600	24900
410	19200	26700
411	12000	19500
412	4800	12300
413	10200	30300
414	15600	23100
415	10200	30300
416	8400	15900
417	10200	30300
418	19200	26700
419	4800	12300
420	10200	29700
421	10200	29700
422	12000	19500
423	19200	26700
424	12000	19500
425	10200	30300
426	12000	19500
427	4800	12300
428	10200	30300
429	10200	30300
430	19200	26700
431	22800	30300
432	10200	29700
433	4800	12300
434	8400	19500
435	8400	15900
436	8400	15900
437	15600	26100
438	8400	19500
439	22800	30300
440	15600	26700
441	12000	19500
442	22800	30300
443	12000	19500
444	15600	22500
445	22800	30300
446	10200	30300
447	8400	15900
448	22800	30300
449	10200	30300
450	10200	30300
451	19200	26700
452	15600	23100
453	8400	19500
454	10200	30300
455	22800	30300
456	22800	30300
457	10200	30300
458	19200	26700
459	12000	18840
460	22800	30300
461	10200	30300
462	8400	15900
463	10200	30300
464	22800	30300
465	22800	30300
466	19200	26700
467	10200	29700
468	10200	30300
469	10200	29700
470	22800	30300
471	8400	19500
472	22800	30300
473	22800	29700
474	8400	19500
475	22800	30300
476	22800	30300
477	4800	12300
478	10200	30300
479	10200	30300
480	12000	19500
481	10200	30300
482	10200	30300
483	4800	12300
484	22800	30300
485	8400	18900
486	10200	30300
487	12000	19500
488	19200	26700
489	15600	23100
490	15600	23100
491	4800	12300
492	22800	30300
493	10200	29700
494	12000	19500
495	12000	19500
496	10200	30300
497	12000	19500
498	15600	22500
499	19200	26700
500	19200	26700
501	19200	26700
502	22800	30300
503	12000	19500
504	19200	26700
505	10200	30300
506	15600	26100
507	22800	30300
508	10200	30300
509	12000	19500
510	19200	26700
511	22800	30300
512	10200	30300
513	22800	30300
514	12000	19500
515	12000	19500
516	15600	23100
517	10200	30300
518	15600	26700
519	15600	26700
520	8400	15900
521	22800	30300
522	8400	15900
523	19200	26700
524	8400	15900
525	10200	30300
526	19200	26700
527	22800	30300
528	10200	30300
529	15600	26700
530	10200	30300
531	8400	19500
532	12000	19500
533	12000	19500
534	10200	29700
535	10200	30300
536	19200	26700
537	10200	30300
538	19200	26700
539	15600	23100
540	22800	30300
541	15600	23100
542	12000	19500
543	8400	15900
544	19200	26700
545	8400	18900
546	10200	30300
547	8400	19500
548	15600	26700
549	10200	30300
550	22800	29700
551	8400	19500
552	10200	30300
553	10200	30300
554	19200	26100
555	22800	30300
556	19200	26700
557	15600	26700
558	22800	30300
559	19200	26700
560	8400	19500
561	22800	30300
562	12000	19500
563	12000	19500
564	22800	30300
565	15600	26700
566	8400	18900
567	10200	30300
568	10200	30300
569	15600	24900
570	10200	30300
571	12000	19500
572	10200	30300
573	22800	30300
574	10200	30300
575	10200	30300
576	8400	15900
577	10200	30300
578	15600	23100
579	10200	30300
580	8400	19500
581	12000	18900
582	22800	29700
583	10200	30300
584	10200	30300
585	12000	19500
586	12000	19500
587	15600	23100
588	15600	26700
589	19200	26700
590	8400	15900
591	19200	26700
592	15600	26700
593	22800	30300
594	19200	26700
595	22800	30300
596	12000	19500
597	10200	30300
598	10200	30300
599	8400	19500
600	8400	19500
601	12000	19500
602	12000	19500
603	10200	30300
604	15600	26700
605	19200	26700
606	12000	19500
607	19200	26700
608	8400	15900
609	22800	30300
610	22800	30300
611	19200	26700
612	10200	29700
613	12000	19500
614	10200	30300
615	15600	26700
616	12000	19500
617	12000	19500
618	8400	15900
619	10200	30300
620	10200	30300
621	12000	19500
622	12000	19500
623	22800	30300
624	19200	26700
625	19200	26700
626	12000	19500
627	10200	30300
628	10200	30300
629	22800	30300
630	12000	19500
631	10200	30300
632	15600	26100
633	12000	19500
634	15600	23100
635	22800	30300
636	15600	23100
637	8400	19500
638	10200	30300
639	22800	30300
640	22800	30300
641	15600	23100
642	12000	19500
643	19200	26700
644	10200	30300
645	19200	26700
646	10200	30300
647	12000	19500
648	10200	30300
649	12000	19500
650	19200	26700
651	12000	19500
652	10200	30300
653	10200	29700
654	10200	30300
655	19200	26700
656	10200	29700
657	10200	30300
658	10200	30300
659	10200	30300
660	12000	19500
661	8400	19500
662	8400	18900
663	8400	19500
664	12000	19500
665	22800	30300
666	19200	26700
667	12000	19500
668	10200	30300
669	22800	30300
670	19200	26700
671	12000	19500
672	19200	26700
673	19200	26700
674	15600	24900
675	22800	29700
676	12000	19500
677	19200	26700
678	15600	23100
679	19200	26700
680	22800	30300
681	10200	30300
682	22800	30300
683	15600	23100
684	19200	26100
685	15600	23100
686	15600	23100
687	22800	30300
688	22800	29700
689	22800	29700
690	10200	30300
691	15600	23100
692	22800	30300
693	19200	26700
694	22800	30300
695	15600	26100
696	12000	19500
697	15600	23100
698	10200	30300
699	12000	19500
700	15600	23100
701	10200	30300
702	12000	19500
703	10200	30300
704	17400	36900
705	15600	23100
706	22800	30300
707	22800	30300
708	10200	30300
709	8400	19500
710	10200	29700
711	15600	23100
712	10200	30300
713	19200	26700
714	8400	19500
715	10200	29700
716	12000	19500
717	19200	26700
718	10200	30300
719	19200	26700
720	8400	19500
721	10200	29700
722	10200	29700
723	12000	19500
724	19200	26700
725	12000	19500
726	15600	23100
727	19200	26700
728	22800	30300
729	15600	26100
730	10200	30300
731	10200	30300
732	10200	30300
733	19200	26700
734	19200	26700
735	22800	30300
736	22800	30300
737	22800	30300
738	22800	30300
739	15600	26700
740	19200	26700
741	10200	30300
742	10200	30300
743	10200	30300
744	15600	22500
745	12000	19500
746	15600	23100
747	12000	19500
748	22800	30300
749	22800	30300
750	10200	30300
751	15600	26700
752	12000	19500
753	19200	26700
754	12000	19500
755	19200	26100
756	10200	30300
757	10200	30300
758	19200	26700
759	19200	26700
760	10200	30300
761	10200	30300
762	10200	30300
763	19200	26700
764	12000	18900
765	10200	29700
766	22800	30300
767	19200	26700
768	8400	19500
769	10200	30300
770	15600	23100
771	19200	26700
772	19200	26700
773	10200	30300
774	22800	30300
775	10200	30300
776	12000	19500
777	10200	30300
778	15600	23100
779	19200	26700
780	22800	30300
781	19200	26700
782	8400	19500
783	19200	26700
784	17400	37500
785	10200	30300
786	8400	19500
787	22800	30300
788	8400	19500
789	10200	30300
790	19200	26700
791	12000	19500
792	10200	30300
793	10200	30300
794	10200	30300
795	19200	26700
796	19200	26100
797	10200	30300
798	15600	23100
799	22800	30300
800	22800	30300
801	19200	26700
802	10200	30300
803	10200	30300
804	10200	30300
805	15600	23100
806	12000	19500
807	22800	30300
808	15600	23100
809	10200	30300
810	12000	19500
811	22800	30300
812	22800	30300
813	19200	26700
814	22800	30300
815	12000	19500
816	15600	26700
817	8400	19500
818	10200	30300
819	22800	30300
820	10200	30300
821	22800	30300
822	15600	23100
823	19200	26700
824	22800	30300
825	10200	30300
826	10200	30300
827	22800	30300
828	10200	29700
829	15600	26100
830	10200	30300
831	10200	30300
832	10200	30300
833	10200	30300
834	15600	26100
835	19200	26700
836	22800	30300
837	10200	30300
838	19200	26700
839	10200	30300
840	10200	30300
841	15600	26700
842	15600	23100
843	10200	30300
844	10200	30300
845	19200	26700
846	22800	30300
847	22800	30300
848	15600	26100
849	10200	30300
850	10200	30300
851	10200	30300
852	10200	30300
853	15600	23100
854	15600	23100
855	15600	26700
856	10200	30300
857	10200	30300
858	10200	30300
859	10200	30300
860	15600	23100
861	10200	30300
862	10200	30300
863	10200	30300
864	10200	30300
865	10200	30300
866	15600	23100
867	15600	26700
868	22800	30300
869	15600	26100
870	19200	26700
871	22800	30300
872	15600	26700
873	15600	26700
874	15600	23100
875	22800	30300
876	10200	30300
877	10200	30300
878	10200	30300
879	15600	23100
880	15600	23100
881	10200	30300
882	10200	30300
883	10200	30300
884	10200	30300
885	22800	30300
886	15600	26700
887	15600	26100
888	19200	26700
889	10200	30300
890	22800	30300
891	19200	26700
892	10200	30300
893	10200	30300
894	19200	26700
895	10200	30300
896	15600	23100
897	19200	26700
898	19200	26700
899	10200	30300
900	19200	26700
901	15600	23100
902	10200	29700
903	15600	23100
904	10200	29700
905	10200	30300
906	22800	30300
907	10200	30300
908	22800	30300
909	10200	30300
910	19200	26100
911	19200	26100
912	22800	30300
913	19200	26700
914	22800	30300
915	10200	30300
916	10200	30300
917	15600	23100
918	22800	30300
919	10200	30300
920	22800	30300
921	10200	30300
922	10200	30300
923	15600	26700
924	10200	30300
925	10200	30300
926	22800	30300
RELEASE_TIME_SECTION
1	0
2	3600
3	3600
4	3600
5	3600
6	3600
7	3600
8	3600
9	3600
10	3600
11	3600
12	3600
13	3600
14	3600
15	3600
16	3600
17	3600
18	3600
19	3600
20	3600
21	3600
22	3600
23	3600
24	3600
25	3600
26	3600
27	3600
28	3600
29	3600
30	3600
31	3600
32	3600
33	3600
34	3600
35	3600
36	3600
37	3600
38	3600
39	3600
40	3600
41	3600
42	3600
43	3600
44	3600
45	3600
46	3600
47	3600
48	3600
49	3600
50	3600
51	3600
52	3600
53	3600
54	3600
55	3600
56	3600
57	3600
58	3600
59	3600
60	3600
61	3600
62	3600
63	3600
64	3600
65	3600
66	3600
67	3600
68	3600
69	3600
70	3600
71	3600
72	3600
73	3600
74	3600
75	3600
76	3600
77	3600
78	3600
79	3600
80	3600
81	3600
82	3600
83	3600
84	3600
85	3600
86	3600
87	3600
88	3600
89	3600
90	3600
91	3600
92	3600
93	3600
94	3600
95	3600
96	3600
97	3600
98	3600
99	3600
100	3600
101	3600
102	5400
103	5400
104	5400
105	5400
106	5400
107	5400
108	5400
109	5400
110	5400
111	5400
112	5400
113	5400
114	5400
115	5400
116	5400
117	5400
118	5400
119	5400
120	5400
121	5400
122	5400
123	5400
124	5400
125	5400
126	5400
127	5400
128	5400
129	5400
130	5400
131	5400
132	5400
133	5400
134	5400
135	5400
136	5400
137	5400
138	5400
139	5400
140	5400
141	5400
142	5400
143	5400
144	5400
145	5400
146	5400
147	5400
148	5400
149	5400
150	5400
151	5400
152	5400
153	5400
154	5400
155	5400
156	5400
157	5400
158	5400
159	5400
160	5400
161	5400
162	5400
163	5400
164	5400
165	5400
166	5400
167	5400
168	5400
169	5400
170	5400
171	5400
172	5400
173	5400
174	5400
175	5400
176	5400
177	5400
178	5400
179	5400
180	5400
181	5400
182	5400
183	5400
184	5400
185	5400
186	5400
187	5400
188	5400
189	5400
190	5400
191	5400
192	5400
193	5400
194	5400
195	5400
196	5400
197	5400
198	5400
199	5400
200	5400
201	5400
202	7200
203	7200
204	7200
205	7200
206	7200
207	7200
208	7200
209	7200
210	7200
211	7200
212	7200
213	7200
214	7200
215	7200
216	7200
217	7200
218	7200
219	7200
220	7200
221	7200
222	7200
223	7200
224	7200
225	7200
226	7200
227	7200
228	7200
229	7200
230	7200
231	7200
232	7200
233	7200
234	7200
235	7200
236	7200
237	7200
238	7200
239	7200
240	7200
241	7200
242	7200
243	7200
244	7200
245	7200
246	7200
247	7200
248	7200
249	7200
250	7200
251	7200
252	7200
253	7200
254	7200
255	7200
256	7200
257	7200
258	7200
259	7200
260	7200
261	7200
262	7200
263	7200
264	7200
265	7200
266	7200
267	7200
268	7200
269	7200
270	7200
271	7200
272	7200
273	7200
274	7200
275	7200
276	7200
277	7200
278	7200
279	7200
280	7200
281	7200
282	7200
283	7200
284	7200
285	7200
286	7200
287	7200
288	7200
289	7200
290	7200
291	7200
292	7200
293	7200
294	7200
295	7200
296	7200
297	7200
298	7200
299	7200
300	7200
301	7200
302	9000
303	9000
304	9000
305	9000
306	9000
307	9000
308	9000
309	9000
310	9000
311	9000
312	9000
313	9000
314	9000
315	9000
316	9000
317	9000
318	9000
319	9000
320	9000
321	9000
322	9000
323	9000
324	9000
325	9000
326	9000
327	9000
328	9000
329	9000
330	9000
331	9000
332	9000
333	9000
334	9000
335	9000
336	9000
337	9000
338	9000
339	9000
340	9000
341	9000
342	9000
343	9000
344	9000
345	9000
346	9000
347	9000
348	9000
349	9000
350	9000
351	9000
352	9000
353	9000
354	9000
355	9000
356	9000
357	9000
358	9000
359	9000
360	9000
361	9000
362	9000
363	9000
364	9000
365	9000
366	9000
367	9000
368	9000
369	9000
370	9000
371	9000
372	9000
373	9000
374	9000
375	9000
376	9000
377	9000
378	9000
379	9000
380	9000
381	9000
382	9000
383	9000
384	9000
385	9000
386	9000
387	9000
388	9000
389	9000
390	9000
391	9000
392	9000
393	9000
394	9000
395	9000
396	9000
397	9000
398	9000
399	9000
400	9000
401	10800
402	10800
403	10800
404	10800
405	10800
406	10800
407	10800
408	10800
409	10800
410	10800
411	10800
412	10800
413	10800
414	10800
415	10800
416	10800
417	10800
418	10800
419	10800
420	10800
421	10800
422	10800
423	10800
424	10800
425	10800
426	10800
427	10800
428	10800
429	10800
430	10800
431	10800
432	10800
433	10800
434	10800
435	10800
436	10800
437	10800
438	10800
439	10800
440	10800
441	10800
442	10800
443	10800
444	10800
445	10800
446	10800
447	10800
448	10800
449	10800
450	10800
451	10800
452	10800
453	10800
454	10800
455	10800
456	10800
457	10800
458	10800
459	10800
460	10800
461	10800
462	10800
463	10800
464	10800
465	10800
466	10800
467	10800
468	10800
469	10800
470	10800
471	10800
472	10800
473	10800
474	10800
475	10800
476	10800
477	10800
478	10800
479	10800
480	10800
481	10800
482	10800
483	10800
484	10800
485	10800
486	10800
487	10800
488	10800
489	10800
490	10800
491	10800
492	10800
493	12600
494	12600
495	12600
496	12600
497	12600
498	12600
499	12600
500	12600
501	12600
502	12600
503	12600
504	12600
505	12600
506	12600
507	12600
508	12600
509	12600
510	12600
511	12600
512	12600
513	12600
514	12600
515	12600
516	12600
517	12600
518	12600
519	12600
520	12600
521	12600
522	12600
523	12600
524	12600
525	12600
526	12600
527	12600
528	12600
529	12600
530	12600
531	12600
532	12600
533	12600
534	12600
535	12600
536	12600
537	12600
538	12600
539	12600
540	12600
541	12600
542	12600
543	12600
544	12600
545	12600
546	12600
547	12600
548	12600
549	12600
550	12600
551	12600
552	12600
553	12600
554	12600
555	12600
556	12600
557	12600
558	12600
559	12600
560	12600
561	12600
562	12600
563	12600
564	12600
565	12600
566	12600
567	12600
568	12600
569	12600
570	12600
571	12600
572	12600
573	12600
574	12600
575	12600
576	12600
577	12600
578	12600
579	12600
580	12600
581	12600
582	14400
583	14400
584	14400
585	14400
586	14400
587	14400
588	14400
589	14400
590	14400
591	14400
592	14400
593	14400
594	14400
595	14400
596	14400
597	14400
598	14400
599	14400
600	14400
601	14400
602	14400
603	14400
604	14400
605	14400
606	14400
607	14400
608	14400
609	14400
610	14400
611	14400
612	14400
613	14400
614	14400
615	14400
616	14400
617	14400
618	14400
619	14400
620	14400
621	14400
622	14400
623	14400
624	14400
625	14400
626	14400
627	14400
628	14400
629	14400
630	14400
631	14400
632	14400
633	14400
634	14400
635	14400
636	14400
637	14400
638	14400
639	14400
640	14400
641	14400
642	14400
643	14400
644	14400
645	14400
646	14400
647	14400
648	14400
649	14400
650	14400
651	14400
652	14400
653	14400
654	14400
655	14400
656	14400
657	14400
658	14400
659	14400
660	14400
661	14400
662	14400
663	14400
664	16200
665	16200
666	16200
667	16200
668	16200
669	16200
670	16200
671	16200
672	16200
673	16200
674	16200
675	16200
676	16200
677	16200
678	16200
679	16200
680	16200
681	16200
682	16200
683	16200
684	16200
685	16200
686	16200
687	16200
688	16200
689	16200
690	16200
691	16200
692	16200
693	16200
694	16200
695	16200
696	16200
697	16200
698	16200
699	16200
700	16200
701	16200
702	16200
703	16200
704	16200
705	16200
706	16200
707	16200
708	16200
709	16200
710	16200
711	16200
712	16200
713	16200
714	16200
715	16200
716	16200
717	16200
718	16200
719	16200
720	16200
721	16200
722	16200
723	16200
724	16200
725	16200
726	16200
727	16200
728	16200
729	16200
730	16200
731	16200
732	16200
733	16200
734	16200
735	16200
736	16200
737	18000
738	18000
739	18000
740	18000
741	18000
742	18000
743	18000
744	18000
745	18000
746	18000
747	18000
748	18000
749	18000
750	18000
751	18000
752	18000
753	18000
754	18000
755	18000
756	18000
757	18000
758	18000
759	18000
760	18000
761	18000
762	18000
763	18000
764	18000
765	18000
766	18000
767	18000
768	18000
769	18000
770	18000
771	18000
772	18000
773	18000
774	18000
775	18000
776	18000
777	18000
778	18000
779	18000
780	18000
781	18000
782	18000
783	18000
784	18000
785	18000
786	18000
787	18000
788	18000
789	18000
790	18000
791	18000
792	18000
793	18000
794	18000
795	18000
796	18000
797	18000
798	18000
799	18000
800	18000
801	18000
802	18000
803	18000
804	18000
805	18000
806	18000
807	18000
808	18000
809	18000
810	18000
811	18000
812	18000
813	18000
814	18000
815	18000
816	18000
817	18000
818	18000
819	18000
820	19800
821	19800
822	19800
823	19800
824	19800
825	19800
826	19800
827	19800
828	19800
829	19800
830	19800
831	19800
832	19800
833	19800
834	19800
835	19800
836	19800
837	19800
838	19800
839	19800
840	19800
841	19800
842	19800
843	19800
844	19800
845	19800
846	19800
847	19800
848	19800
849	19800
850	19800
851	19800
852	19800
853	19800
854	19800
855	19800
856	19800
857	19800
858	19800
859	19800
860	19800
861	19800
862	19800
863	19800
864	19800
865	19800
866	19800
867	19800
868	19800
869	19800
870	19800
871	19800
872	19800
873	19800
874	19800
875	21600
876	21600
877	21600
878	21600
879	21600
880	21600
881	21600
882	21600
883	21600
884	21600
885	21600
886	21600
887	21600
888	21600
889	21600
890	21600
891	21600
892	21600
893	21600
894	21600
895	21600
896	21600
897	21600
898	21600
899	21600
900	21600
901	21600
902	21600
903	21600
904	21600
905	21600
906	21600
907	21600
908	21600
909	21600
910	21600
911	21600
912	21600
913	21600
914	21600
915	21600
916	21600
917	21600
918	21600
919	21600
920	21600
921	21600
922	21600
923	21600
924	21600
925	21600
926	21600
EOF
