NAME : ORTEC-VRPTW-ASYM-6f54fdb4-d1-n943
TYPE : VRPTW-RT
DIMENSION : 944
EDGE_WEIGHT_TYPE : EUC_2D
CAPACITY : 145
NODE_COORD_SECTION
1	1398	392
2	487	1466
3	956	658
4	1724	1992
5	1139	1609
6	497	1084
7	1168	1424
8	3144	2479
9	3598	3124
10	1703	1868
11	1411	1222
12	724	589
13	1589	1451
14	1604	1442
15	1443	1089
16	2761	2326
17	1542	1234
18	737	887
19	155	187
20	3923	3901
21	1434	1815
22	1572	1890
23	1327	1567
24	2813	2589
25	3716	3459
26	3581	3104
27	1354	1243
28	948	551
29	1554	1473
30	1326	1283
31	1279	1241
32	1443	1394
33	1703	1868
34	3354	3594
35	1171	1174
36	3283	3387
37	191	293
38	1148	2001
39	3282	3112
40	3754	3064
41	153	530
42	3260	3156
43	292	892
44	528	0
45	1018	769
46	3606	3524
47	2813	2589
48	1611	1417
49	3238	2659
50	542	515
51	1452	1242
52	1326	1283
53	935	1103
54	65	320
55	2929	2582
56	1482	1482
57	1688	1609
58	1040	685
59	2897	2321
60	2926	2792
61	724	589
62	1366	1528
63	3654	3288
64	3355	2638
65	306	747
66	1205	1315
67	2992	2740
68	340	1113
69	776	244
70	1443	1394
71	702	595
72	839	666
73	1265	1159
74	153	530
75	2820	2641
76	2697	2241
77	1358	1435
78	3341	2908
79	1434	1815
80	3041	2608
81	169	407
82	3984	3229
83	967	705
84	1283	1805
85	4640	4186
86	776	244
87	900	593
88	1604	1442
89	2818	2531
90	1260	1200
91	317	184
92	69	158
93	1358	1435
94	411	325
95	1833	2038
96	3463	3073
97	3032	2523
98	2838	2364
99	1442	1397
100	839	666
101	2978	2528
102	3703	3427
103	2950	3036
104	1360	1263
105	495	235
106	3377	3083
107	3984	3229
108	1559	1233
109	1445	1770
110	1135	791
111	340	1113
112	3372	2958
113	1793	2047
114	1328	1328
115	254	290
116	2663	2623
117	3341	2908
118	1090	611
119	1565	1515
120	948	551
121	2681	2395
122	471	236
123	960	1098
124	1389	1214
125	306	747
126	1261	1380
127	79	420
128	819	463
129	1272	1049
130	657	615
131	2663	2623
132	447	1344
133	3581	3104
134	1287	1470
135	1312	1287
136	1065	733
137	704	618
138	568	282
139	1589	1451
140	2992	2740
141	2793	2175
142	1478	1378
143	870	1120
144	1572	1890
145	1115	632
146	900	593
147	3341	2908
148	1280	1634
149	155	338
150	289	842
151	3072	2790
152	3984	3229
153	2894	2246
154	1067	1056
155	1725	1526
156	3223	3270
157	3282	2800
158	1776	2089
159	1629	1269
160	353	389
161	447	1344
162	244	235
163	819	463
164	1169	1191
165	65	320
166	2681	2395
167	278	523
168	3654	3288
169	1329	1252
170	1394	1711
171	4108	3710
172	566	1188
173	340	1113
174	411	325
175	896	1178
176	845	765
177	1433	1242
178	972	644
179	1742	1947
180	2927	2828
181	1323	1402
182	1604	1442
183	995	1263
184	542	515
185	254	290
186	1168	1424
187	1360	1263
188	3238	2659
189	3754	3064
190	2978	2528
191	1411	1222
192	1878	2120
193	1793	2047
194	1326	1283
195	3776	3139
196	2820	2641
197	870	1120
198	1328	1328
199	1125	1636
200	1639	1620
201	3521	3622
202	3372	2958
203	944	1235
204	787	367
205	385	1029
206	1067	1056
207	595	263
208	529	608
209	3716	3459
210	1434	1815
211	4640	4186
212	3041	2608
213	706	406
214	893	753
215	411	325
216	1234	984
217	3113	3000
218	1653	1455
219	359	1019
220	1292	1470
221	1663	1375
222	658	698
223	1217	1475
224	3339	3002
225	927	430
226	1354	1243
227	1688	1609
228	702	152
229	1753	1794
230	2813	2589
231	1175	1016
232	3158	3405
233	893	753
234	1572	1890
235	845	751
236	244	235
237	1358	1435
238	3683	3942
239	737	887
240	1325	1386
241	353	389
242	595	263
243	1552	1235
244	1067	1056
245	1394	1711
246	1139	1609
247	658	698
248	495	235
249	962	1532
250	1750	1933
251	340	1113
252	1604	1442
253	702	152
254	953	783
255	3984	3229
256	1764	1434
257	1260	1200
258	2978	2528
259	244	235
260	4810	4161
261	3032	2523
262	1703	1868
263	314	853
264	2765	2783
265	920	486
266	2681	2395
267	1090	840
268	447	1344
269	1663	1375
270	3289	3326
271	273	219
272	1279	1064
273	3640	3742
274	1559	1233
275	447	1067
276	920	486
277	1499	905
278	65	320
279	1833	2038
280	1604	1442
281	1090	840
282	662	561
283	1090	840
284	1703	1868
285	1445	1770
286	1234	984
287	2761	2326
288	953	783
289	3984	3229
290	4810	4161
291	3041	2608
292	2663	2623
293	1366	1528
294	1312	1287
295	2820	2641
296	845	751
297	583	143
298	1542	1234
299	1815	2114
300	447	1344
301	1947	2015
302	1524	1301
303	528	0
304	3362	3425
305	776	244
306	254	290
307	2841	2658
308	1115	632
309	2904	2647
310	927	430
311	47	444
312	1663	1375
313	306	747
314	1175	1016
315	2813	2589
316	1366	1528
317	528	0
318	418	146
319	995	1263
320	3302	3291
321	992	638
322	1040	685
323	1434	1815
324	4456	4122
325	1280	1634
326	260	323
327	1737	1294
328	3032	2523
329	3072	2790
330	839	666
331	2926	2792
332	1414	1198
333	967	705
334	1065	733
335	248	94
336	1030	1764
337	566	1188
338	1549	1330
339	2813	2589
340	543	375
341	279	139
342	3134	3283
343	1367	1657
344	3683	3349
345	1014	614
346	2817	2434
347	1549	1330
348	1140	1424
349	3282	2800
350	3369	3515
351	1382	1190
352	1283	1805
353	353	389
354	1589	1451
355	870	1120
356	1478	1378
357	1258	1435
358	1152	1540
359	3079	2862
360	737	887
361	385	1029
362	542	515
363	1169	1191
364	3008	2620
365	948	763
366	385	1090
367	1345	968
368	1115	632
369	1279	1241
370	1017	890
371	1611	1417
372	2761	2326
373	3179	2803
374	3053	2752
375	1841	2126
376	1653	1455
377	1406	1340
378	273	219
379	2815	2684
380	1652	1907
381	1267	1653
382	3362	3425
383	1433	1242
384	1446	1537
385	482	534
386	1205	1315
387	1329	1448
388	568	282
389	418	146
390	1329	1252
391	3581	3104
392	495	235
393	2926	2792
394	471	236
395	1382	1190
396	839	666
397	1067	1056
398	1354	1243
399	550	530
400	1524	1301
401	944	1235
402	1445	1770
403	1565	1515
404	3260	3193
405	2998	2641
406	3144	2479
407	550	530
408	1040	685
409	1833	2038
410	69	158
411	1065	733
412	3824	3324
413	1878	2120
414	995	1263
415	3482	3266
416	1411	1222
417	706	406
418	1398	1571
419	3598	3124
420	3113	3000
421	3302	3291
422	1328	1418
423	1472	1510
424	3260	3156
425	1295	1401
426	3072	2790
427	196	167
428	1900	2151
429	1328	1328
430	3377	3083
431	1753	1794
432	1152	1540
433	0	342
434	1266	1746
435	47	444
436	1463	1848
437	1169	1198
438	3385	2904
439	1090	611
440	1918	2005
441	631	467
442	1280	1634
443	3830	3282
444	1115	632
445	1159	1048
446	555	1128
447	3830	3282
448	3260	3156
449	1723	2104
450	1711	1473
451	4647	4277
452	535	356
453	1394	1711
454	1959	2086
455	1118	1310
456	447	1344
457	1320	1421
458	541	730
459	3598	3124
460	1147	937
461	631	467
462	2884	2923
463	3369	3515
464	2793	2175
465	3477	2998
466	1573	1289
467	1841	2126
468	1626	1949
469	1326	1283
470	4810	4161
471	1878	2120
472	3134	3283
473	2905	2438
474	1048	1241
475	2894	2246
476	1472	1510
477	3302	3291
478	3116	2535
479	2852	2247
480	1725	1526
481	1316	1265
482	1454	1412
483	248	94
484	3397	2852
485	3607	3083
486	948	544
487	1320	1421
488	1725	1526
489	397	743
490	1723	2104
491	631	467
492	568	282
493	1167	1287
494	487	1466
495	1279	1241
496	1443	1089
497	1506	1853
498	3179	2803
499	2838	2364
500	1506	1853
501	1125	1636
502	494	389
503	1168	1424
504	1598	1880
505	948	763
506	1128	938
507	3144	2479
508	530	898
509	3145	3126
510	714	365
511	1159	1048
512	1411	1222
513	595	263
514	65	320
515	2761	2326
516	3482	3266
517	2905	2438
518	1589	1451
519	1272	1049
520	1169	1191
521	1291	687
522	155	338
523	1337	1217
524	1454	1412
525	1366	1528
526	260	323
527	317	184
528	1367	1657
529	1165	1427
530	1142	1915
531	447	1344
532	3606	3524
533	331	901
534	3640	3742
535	550	530
536	2770	2235
537	2927	2828
538	1604	1442
539	3635	3461
540	1040	685
541	1461	1275
542	542	515
543	1065	733
544	497	1084
545	191	293
546	3923	3901
547	1238	821
548	3923	2999
549	1367	1657
550	3008	2620
551	3223	3270
552	962	1532
553	495	235
554	3072	2790
555	3354	3594
556	3281	3493
557	2852	2247
558	3923	3901
559	2897	2321
560	1505	1502
561	1652	1907
562	724	589
563	3477	2998
564	1841	2126
565	3134	3283
566	244	235
567	47	444
568	3053	2752
569	3482	3266
570	1267	1653
571	1234	984
572	3354	3594
573	1090	840
574	447	1344
575	1014	614
576	1552	1235
577	1443	1089
578	2813	2589
579	1279	1064
580	568	282
581	4810	4161
582	1589	1451
583	566	1188
584	3032	2523
585	1043	697
586	1639	1620
587	1353	980
588	2770	2235
589	2904	2647
590	3607	3083
591	1118	1310
592	1565	1515
593	3581	3207
594	948	551
595	3035	3034
596	3282	2800
597	2663	2623
598	3683	3349
599	1523	1198
600	446	1515
601	1139	1609
602	2818	2531
603	1090	840
604	1323	1402
605	196	167
606	3521	3622
607	458	240
608	3032	2523
609	3281	3493
610	1353	980
611	1800	1992
612	1398	1571
613	543	375
614	3282	2800
615	1320	1421
616	662	561
617	3463	3073
618	411	325
619	1139	1609
620	3554	3556
621	1168	1424
622	1447	1506
623	3635	3461
624	0	342
625	1793	2047
626	1135	791
627	1279	1064
628	2884	2923
629	418	146
630	662	561
631	2765	2783
632	3053	2752
633	1505	1502
634	3144	2479
635	1552	1235
636	1312	1287
637	1360	1263
638	535	356
639	1737	1294
640	2823	2874
641	535	356
642	550	530
643	1257	1305
644	896	1178
645	1135	791
646	845	765
647	3260	3193
648	529	608
649	1328	1418
650	3581	3207
651	1168	1424
652	1711	1473
653	972	644
654	1280	1634
655	1358	1435
656	1140	1424
657	995	1263
658	1204	1846
659	1020	1202
660	1171	1174
661	1554	1473
662	776	244
663	724	589
664	169	407
665	279	139
666	725	304
667	1260	1200
668	1947	2015
669	1454	1412
670	2929	2582
671	648	697
672	3683	3942
673	3372	2958
674	4456	4122
675	3463	3073
676	2852	2247
677	1475	1022
678	1445	1770
679	3463	3073
680	292	892
681	446	1515
682	3008	2620
683	3145	3126
684	671	648
685	2838	2364
686	2904	2647
687	714	365
688	1711	1473
689	1125	1636
690	3044	2498
691	3260	3193
692	1329	1448
693	1257	1305
694	331	901
695	1169	1191
696	1445	1770
697	752	601
698	1018	1372
699	1366	1528
700	1753	1794
701	0	342
702	1135	791
703	3640	3742
704	1723	2104
705	1292	1470
706	3179	2803
707	1414	1198
708	1169	1198
709	1554	1473
710	1287	1470
711	1238	821
712	3538	3123
713	2894	2246
714	3134	3283
715	1523	1198
716	3079	2862
717	3035	3034
718	248	94
719	3339	3002
720	704	618
721	845	765
722	1142	1915
723	1238	821
724	3538	3123
725	1329	1448
726	568	282
727	1554	1473
728	3606	3524
729	714	365
730	482	534
731	1135	791
732	1585	1177
733	1559	1233
734	1357	1006
735	446	1515
736	1325	1386
737	411	325
738	2942	2977
739	3496	2905
740	1552	1235
741	1275	1508
742	1257	1305
743	244	235
744	530	898
745	359	1019
746	1947	2015
747	547	11
748	1325	1386
749	1234	984
750	1833	2038
751	206	705
752	1461	1275
753	846	497
754	1918	2005
755	1626	1949
756	870	1120
757	4456	4122
758	292	892
759	1841	2126
760	631	467
761	555	1128
762	1295	1401
763	3015	2661
764	1328	1418
765	2761	2326
766	79	420
767	1025	725
768	1401	1540
769	299	118
770	555	1128
771	260	323
772	3035	3034
773	314	853
774	1275	1508
775	1442	1397
776	725	304
777	3716	3459
778	1292	1470
779	1279	1241
780	4640	4186
781	671	648
782	411	325
783	279	139
784	2926	2792
785	1169	1198
786	3283	3387
787	273	219
788	1764	1434
789	1148	2001
790	1353	980
791	967	705
792	3385	2904
793	1287	1470
794	1499	905
795	1723	2104
796	1723	2104
797	292	892
798	2823	2874
799	487	1466
800	1800	1992
801	1478	1378
802	4640	4186
803	1475	1022
804	2927	2828
805	1048	1241
806	69	158
807	3202	2766
808	79	420
809	1703	1868
810	944	1235
811	1261	1380
812	528	0
813	3044	2498
814	595	263
815	595	263
816	2897	2321
817	1463	1848
818	1171	1174
819	2998	2641
820	1879	1976
821	1167	1287
822	1316	1265
823	3133	2373
824	535	356
825	331	901
826	967	705
827	2681	2395
828	1764	1434
829	1573	1289
830	278	523
831	1328	1328
832	4647	4277
833	494	389
834	1433	1242
835	1367	1657
836	1257	1252
837	547	11
838	1443	1394
839	870	1120
840	1257	1305
841	1572	1890
842	1328	1328
843	595	263
844	3283	3387
845	927	430
846	1169	1198
847	418	146
848	1454	1412
849	1549	1330
850	3683	3942
851	3024	2868
852	1447	1506
853	447	1344
854	3079	2862
855	1140	1424
856	328	215
857	3282	2800
858	1753	1794
859	1017	890
860	839	666
861	960	1098
862	1147	937
863	1020	1202
864	714	365
865	1357	1006
866	1234	984
867	328	215
868	1414	1198
869	1043	697
870	1554	1473
871	1292	1470
872	3830	3282
873	3554	3556
874	1139	1609
875	1217	1023
876	1025	725
877	1295	1401
878	1414	1198
879	1443	1089
880	447	1067
881	447	1344
882	896	1178
883	1169	1191
884	1159	1048
885	1295	1401
886	169	407
887	752	601
888	3635	3461
889	1959	2086
890	1552	1235
891	737	887
892	1358	1435
893	547	11
894	3260	3193
895	1366	1528
896	1017	890
897	3179	2803
898	1044	668
899	1115	632
900	1478	1378
901	1140	1424
902	1724	1992
903	3282	2800
904	555	1128
905	1442	1397
906	1554	1473
907	3278	2935
908	927	430
909	1742	1947
910	244	235
911	2820	2641
912	1337	1217
913	2971	2642
914	1443	1089
915	289	842
916	1265	1159
917	499	59
918	3113	3000
919	3372	2958
920	948	544
921	65	320
922	1204	1846
923	1742	1947
924	1257	1252
925	1233	1460
926	2841	2658
927	1629	1269
928	508	604
929	1433	1242
930	1723	2104
931	819	463
932	1272	1049
933	648	697
934	1118	1310
935	1265	1159
936	1554	1473
937	153	530
938	359	1019
939	1478	1378
940	541	730
941	1475	1022
942	458	240
943	1043	697
944	648	697
DEMAND_SECTION
1	0
2	5
3	9
4	4
5	7
6	4
7	7
8	6
9	4
10	4
11	4
12	5
13	6
14	3
15	7
16	12
17	7
18	7
19	7
20	10
21	6
22	10
23	6
24	6
25	4
26	5
27	5
28	7
29	9
30	9
31	14
32	12
33	5
34	3
35	7
36	4
37	3
38	7
39	7
40	8
41	5
42	4
43	3
44	8
45	5
46	4
47	5
48	5
49	6
50	9
51	5
52	7
53	7
54	5
55	6
56	6
57	8
58	7
59	4
60	5
61	13
62	7
63	4
64	6
65	4
66	13
67	3
68	4
69	5
70	5
71	13
72	11
73	20
74	6
75	4
76	5
77	4
78	6
79	3
80	2
81	8
82	4
83	6
84	6
85	6
86	3
87	6
88	5
89	6
90	6
91	7
92	7
93	11
94	6
95	7
96	6
97	9
98	8
99	16
100	11
101	11
102	4
103	4
104	2
105	6
106	5
107	7
108	6
109	6
110	4
111	4
112	5
113	5
114	6
115	5
116	3
117	3
118	5
119	5
120	5
121	5
122	6
123	5
124	8
125	5
126	4
127	5
128	8
129	7
130	6
131	8
132	5
133	7
134	3
135	4
136	9
137	5
138	6
139	8
140	6
141	7
142	7
143	5
144	8
145	11
146	7
147	3
148	7
149	5
150	3
151	7
152	7
153	4
154	4
155	8
156	9
157	5
158	5
159	4
160	4
161	7
162	2
163	8
164	5
165	5
166	4
167	7
168	4
169	2
170	7
171	7
172	12
173	6
174	6
175	8
176	6
177	10
178	7
179	6
180	7
181	10
182	4
183	6
184	25
185	4
186	7
187	6
188	4
189	5
190	8
191	7
192	5
193	7
194	6
195	10
196	6
197	12
198	7
199	6
200	12
201	7
202	6
203	9
204	4
205	14
206	7
207	8
208	7
209	3
210	13
211	6
212	5
213	11
214	4
215	10
216	5
217	4
218	6
219	4
220	8
221	4
222	7
223	8
224	7
225	5
226	6
227	3
228	6
229	4
230	4
231	4
232	5
233	4
234	5
235	7
236	7
237	7
238	8
239	6
240	5
241	10
242	9
243	10
244	10
245	12
246	8
247	9
248	9
249	3
250	8
251	5
252	4
253	9
254	7
255	6
256	5
257	7
258	4
259	5
260	4
261	11
262	4
263	6
264	7
265	15
266	5
267	11
268	4
269	5
270	7
271	8
272	4
273	5
274	7
275	5
276	5
277	7
278	8
279	8
280	4
281	5
282	7
283	7
284	6
285	4
286	4
287	9
288	5
289	6
290	3
291	6
292	11
293	6
294	4
295	4
296	9
297	6
298	4
299	7
300	9
301	3
302	5
303	2
304	7
305	3
306	3
307	5
308	6
309	3
310	8
311	5
312	4
313	4
314	4
315	5
316	5
317	6
318	5
319	3
320	5
321	6
322	9
323	9
324	11
325	7
326	4
327	4
328	7
329	8
330	6
331	5
332	7
333	7
334	8
335	6
336	7
337	9
338	6
339	4
340	7
341	6
342	10
343	7
344	6
345	12
346	9
347	8
348	7
349	9
350	4
351	5
352	6
353	25
354	3
355	4
356	2
357	6
358	5
359	8
360	6
361	9
362	4
363	6
364	7
365	5
366	8
367	6
368	4
369	7
370	9
371	11
372	8
373	16
374	6
375	10
376	3
377	7
378	5
379	7
380	7
381	5
382	4
383	5
384	5
385	7
386	6
387	4
388	7
389	6
390	4
391	6
392	4
393	5
394	6
395	9
396	5
397	7
398	6
399	5
400	11
401	4
402	6
403	9
404	13
405	3
406	13
407	12
408	6
409	5
410	8
411	5
412	5
413	14
414	5
415	7
416	5
417	11
418	4
419	10
420	4
421	5
422	7
423	5
424	5
425	3
426	5
427	3
428	5
429	4
430	7
431	8
432	8
433	5
434	11
435	9
436	9
437	9
438	7
439	5
440	7
441	5
442	6
443	7
444	7
445	5
446	5
447	17
448	10
449	5
450	5
451	11
452	9
453	7
454	9
455	7
456	4
457	3
458	7
459	5
460	3
461	3
462	7
463	14
464	11
465	5
466	14
467	6
468	6
469	3
470	9
471	5
472	4
473	6
474	4
475	5
476	5
477	7
478	3
479	5
480	4
481	5
482	9
483	5
484	4
485	5
486	7
487	7
488	3
489	11
490	5
491	6
492	7
493	4
494	8
495	4
496	6
497	4
498	5
499	6
500	5
501	11
502	5
503	5
504	3
505	6
506	10
507	5
508	5
509	5
510	7
511	5
512	2
513	7
514	8
515	7
516	4
517	3
518	7
519	4
520	5
521	11
522	5
523	9
524	5
525	8
526	5
527	4
528	5
529	5
530	3
531	6
532	6
533	4
534	6
535	10
536	11
537	11
538	7
539	3
540	5
541	8
542	3
543	12
544	8
545	4
546	7
547	6
548	4
549	4
550	10
551	6
552	5
553	25
554	5
555	3
556	7
557	5
558	5
559	9
560	3
561	5
562	2
563	6
564	5
565	6
566	6
567	14
568	5
569	11
570	7
571	5
572	7
573	4
574	3
575	6
576	6
577	10
578	6
579	5
580	8
581	7
582	8
583	5
584	4
585	7
586	3
587	8
588	6
589	5
590	8
591	7
592	5
593	5
594	2
595	4
596	8
597	5
598	6
599	4
600	7
601	8
602	6
603	3
604	3
605	4
606	5
607	10
608	7
609	2
610	10
611	9
612	5
613	6
614	4
615	6
616	14
617	9
618	5
619	8
620	4
621	5
622	6
623	4
624	8
625	5
626	12
627	13
628	9
629	3
630	2
631	6
632	10
633	5
634	5
635	6
636	7
637	6
638	3
639	6
640	6
641	5
642	5
643	3
644	5
645	5
646	6
647	7
648	11
649	5
650	3
651	8
652	5
653	5
654	15
655	5
656	6
657	5
658	6
659	13
660	4
661	9
662	3
663	4
664	3
665	15
666	9
667	5
668	7
669	4
670	7
671	6
672	5
673	4
674	6
675	5
676	9
677	8
678	10
679	6
680	5
681	4
682	5
683	7
684	7
685	10
686	7
687	3
688	5
689	9
690	3
691	5
692	5
693	5
694	7
695	5
696	5
697	8
698	7
699	3
700	2
701	4
702	3
703	9
704	4
705	7
706	17
707	5
708	25
709	6
710	5
711	4
712	8
713	6
714	11
715	9
716	4
717	5
718	5
719	16
720	2
721	9
722	5
723	11
724	5
725	8
726	4
727	5
728	6
729	2
730	5
731	4
732	8
733	5
734	5
735	4
736	5
737	6
738	17
739	4
740	7
741	5
742	3
743	3
744	8
745	3
746	7
747	8
748	25
749	4
750	4
751	11
752	5
753	3
754	3
755	3
756	6
757	6
758	7
759	9
760	6
761	12
762	9
763	6
764	8
765	5
766	5
767	3
768	6
769	3
770	4
771	3
772	10
773	7
774	5
775	4
776	6
777	6
778	7
779	5
780	7
781	6
782	6
783	5
784	6
785	6
786	7
787	6
788	6
789	6
790	5
791	7
792	3
793	10
794	7
795	4
796	6
797	13
798	5
799	4
800	7
801	9
802	6
803	7
804	4
805	9
806	6
807	4
808	12
809	6
810	10
811	6
812	7
813	8
814	5
815	9
816	5
817	6
818	4
819	4
820	10
821	7
822	5
823	3
824	25
825	6
826	4
827	3
828	7
829	5
830	4
831	4
832	6
833	10
834	12
835	8
836	9
837	5
838	6
839	5
840	13
841	8
842	7
843	4
844	7
845	10
846	6
847	5
848	8
849	6
850	5
851	9
852	4
853	8
854	6
855	6
856	5
857	7
858	4
859	11
860	9
861	9
862	3
863	10
864	4
865	7
866	4
867	7
868	7
869	4
870	5
871	6
872	3
873	6
874	3
875	5
876	5
877	12
878	5
879	4
880	9
881	6
882	6
883	6
884	5
885	5
886	5
887	7
888	7
889	6
890	4
891	6
892	3
893	5
894	5
895	9
896	5
897	9
898	14
899	4
900	7
901	3
902	4
903	7
904	8
905	5
906	8
907	4
908	9
909	10
910	5
911	8
912	5
913	5
914	7
915	6
916	4
917	4
918	4
919	5
920	2
921	3
922	3
923	8
924	7
925	5
926	12
927	6
928	7
929	5
930	8
931	5
932	4
933	3
934	4
935	5
936	7
937	5
938	7
939	4
940	6
941	5
942	4
943	4
944	9
DEPOT_SECTION
1
-1
SERVICE_TIME_SECTION
1	0
2	600
3	480
4	1200
5	660
6	360
7	1080
8	420
9	660
10	660
11	300
12	420
13	480
14	540
15	720
16	540
17	900
18	540
19	600
20	420
21	300
22	1380
23	420
24	660
25	660
26	360
27	420
28	480
29	840
30	600
31	900
32	480
33	660
34	600
35	480
36	780
37	600
38	420
39	780
40	720
41	540
42	720
43	720
44	1080
45	300
46	780
47	360
48	360
49	840
50	600
51	540
52	600
53	300
54	300
55	960
56	900
57	360
58	600
59	480
60	1140
61	360
62	1200
63	660
64	300
65	780
66	780
67	420
68	360
69	720
70	660
71	780
72	600
73	660
74	1260
75	540
76	300
77	1020
78	540
79	780
80	720
81	540
82	720
83	660
84	780
85	900
86	360
87	660
88	660
89	600
90	660
91	780
92	540
93	540
94	480
95	660
96	480
97	600
98	840
99	600
100	360
101	600
102	960
103	480
104	480
105	540
106	720
107	600
108	840
109	840
110	360
111	300
112	360
113	300
114	660
115	780
116	1320
117	540
118	240
119	660
120	600
121	360
122	780
123	660
124	240
125	480
126	540
127	1380
128	540
129	600
130	600
131	600
132	660
133	900
134	360
135	540
136	660
137	600
138	540
139	840
140	600
141	360
142	480
143	660
144	600
145	540
146	300
147	720
148	480
149	360
150	1080
151	660
152	420
153	600
154	480
155	420
156	240
157	420
158	660
159	240
160	480
161	660
162	780
163	660
164	720
165	660
166	420
167	300
168	300
169	480
170	420
171	480
172	480
173	660
174	360
175	840
176	660
177	600
178	300
179	540
180	660
181	1260
182	540
183	300
184	720
185	540
186	300
187	240
188	540
189	900
190	1020
191	660
192	1200
193	300
194	1140
195	360
196	420
197	660
198	660
199	1200
200	420
201	540
202	780
203	480
204	540
205	420
206	480
207	660
208	360
209	780
210	600
211	660
212	540
213	420
214	1080
215	600
216	660
217	600
218	1020
219	480
220	960
221	600
222	660
223	1200
224	1200
225	600
226	960
227	1500
228	540
229	1200
230	300
231	720
232	780
233	780
234	780
235	1200
236	780
237	720
238	780
239	420
240	600
241	480
242	300
243	360
244	300
245	420
246	360
247	600
248	480
249	480
250	1200
251	480
252	420
253	480
254	480
255	600
256	420
257	480
258	600
259	600
260	480
261	540
262	420
263	660
264	360
265	420
266	480
267	660
268	1320
269	780
270	600
271	780
272	540
273	240
274	540
275	540
276	300
277	780
278	480
279	420
280	840
281	600
282	660
283	600
284	300
285	420
286	420
287	600
288	480
289	1020
290	360
291	540
292	720
293	720
294	660
295	540
296	360
297	540
298	660
299	900
300	660
301	240
302	540
303	780
304	480
305	600
306	660
307	540
308	420
309	300
310	780
311	1200
312	360
313	600
314	600
315	720
316	420
317	1260
318	720
319	300
320	600
321	600
322	720
323	660
324	900
325	540
326	660
327	540
328	780
329	360
330	1080
331	600
332	600
333	540
334	900
335	420
336	660
337	240
338	300
339	240
340	420
341	360
342	720
343	480
344	480
345	780
346	300
347	660
348	600
349	600
350	420
351	540
352	600
353	720
354	900
355	720
356	540
357	480
358	480
359	420
360	1260
361	540
362	660
363	420
364	480
365	360
366	300
367	600
368	600
369	600
370	1380
371	420
372	660
373	540
374	1200
375	420
376	1020
377	600
378	660
379	840
380	660
381	660
382	420
383	420
384	600
385	300
386	780
387	600
388	480
389	420
390	600
391	540
392	1140
393	600
394	660
395	240
396	300
397	420
398	660
399	720
400	480
401	360
402	900
403	1140
404	480
405	660
406	480
407	1140
408	480
409	300
410	660
411	600
412	1140
413	540
414	840
415	480
416	600
417	600
418	600
419	480
420	300
421	240
422	360
423	660
424	360
425	720
426	660
427	1260
428	600
429	420
430	1020
431	1200
432	240
433	600
434	1020
435	960
436	600
437	300
438	600
439	780
440	720
441	360
442	540
443	660
444	480
445	660
446	240
447	300
448	660
449	1020
450	900
451	540
452	480
453	300
454	540
455	360
456	660
457	720
458	240
459	300
460	840
461	600
462	540
463	900
464	600
465	540
466	360
467	600
468	540
469	480
470	360
471	540
472	480
473	360
474	780
475	1080
476	300
477	1080
478	1260
479	600
480	720
481	540
482	480
483	600
484	1260
485	960
486	360
487	720
488	1140
489	240
490	480
491	1080
492	900
493	600
494	1020
495	240
496	420
497	360
498	480
499	540
500	420
501	720
502	420
503	780
504	600
505	420
506	600
507	360
508	540
509	480
510	480
511	600
512	720
513	480
514	360
515	720
516	660
517	540
518	1320
519	660
520	360
521	540
522	660
523	720
524	540
525	660
526	780
527	600
528	900
529	540
530	720
531	360
532	660
533	480
534	360
535	540
536	480
537	420
538	600
539	360
540	360
541	960
542	720
543	240
544	900
545	660
546	540
547	540
548	540
549	420
550	1080
551	900
552	840
553	480
554	480
555	480
556	480
557	480
558	600
559	420
560	660
561	780
562	540
563	660
564	420
565	360
566	660
567	660
568	780
569	420
570	660
571	600
572	300
573	600
574	480
575	660
576	660
577	420
578	600
579	300
580	1200
581	360
582	420
583	600
584	660
585	360
586	540
587	540
588	600
589	420
590	900
591	540
592	420
593	1320
594	660
595	780
596	360
597	720
598	480
599	540
600	600
601	300
602	720
603	960
604	720
605	540
606	480
607	600
608	540
609	480
610	600
611	720
612	360
613	600
614	900
615	600
616	480
617	300
618	600
619	600
620	960
621	600
622	720
623	420
624	660
625	1260
626	360
627	540
628	420
629	600
630	360
631	420
632	360
633	360
634	540
635	480
636	780
637	1200
638	660
639	1020
640	540
641	300
642	660
643	300
644	720
645	780
646	600
647	1200
648	780
649	480
650	360
651	660
652	540
653	660
654	600
655	480
656	480
657	600
658	480
659	720
660	300
661	660
662	420
663	360
664	420
665	600
666	480
667	780
668	1260
669	900
670	900
671	300
672	480
673	720
674	480
675	540
676	720
677	780
678	480
679	660
680	600
681	780
682	960
683	540
684	540
685	780
686	720
687	240
688	540
689	720
690	840
691	600
692	540
693	660
694	540
695	540
696	420
697	540
698	960
699	360
700	660
701	660
702	540
703	840
704	600
705	360
706	300
707	900
708	600
709	540
710	300
711	540
712	840
713	1140
714	360
715	480
716	480
717	240
718	600
719	720
720	420
721	300
722	660
723	540
724	240
725	660
726	600
727	1080
728	420
729	900
730	600
731	660
732	1080
733	720
734	360
735	660
736	780
737	660
738	660
739	660
740	420
741	540
742	720
743	960
744	360
745	660
746	780
747	720
748	660
749	540
750	360
751	480
752	540
753	600
754	420
755	300
756	780
757	360
758	360
759	720
760	600
761	780
762	360
763	420
764	600
765	540
766	420
767	600
768	420
769	360
770	420
771	1200
772	540
773	960
774	480
775	480
776	600
777	300
778	600
779	720
780	540
781	420
782	420
783	780
784	1320
785	780
786	540
787	1200
788	540
789	720
790	840
791	360
792	600
793	300
794	1080
795	480
796	660
797	1080
798	900
799	900
800	840
801	600
802	360
803	600
804	420
805	780
806	1080
807	600
808	480
809	480
810	240
811	600
812	360
813	720
814	780
815	540
816	480
817	780
818	540
819	540
820	600
821	720
822	360
823	600
824	840
825	960
826	1260
827	480
828	720
829	660
830	540
831	420
832	240
833	780
834	420
835	300
836	300
837	660
838	1140
839	960
840	300
841	420
842	600
843	900
844	540
845	300
846	420
847	720
848	660
849	480
850	420
851	600
852	1080
853	420
854	660
855	480
856	660
857	300
858	720
859	300
860	600
861	420
862	900
863	300
864	420
865	540
866	420
867	660
868	540
869	540
870	840
871	480
872	420
873	600
874	600
875	240
876	480
877	840
878	780
879	300
880	840
881	780
882	900
883	780
884	1200
885	720
886	240
887	300
888	360
889	600
890	1080
891	360
892	540
893	600
894	420
895	600
896	420
897	360
898	240
899	540
900	360
901	360
902	840
903	420
904	1140
905	480
906	840
907	300
908	480
909	600
910	900
911	360
912	660
913	480
914	480
915	420
916	720
917	660
918	600
919	600
920	660
921	240
922	840
923	540
924	300
925	240
926	480
927	420
928	600
929	660
930	600
931	480
932	720
933	540
934	840
935	480
936	480
937	540
938	1020
939	480
940	360
941	540
942	240
943	720
944	540
TIME_WINDOW_SECTION
1	0	45000
2	12600	19800
3	16200	23400
4	7200	30600
5	23400	30600
6	5400	12600
7	12600	19800
8	7200	30600
9	16200	23400
10	12600	19800
11	9000	16200
12	5400	12600
13	7200	29700
14	9000	16200
15	19800	27000
16	12600	19800
17	19800	27000
18	12600	19800
19	5400	12600
20	7200	29700
21	7200	30600
22	19800	27000
23	12600	19800
24	9000	16200
25	5400	12600
26	5400	12600
27	23400	30600
28	19800	27000
29	5400	12600
30	9000	16200
31	12600	19800
32	16200	23400
33	12600	19800
34	9000	16200
35	23400	30600
36	12600	19800
37	12600	19800
38	12600	19800
39	23400	30600
40	23400	29700
41	12600	19800
42	7200	30600
43	12600	19800
44	16200	23400
45	16200	23400
46	16200	24300
47	23400	30600
48	23400	30600
49	16200	23400
50	12600	19800
51	9000	16200
52	12600	19800
53	9000	16200
54	23400	30600
55	19800	26100
56	16200	23400
57	9000	16200
58	12600	19800
59	5400	12600
60	16200	23400
61	9000	16200
62	16200	23400
63	12600	19800
64	19800	27000
65	23400	30600
66	5400	12600
67	16200	23400
68	5400	12600
69	16200	23400
70	9000	16200
71	12600	19800
72	23400	30600
73	12600	19800
74	12600	19800
75	12600	19800
76	5400	12600
77	23400	30600
78	7200	29700
79	5400	12600
80	16200	23400
81	12600	19800
82	16200	23400
83	16200	23400
84	19800	27000
85	12600	19800
86	19800	27000
87	9000	16200
88	12600	19800
89	5400	12600
90	19800	27000
91	16200	23400
92	7200	30600
93	16200	23400
94	5400	12600
95	7200	29700
96	9000	16200
97	19800	27000
98	23400	30600
99	9000	16200
100	9000	16200
101	23400	30600
102	7200	30600
103	5400	12600
104	7200	30600
105	23400	30600
106	7200	30600
107	5400	12600
108	7200	30600
109	9000	16200
110	5400	12600
111	7200	30600
112	23400	30600
113	5400	12600
114	9000	16200
115	12600	19800
116	16200	23400
117	12600	19800
118	19800	27000
119	9000	16200
120	12600	19800
121	7200	30600
122	9000	16200
123	9000	16200
124	16200	23400
125	16200	23400
126	16200	23400
127	19800	27000
128	12600	19800
129	12600	18900
130	16200	25200
131	7200	30600
132	7200	30600
133	5400	12600
134	5400	12600
135	19800	27000
136	5400	12600
137	23400	30600
138	5400	12600
139	19800	27000
140	23400	30600
141	7200	30600
142	7200	30600
143	23400	30600
144	16200	23400
145	5400	12600
146	23400	30600
147	5400	12600
148	5400	12600
149	12600	19800
150	12600	19800
151	12600	19800
152	12600	19800
153	16200	23400
154	7200	30600
155	19800	27000
156	16200	22500
157	9000	16200
158	23400	30600
159	16200	23400
160	23400	30600
161	19800	27000
162	12600	19800
163	12600	19800
164	7200	30600
165	5400	12600
166	7200	30600
167	7200	30600
168	23400	30600
169	16200	25200
170	5400	12600
171	5400	12600
172	12600	19800
173	12600	19800
174	23400	30600
175	9000	19800
176	12600	19800
177	7200	29700
178	5400	12600
179	19800	27000
180	19800	27000
181	12600	19800
182	19800	27000
183	5400	12600
184	5400	12600
185	23400	30600
186	19800	27000
187	16200	25200
188	9000	16200
189	5400	12600
190	9000	16200
191	9000	16200
192	14400	34200
193	19800	26100
194	16200	23400
195	12600	19800
196	19800	27000
197	12600	19800
198	16200	23400
199	7200	30600
200	16200	23400
201	23400	30600
202	12600	19800
203	12600	19800
204	9000	16200
205	19800	27000
206	12600	19800
207	19800	27000
208	16200	23400
209	12600	19800
210	12600	19800
211	16200	23400
212	5400	12600
213	9000	16200
214	23400	30600
215	19800	27000
216	7200	30600
217	5400	12600
218	5400	12600
219	19800	27000
220	23400	30600
221	12600	19800
222	16200	23400
223	12600	19800
224	12600	19800
225	7200	30600
226	5400	12600
227	5400	12600
228	12600	19800
229	23400	29700
230	16200	23400
231	7200	30600
232	12600	19800
233	16200	23400
234	19800	26100
235	23400	30600
236	12600	19800
237	12600	19800
238	16200	23400
239	5400	11700
240	7200	29700
241	12600	19800
242	7200	30600
243	19800	27000
244	12600	18900
245	5400	12600
246	12600	19800
247	16200	23400
248	7200	30600
249	23400	30600
250	12600	19800
251	7200	30600
252	19800	27000
253	5400	12600
254	12600	19800
255	12600	19800
256	9000	16200
257	16200	23400
258	19800	27000
259	9000	19800
260	12600	19800
261	19800	27000
262	23400	30600
263	5400	12600
264	9000	16200
265	5400	12600
266	7200	30600
267	12600	19800
268	19800	27000
269	5400	12600
270	23400	30600
271	23400	29700
272	5400	12600
273	16200	23400
274	16200	25200
275	12600	19800
276	12600	19800
277	5400	12600
278	23400	30600
279	19800	27000
280	19800	27000
281	23400	30600
282	9000	16200
283	16200	23400
284	5400	11700
285	12600	18840
286	5400	12600
287	9000	16200
288	19800	27000
289	23400	30600
290	12600	19800
291	16200	23400
292	9000	16200
293	9000	16200
294	9000	16200
295	9000	16200
296	12600	19800
297	7200	30600
298	12600	19800
299	5400	12600
300	16200	23400
301	19800	27000
302	19800	27000
303	23400	30600
304	19800	27000
305	23400	30600
306	19800	27000
307	23400	30600
308	19800	27000
309	16200	23400
310	12600	18900
311	5400	12600
312	9000	16200
313	19800	27000
314	5400	12600
315	9000	16200
316	7200	30600
317	23400	30600
318	5400	12600
319	12600	19800
320	19800	27000
321	16200	23400
322	9000	16200
323	16200	23400
324	9000	16200
325	5400	12600
326	16200	25200
327	9000	16200
328	16200	24300
329	19800	27000
330	23400	30600
331	16200	25200
332	5400	12600
333	16200	22500
334	12600	19800
335	16200	23400
336	9000	19800
337	19800	27000
338	5400	12600
339	9000	16200
340	23400	30600
341	16200	23400
342	16200	23400
343	16200	23400
344	7200	30600
345	9000	16200
346	7200	30600
347	23400	30600
348	9000	16200
349	19800	26100
350	7200	30600
351	19800	27000
352	19800	27000
353	12600	19800
354	19800	27000
355	16200	23400
356	12600	19800
357	12600	19800
358	9000	16200
359	12600	19800
360	12600	19800
361	5400	12600
362	23400	30600
363	9000	16200
364	9000	16200
365	16200	25200
366	19800	27000
367	7200	29700
368	12600	19800
369	12600	19800
370	7200	30600
371	5400	12600
372	12600	19800
373	9000	16200
374	23400	30600
375	9000	16200
376	12600	19800
377	7200	30600
378	16200	23400
379	16200	23400
380	16200	23400
381	12600	18900
382	12600	19800
383	19800	27000
384	23400	30600
385	23400	30600
386	9000	16200
387	19800	27000
388	19800	27000
389	23400	30600
390	23400	30600
391	23400	30600
392	7200	30600
393	16200	23400
394	12600	19800
395	12600	19800
396	19800	26100
397	16200	25200
398	16200	22500
399	19800	27000
400	19800	27000
401	23400	30600
402	7200	29700
403	7200	30600
404	19800	27000
405	12600	19800
406	7200	30600
407	16200	23400
408	19800	26100
409	19800	27000
410	12600	18840
411	16200	23400
412	12600	19800
413	9000	16200
414	16200	23400
415	19800	27000
416	7200	30600
417	23400	30600
418	9000	16200
419	16200	22500
420	7200	30600
421	23400	30600
422	9000	16200
423	9000	16200
424	12600	19800
425	7200	30600
426	12600	19800
427	19800	27000
428	19800	27000
429	9000	16200
430	16200	23400
431	23400	30600
432	23400	30600
433	16200	23400
434	12600	19800
435	7200	30600
436	7200	30600
437	23400	30600
438	16200	23400
439	12600	19800
440	16200	25200
441	12600	19800
442	12600	19800
443	7200	30600
444	9000	16200
445	9000	16200
446	12600	19800
447	16200	23400
448	7200	30600
449	7200	30600
450	7200	30600
451	12600	19800
452	9000	16200
453	23400	30600
454	23400	30600
455	19800	27000
456	12600	19800
457	9000	16200
458	9000	16200
459	9000	16200
460	16200	23400
461	9000	16200
462	19800	27000
463	23400	30600
464	19800	27000
465	23400	30600
466	12600	19800
467	12600	19800
468	7200	30600
469	7200	30600
470	19800	27000
471	23400	30600
472	23400	30600
473	23400	30600
474	12600	19800
475	12600	19800
476	7200	30600
477	12600	19800
478	16200	25200
479	12600	19800
480	23400	30600
481	16200	23400
482	19800	27000
483	9000	16200
484	7200	30600
485	12600	19800
486	23400	30600
487	19800	27000
488	12600	19800
489	7200	30600
490	23400	30600
491	7200	30600
492	23400	30600
493	19800	27000
494	16200	23400
495	12600	19800
496	16200	23400
497	12600	19800
498	16200	23400
499	19800	27000
500	19800	27000
501	12600	19800
502	12600	19800
503	23400	30600
504	19800	27000
505	16200	23400
506	23400	30600
507	23400	30600
508	12600	19800
509	7200	30600
510	19800	27000
511	9000	16200
512	16200	22500
513	7200	30600
514	23400	30600
515	12600	19800
516	12600	19800
517	16200	23400
518	12600	19800
519	23400	30600
520	23400	30600
521	19800	27000
522	12600	19800
523	16200	23400
524	12600	19800
525	19800	27000
526	23400	30600
527	23400	30600
528	23400	30600
529	23400	30600
530	16200	23400
531	9000	16200
532	16200	23400
533	16200	23400
534	23400	30600
535	12600	19800
536	23400	30600
537	12600	19800
538	12600	19800
539	12600	19800
540	23400	30600
541	19800	27000
542	12600	18900
543	19800	27000
544	16200	23400
545	19800	26100
546	23400	30600
547	9000	16200
548	12600	19800
549	23400	30600
550	16200	23400
551	23400	30600
552	9000	16200
553	23400	30600
554	7200	30600
555	7200	30600
556	7200	30600
557	7200	29700
558	23400	30600
559	16200	23400
560	23400	30600
561	16200	24300
562	16200	23400
563	19800	27000
564	12600	19800
565	19800	27000
566	16200	23400
567	23400	30600
568	16200	22500
569	19800	27000
570	23400	30600
571	12600	19800
572	19800	27000
573	12600	19800
574	23400	30600
575	7200	30600
576	16200	23400
577	12600	19800
578	7200	30600
579	23400	30600
580	16200	23400
581	16200	23400
582	7200	30600
583	19800	27000
584	16200	22440
585	23400	30600
586	12600	19800
587	7200	30600
588	19800	27000
589	7200	30600
590	19800	26100
591	12600	19800
592	7200	30600
593	12600	19800
594	23400	30600
595	7200	30600
596	23400	30600
597	12600	19800
598	16200	22500
599	12600	19800
600	12600	19800
601	23400	30600
602	19800	27000
603	12600	19800
604	23400	30600
605	12600	19800
606	23400	30600
607	16200	24300
608	16200	23400
609	23400	30600
610	12600	19800
611	19800	27000
612	12600	19800
613	16200	23400
614	12600	19800
615	19800	27000
616	23400	30600
617	19800	27000
618	16200	23400
619	23400	30600
620	7200	30600
621	7200	30600
622	16200	23400
623	7200	30600
624	19800	26100
625	12600	19800
626	23400	30600
627	19800	27000
628	12600	19800
629	7200	30600
630	19800	27000
631	23400	30600
632	19800	27000
633	16200	23400
634	7200	30600
635	12600	19800
636	7200	30600
637	7200	30600
638	16200	23400
639	12600	19800
640	7200	30600
641	7200	30600
642	7200	30600
643	16200	23400
644	12600	19800
645	19800	27000
646	23400	30600
647	7200	30600
648	23400	30600
649	23400	30600
650	23400	30600
651	7200	30600
652	7200	30600
653	12600	19800
654	7200	30600
655	19800	27000
656	23400	30600
657	19800	27000
658	16200	22440
659	16200	23400
660	23400	29700
661	16200	23400
662	12600	19800
663	7200	30600
664	19800	27000
665	19800	27000
666	19800	27000
667	7200	30600
668	19800	27000
669	19800	27000
670	16200	22500
671	12600	19800
672	16200	23400
673	7200	30600
674	7200	30600
675	16200	23400
676	7200	30600
677	16200	23400
678	7200	30600
679	7200	30600
680	23400	30600
681	7200	30600
682	16200	23400
683	19800	27000
684	12600	19800
685	16200	23400
686	23400	30600
687	16200	25200
688	16200	23400
689	23400	30600
690	19800	27000
691	16200	23400
692	16200	23400
693	16200	23400
694	12600	19800
695	16200	23400
696	23400	30600
697	23400	30600
698	16200	23400
699	23400	30600
700	16200	23400
701	12600	19800
702	23400	30600
703	23400	30600
704	16200	23400
705	12600	19800
706	7200	30600
707	23400	30600
708	23400	30600
709	23400	30600
710	16200	23400
711	19800	27000
712	16200	23400
713	7200	29700
714	19800	27000
715	23400	30600
716	19800	27000
717	19800	27000
718	7200	30600
719	7200	30600
720	7200	30600
721	7200	30600
722	23400	30600
723	7200	30600
724	16200	23400
725	7200	30600
726	16200	23400
727	23400	30600
728	23400	30600
729	7200	30600
730	19800	27000
731	23400	30600
732	19800	27000
733	7200	30600
734	7200	30600
735	23400	30600
736	16200	23400
737	16200	23400
738	7200	30600
739	23400	30600
740	23400	30600
741	23400	29700
742	16200	23400
743	16200	23400
744	16200	22500
745	19800	27000
746	23400	30600
747	16200	23400
748	23400	30600
749	7200	30600
750	16200	23400
751	16200	23400
752	7200	30600
753	16200	23400
754	16200	23400
755	7200	30600
756	19800	27000
757	19800	27000
758	7200	30600
759	16200	23400
760	16200	23400
761	7200	29700
762	19800	27000
763	16200	25200
764	16200	23400
765	19800	26100
766	7200	30600
767	16200	23400
768	7200	30600
769	23400	30600
770	16200	23400
771	19800	27000
772	19800	27000
773	23400	30600
774	16200	23400
775	16200	23400
776	16200	23400
777	23400	30600
778	16200	23400
779	16200	23400
780	23400	30600
781	7200	30600
782	16200	23400
783	16200	23400
784	23400	30600
785	19800	27000
786	7200	29700
787	19800	27000
788	16200	23400
789	16200	23400
790	23400	30600
791	23400	30600
792	23400	30600
793	23400	30600
794	16200	25200
795	7200	30600
796	7200	30600
797	23400	30600
798	23400	30600
799	23400	30600
800	16200	23400
801	16200	23400
802	19800	27000
803	23400	30600
804	7200	30600
805	19800	26100
806	23400	30600
807	23400	30600
808	19800	27000
809	7200	30600
810	23400	30600
811	16200	23400
812	23400	30600
813	23400	30600
814	19800	27000
815	16200	23400
816	23400	30600
817	19800	27000
818	14400	34200
819	23400	30600
820	23400	30600
821	23400	30600
822	19800	27000
823	7200	30600
824	16200	25200
825	19800	27000
826	16200	24300
827	19800	27000
828	23400	30600
829	19800	27000
830	23400	30600
831	7200	30600
832	23400	30600
833	19800	27000
834	23400	29700
835	23400	30600
836	7200	30600
837	23400	30600
838	23400	30600
839	23400	30600
840	23400	30600
841	23400	30600
842	19800	27000
843	19800	27000
844	23400	30600
845	7200	30600
846	7200	30600
847	7200	30600
848	7200	30600
849	23400	30600
850	23400	30600
851	23400	29700
852	19800	27000
853	19800	27000
854	23400	30600
855	23400	30600
856	19800	27000
857	7200	30600
858	23400	30600
859	16200	25200
860	16200	24300
861	16200	25200
862	19800	27000
863	23400	30600
864	7200	30600
865	23400	30600
866	7200	30600
867	23400	30600
868	23400	30600
869	23400	30600
870	19800	27000
871	23400	30600
872	7200	30600
873	23400	30600
874	19800	27000
875	7200	30600
876	19800	27000
877	7200	30600
878	19800	27000
879	19800	26100
880	19800	27000
881	19800	27000
882	19800	27000
883	23400	30600
884	23400	30600
885	23400	30600
886	19800	27000
887	7200	30600
888	7200	30600
889	7200	30600
890	23400	30600
891	23400	29700
892	23400	30600
893	19800	27000
894	23400	30600
895	23400	30600
896	7200	30600
897	23400	30600
898	7200	30600
899	7200	30600
900	7200	30600
901	7200	30600
902	7200	30600
903	23400	30600
904	23400	30600
905	7200	29700
906	7200	30600
907	23400	30600
908	7200	30600
909	23400	30600
910	23400	30600
911	7200	30600
912	23400	30600
913	7200	30600
914	23400	30600
915	7200	30600
916	23400	30600
917	23400	30600
918	7200	30600
919	23400	30600
920	23400	30600
921	23400	30600
922	23400	30600
923	23400	30600
924	23400	30600
925	23400	30600
926	23400	30600
927	23400	30600
928	23400	30600
929	23400	30600
930	23400	30600
931	23400	30600
932	23400	30600
933	23400	30600
934	23400	30600
935	7200	30600
936	23400	30600
937	23400	30600
938	23400	30600
939	7200	30600
940	23400	30600
941	23400	30600
942	7200	30600
943	7200	30600
944	23400	30600
RELEASE_TIME_SECTION
1	0
2	5400
3	5400
4	5400
5	5400
6	5400
7	5400
8	5400
9	5400
10	5400
11	5400
12	5400
13	5400
14	5400
15	5400
16	5400
17	5400
18	5400
19	5400
20	5400
21	5400
22	5400
23	5400
24	5400
25	5400
26	5400
27	5400
28	5400
29	5400
30	5400
31	5400
32	5400
33	5400
34	5400
35	5400
36	5400
37	5400
38	5400
39	5400
40	5400
41	5400
42	5400
43	5400
44	5400
45	5400
46	5400
47	5400
48	5400
49	5400
50	5400
51	5400
52	5400
53	5400
54	5400
55	5400
56	5400
57	5400
58	5400
59	5400
60	5400
61	5400
62	5400
63	5400
64	5400
65	5400
66	5400
67	5400
68	5400
69	5400
70	5400
71	5400
72	5400
73	5400
74	5400
75	5400
76	5400
77	5400
78	5400
79	5400
80	5400
81	5400
82	5400
83	5400
84	5400
85	5400
86	5400
87	5400
88	5400
89	5400
90	5400
91	5400
92	5400
93	5400
94	5400
95	5400
96	5400
97	5400
98	5400
99	5400
100	5400
101	5400
102	7200
103	7200
104	7200
105	7200
106	7200
107	7200
108	7200
109	7200
110	7200
111	7200
112	7200
113	7200
114	7200
115	7200
116	7200
117	7200
118	7200
119	7200
120	7200
121	7200
122	7200
123	7200
124	7200
125	7200
126	7200
127	7200
128	7200
129	7200
130	7200
131	7200
132	7200
133	7200
134	7200
135	7200
136	7200
137	7200
138	7200
139	7200
140	7200
141	7200
142	7200
143	7200
144	7200
145	7200
146	7200
147	7200
148	7200
149	7200
150	7200
151	7200
152	7200
153	7200
154	7200
155	7200
156	7200
157	7200
158	7200
159	7200
160	7200
161	7200
162	7200
163	7200
164	7200
165	7200
166	7200
167	7200
168	7200
169	7200
170	7200
171	7200
172	7200
173	7200
174	7200
175	7200
176	7200
177	7200
178	7200
179	7200
180	7200
181	7200
182	7200
183	7200
184	7200
185	7200
186	7200
187	7200
188	7200
189	7200
190	7200
191	7200
192	7200
193	7200
194	7200
195	7200
196	7200
197	7200
198	7200
199	7200
200	7200
201	7200
202	9000
203	9000
204	9000
205	9000
206	9000
207	9000
208	9000
209	9000
210	9000
211	9000
212	9000
213	9000
214	9000
215	9000
216	9000
217	9000
218	9000
219	9000
220	9000
221	9000
222	9000
223	9000
224	9000
225	9000
226	9000
227	9000
228	9000
229	9000
230	9000
231	9000
232	9000
233	9000
234	9000
235	9000
236	9000
237	9000
238	9000
239	9000
240	9000
241	9000
242	9000
243	9000
244	9000
245	9000
246	9000
247	9000
248	9000
249	9000
250	9000
251	9000
252	9000
253	9000
254	9000
255	9000
256	9000
257	9000
258	9000
259	9000
260	9000
261	9000
262	9000
263	9000
264	9000
265	9000
266	9000
267	9000
268	9000
269	9000
270	9000
271	9000
272	9000
273	9000
274	9000
275	9000
276	9000
277	9000
278	9000
279	9000
280	9000
281	9000
282	9000
283	9000
284	9000
285	9000
286	9000
287	9000
288	9000
289	9000
290	9000
291	9000
292	9000
293	9000
294	9000
295	9000
296	9000
297	9000
298	9000
299	9000
300	9000
301	9000
302	10800
303	10800
304	10800
305	10800
306	10800
307	10800
308	10800
309	10800
310	10800
311	10800
312	10800
313	10800
314	10800
315	10800
316	10800
317	10800
318	10800
319	10800
320	10800
321	10800
322	10800
323	10800
324	10800
325	10800
326	10800
327	10800
328	10800
329	10800
330	10800
331	10800
332	10800
333	10800
334	10800
335	10800
336	10800
337	10800
338	10800
339	10800
340	10800
341	10800
342	10800
343	10800
344	10800
345	10800
346	10800
347	10800
348	10800
349	10800
350	10800
351	10800
352	10800
353	10800
354	10800
355	10800
356	10800
357	10800
358	10800
359	10800
360	10800
361	10800
362	10800
363	10800
364	10800
365	10800
366	10800
367	10800
368	10800
369	10800
370	10800
371	10800
372	10800
373	10800
374	10800
375	10800
376	10800
377	10800
378	10800
379	10800
380	10800
381	10800
382	10800
383	10800
384	10800
385	10800
386	10800
387	10800
388	10800
389	10800
390	10800
391	10800
392	10800
393	10800
394	10800
395	10800
396	10800
397	12600
398	12600
399	12600
400	12600
401	12600
402	12600
403	12600
404	12600
405	12600
406	12600
407	12600
408	12600
409	12600
410	12600
411	12600
412	12600
413	12600
414	12600
415	12600
416	12600
417	12600
418	12600
419	12600
420	12600
421	12600
422	12600
423	12600
424	12600
425	12600
426	12600
427	12600
428	12600
429	12600
430	12600
431	12600
432	12600
433	12600
434	12600
435	12600
436	12600
437	12600
438	12600
439	12600
440	12600
441	12600
442	12600
443	12600
444	12600
445	12600
446	12600
447	12600
448	12600
449	12600
450	12600
451	12600
452	12600
453	12600
454	12600
455	12600
456	12600
457	12600
458	12600
459	12600
460	12600
461	12600
462	12600
463	12600
464	12600
465	12600
466	12600
467	12600
468	12600
469	12600
470	12600
471	12600
472	12600
473	12600
474	12600
475	12600
476	12600
477	12600
478	12600
479	12600
480	12600
481	12600
482	12600
483	14400
484	14400
485	14400
486	14400
487	14400
488	14400
489	14400
490	14400
491	14400
492	14400
493	14400
494	14400
495	14400
496	14400
497	14400
498	14400
499	14400
500	14400
501	14400
502	14400
503	14400
504	14400
505	14400
506	14400
507	14400
508	14400
509	14400
510	14400
511	14400
512	14400
513	14400
514	14400
515	14400
516	14400
517	14400
518	14400
519	14400
520	14400
521	14400
522	14400
523	14400
524	14400
525	14400
526	14400
527	14400
528	14400
529	14400
530	14400
531	14400
532	14400
533	14400
534	14400
535	14400
536	14400
537	14400
538	14400
539	14400
540	14400
541	14400
542	14400
543	14400
544	14400
545	14400
546	14400
547	14400
548	14400
549	14400
550	14400
551	14400
552	14400
553	14400
554	14400
555	14400
556	14400
557	14400
558	14400
559	14400
560	14400
561	14400
562	14400
563	14400
564	14400
565	14400
566	14400
567	14400
568	14400
569	16200
570	16200
571	16200
572	16200
573	16200
574	16200
575	16200
576	16200
577	16200
578	16200
579	16200
580	16200
581	16200
582	16200
583	16200
584	16200
585	16200
586	16200
587	16200
588	16200
589	16200
590	16200
591	16200
592	16200
593	16200
594	16200
595	16200
596	16200
597	16200
598	16200
599	16200
600	16200
601	16200
602	16200
603	16200
604	16200
605	16200
606	16200
607	16200
608	16200
609	16200
610	16200
611	16200
612	16200
613	16200
614	16200
615	16200
616	16200
617	16200
618	16200
619	16200
620	16200
621	16200
622	16200
623	16200
624	16200
625	16200
626	16200
627	16200
628	16200
629	16200
630	16200
631	16200
632	16200
633	16200
634	16200
635	18000
636	18000
637	18000
638	18000
639	18000
640	18000
641	18000
642	18000
643	18000
644	18000
645	18000
646	18000
647	18000
648	18000
649	18000
650	18000
651	18000
652	18000
653	18000
654	18000
655	18000
656	18000
657	18000
658	18000
659	18000
660	18000
661	18000
662	18000
663	18000
664	18000
665	18000
666	18000
667	18000
668	18000
669	18000
670	18000
671	18000
672	18000
673	18000
674	18000
675	18000
676	18000
677	18000
678	18000
679	18000
680	18000
681	18000
682	18000
683	18000
684	18000
685	18000
686	18000
687	18000
688	18000
689	18000
690	18000
691	18000
692	18000
693	18000
694	18000
695	18000
696	18000
697	18000
698	18000
699	18000
700	18000
701	18000
702	18000
703	18000
704	18000
705	18000
706	19800
707	19800
708	19800
709	19800
710	19800
711	19800
712	19800
713	19800
714	19800
715	19800
716	19800
717	19800
718	19800
719	19800
720	19800
721	19800
722	19800
723	19800
724	19800
725	19800
726	19800
727	19800
728	19800
729	19800
730	19800
731	19800
732	19800
733	19800
734	19800
735	19800
736	19800
737	19800
738	19800
739	19800
740	19800
741	19800
742	19800
743	19800
744	19800
745	19800
746	19800
747	19800
748	19800
749	19800
750	19800
751	19800
752	19800
753	19800
754	19800
755	19800
756	19800
757	19800
758	19800
759	19800
760	19800
761	19800
762	19800
763	19800
764	19800
765	19800
766	21600
767	21600
768	21600
769	21600
770	21600
771	21600
772	21600
773	21600
774	21600
775	21600
776	21600
777	21600
778	21600
779	21600
780	21600
781	21600
782	21600
783	21600
784	21600
785	21600
786	21600
787	21600
788	21600
789	21600
790	21600
791	21600
792	21600
793	21600
794	21600
795	21600
796	21600
797	21600
798	21600
799	21600
800	21600
801	21600
802	21600
803	21600
804	21600
805	21600
806	21600
807	21600
808	21600
809	21600
810	21600
811	21600
812	21600
813	21600
814	21600
815	21600
816	21600
817	21600
818	21600
819	21600
820	21600
821	21600
822	21600
823	23400
824	23400
825	23400
826	23400
827	23400
828	23400
829	23400
830	23400
831	23400
832	23400
833	23400
834	23400
835	23400
836	23400
837	23400
838	23400
839	23400
840	23400
841	23400
842	23400
843	23400
844	23400
845	23400
846	23400
847	23400
848	23400
849	23400
850	23400
851	23400
852	23400
853	23400
854	23400
855	23400
856	23400
857	23400
858	23400
859	23400
860	23400
861	23400
862	25200
863	25200
864	25200
865	25200
866	25200
867	25200
868	25200
869	25200
870	25200
871	25200
872	25200
873	25200
874	25200
875	25200
876	25200
877	25200
878	25200
879	25200
880	25200
881	25200
882	25200
883	25200
884	25200
885	25200
886	25200
887	25200
888	25200
889	25200
890	25200
891	25200
892	25200
893	25200
894	25200
895	25200
896	25200
897	25200
898	27000
899	27000
900	27000
901	27000
902	27000
903	27000
904	27000
905	27000
906	27000
907	27000
908	27000
909	27000
910	27000
911	27000
912	27000
913	27000
914	27000
915	27000
916	27000
917	27000
918	27000
919	27000
920	27000
921	27000
922	27000
923	27000
924	27000
925	27000
926	27000
927	27000
928	27000
929	27000
930	28800
931	28800
932	28800
933	28800
934	28800
935	28800
936	28800
937	28800
938	28800
939	28800
940	28800
941	28800
942	28800
943	28800
944	28800
EOF
