NAME : ORTEC-VRPTW-ASYM-1cd538a9-d1-n954
TYPE : VRPTW-RT
DIMENSION : 955
EDGE_WEIGHT_TYPE : EUC_2D
CAPACITY : 135
NODE_COORD_SECTION
1	4113	2312
2	4195	2197
3	2475	3047
4	2097	2378
5	1577	2911
6	3696	3358
7	2218	2965
8	5553	1635
9	2341	2906
10	4271	2391
11	2150	2983
12	5961	1226
13	3946	3349
14	2528	3005
15	5458	2201
16	5391	2601
17	3587	2483
18	2426	2745
19	2912	2710
20	6349	1231
21	1840	3492
22	3602	2983
23	5278	3078
24	4863	2878
25	2472	2791
26	5282	2648
27	3058	2233
28	2532	3044
29	1870	2900
30	2433	2774
31	3587	2483
32	2848	2371
33	4271	2391
34	1469	3195
35	6355	597
36	5182	2971
37	5503	2629
38	4778	2399
39	3062	2485
40	2269	3345
41	5882	2874
42	1910	3232
43	5189	2992
44	2128	2784
45	1157	3696
46	2927	3107
47	4863	2878
48	2479	2934
49	2273	3216
50	5391	2672
51	1387	4150
52	2433	2774
53	2637	3246
54	4915	1844
55	1443	3590
56	5041	3057
57	6327	1660
58	2183	3458
59	2915	2616
60	1917	2427
61	3218	2518
62	4219	2133
63	2126	3503
64	2441	3091
65	2100	3165
66	2128	3353
67	2376	3219
68	2648	2943
69	5973	1434
70	2848	2371
71	2479	2934
72	2117	3263
73	5439	2261
74	5882	2874
75	2125	3310
76	2447	2667
77	3530	2355
78	2063	2444
79	5341	1623
80	2067	2628
81	4200	2886
82	4390	3209
83	2465	2689
84	2756	2868
85	3273	2346
86	2447	2667
87	5737	2898
88	2528	3005
89	6062	1293
90	3225	2530
91	2766	2793
92	2104	2306
93	3353	2342
94	2456	2475
95	2132	2671
96	1918	3569
97	1826	3708
98	2538	2396
99	4341	3266
100	2117	3263
101	5799	1645
102	2007	3047
103	2601	3009
104	2119	3102
105	5496	2831
106	2185	3338
107	4390	3209
108	2648	2943
109	6351	2003
110	5638	1454
111	2648	2943
112	2022	2861
113	5496	1258
114	1897	3349
115	1978	3127
116	1469	3195
117	5361	1565
118	2528	3005
119	2406	2910
120	2407	2908
121	3233	2508
122	2281	3726
123	4271	2391
124	5642	1347
125	2100	3165
126	1778	2903
127	2476	2988
128	2264	3194
129	1861	3156
130	1848	3424
131	1469	3195
132	2601	3009
133	5414	2689
134	2384	2265
135	3605	3022
136	2070	3140
137	2250	2462
138	6292	1083
139	3946	3349
140	2376	3219
141	3970	2352
142	1970	2860
143	4369	2557
144	3602	2983
145	5119	1744
146	5737	2898
147	2063	2444
148	5092	2970
149	5361	1565
150	2017	2740
151	4406	2335
152	4390	3209
153	4267	2765
154	4557	3037
155	1888	3069
156	5116	2927
157	5674	2816
158	1827	3064
159	4390	3209
160	4959	2467
161	2601	3009
162	5892	1732
163	738	4290
164	5125	2992
165	4915	1844
166	3233	2508
167	2985	3186
168	2915	2616
169	2555	2606
170	2707	3351
171	5192	2951
172	2364	3348
173	2648	2943
174	2456	2475
175	6351	2003
176	6121	1443
177	4957	1642
178	2650	3004
179	3283	2487
180	2806	2446
181	2713	2226
182	2528	3005
183	1856	2936
184	5391	2672
185	4418	1839
186	3661	2908
187	1677	2932
188	2273	3216
189	2269	3345
190	5799	1645
191	2150	2983
192	4489	2627
193	6354	1093
194	2433	2774
195	6176	1172
196	2125	3310
197	3946	3349
198	1897	3349
199	2462	2713
200	6528	1066
201	5799	1645
202	4316	2090
203	5047	2763
204	1907	2624
205	5064	1561
206	3057	2929
207	5192	2951
208	3181	2294
209	2472	2791
210	5341	1623
211	2947	2613
212	2067	2628
213	2713	2188
214	3720	2701
215	2456	2475
216	4006	3246
217	2419	3273
218	3468	2545
219	5173	2209
220	1881	3374
221	2624	2958
222	5712	1235
223	2637	2948
224	5510	2924
225	6465	1089
226	3961	2829
227	6327	1660
228	2886	3325
229	2299	2186
230	5304	2187
231	3057	2929
232	2552	2862
233	2640	3305
234	4620	2912
235	3817	2275
236	5892	1732
237	3530	2355
238	2821	2738
239	2426	2745
240	5509	1247
241	4959	2467
242	3584	2451
243	2663	2910
244	4557	3037
245	2132	2671
246	1577	2911
247	3817	2275
248	5496	2831
249	2088	2992
250	5318	2185
251	4142	2469
252	2528	3005
253	2886	3325
254	426	4548
255	4863	2878
256	2914	2916
257	3225	2530
258	5799	1645
259	3411	2632
260	3169	2406
261	1826	3708
262	5173	2209
263	5155	3096
264	2339	3169
265	1864	3655
266	3233	2508
267	1919	3167
268	2281	3726
269	2624	2958
270	1677	2932
271	6121	1443
272	2555	2606
273	5551	1903
274	1675	3018
275	1999	3170
276	5510	2924
277	2417	2742
278	1792	3313
279	2333	3548
280	2528	3005
281	3245	2495
282	6452	1326
283	3245	2495
284	5173	2209
285	6351	2003
286	4006	3246
287	5391	2601
288	5189	2992
289	4863	2878
290	3169	2406
291	2067	2628
292	2511	2562
293	4219	2133
294	3605	3022
295	2125	3310
296	3817	2275
297	2208	3162
298	1861	3156
299	2852	2756
300	2601	3009
301	1819	3030
302	6122	1765
303	2128	2784
304	5239	2737
305	5973	1434
306	4418	1839
307	2555	2512
308	5119	1744
309	6176	1172
310	6465	1089
311	2915	2616
312	3011	2745
313	2624	2958
314	5576	1966
315	3057	2929
316	5304	2187
317	4219	2133
318	2128	2784
319	2162	3665
320	1856	2936
321	5645	1308
322	2230	2311
323	5341	1623
324	3220	2301
325	5092	2970
326	2228	3147
327	6449	1066
328	1826	3708
329	4406	2335
330	5823	2440
331	2264	3194
332	2299	2186
333	2070	3140
334	231	4366
335	2634	2842
336	3086	2408
337	3213	2552
338	4943	2051
339	5304	2187
340	5841	2682
341	1918	3139
342	2592	3089
343	2376	3219
344	4434	3389
345	2230	2311
346	2502	3086
347	3213	2552
348	1622	3748
349	5674	2816
350	6003	2063
351	2756	2868
352	4959	2467
353	5638	2876
354	4369	2557
355	4166	2459
356	2218	3024
357	2538	2396
358	5671	1636
359	2426	2745
360	5064	1561
361	5391	2672
362	426	4548
363	807	3494
364	1856	2936
365	2641	3630
366	162	4266
367	5119	1744
368	2557	2860
369	2046	3339
370	2479	2934
371	5391	2601
372	1999	3170
373	2327	2973
374	2707	3351
375	3468	2545
376	2605	3059
377	6121	1443
378	5576	1966
379	2688	2271
380	5239	2737
381	3954	2388
382	2475	2559
383	2552	2862
384	3032	2453
385	2128	3353
386	2768	3628
387	5496	1258
388	4570	2037
389	5282	2648
390	3040	3376
391	2281	3726
392	2126	3503
393	2117	3263
394	3961	2829
395	5047	2763
396	4967	1627
397	4957	1642
398	2126	3503
399	2406	2910
400	728	4520
401	2183	3458
402	2333	3548
403	2070	3140
404	4489	2627
405	2422	2125
406	5182	2971
407	3484	2131
408	5239	2737
409	3001	2814
410	2150	2983
411	2713	2188
412	2850	2924
413	2341	2906
414	2419	3273
415	5192	2632
416	3585	2938
417	1385	2950
418	4957	1642
419	2610	2964
420	2462	2713
421	4406	2335
422	4489	2627
423	162	4266
424	1897	3349
425	4200	2886
426	4142	2469
427	3054	1913
428	5882	2874
429	4936	1776
430	4277	2177
431	3216	2382
432	3353	2342
433	2555	2301
434	2515	2865
435	2017	2740
436	4797	2880
437	5256	1472
438	3585	2938
439	1792	3313
440	1910	3232
441	5588	1883
442	3287	2394
443	2269	3345
444	3124	2329
445	2132	2671
446	1870	2900
447	2642	2926
448	3484	2131
449	2601	3009
450	3823	2467
451	5270	2979
452	2341	2906
453	2610	2957
454	3970	2352
455	2223	2195
456	2401	2703
457	2228	3391
458	3169	2406
459	3340	2672
460	5674	1970
461	4533	2943
462	3054	1913
463	4267	2765
464	4957	1642
465	2364	3348
466	2030	3120
467	5458	2201
468	6458	1161
469	1385	2950
470	4325	2740
471	1589	4206
472	231	4366
473	3552	2327
474	1955	2536
475	3788	2888
476	3823	2467
477	1888	3069
478	0	4315
479	1157	2604
480	2610	2957
481	5496	1258
482	1917	2427
483	4195	2197
484	2557	2860
485	3080	2400
486	5458	2201
487	1577	2911
488	4069	2629
489	2538	2396
490	1581	3410
491	2273	3216
492	2462	2713
493	2355	3392
494	2218	2965
495	4967	1627
496	2532	3044
497	1827	3064
498	1856	2936
499	5012	2836
500	2063	2444
501	4797	2880
502	4369	2557
503	2413	2221
504	5256	1472
505	2150	2983
506	5192	2951
507	4915	1844
508	4533	2943
509	1861	3156
510	5125	2992
511	2610	2957
512	963	4069
513	5361	1565
514	5130	3111
515	4219	2133
516	4219	2133
517	4570	2037
518	2848	2371
519	2376	3219
520	3939	2850
521	2830	2837
522	2601	3009
523	5551	1903
524	2927	3107
525	2531	2927
526	2642	2926
527	2732	2901
528	1856	2936
529	1864	3655
530	728	4520
531	5551	1903
532	5192	2632
533	6002	1014
534	5391	2672
535	2070	3140
536	2797	3076
537	2912	2710
538	5841	2682
539	2552	2862
540	2788	2563
541	2376	3219
542	3340	2672
543	2381	2951
544	2218	2965
545	2088	2992
546	4406	2335
547	2726	3060
548	5737	2898
549	1385	2950
550	2788	2563
551	2688	2271
552	5961	1226
553	2223	2195
554	2707	3351
555	2592	3089
556	1881	3374
557	3411	2632
558	3011	2745
559	2250	2462
560	3696	3358
561	2196	3461
562	4006	3246
563	2726	3060
564	3245	2495
565	2281	3726
566	2230	2311
567	2663	2910
568	5458	2201
569	3218	2518
570	5304	2187
571	6452	1326
572	5496	1258
573	3169	2406
574	3946	3349
575	1826	3708
576	3046	2920
577	6528	1066
578	4335	2894
579	5638	1454
580	1955	2536
581	5458	2201
582	6449	1066
583	3480	2798
584	3218	2518
585	2406	2910
586	3776	3130
587	2532	3044
588	4599	2569
589	6354	1093
590	2637	2948
591	3696	3358
592	5674	2816
593	3001	2814
594	2797	3076
595	2601	3009
596	2555	2301
597	2489	2628
598	6062	1293
599	4009	2730
600	2592	3089
601	3245	2495
602	2713	2226
603	4489	2627
604	5496	1258
605	5799	1645
606	1393	3069
607	5674	1970
608	1826	3708
609	1923	2388
610	5503	2629
611	5496	2831
612	5361	1565
613	2579	2798
614	2610	2957
615	3363	2822
616	3823	2467
617	1918	3569
618	2601	3009
619	6351	2003
620	1581	3410
621	1577	2911
622	4009	2730
623	2218	2965
624	2612	2194
625	1675	3018
626	5192	2632
627	5882	2874
628	6354	1093
629	5638	1454
630	6452	1326
631	2067	2628
632	2867	2513
633	2162	3665
634	2339	3169
635	2327	2973
636	2218	2965
637	3484	2131
638	3057	2929
639	2788	2563
640	5553	1635
641	4418	1839
642	426	4548
643	3605	3022
644	4620	2912
645	6449	1066
646	2610	2964
647	4620	2912
648	728	4520
649	3961	2829
650	2413	2221
651	6026	1890
652	1581	3410
653	3032	2453
654	3181	2294
655	1385	2950
656	3776	3130
657	5130	3111
658	3530	2355
659	5576	1966
660	1622	3748
661	3363	2822
662	1856	2936
663	5799	1645
664	6355	597
665	2850	2924
666	5961	1226
667	4959	2467
668	5270	2979
669	1918	3139
670	3225	2530
671	3046	2920
672	1443	3590
673	2555	2512
674	5973	1434
675	3287	2394
676	6062	1293
677	3220	2301
678	1385	2950
679	5964	1290
680	1778	2903
681	4967	1627
682	3587	2483
683	2489	2628
684	3411	2632
685	2886	3325
686	2538	2396
687	4967	1627
688	2985	3186
689	3287	2394
690	2848	2371
691	2333	3548
692	3058	2233
693	6181	1648
694	2867	2513
695	5125	2992
696	4967	1627
697	5095	3246
698	4219	2133
699	2228	3147
700	4797	2880
701	2650	3004
702	5207	2033
703	5588	1883
704	6292	1083
705	2264	3194
706	1864	3655
707	2067	2628
708	4069	2629
709	5012	2836
710	2384	2265
711	4599	2569
712	4267	2765
713	5674	1970
714	5876	1266
715	2433	2774
716	1978	3127
717	231	4366
718	5510	2924
719	2987	3002
720	3720	2701
721	3283	2487
722	5712	1235
723	2779	3372
724	2640	3305
725	2104	2306
726	2250	2462
727	5892	1732
728	5496	1258
729	1870	2900
730	2927	3107
731	2663	2910
732	2007	3047
733	3032	2453
734	5638	1454
735	4863	2878
736	2327	2973
737	1675	3018
738	2489	2628
739	2456	2475
740	2610	2964
741	5590	1745
742	2531	2927
743	1792	3313
744	3602	2983
745	5590	1745
746	2511	2562
747	1918	3569
748	2128	3353
749	4007	2845
750	5173	2209
751	2810	2358
752	4943	2051
753	4006	3246
754	2333	3548
755	3670	3119
756	6002	1014
757	6519	1048
758	3220	2301
759	4907	2300
760	2228	3391
761	5645	1308
762	3220	2301
763	2707	3351
764	2610	2957
765	3585	2938
766	5333	1499
767	2097	2378
768	3596	3008
769	1385	2950
770	3676	2553
771	6349	1231
772	2198	2134
773	3585	2938
774	2637	2948
775	2162	3665
776	2511	2562
777	2468	2717
778	4778	2399
779	5125	2992
780	2624	2958
781	4200	2886
782	2472	2791
783	5064	1561
784	2947	2613
785	5270	2979
786	3411	2632
787	2456	2475
788	1918	3139
789	3353	2342
790	5182	2971
791	2125	3310
792	2198	2134
793	6121	1443
794	2376	3219
795	2914	2916
796	2474	2662
797	4778	2399
798	5503	2629
799	2579	2798
800	2273	3216
801	2675	2248
802	5892	1732
803	5588	1883
804	5588	1883
805	3480	2798
806	2610	2964
807	4195	2197
808	2579	2798
809	1581	3410
810	3035	2973
811	2947	2613
812	2806	2446
813	3054	1913
814	5588	1883
815	2218	2965
816	4271	2391
817	5588	1883
818	5047	2763
819	1866	3303
820	4006	3246
821	1587	3408
822	2128	2784
823	4219	2133
824	2097	2378
825	5192	2951
826	2579	2798
827	2555	2512
828	3287	2394
829	6355	597
830	4975	2110
831	4959	2467
832	5876	1266
833	2555	2606
834	4316	2090
835	1907	2624
836	4620	2912
837	2642	2926
838	2465	2689
839	1826	3708
840	3124	2329
841	3233	2508
842	1825	3735
843	5439	2261
844	2985	3186
845	4117	3329
846	3363	2822
847	1897	3349
848	5973	1434
849	2022	2861
850	4966	2974
851	2376	3219
852	3340	2672
853	3946	3349
854	2768	3628
855	5207	2033
856	2848	2371
857	3946	3349
858	6181	1648
859	4341	3266
860	3602	2983
861	3584	2451
862	5012	2836
863	3353	2342
864	2605	3059
865	4943	2051
866	3213	2552
867	2191	3104
868	4966	2974
869	2612	2194
870	2848	2371
871	2228	3147
872	5671	1636
873	1622	3748
874	1763	2194
875	3696	3358
876	2339	3169
877	5095	3246
878	2299	2186
879	2117	3263
880	6002	1014
881	2401	2703
882	2125	3310
883	2641	3630
884	2601	3009
885	3080	2400
886	2191	3104
887	2413	2221
888	3340	2672
889	2914	2916
890	5927	2047
891	1763	2194
892	4009	2730
893	2097	2378
894	5064	1561
895	3720	2701
896	2441	3091
897	2100	3165
898	5553	1635
899	5095	3246
900	4219	2133
901	4390	3209
902	2125	3310
903	3245	2495
904	4611	2330
905	5458	2201
906	1999	3170
907	2601	3009
908	5192	2951
909	2117	3263
910	6528	1066
911	4200	2886
912	5207	2033
913	0	4315
914	253	4273
915	3530	2355
916	2810	2358
917	5674	2816
918	3720	2701
919	2515	2865
920	4069	2629
921	2927	3107
922	4489	2627
923	6181	1648
924	2915	2616
925	2985	3186
926	1622	3748
927	2806	2446
928	1955	2536
929	3062	2485
930	1870	2900
931	5551	1903
932	2852	2756
933	2886	3325
934	2376	3219
935	4434	3389
936	2447	2667
937	5892	1732
938	2797	3076
939	2125	3310
940	3552	2327
941	3696	3358
942	3587	2483
943	3098	3669
944	3788	2888
945	4620	2912
946	2806	2446
947	5553	1635
948	2191	3104
949	2417	2742
950	2601	3009
951	1881	3374
952	2461	2710
953	5393	2753
954	4390	3209
955	4957	1642
DEMAND_SECTION
1	0
2	4
3	5
4	7
5	4
6	13
7	7
8	8
9	10
10	5
11	5
12	5
13	6
14	7
15	19
16	11
17	6
18	7
19	7
20	6
21	8
22	9
23	6
24	4
25	7
26	5
27	4
28	10
29	4
30	4
31	6
32	11
33	6
34	6
35	6
36	4
37	4
38	7
39	6
40	11
41	4
42	7
43	5
44	5
45	5
46	5
47	5
48	15
49	12
50	4
51	9
52	6
53	7
54	6
55	5
56	6
57	5
58	10
59	5
60	5
61	9
62	7
63	4
64	7
65	6
66	5
67	6
68	5
69	12
70	7
71	9
72	5
73	4
74	4
75	12
76	9
77	5
78	4
79	5
80	7
81	6
82	8
83	6
84	4
85	8
86	5
87	10
88	5
89	6
90	12
91	5
92	7
93	15
94	5
95	5
96	8
97	8
98	9
99	4
100	7
101	5
102	4
103	10
104	5
105	4
106	4
107	7
108	11
109	4
110	5
111	8
112	4
113	9
114	5
115	20
116	7
117	6
118	7
119	11
120	5
121	5
122	6
123	5
124	11
125	6
126	8
127	6
128	9
129	12
130	9
131	6
132	9
133	10
134	5
135	8
136	11
137	5
138	8
139	3
140	11
141	4
142	5
143	5
144	3
145	8
146	5
147	6
148	6
149	9
150	6
151	3
152	5
153	5
154	4
155	6
156	4
157	3
158	5
159	7
160	5
161	5
162	4
163	5
164	5
165	13
166	5
167	7
168	8
169	3
170	5
171	7
172	7
173	4
174	7
175	9
176	7
177	8
178	6
179	3
180	8
181	8
182	19
183	5
184	10
185	7
186	5
187	8
188	9
189	9
190	11
191	4
192	10
193	12
194	6
195	7
196	11
197	4
198	4
199	4
200	7
201	6
202	6
203	8
204	7
205	7
206	19
207	5
208	4
209	16
210	5
211	5
212	6
213	8
214	5
215	9
216	5
217	5
218	4
219	6
220	4
221	9
222	5
223	6
224	7
225	9
226	4
227	4
228	6
229	7
230	5
231	4
232	5
233	6
234	11
235	12
236	5
237	7
238	4
239	4
240	4
241	9
242	6
243	8
244	5
245	4
246	6
247	4
248	4
249	8
250	6
251	12
252	5
253	4
254	7
255	6
256	6
257	3
258	5
259	8
260	5
261	8
262	4
263	11
264	5
265	4
266	5
267	7
268	4
269	9
270	8
271	7
272	4
273	13
274	12
275	5
276	5
277	7
278	11
279	7
280	8
281	5
282	6
283	4
284	6
285	8
286	9
287	16
288	5
289	8
290	5
291	9
292	7
293	6
294	8
295	5
296	7
297	8
298	8
299	8
300	4
301	6
302	11
303	11
304	10
305	8
306	16
307	4
308	5
309	6
310	7
311	5
312	5
313	13
314	6
315	5
316	13
317	11
318	12
319	11
320	4
321	7
322	9
323	4
324	5
325	6
326	6
327	4
328	12
329	8
330	11
331	5
332	8
333	5
334	6
335	7
336	4
337	11
338	4
339	5
340	12
341	9
342	4
343	5
344	20
345	6
346	9
347	6
348	8
349	4
350	6
351	11
352	10
353	7
354	9
355	11
356	4
357	4
358	6
359	6
360	5
361	4
362	8
363	6
364	5
365	6
366	8
367	9
368	19
369	6
370	7
371	11
372	4
373	6
374	9
375	6
376	8
377	6
378	5
379	7
380	7
381	9
382	7
383	13
384	7
385	7
386	7
387	8
388	4
389	4
390	5
391	10
392	6
393	9
394	5
395	19
396	5
397	6
398	9
399	10
400	6
401	4
402	6
403	11
404	7
405	5
406	7
407	5
408	5
409	5
410	4
411	15
412	5
413	8
414	7
415	6
416	20
417	5
418	17
419	4
420	16
421	7
422	5
423	9
424	7
425	4
426	5
427	11
428	8
429	4
430	8
431	5
432	4
433	6
434	9
435	7
436	6
437	6
438	4
439	10
440	6
441	6
442	4
443	6
444	4
445	5
446	4
447	5
448	7
449	8
450	8
451	5
452	4
453	5
454	4
455	4
456	5
457	7
458	4
459	4
460	4
461	5
462	7
463	7
464	9
465	4
466	8
467	24
468	6
469	7
470	9
471	5
472	6
473	4
474	6
475	5
476	5
477	4
478	8
479	15
480	5
481	7
482	7
483	9
484	10
485	5
486	5
487	12
488	3
489	6
490	3
491	5
492	7
493	20
494	4
495	4
496	16
497	4
498	10
499	5
500	11
501	4
502	4
503	4
504	5
505	7
506	7
507	3
508	7
509	4
510	11
511	6
512	4
513	6
514	4
515	6
516	4
517	6
518	5
519	9
520	9
521	6
522	7
523	8
524	5
525	12
526	9
527	5
528	8
529	7
530	5
531	5
532	5
533	11
534	8
535	5
536	6
537	4
538	4
539	11
540	5
541	7
542	9
543	8
544	7
545	7
546	6
547	4
548	8
549	3
550	8
551	9
552	7
553	8
554	9
555	6
556	7
557	12
558	3
559	7
560	4
561	6
562	6
563	6
564	5
565	6
566	4
567	8
568	5
569	8
570	4
571	4
572	4
573	10
574	3
575	5
576	4
577	10
578	4
579	5
580	6
581	6
582	6
583	8
584	7
585	8
586	5
587	4
588	6
589	5
590	5
591	4
592	6
593	6
594	3
595	5
596	4
597	12
598	4
599	5
600	7
601	10
602	5
603	5
604	6
605	6
606	7
607	11
608	6
609	4
610	7
611	9
612	7
613	11
614	4
615	5
616	6
617	4
618	6
619	4
620	7
621	7
622	5
623	6
624	5
625	6
626	4
627	6
628	6
629	4
630	5
631	5
632	4
633	8
634	8
635	4
636	6
637	7
638	5
639	5
640	8
641	11
642	7
643	6
644	7
645	8
646	5
647	8
648	5
649	4
650	3
651	5
652	4
653	11
654	5
655	4
656	5
657	24
658	4
659	4
660	5
661	7
662	3
663	11
664	4
665	7
666	4
667	5
668	5
669	5
670	5
671	5
672	6
673	7
674	3
675	5
676	6
677	10
678	4
679	6
680	5
681	5
682	17
683	6
684	7
685	5
686	7
687	7
688	12
689	9
690	8
691	13
692	8
693	5
694	8
695	6
696	6
697	4
698	4
699	7
700	7
701	7
702	5
703	8
704	4
705	6
706	7
707	5
708	6
709	12
710	8
711	4
712	12
713	15
714	7
715	4
716	11
717	5
718	4
719	4
720	3
721	4
722	6
723	15
724	4
725	11
726	5
727	3
728	8
729	4
730	4
731	4
732	4
733	5
734	5
735	5
736	10
737	5
738	11
739	9
740	6
741	5
742	5
743	11
744	7
745	5
746	7
747	5
748	5
749	3
750	5
751	6
752	4
753	5
754	5
755	6
756	8
757	6
758	4
759	7
760	6
761	8
762	5
763	4
764	4
765	4
766	4
767	9
768	9
769	7
770	9
771	4
772	13
773	5
774	5
775	7
776	3
777	5
778	5
779	6
780	10
781	9
782	5
783	6
784	8
785	4
786	4
787	5
788	4
789	9
790	19
791	6
792	4
793	4
794	7
795	7
796	4
797	4
798	7
799	7
800	4
801	8
802	37
803	5
804	5
805	9
806	3
807	4
808	5
809	4
810	5
811	4
812	6
813	9
814	6
815	4
816	6
817	8
818	9
819	4
820	10
821	6
822	6
823	11
824	6
825	4
826	5
827	6
828	12
829	7
830	5
831	15
832	6
833	4
834	16
835	6
836	10
837	3
838	8
839	4
840	6
841	6
842	4
843	4
844	5
845	4
846	5
847	5
848	5
849	5
850	6
851	6
852	4
853	7
854	4
855	3
856	4
857	4
858	8
859	8
860	8
861	5
862	5
863	4
864	8
865	4
866	4
867	6
868	4
869	4
870	8
871	5
872	4
873	7
874	12
875	4
876	8
877	6
878	4
879	6
880	16
881	5
882	11
883	5
884	6
885	7
886	4
887	9
888	7
889	6
890	11
891	7
892	6
893	10
894	5
895	5
896	9
897	4
898	5
899	5
900	16
901	7
902	7
903	5
904	4
905	6
906	5
907	11
908	11
909	6
910	4
911	12
912	5
913	5
914	5
915	5
916	5
917	8
918	8
919	5
920	5
921	9
922	4
923	19
924	5
925	8
926	8
927	9
928	6
929	7
930	6
931	8
932	6
933	4
934	6
935	5
936	6
937	12
938	4
939	6
940	3
941	5
942	5
943	4
944	4
945	6
946	4
947	8
948	7
949	9
950	5
951	12
952	9
953	6
954	4
955	4
DEPOT_SECTION
1
-1
SERVICE_TIME_SECTION
1	0
2	720
3	1320
4	480
5	660
6	480
7	420
8	660
9	480
10	600
11	540
12	660
13	300
14	660
15	960
16	240
17	660
18	540
19	240
20	600
21	360
22	300
23	480
24	480
25	600
26	600
27	420
28	240
29	360
30	300
31	480
32	1320
33	480
34	480
35	240
36	1200
37	240
38	420
39	420
40	600
41	600
42	480
43	600
44	360
45	360
46	720
47	720
48	300
49	660
50	480
51	420
52	480
53	480
54	540
55	240
56	540
57	540
58	360
59	420
60	780
61	660
62	420
63	420
64	720
65	600
66	660
67	960
68	360
69	840
70	540
71	420
72	720
73	360
74	300
75	360
76	1200
77	540
78	240
79	900
80	300
81	240
82	360
83	420
84	720
85	540
86	480
87	600
88	480
89	360
90	540
91	300
92	540
93	420
94	360
95	600
96	480
97	600
98	780
99	720
100	480
101	360
102	540
103	600
104	2460
105	720
106	420
107	360
108	360
109	360
110	1020
111	840
112	420
113	600
114	300
115	540
116	240
117	720
118	360
119	480
120	900
121	300
122	360
123	720
124	480
125	240
126	300
127	300
128	720
129	420
130	360
131	1680
132	1140
133	420
134	420
135	240
136	480
137	600
138	420
139	360
140	480
141	420
142	360
143	360
144	300
145	240
146	600
147	360
148	240
149	660
150	420
151	420
152	480
153	540
154	420
155	360
156	480
157	540
158	420
159	420
160	360
161	480
162	480
163	480
164	420
165	420
166	480
167	420
168	840
169	600
170	600
171	240
172	1320
173	720
174	360
175	540
176	600
177	300
178	780
179	480
180	300
181	300
182	600
183	600
184	300
185	540
186	660
187	540
188	240
189	420
190	480
191	480
192	360
193	420
194	300
195	660
196	660
197	720
198	420
199	480
200	660
201	360
202	300
203	1140
204	600
205	300
206	300
207	480
208	840
209	360
210	360
211	420
212	540
213	720
214	420
215	420
216	480
217	480
218	660
219	240
220	360
221	780
222	600
223	420
224	420
225	960
226	540
227	300
228	360
229	960
230	960
231	720
232	300
233	300
234	480
235	420
236	660
237	360
238	660
239	420
240	720
241	240
242	1260
243	600
244	360
245	420
246	480
247	540
248	240
249	720
250	240
251	240
252	420
253	300
254	660
255	420
256	780
257	480
258	360
259	540
260	720
261	360
262	420
263	780
264	720
265	660
266	240
267	360
268	240
269	480
270	240
271	720
272	480
273	720
274	540
275	360
276	420
277	660
278	540
279	360
280	780
281	360
282	600
283	480
284	420
285	420
286	360
287	960
288	240
289	240
290	540
291	540
292	420
293	300
294	1260
295	240
296	480
297	720
298	360
299	300
300	360
301	420
302	420
303	600
304	300
305	600
306	480
307	540
308	780
309	300
310	420
311	840
312	420
313	660
314	360
315	540
316	420
317	480
318	360
319	480
320	300
321	660
322	540
323	540
324	780
325	300
326	420
327	540
328	540
329	480
330	720
331	360
332	360
333	420
334	720
335	600
336	360
337	600
338	780
339	480
340	840
341	360
342	660
343	720
344	300
345	720
346	600
347	240
348	720
349	480
350	360
351	420
352	480
353	660
354	360
355	540
356	540
357	360
358	540
359	540
360	300
361	660
362	480
363	240
364	300
365	780
366	480
367	960
368	540
369	600
370	300
371	360
372	300
373	420
374	480
375	240
376	900
377	600
378	360
379	420
380	420
381	360
382	660
383	660
384	300
385	540
386	360
387	540
388	840
389	240
390	600
391	660
392	420
393	720
394	420
395	1020
396	300
397	600
398	360
399	780
400	240
401	540
402	300
403	2460
404	480
405	600
406	660
407	780
408	420
409	1440
410	420
411	1500
412	420
413	660
414	240
415	300
416	360
417	420
418	480
419	540
420	360
421	480
422	300
423	360
424	900
425	780
426	420
427	360
428	360
429	300
430	480
431	600
432	480
433	300
434	720
435	480
436	540
437	360
438	240
439	1140
440	660
441	480
442	540
443	360
444	300
445	420
446	420
447	360
448	660
449	720
450	360
451	600
452	540
453	1680
454	540
455	360
456	420
457	600
458	660
459	540
460	240
461	540
462	660
463	540
464	420
465	360
466	420
467	660
468	360
469	1680
470	900
471	480
472	360
473	360
474	360
475	420
476	420
477	300
478	420
479	360
480	420
481	480
482	480
483	240
484	600
485	600
486	300
487	360
488	240
489	300
490	840
491	480
492	480
493	300
494	360
495	660
496	420
497	660
498	600
499	480
500	1020
501	540
502	300
503	480
504	480
505	300
506	360
507	360
508	480
509	1260
510	420
511	960
512	540
513	480
514	300
515	420
516	360
517	720
518	360
519	420
520	720
521	480
522	420
523	900
524	540
525	540
526	600
527	660
528	660
529	540
530	720
531	420
532	360
533	600
534	780
535	540
536	300
537	480
538	540
539	420
540	600
541	240
542	1020
543	300
544	360
545	360
546	600
547	360
548	300
549	780
550	480
551	600
552	360
553	420
554	420
555	660
556	420
557	240
558	1140
559	660
560	240
561	300
562	600
563	480
564	480
565	1140
566	600
567	600
568	420
569	660
570	720
571	240
572	960
573	720
574	420
575	600
576	300
577	720
578	540
579	720
580	300
581	960
582	300
583	360
584	240
585	360
586	240
587	780
588	300
589	720
590	540
591	480
592	840
593	360
594	360
595	540
596	540
597	420
598	840
599	660
600	420
601	480
602	480
603	720
604	300
605	300
606	480
607	360
608	360
609	540
610	720
611	240
612	240
613	300
614	420
615	360
616	300
617	840
618	600
619	300
620	600
621	360
622	480
623	540
624	300
625	420
626	960
627	240
628	540
629	1020
630	360
631	480
632	240
633	600
634	780
635	480
636	420
637	240
638	240
639	780
640	420
641	1020
642	1200
643	1200
644	420
645	480
646	660
647	600
648	240
649	480
650	900
651	480
652	1320
653	600
654	360
655	1020
656	600
657	420
658	240
659	240
660	240
661	480
662	360
663	600
664	240
665	360
666	1020
667	360
668	240
669	480
670	660
671	300
672	360
673	660
674	360
675	240
676	480
677	1320
678	300
679	540
680	600
681	540
682	240
683	360
684	660
685	480
686	360
687	660
688	420
689	840
690	360
691	720
692	420
693	420
694	480
695	600
696	420
697	480
698	420
699	660
700	360
701	360
702	480
703	240
704	420
705	360
706	360
707	420
708	480
709	540
710	420
711	780
712	300
713	420
714	840
715	240
716	480
717	300
718	480
719	540
720	540
721	360
722	780
723	360
724	300
725	540
726	360
727	420
728	540
729	720
730	840
731	480
732	2040
733	360
734	1020
735	420
736	660
737	600
738	420
739	420
740	300
741	480
742	540
743	480
744	720
745	360
746	240
747	2040
748	420
749	720
750	240
751	420
752	300
753	540
754	480
755	240
756	840
757	600
758	300
759	360
760	420
761	240
762	300
763	720
764	240
765	720
766	420
767	480
768	540
769	420
770	420
771	780
772	420
773	480
774	240
775	420
776	720
777	600
778	360
779	480
780	480
781	420
782	720
783	480
784	360
785	660
786	240
787	660
788	720
789	360
790	900
791	540
792	420
793	480
794	900
795	300
796	720
797	480
798	660
799	360
800	720
801	420
802	540
803	1380
804	480
805	420
806	600
807	360
808	600
809	240
810	480
811	480
812	960
813	900
814	420
815	480
816	480
817	480
818	420
819	600
820	720
821	480
822	660
823	240
824	300
825	720
826	660
827	540
828	480
829	240
830	360
831	1140
832	480
833	300
834	420
835	420
836	240
837	240
838	300
839	720
840	660
841	540
842	840
843	840
844	240
845	360
846	240
847	420
848	600
849	900
850	1200
851	360
852	960
853	2220
854	420
855	420
856	240
857	480
858	240
859	480
860	360
861	240
862	420
863	300
864	360
865	540
866	480
867	480
868	660
869	720
870	300
871	1020
872	600
873	240
874	480
875	660
876	360
877	360
878	240
879	360
880	600
881	420
882	360
883	420
884	540
885	660
886	360
887	840
888	540
889	420
890	360
891	420
892	420
893	240
894	720
895	480
896	420
897	780
898	360
899	420
900	420
901	480
902	360
903	420
904	360
905	420
906	480
907	420
908	480
909	240
910	360
911	600
912	2460
913	360
914	900
915	540
916	900
917	540
918	600
919	600
920	1020
921	720
922	420
923	480
924	420
925	480
926	420
927	960
928	360
929	420
930	540
931	420
932	720
933	360
934	420
935	360
936	540
937	240
938	300
939	540
940	480
941	480
942	1680
943	1080
944	660
945	360
946	1680
947	360
948	300
949	600
950	300
951	480
952	240
953	600
954	300
955	540
TIME_WINDOW_SECTION
1	0	45000
2	12600	19500
3	10800	29700
4	16200	23100
5	16200	23100
6	9000	15300
7	19800	26700
8	12600	19500
9	16200	23100
10	16200	26700
11	12600	19500
12	10800	30300
13	9000	19500
14	23400	30300
15	23400	30300
16	9000	15900
17	16200	23100
18	9000	19500
19	16200	22500
20	16200	23100
21	12600	19500
22	16200	22500
23	10800	30300
24	19800	26700
25	18000	37500
26	19800	26700
27	10800	30300
28	23400	30300
29	16200	23100
30	23400	30300
31	19800	26700
32	9000	19500
33	16200	26700
34	18000	37500
35	18000	37500
36	9000	15900
37	23400	30300
38	9000	19500
39	5400	12300
40	16200	23100
41	23400	30300
42	10800	30300
43	5400	12300
44	12600	19500
45	10800	29700
46	16200	26700
47	16200	23100
48	12600	19500
49	5400	12300
50	9000	19500
51	16200	22500
52	9000	19500
53	10800	30300
54	19800	26700
55	12600	19500
56	12600	19500
57	19800	26700
58	16200	23100
59	12600	18900
60	9000	15300
61	16200	24240
62	19800	26700
63	9000	15900
64	5400	12300
65	10800	30300
66	23400	30300
67	19800	26700
68	16200	22500
69	10800	29700
70	12600	19500
71	23400	30300
72	10800	30300
73	19800	26700
74	19800	26700
75	10800	30300
76	19800	26700
77	23400	30300
78	23400	30300
79	16200	23100
80	16200	26700
81	23400	30300
82	19800	26700
83	10800	29700
84	16200	26700
85	5400	11700
86	16200	26100
87	19800	26700
88	9000	15900
89	19800	26700
90	23400	30300
91	10800	30300
92	23400	30300
93	16200	23100
94	19800	26700
95	23400	30300
96	9000	19500
97	10800	30300
98	5400	12300
99	16200	23100
100	19800	26700
101	16200	23100
102	23400	30300
103	9000	15900
104	12600	19500
105	23400	29700
106	9000	15300
107	19800	26700
108	23400	30300
109	5400	12300
110	16200	26700
111	9000	15900
112	5400	12300
113	19800	26700
114	19800	26700
115	19800	26700
116	5400	11700
117	23400	30300
118	27000	37500
119	10800	30300
120	9000	15900
121	19800	26700
122	5400	12300
123	10800	30300
124	23400	30300
125	23400	30300
126	10800	30300
127	16200	23100
128	16200	23100
129	5400	12300
130	10800	30300
131	19800	26700
132	23400	30300
133	9000	15900
134	16200	24900
135	19800	26700
136	9000	15300
137	16200	23100
138	19800	26700
139	5400	12300
140	19800	26700
141	5400	12300
142	16200	26700
143	23400	30300
144	5400	12300
145	9000	18900
146	18000	37500
147	12600	19500
148	9000	15900
149	27000	37500
150	19800	26700
151	16200	23100
152	23400	30300
153	10800	30300
154	16200	26100
155	5400	12300
156	10800	30300
157	19800	26700
158	10800	30300
159	5400	12300
160	10800	30300
161	10800	30300
162	23400	30300
163	23400	30300
164	10800	30300
165	16200	23100
166	12600	19500
167	5400	12300
168	16200	26700
169	19800	26700
170	16200	23100
171	19800	26700
172	12600	19500
173	19800	26700
174	10800	30300
175	9000	19500
176	12600	19500
177	10800	29700
178	12600	19500
179	16200	22500
180	10800	30300
181	9000	19500
182	10800	30300
183	9000	15900
184	16200	23100
185	18000	37500
186	16200	24900
187	19800	26700
188	19800	26700
189	12600	19500
190	5400	12300
191	19800	26700
192	19800	26700
193	5400	12300
194	10800	30300
195	10800	29700
196	12600	19500
197	19800	26700
198	5400	12300
199	12600	19500
200	16200	23100
201	12600	19500
202	16200	24900
203	10800	30300
204	5400	12300
205	5400	12300
206	16200	26700
207	5400	11700
208	16200	23100
209	5400	12300
210	19800	26700
211	16200	26700
212	16200	23100
213	9000	15900
214	19800	26700
215	19800	26700
216	9000	18900
217	12600	18900
218	16200	22500
219	5400	12300
220	16200	26700
221	19800	26700
222	10800	30300
223	9000	15900
224	10800	30300
225	9000	19500
226	23400	30300
227	18000	37500
228	16200	24900
229	16200	23100
230	16200	23100
231	19800	26700
232	19800	26700
233	10800	30300
234	18000	37500
235	16200	26700
236	12600	19500
237	9000	15900
238	10800	30300
239	12600	19500
240	23400	30300
241	10800	30300
242	19800	26700
243	19800	26700
244	12600	19500
245	10800	30300
246	9000	15900
247	9000	18900
248	10800	30300
249	16200	26700
250	16200	24900
251	12600	19500
252	5400	12300
253	12600	19500
254	10800	30300
255	16200	23100
256	19800	26700
257	10800	30300
258	23400	30300
259	9000	19500
260	9000	15900
261	5400	12300
262	5400	12300
263	19800	26700
264	19800	26700
265	16200	26700
266	5400	12300
267	19800	26700
268	16200	23100
269	23400	30300
270	23400	30300
271	16200	23100
272	9000	19500
273	19800	26700
274	5400	12300
275	16200	23100
276	10800	30300
277	9000	15900
278	23400	30300
279	23400	30300
280	16200	23100
281	12600	19500
282	16200	22500
283	16200	23100
284	12600	19500
285	23400	30300
286	19800	26700
287	19800	26700
288	10800	30300
289	23400	30300
290	23400	30300
291	23400	30300
292	19800	26700
293	19800	26700
294	19800	26700
295	12600	19500
296	16200	23100
297	19800	26700
298	19800	26700
299	12600	19500
300	12600	19500
301	5400	12300
302	10800	30300
303	10800	30300
304	19800	26700
305	12600	19500
306	10800	30300
307	16200	23100
308	9000	15900
309	10800	30300
310	12600	19500
311	9000	18900
312	12600	19500
313	16200	23100
314	10800	30300
315	23400	30300
316	23400	30300
317	12600	19500
318	9000	19500
319	9000	15300
320	12600	19500
321	19800	26700
322	9000	19500
323	12600	19500
324	5400	12300
325	19800	26700
326	19800	26700
327	9000	19500
328	23400	30300
329	23400	30300
330	23400	30300
331	9000	15900
332	10800	30300
333	10800	30300
334	23400	30300
335	9000	19500
336	10800	30300
337	16200	24900
338	19800	26700
339	5400	12300
340	18000	37500
341	19800	26100
342	12600	18900
343	19800	26700
344	23400	30300
345	10800	30300
346	10800	30300
347	12600	19500
348	10800	30300
349	19800	26700
350	9000	15900
351	5400	12300
352	19800	26700
353	16200	26700
354	16200	26700
355	19800	26700
356	16200	23100
357	19800	26700
358	9000	15900
359	23400	30300
360	16200	23100
361	5400	12300
362	16200	23100
363	16200	24240
364	19800	26700
365	23400	30300
366	23400	30300
367	16200	23100
368	23400	30300
369	27000	37500
370	23400	30300
371	10800	30300
372	23400	30300
373	23400	30300
374	18000	37500
375	9000	19500
376	10800	30300
377	12600	19500
378	16200	26700
379	5400	12300
380	19800	26700
381	16200	24900
382	10800	30300
383	9000	18900
384	23400	30300
385	23400	30300
386	23400	30300
387	10800	30300
388	16200	23100
389	5400	12300
390	19800	26700
391	19800	26700
392	10800	30300
393	12600	19500
394	10800	30300
395	10800	30300
396	16200	23100
397	12600	19500
398	23400	29700
399	9000	15900
400	16200	23100
401	18000	37500
402	23400	30300
403	9000	19500
404	16200	24900
405	19800	26700
406	19800	26700
407	10800	30300
408	9000	15900
409	16200	23100
410	9000	15300
411	10800	30300
412	19800	26100
413	10800	30300
414	12600	19500
415	9000	15900
416	9000	19500
417	19800	26700
418	9000	19500
419	23400	30300
420	23400	30300
421	9000	19500
422	23400	30300
423	19800	26700
424	19800	26700
425	16200	23100
426	19800	26700
427	16200	26100
428	12600	19500
429	12600	19500
430	10800	30300
431	9000	19500
432	16200	23100
433	23400	30300
434	9000	15900
435	10800	30300
436	9000	15900
437	19800	26700
438	9000	19500
439	16200	26700
440	23400	30300
441	16200	26700
442	16200	23100
443	9000	19500
444	10800	30300
445	23400	30300
446	23400	30300
447	9000	19500
448	16200	26700
449	10800	30300
450	9000	19500
451	19800	26700
452	9000	19500
453	16200	23100
454	23400	30300
455	16200	26700
456	23400	30300
457	23400	30300
458	23400	30300
459	12600	19500
460	12600	19500
461	19800	26700
462	19800	26700
463	23400	30300
464	19800	26700
465	16200	22500
466	19800	26700
467	16200	23100
468	19800	26700
469	9000	19500
470	23400	30300
471	10800	29700
472	9000	19500
473	10800	30300
474	27000	37500
475	10800	30300
476	23400	30300
477	10800	30300
478	16200	26700
479	23400	30300
480	19800	26700
481	16200	26700
482	10800	29700
483	16200	26100
484	16200	23100
485	9000	15900
486	10800	30300
487	23400	30300
488	23400	30300
489	19800	26700
490	10800	29700
491	16200	22500
492	23400	30300
493	12600	19500
494	18000	36900
495	19800	26700
496	16200	26100
497	23400	30300
498	16200	23100
499	19800	26700
500	23400	30300
501	23400	30300
502	10800	30300
503	10800	30300
504	19800	26700
505	16200	24900
506	23400	30300
507	12600	19500
508	16200	26700
509	12600	19500
510	16200	26700
511	9000	18900
512	12600	19500
513	10800	30300
514	12600	19500
515	12600	19500
516	9000	15900
517	9000	19500
518	16200	24900
519	23400	30300
520	19800	26700
521	16200	23100
522	12600	19500
523	19800	26700
524	12600	18900
525	16200	23100
526	16200	23100
527	12600	19500
528	10800	30300
529	23400	30300
530	19800	26700
531	23400	30300
532	10800	30300
533	19800	26700
534	12600	19500
535	23400	30300
536	16200	23100
537	10800	30300
538	12600	19500
539	16200	23100
540	16200	24900
541	9000	19500
542	12600	18900
543	10800	30300
544	23400	30300
545	16200	23100
546	19800	26700
547	12600	19500
548	23400	30300
549	10800	29700
550	18000	37500
551	23400	30300
552	12600	18900
553	10800	30300
554	16200	23100
555	16200	26100
556	23400	30300
557	23400	30300
558	16200	23100
559	19800	26700
560	19800	26700
561	12600	19500
562	12600	19500
563	10800	30300
564	12600	19500
565	9000	19500
566	16200	23100
567	12600	19500
568	9000	19500
569	19800	26700
570	16200	26700
571	23400	30300
572	12600	19500
573	23400	30300
574	27000	37500
575	16200	23100
576	16200	23100
577	16200	23100
578	19800	26700
579	12600	19500
580	19800	26700
581	23400	30300
582	23400	30300
583	12600	19500
584	19800	26700
585	12600	19500
586	19800	26700
587	16200	26700
588	23400	30300
589	12600	19500
590	23400	30300
591	12600	19500
592	16200	26700
593	12600	19500
594	10800	30300
595	9000	19500
596	23400	30300
597	10800	30300
598	23400	30300
599	23400	30300
600	12600	19500
601	9000	19500
602	23400	30300
603	23400	30300
604	10800	30300
605	12600	19500
606	23400	30300
607	19800	26100
608	16200	23100
609	19800	26700
610	10800	30300
611	16200	26700
612	10800	30300
613	10800	29700
614	10800	29700
615	10800	30300
616	10800	30300
617	27000	37500
618	16200	23100
619	19800	26700
620	19800	26700
621	10800	30300
622	12600	19500
623	16200	24240
624	23400	30300
625	12600	19500
626	23400	30300
627	10800	30300
628	12600	19500
629	23400	29700
630	16200	23100
631	10800	30300
632	12600	19500
633	23400	30300
634	18000	37500
635	16200	23100
636	10800	30300
637	23400	30300
638	12600	19500
639	10800	30300
640	19800	26700
641	18000	37500
642	23400	30300
643	23400	30300
644	16200	26700
645	16200	24900
646	19800	26700
647	23400	30300
648	10800	30300
649	12600	19500
650	19800	26700
651	19800	26700
652	19800	26700
653	19800	26700
654	18000	37500
655	23400	30300
656	16200	26700
657	23400	30300
658	10800	30300
659	16200	26700
660	10800	30300
661	12600	19500
662	23400	30300
663	19800	26700
664	16200	23100
665	16200	23100
666	23400	30300
667	16200	22500
668	12600	19500
669	10800	30300
670	10800	30300
671	16200	26700
672	16200	24900
673	23400	30300
674	10800	30300
675	19800	26700
676	23400	30300
677	9000	19500
678	23400	30300
679	18000	36840
680	19800	26700
681	23400	30300
682	16200	23100
683	16200	23100
684	10800	30300
685	10800	30300
686	23400	30300
687	12600	19500
688	19800	26700
689	16200	23100
690	10800	30300
691	10800	30300
692	16200	26700
693	19800	26700
694	16200	23100
695	19800	26700
696	23400	30300
697	23400	30300
698	9000	19500
699	19800	26700
700	16200	23100
701	18000	37500
702	19800	26700
703	16200	23100
704	23400	29700
705	16200	23100
706	23400	30300
707	23400	30300
708	19800	26100
709	16200	23100
710	23400	30300
711	16200	23100
712	23400	30300
713	10800	30300
714	19800	26700
715	10800	30300
716	10800	29700
717	19800	26700
718	19800	26700
719	19800	26700
720	16200	22500
721	16200	26700
722	19800	26700
723	23400	30300
724	19800	26700
725	23400	30300
726	19800	26700
727	16200	23100
728	19800	26700
729	19800	26700
730	10800	30300
731	23400	30300
732	16200	26100
733	10800	30300
734	23400	30300
735	16200	22500
736	16200	23100
737	19800	26700
738	16200	23100
739	10800	29700
740	23400	30300
741	23400	30300
742	10800	30300
743	23400	30300
744	19800	26700
745	19800	26700
746	16200	23100
747	19800	26700
748	10800	30300
749	10800	30300
750	23400	30300
751	10800	30300
752	16200	26700
753	10800	30300
754	23400	30300
755	16200	23100
756	16200	23100
757	10800	30300
758	16200	26700
759	16200	26700
760	23400	30300
761	16200	26700
762	23400	30300
763	16200	23100
764	10800	29700
765	10800	29700
766	19800	26700
767	10800	30300
768	18000	37500
769	16200	23100
770	16200	26700
771	23400	30300
772	23400	30300
773	19800	26700
774	16200	26100
775	10800	30300
776	19800	26700
777	10800	29700
778	16200	23100
779	23400	30300
780	23400	30300
781	23400	30300
782	23400	30300
783	10800	30300
784	10800	30300
785	23400	30300
786	23400	30300
787	19800	26100
788	19800	26700
789	23400	30300
790	10800	30300
791	19800	26700
792	10800	30300
793	23400	30300
794	10800	30300
795	23400	30300
796	19800	26700
797	10800	30300
798	16200	23100
799	16200	26700
800	23400	29700
801	19800	26700
802	19800	26700
803	23400	30300
804	19800	26700
805	10800	30300
806	16200	26700
807	10800	30300
808	10800	30300
809	10800	30300
810	23400	30300
811	19800	26700
812	10800	30300
813	10800	30300
814	19800	26700
815	23400	30300
816	23400	30300
817	10800	30300
818	10800	30300
819	19800	26700
820	27000	37500
821	18000	37500
822	10800	30300
823	16200	23100
824	23400	30300
825	10800	30300
826	23400	30300
827	16200	26700
828	10800	30300
829	19800	26700
830	18000	37500
831	19800	26700
832	10800	30300
833	23400	30300
834	23400	30300
835	23400	30300
836	23400	30300
837	23400	30300
838	23400	30300
839	10800	30300
840	19800	26700
841	19800	26700
842	19800	26700
843	10800	30300
844	10800	30300
845	19800	26700
846	16200	26700
847	23400	30300
848	19800	26700
849	10800	30300
850	19800	26700
851	18000	37500
852	19800	26700
853	16200	24900
854	27000	37500
855	23400	30300
856	10800	30300
857	10800	30300
858	10800	30300
859	19800	26700
860	19800	26700
861	16200	26100
862	19800	26700
863	19800	26700
864	10800	30300
865	10800	30300
866	23400	30300
867	19800	26700
868	23400	30300
869	19800	26700
870	19800	26700
871	19800	26700
872	10800	30300
873	19800	26700
874	19800	26700
875	10800	30300
876	16200	26700
877	10800	30300
878	23400	30300
879	23400	30300
880	23400	30300
881	16200	26700
882	23400	30300
883	18000	37500
884	23400	30300
885	23400	30300
886	18000	37500
887	10800	30300
888	23400	30300
889	19800	26700
890	23400	30300
891	10800	30300
892	18000	37500
893	27000	37500
894	16200	26700
895	23400	30300
896	10800	30300
897	23400	30300
898	23400	30300
899	19800	26700
900	10800	30300
901	23400	30300
902	23400	30300
903	19800	26700
904	19800	26700
905	19800	26700
906	10800	30300
907	10800	30300
908	18000	37500
909	23400	30300
910	10800	30300
911	19800	26700
912	19800	26700
913	23400	30300
914	23400	30300
915	19800	26700
916	16200	26700
917	23400	30300
918	10800	30300
919	10800	30300
920	10800	30300
921	10800	30300
922	19800	26100
923	10800	30300
924	19800	26700
925	10800	30300
926	23400	30300
927	23400	30300
928	10800	30300
929	10800	30300
930	23400	30300
931	23400	30300
932	23400	30300
933	23400	30300
934	10800	30300
935	23400	30300
936	10800	30300
937	10800	30300
938	10800	30300
939	10800	30300
940	10800	30300
941	10800	30300
942	10800	30300
943	18000	37500
944	23400	30300
945	18000	37500
946	23400	30300
947	10800	30300
948	10800	30300
949	10800	30300
950	10800	29700
951	23400	30300
952	27000	37500
953	10800	30300
954	23400	30300
955	10800	30300
RELEASE_TIME_SECTION
1	0
2	5400
3	5400
4	5400
5	5400
6	5400
7	5400
8	5400
9	5400
10	5400
11	5400
12	5400
13	5400
14	5400
15	5400
16	5400
17	5400
18	5400
19	5400
20	5400
21	5400
22	5400
23	5400
24	5400
25	5400
26	5400
27	5400
28	5400
29	5400
30	5400
31	5400
32	5400
33	5400
34	5400
35	5400
36	5400
37	5400
38	5400
39	5400
40	5400
41	5400
42	5400
43	5400
44	5400
45	5400
46	5400
47	5400
48	5400
49	5400
50	5400
51	5400
52	5400
53	5400
54	5400
55	5400
56	5400
57	5400
58	5400
59	5400
60	5400
61	5400
62	5400
63	5400
64	5400
65	5400
66	5400
67	5400
68	5400
69	5400
70	5400
71	5400
72	5400
73	5400
74	5400
75	5400
76	5400
77	5400
78	5400
79	5400
80	5400
81	5400
82	5400
83	5400
84	5400
85	5400
86	5400
87	5400
88	5400
89	5400
90	5400
91	5400
92	5400
93	5400
94	5400
95	5400
96	5400
97	5400
98	5400
99	5400
100	5400
101	5400
102	7200
103	7200
104	7200
105	7200
106	7200
107	7200
108	7200
109	7200
110	7200
111	7200
112	7200
113	7200
114	7200
115	7200
116	7200
117	7200
118	7200
119	7200
120	7200
121	7200
122	7200
123	7200
124	7200
125	7200
126	7200
127	7200
128	7200
129	7200
130	7200
131	7200
132	7200
133	7200
134	7200
135	7200
136	7200
137	7200
138	7200
139	7200
140	7200
141	7200
142	7200
143	7200
144	7200
145	7200
146	7200
147	7200
148	7200
149	7200
150	7200
151	7200
152	7200
153	7200
154	7200
155	7200
156	7200
157	7200
158	7200
159	7200
160	7200
161	7200
162	7200
163	7200
164	7200
165	7200
166	7200
167	7200
168	7200
169	7200
170	7200
171	7200
172	7200
173	7200
174	7200
175	7200
176	7200
177	7200
178	7200
179	7200
180	7200
181	7200
182	7200
183	7200
184	7200
185	7200
186	7200
187	7200
188	7200
189	7200
190	7200
191	7200
192	7200
193	7200
194	7200
195	7200
196	7200
197	7200
198	7200
199	7200
200	7200
201	7200
202	9000
203	9000
204	9000
205	9000
206	9000
207	9000
208	9000
209	9000
210	9000
211	9000
212	9000
213	9000
214	9000
215	9000
216	9000
217	9000
218	9000
219	9000
220	9000
221	9000
222	9000
223	9000
224	9000
225	9000
226	9000
227	9000
228	9000
229	9000
230	9000
231	9000
232	9000
233	9000
234	9000
235	9000
236	9000
237	9000
238	9000
239	9000
240	9000
241	9000
242	9000
243	9000
244	9000
245	9000
246	9000
247	9000
248	9000
249	9000
250	9000
251	9000
252	9000
253	9000
254	9000
255	9000
256	9000
257	9000
258	9000
259	9000
260	9000
261	9000
262	9000
263	9000
264	9000
265	9000
266	9000
267	9000
268	9000
269	9000
270	9000
271	9000
272	9000
273	9000
274	9000
275	9000
276	9000
277	9000
278	9000
279	9000
280	9000
281	9000
282	9000
283	9000
284	9000
285	9000
286	9000
287	9000
288	9000
289	9000
290	9000
291	9000
292	9000
293	9000
294	9000
295	9000
296	9000
297	9000
298	9000
299	9000
300	9000
301	9000
302	10800
303	10800
304	10800
305	10800
306	10800
307	10800
308	10800
309	10800
310	10800
311	10800
312	10800
313	10800
314	10800
315	10800
316	10800
317	10800
318	10800
319	10800
320	10800
321	10800
322	10800
323	10800
324	10800
325	10800
326	10800
327	10800
328	10800
329	10800
330	10800
331	10800
332	10800
333	10800
334	10800
335	10800
336	10800
337	10800
338	10800
339	10800
340	10800
341	10800
342	10800
343	10800
344	10800
345	10800
346	10800
347	10800
348	10800
349	10800
350	10800
351	10800
352	10800
353	10800
354	10800
355	10800
356	10800
357	10800
358	10800
359	10800
360	10800
361	10800
362	10800
363	10800
364	10800
365	10800
366	10800
367	10800
368	10800
369	10800
370	10800
371	10800
372	10800
373	10800
374	10800
375	10800
376	10800
377	10800
378	10800
379	10800
380	10800
381	10800
382	10800
383	10800
384	10800
385	10800
386	10800
387	10800
388	10800
389	10800
390	10800
391	10800
392	10800
393	10800
394	12600
395	12600
396	12600
397	12600
398	12600
399	12600
400	12600
401	12600
402	12600
403	12600
404	12600
405	12600
406	12600
407	12600
408	12600
409	12600
410	12600
411	12600
412	12600
413	12600
414	12600
415	12600
416	12600
417	12600
418	12600
419	12600
420	12600
421	12600
422	12600
423	12600
424	12600
425	12600
426	12600
427	12600
428	12600
429	12600
430	12600
431	12600
432	12600
433	12600
434	12600
435	12600
436	12600
437	12600
438	12600
439	12600
440	12600
441	12600
442	12600
443	12600
444	12600
445	12600
446	12600
447	12600
448	12600
449	12600
450	12600
451	12600
452	12600
453	12600
454	12600
455	12600
456	12600
457	12600
458	12600
459	12600
460	12600
461	12600
462	12600
463	12600
464	12600
465	12600
466	12600
467	12600
468	12600
469	12600
470	12600
471	12600
472	14400
473	14400
474	14400
475	14400
476	14400
477	14400
478	14400
479	14400
480	14400
481	14400
482	14400
483	14400
484	14400
485	14400
486	14400
487	14400
488	14400
489	14400
490	14400
491	14400
492	14400
493	14400
494	14400
495	14400
496	14400
497	14400
498	14400
499	14400
500	14400
501	14400
502	14400
503	14400
504	14400
505	14400
506	14400
507	14400
508	14400
509	14400
510	14400
511	14400
512	14400
513	14400
514	14400
515	14400
516	14400
517	14400
518	14400
519	14400
520	14400
521	14400
522	14400
523	14400
524	14400
525	14400
526	14400
527	14400
528	14400
529	14400
530	14400
531	14400
532	14400
533	14400
534	14400
535	14400
536	14400
537	14400
538	14400
539	14400
540	14400
541	14400
542	14400
543	14400
544	14400
545	14400
546	14400
547	14400
548	14400
549	14400
550	14400
551	14400
552	14400
553	14400
554	14400
555	14400
556	14400
557	14400
558	14400
559	16200
560	16200
561	16200
562	16200
563	16200
564	16200
565	16200
566	16200
567	16200
568	16200
569	16200
570	16200
571	16200
572	16200
573	16200
574	16200
575	16200
576	16200
577	16200
578	16200
579	16200
580	16200
581	16200
582	16200
583	16200
584	16200
585	16200
586	16200
587	16200
588	16200
589	16200
590	16200
591	16200
592	16200
593	16200
594	16200
595	16200
596	16200
597	16200
598	16200
599	16200
600	16200
601	16200
602	16200
603	16200
604	16200
605	16200
606	16200
607	16200
608	16200
609	16200
610	16200
611	16200
612	16200
613	16200
614	16200
615	16200
616	16200
617	16200
618	16200
619	16200
620	16200
621	16200
622	16200
623	16200
624	16200
625	16200
626	16200
627	16200
628	16200
629	16200
630	16200
631	16200
632	16200
633	16200
634	16200
635	16200
636	16200
637	16200
638	16200
639	16200
640	16200
641	16200
642	16200
643	18000
644	18000
645	18000
646	18000
647	18000
648	18000
649	18000
650	18000
651	18000
652	18000
653	18000
654	18000
655	18000
656	18000
657	18000
658	18000
659	18000
660	18000
661	18000
662	18000
663	18000
664	18000
665	18000
666	18000
667	18000
668	18000
669	18000
670	18000
671	18000
672	18000
673	18000
674	18000
675	18000
676	18000
677	18000
678	18000
679	18000
680	18000
681	18000
682	18000
683	18000
684	18000
685	18000
686	18000
687	18000
688	18000
689	18000
690	18000
691	18000
692	18000
693	18000
694	18000
695	18000
696	18000
697	18000
698	18000
699	18000
700	18000
701	18000
702	18000
703	18000
704	19800
705	19800
706	19800
707	19800
708	19800
709	19800
710	19800
711	19800
712	19800
713	19800
714	19800
715	19800
716	19800
717	19800
718	19800
719	19800
720	19800
721	19800
722	19800
723	19800
724	19800
725	19800
726	19800
727	19800
728	19800
729	19800
730	19800
731	19800
732	19800
733	19800
734	19800
735	19800
736	19800
737	19800
738	19800
739	19800
740	19800
741	19800
742	19800
743	19800
744	19800
745	19800
746	19800
747	19800
748	19800
749	19800
750	19800
751	19800
752	19800
753	19800
754	19800
755	19800
756	19800
757	19800
758	19800
759	19800
760	19800
761	19800
762	19800
763	19800
764	19800
765	19800
766	19800
767	19800
768	19800
769	19800
770	21600
771	21600
772	21600
773	21600
774	21600
775	21600
776	21600
777	21600
778	21600
779	21600
780	21600
781	21600
782	21600
783	21600
784	21600
785	21600
786	21600
787	21600
788	21600
789	21600
790	21600
791	21600
792	21600
793	21600
794	21600
795	21600
796	21600
797	21600
798	21600
799	21600
800	21600
801	21600
802	21600
803	21600
804	21600
805	21600
806	21600
807	21600
808	21600
809	21600
810	21600
811	21600
812	21600
813	21600
814	21600
815	21600
816	21600
817	21600
818	21600
819	21600
820	21600
821	21600
822	21600
823	21600
824	21600
825	21600
826	21600
827	21600
828	21600
829	21600
830	21600
831	21600
832	23400
833	23400
834	23400
835	23400
836	23400
837	23400
838	23400
839	23400
840	23400
841	23400
842	23400
843	23400
844	23400
845	23400
846	23400
847	23400
848	23400
849	23400
850	23400
851	23400
852	23400
853	23400
854	23400
855	23400
856	23400
857	23400
858	23400
859	23400
860	23400
861	23400
862	23400
863	23400
864	23400
865	23400
866	23400
867	23400
868	23400
869	23400
870	23400
871	23400
872	23400
873	23400
874	23400
875	23400
876	23400
877	23400
878	23400
879	23400
880	23400
881	23400
882	23400
883	23400
884	25200
885	25200
886	25200
887	25200
888	25200
889	25200
890	25200
891	25200
892	25200
893	25200
894	25200
895	25200
896	25200
897	25200
898	25200
899	25200
900	25200
901	25200
902	25200
903	25200
904	25200
905	25200
906	25200
907	25200
908	25200
909	25200
910	25200
911	25200
912	25200
913	25200
914	25200
915	25200
916	25200
917	25200
918	25200
919	25200
920	25200
921	25200
922	25200
923	25200
924	25200
925	27000
926	27000
927	27000
928	27000
929	27000
930	27000
931	27000
932	27000
933	27000
934	27000
935	27000
936	27000
937	27000
938	27000
939	27000
940	27000
941	27000
942	27000
943	27000
944	27000
945	27000
946	27000
947	27000
948	27000
949	27000
950	27000
951	27000
952	27000
953	27000
954	27000
955	27000
EOF
