NAME : ORTEC-VRPTW-ASYM-d83ecd50-d1-n927
TYPE : VRPTW-RT
DIMENSION : 928
EDGE_WEIGHT_TYPE : EUC_2D
CAPACITY : 135
NODE_COORD_SECTION
1	2151	3877
2	1114	1839
3	1485	4096
4	2653	4830
5	2157	4249
6	1168	3914
7	3673	5641
8	3419	4902
9	710	3738
10	1951	3803
11	3244	4911
12	1291	2448
13	3079	5010
14	1075	2708
15	969	2272
16	1647	2857
17	2321	4106
18	813	1854
19	612	3080
20	1973	4093
21	2051	3431
22	2810	5280
23	2762	4336
24	930	2067
25	3077	4931
26	2958	4897
27	1846	2607
28	3654	5909
29	1552	3373
30	3082	4741
31	2321	4106
32	2867	5219
33	3118	5623
34	3364	5150
35	687	1976
36	3401	6095
37	612	3080
38	701	2492
39	771	2038
40	1828	4380
41	3461	4960
42	927	3561
43	2667	4245
44	3610	4897
45	1121	3782
46	3530	6083
47	930	2067
48	728	1557
49	1547	4199
50	1364	3277
51	2580	4278
52	1133	1875
53	3361	5626
54	3040	5113
55	3696	4548
56	835	3685
57	1220	3879
58	3399	5190
59	1708	4200
60	1601	2680
61	1291	2448
62	2831	5528
63	677	1716
64	2846	4053
65	2493	4443
66	690	2034
67	1948	4595
68	467	3354
69	2566	3872
70	2867	5219
71	728	1557
72	977	3793
73	3531	5526
74	3461	4960
75	3254	4803
76	2798	4379
77	3558	5406
78	915	3891
79	1039	2047
80	1375	2208
81	3692	5585
82	1037	1483
83	2443	4429
84	1732	2844
85	2669	4076
86	2566	3872
87	1044	2008
88	4195	5137
89	3267	5279
90	3186	4412
91	700	1883
92	3353	5295
93	2540	5466
94	3242	5744
95	486	3555
96	2979	4508
97	788	1899
98	954	3844
99	2876	4298
100	1206	3486
101	3365	5161
102	2923	4508
103	3293	5092
104	2650	4381
105	1684	2764
106	4019	5701
107	1037	1483
108	3316	4404
109	1541	3305
110	2941	4976
111	467	3354
112	3702	4677
113	764	3605
114	811	2124
115	2937	5228
116	2371	4247
117	3394	4876
118	1075	2708
119	3048	5095
120	3654	5909
121	4424	4592
122	1677	4333
123	3118	5623
124	3067	5491
125	942	1726
126	2220	3508
127	1497	2051
128	574	1834
129	776	1996
130	3549	5012
131	3364	5150
132	2766	5335
133	2958	4897
134	2382	5289
135	1395	2478
136	842	3451
137	3246	5552
138	3282	6000
139	3079	5010
140	1948	4595
141	3082	4741
142	1709	4750
143	1800	2817
144	2810	5280
145	628	3592
146	1212	2998
147	915	3891
148	1154	2711
149	3394	4876
150	1838	4736
151	988	2160
152	1037	1483
153	813	1854
154	1276	1982
155	1259	4106
156	854	2941
157	3474	5699
158	1814	4256
159	1037	1483
160	3692	5585
161	2766	5335
162	3340	5138
163	2085	4253
164	3931	5304
165	3040	5113
166	1090	2341
167	3431	5011
168	677	1716
169	1176	2321
170	3248	5127
171	1127	1774
172	950	3778
173	467	3354
174	3242	5744
175	3615	5437
176	3226	4921
177	2976	4666
178	3503	5932
179	3848	4909
180	3411	4448
181	1140	3977
182	1075	2708
183	1589	2263
184	1364	3277
185	2937	5228
186	2870	5617
187	2719	4418
188	1547	4199
189	3873	5572
190	3365	5161
191	3244	4911
192	754	2701
193	764	3605
194	1133	1875
195	2758	4246
196	3254	4803
197	3079	5010
198	811	2124
199	3701	5415
200	3749	6344
201	2210	3741
202	636	3254
203	1378	3060
204	1586	3573
205	3371	5760
206	1114	3285
207	1127	1774
208	2846	4814
209	3077	4931
210	1039	2047
211	2669	4076
212	1530	2307
213	2054	4408
214	1044	1921
215	3242	5744
216	3172	5023
217	3409	4852
218	3981	7223
219	1951	3803
220	1821	3284
221	936	1903
222	1080	1912
223	3590	5981
224	3357	5947
225	2854	4271
226	1846	2607
227	1220	3879
228	3220	5049
229	713	1829
230	3991	6291
231	1114	3285
232	2595	4556
233	2210	3741
234	2810	5280
235	1154	2138
236	3340	5138
237	3558	5406
238	2892	4028
239	3355	4974
240	567	3555
241	3692	5585
242	2636	4125
243	673	3920
244	1276	1982
245	486	3555
246	2157	4249
247	1154	2138
248	1362	4401
249	2917	4221
250	3174	5167
251	467	3354
252	1075	2708
253	1020	1747
254	3042	5048
255	1037	1483
256	1677	4333
257	3186	4412
258	3365	5161
259	2822	4196
260	2640	4678
261	3010	5155
262	1951	3803
263	3229	6005
264	2816	4828
265	2580	4278
266	4424	4592
267	2413	4342
268	2766	5335
269	936	1903
270	2719	4418
271	1702	4392
272	835	2071
273	3115	5001
274	3316	4404
275	2053	4153
276	2846	4589
277	2875	4364
278	3040	5113
279	2143	4230
280	4195	5137
281	2463	3735
282	3474	4497
283	2463	3735
284	1951	3803
285	1541	3305
286	977	3793
287	1647	2857
288	2667	4245
289	930	2067
290	2640	4678
291	1530	2307
292	2371	4247
293	2831	5528
294	1395	2478
295	3238	5051
296	938	3393
297	3382	4952
298	1296	4475
299	1814	4256
300	2766	5335
301	1006	2862
302	3477	4731
303	3610	4897
304	1173	1989
305	2566	3872
306	3558	6280
307	628	3592
308	4098	7164
309	2854	4271
310	677	1716
311	2526	4147
312	936	1903
313	2493	4443
314	1611	4554
315	1114	3285
316	930	2067
317	3610	4897
318	3229	5812
319	1589	2263
320	3414	6101
321	1910	3309
322	2926	4847
323	1206	3486
324	1039	2047
325	3005	4340
326	1154	2711
327	3041	5134
328	3009	5040
329	788	1899
330	988	2160
331	1206	3486
332	3430	4682
333	2443	4429
334	842	3451
335	4424	4592
336	950	3778
337	1537	2421
338	2569	4293
339	3991	6291
340	3318	5801
341	3577	5360
342	3236	5575
343	1493	4145
344	2926	4847
345	3399	5190
346	1984	2851
347	1437	2745
348	3474	5699
349	1252	3274
350	1177	2020
351	1732	2844
352	4276	5850
353	3779	5327
354	1800	2817
355	3129	4475
356	1984	2851
357	954	3844
358	3371	5760
359	1364	3277
360	3042	5048
361	3321	5409
362	1634	4479
363	798	2476
364	628	3592
365	1702	4392
366	2185	3785
367	728	1557
368	690	3312
369	1083	3426
370	4271	7557
371	3981	7223
372	1702	4392
373	3762	6248
374	1212	2998
375	1847	3905
376	1173	1989
377	835	3685
378	2716	4378
379	2636	4520
380	1847	3905
381	690	2034
382	3149	4562
383	764	3605
384	1176	2321
385	2958	4897
386	1684	2764
387	1601	2680
388	2766	5335
389	677	1716
390	1206	3486
391	1276	1982
392	1846	2607
393	2653	4830
394	3477	4731
395	1541	3305
396	2976	4666
397	1259	4106
398	1010	4057
399	3273	5041
400	3419	4902
401	3431	5011
402	3399	5190
403	2143	4230
404	3353	5295
405	2143	4230
406	834	1610
407	754	2701
408	1619	4124
409	3401	6095
410	1589	2263
411	796	1611
412	2054	4408
413	3409	4852
414	3172	5023
415	1089	3940
416	3361	4889
417	3701	5415
418	988	2160
419	2917	4221
420	1071	2739
421	798	2476
422	811	2124
423	814	3511
424	713	1829
425	2982	4844
426	3403	4806
427	2917	4221
428	662	2613
429	2526	4147
430	2940	4407
431	2540	5466
432	1165	3963
433	1075	2708
434	1838	4736
435	1154	2711
436	3040	5113
437	628	3592
438	1130	2626
439	1856	4502
440	2954	4821
441	927	3561
442	3623	5484
443	3873	5572
444	1432	3891
445	2989	5096
446	486	3555
447	1812	2912
448	3364	5466
449	3255	5088
450	3273	5041
451	2790	5204
452	1173	1989
453	710	3738
454	927	3561
455	1156	2922
456	2703	4409
457	1252	3274
458	2926	4847
459	1828	4380
460	3248	5127
461	3559	5057
462	1133	1875
463	2640	4678
464	754	2701
465	2954	4821
466	3991	6291
467	3147	5911
468	950	3778
469	1856	4502
470	1888	4015
471	3268	5678
472	3233	5137
473	2356	4000
474	2866	5397
475	4424	4592
476	4309	4867
477	915	2149
478	1080	1912
479	1259	4106
480	1581	4107
481	3623	5484
482	764	3605
483	3503	5932
484	1114	1839
485	2321	4106
486	2115	3662
487	1888	4015
488	2583	4219
489	690	3312
490	954	3844
491	2157	4249
492	2583	4219
493	1547	4199
494	3701	5415
495	3673	5641
496	1541	3305
497	1169	3144
498	3321	5409
499	1090	2341
500	915	3891
501	2693	4042
502	1800	2817
503	3899	5521
504	1130	2626
505	3244	4911
506	1127	1774
507	3991	6291
508	3931	5304
509	3318	5801
510	3516	6160
511	3394	4876
512	2985	4504
513	2831	5528
514	2831	5528
515	3229	5812
516	3041	5134
517	700	1883
518	1948	4595
519	3459	5799
520	1611	4554
521	3293	5092
522	3411	4448
523	3530	6083
524	3388	4771
525	3255	5088
526	2639	5198
527	3321	5409
528	2846	4589
529	3431	5011
530	2135	4818
531	3411	4448
532	1336	3558
533	3399	5190
534	1364	3277
535	1168	3914
536	1973	4093
537	2595	4556
538	2997	4435
539	3236	5575
540	1971	2779
541	3477	5486
542	3673	5641
543	2917	4221
544	1362	4401
545	1352	3865
546	1044	2008
547	2287	4334
548	1973	4093
549	1708	4200
550	2997	4435
551	940	1881
552	1291	2448
553	2926	4847
554	3248	5127
555	1821	3284
556	2526	4147
557	796	1611
558	1168	3914
559	1847	3905
560	977	3793
561	2463	3735
562	2846	4053
563	2766	5335
564	3263	5885
565	1530	2307
566	1888	4015
567	1291	2448
568	3474	4497
569	764	3605
570	3079	5010
571	950	3778
572	1732	2755
573	1544	2957
574	2916	4508
575	657	2550
576	2135	4818
577	4098	7164
578	2639	5198
579	969	2272
580	3009	5040
581	1291	2448
582	1259	4106
583	2058	3994
584	3287	4363
585	2798	4307
586	3590	5981
587	3474	5699
588	2997	4435
589	796	1611
590	1493	4145
591	2766	5335
592	1069	1780
593	2157	4249
594	3267	5279
595	751	1827
596	2463	3735
597	1140	3977
598	1071	2739
599	3282	6000
600	2210	3741
601	942	1726
602	1581	4107
603	788	1899
604	1044	2008
605	657	2550
606	1362	4401
607	3848	4909
608	2798	4307
609	3925	5672
610	3457	5266
611	2790	5204
612	2979	4508
613	1828	4380
614	2766	5335
615	3615	5437
616	3242	5744
617	751	1827
618	1250	2252
619	3009	5040
620	3172	5023
621	4098	7164
622	835	2071
623	1375	2208
624	2703	4409
625	3229	5812
626	1168	3727
627	932	3951
628	1083	3426
629	3673	5641
630	1589	2263
631	1114	3285
632	2997	4435
633	3042	5048
634	673	3920
635	1395	2478
636	2719	4418
637	2989	5096
638	3009	5040
639	3131	5054
640	2989	5096
641	3899	5521
642	3452	5398
643	705	2435
644	2941	4976
645	3186	4412
646	2846	4814
647	2287	4334
648	2058	3994
649	3673	5641
650	2985	4504
651	3534	5876
652	1154	2711
653	3558	5406
654	3762	6248
655	3430	4682
656	3457	5266
657	1589	2263
658	2210	3741
659	687	1976
660	3925	5672
661	1437	2745
662	3692	5585
663	1336	3558
664	1518	2249
665	1133	1875
666	2866	5397
667	3035	4519
668	2679	4343
669	2798	4307
670	636	3254
671	2979	4508
672	3233	5137
673	932	3951
674	2220	3508
675	1541	3305
676	3293	5092
677	1296	4475
678	2667	4245
679	2836	5481
680	636	3254
681	2822	4196
682	1020	1747
683	954	3844
684	2758	4246
685	3431	5011
686	3899	5521
687	2867	5219
688	486	3555
689	2143	4230
690	3149	4562
691	2062	3749
692	3077	4931
693	3931	5304
694	1541	3305
695	3708	5957
696	1199	1693
697	713	1829
698	3403	4806
699	2693	4042
700	2941	4976
701	3077	4931
702	1870	4506
703	3115	5001
704	3623	5484
705	1821	3284
706	574	1834
707	2540	5466
708	2846	4589
709	1375	2208
710	3246	5552
711	1090	2341
712	2382	5289
713	813	1854
714	3577	5360
715	1069	1780
716	1133	1875
717	3428	5591
718	3053	5121
719	2762	4336
720	2846	4589
721	813	1854
722	1044	1921
723	3848	4909
724	1154	2138
725	771	2038
726	1552	3373
727	3577	5360
728	2210	3741
729	796	1611
730	3340	5138
731	3282	6000
732	1485	4096
733	930	2067
734	3316	4404
735	4019	5701
736	567	3555
737	3361	4889
738	771	2197
739	3235	6249
740	2876	4298
741	2062	3749
742	3516	6160
743	2979	4508
744	1130	2626
745	2693	4042
746	1951	3803
747	1006	2862
748	567	3555
749	2569	4293
750	2789	4388
751	3005	4340
752	1530	4462
753	1838	4736
754	3749	6344
755	3079	5010
756	3762	6248
757	3364	5466
758	4271	7557
759	3318	5801
760	1856	4502
761	938	3393
762	2653	4830
763	1088	3887
764	2215	4499
765	1176	2405
766	3249	5225
767	2923	4508
768	1518	2249
769	814	3511
770	2321	4106
771	1336	3558
772	1169	3144
773	3920	7447
774	2540	5466
775	1702	4392
776	3236	5575
777	657	2550
778	1199	1693
779	2875	4364
780	3340	5138
781	3623	5484
782	3855	7213
783	713	1829
784	1114	1839
785	3855	7213
786	3129	4475
787	3149	4562
788	3242	5744
789	3035	4519
790	2669	4076
791	751	1827
792	3531	5574
793	3373	5281
794	762	1980
795	1497	2051
796	1291	2448
797	3457	5266
798	1378	3060
799	977	3793
800	2360	3721
801	2831	5528
802	2636	4125
803	1708	4200
804	3244	4911
805	3035	4519
806	2679	4343
807	3273	5041
808	3273	5041
809	3503	5932
810	2356	4000
811	1870	4506
812	3268	5262
813	2989	5096
814	1176	2405
815	3010	5155
816	1432	3891
817	1090	2341
818	2798	4307
819	3388	4771
820	2734	5211
821	1828	4380
822	3701	5415
823	4195	5137
824	894	2015
825	3457	5266
826	2855	5030
827	3357	4681
828	2976	4666
829	3236	5575
830	1971	2779
831	2867	5219
832	3079	5010
833	2876	4298
834	2810	5280
835	1114	3285
836	1090	2341
837	3920	7447
838	2854	4271
839	1010	4057
840	2866	5397
841	771	2197
842	1037	1483
843	2360	3721
844	2766	5335
845	3459	5799
846	1437	2745
847	1020	1747
848	1006	2862
849	1168	3914
850	3452	5398
851	932	3951
852	3355	4974
853	3174	5167
854	3118	5623
855	3135	5021
856	3254	4803
857	2810	5280
858	811	2124
859	927	3561
860	3530	6083
861	1971	2779
862	1291	2448
863	1677	4333
864	3214	4926
865	1544	2957
866	1589	2263
867	2954	4821
868	2493	4443
869	1145	1902
870	3419	4902
871	835	2071
872	2831	5528
873	2157	4249
874	1252	3274
875	1100	2125
876	2463	3735
877	3701	5415
878	1910	3309
879	3381	5221
880	3186	4412
881	969	2272
882	3503	5932
883	3461	4960
884	3186	4412
885	1530	2307
886	1530	4462
887	3248	5127
888	1168	3727
889	1044	2008
890	1044	1921
891	1121	3782
892	940	1881
893	3530	6083
894	1336	3558
895	1708	4200
896	4309	4867
897	945	3553
898	1010	4057
899	628	3592
900	2716	4378
901	1437	2745
902	3411	4448
903	701	2492
904	3381	5221
905	2854	4271
906	927	3561
907	1814	4256
908	3238	5051
909	1948	4595
910	1493	4145
911	3238	5051
912	1069	1780
913	3273	5041
914	3093	5098
915	3176	5954
916	1296	4475
917	4309	4867
918	2926	4847
919	915	2149
920	2875	4364
921	3040	5113
922	3273	5041
923	2989	5096
924	3001	5059
925	3220	5049
926	1847	3905
927	3365	5161
928	3118	5623
DEMAND_SECTION
1	0
2	4
3	3
4	9
5	4
6	11
7	5
8	11
9	6
10	10
11	6
12	7
13	4
14	8
15	12
16	3
17	7
18	4
19	4
20	9
21	4
22	11
23	12
24	6
25	7
26	8
27	9
28	4
29	5
30	6
31	4
32	3
33	6
34	10
35	8
36	6
37	7
38	17
39	9
40	7
41	7
42	6
43	9
44	3
45	3
46	6
47	10
48	5
49	5
50	8
51	8
52	7
53	8
54	4
55	4
56	3
57	3
58	9
59	7
60	6
61	3
62	5
63	9
64	4
65	7
66	6
67	18
68	9
69	11
70	6
71	3
72	6
73	9
74	5
75	4
76	4
77	7
78	4
79	7
80	6
81	9
82	3
83	4
84	4
85	4
86	7
87	6
88	9
89	8
90	4
91	7
92	4
93	4
94	4
95	11
96	4
97	3
98	7
99	6
100	4
101	11
102	9
103	12
104	6
105	12
106	4
107	4
108	5
109	4
110	6
111	6
112	6
113	4
114	6
115	9
116	6
117	9
118	12
119	13
120	4
121	4
122	4
123	5
124	7
125	5
126	4
127	3
128	6
129	5
130	12
131	12
132	3
133	9
134	4
135	4
136	7
137	4
138	5
139	3
140	4
141	4
142	4
143	7
144	8
145	6
146	11
147	10
148	7
149	4
150	5
151	4
152	6
153	9
154	9
155	5
156	8
157	7
158	3
159	3
160	3
161	3
162	5
163	9
164	5
165	5
166	7
167	6
168	7
169	5
170	4
171	8
172	7
173	6
174	3
175	6
176	14
177	4
178	7
179	7
180	8
181	4
182	4
183	6
184	4
185	5
186	7
187	9
188	4
189	8
190	8
191	11
192	4
193	4
194	5
195	7
196	5
197	4
198	11
199	6
200	7
201	5
202	4
203	3
204	11
205	3
206	12
207	4
208	6
209	5
210	10
211	6
212	5
213	3
214	5
215	16
216	4
217	10
218	3
219	10
220	6
221	4
222	11
223	4
224	4
225	5
226	6
227	4
228	4
229	4
230	4
231	11
232	7
233	4
234	5
235	5
236	6
237	3
238	5
239	3
240	4
241	11
242	5
243	6
244	5
245	4
246	5
247	7
248	6
249	6
250	4
251	3
252	6
253	6
254	9
255	12
256	4
257	8
258	7
259	9
260	6
261	6
262	6
263	4
264	4
265	4
266	4
267	11
268	4
269	8
270	8
271	15
272	4
273	5
274	4
275	5
276	6
277	6
278	4
279	3
280	3
281	8
282	6
283	5
284	4
285	4
286	10
287	5
288	5
289	4
290	9
291	13
292	4
293	8
294	8
295	6
296	7
297	9
298	4
299	5
300	8
301	5
302	9
303	7
304	9
305	6
306	9
307	4
308	8
309	4
310	3
311	5
312	5
313	5
314	8
315	6
316	5
317	5
318	5
319	7
320	9
321	4
322	4
323	5
324	7
325	11
326	9
327	5
328	6
329	8
330	4
331	9
332	3
333	5
334	9
335	6
336	8
337	5
338	13
339	7
340	8
341	5
342	7
343	10
344	5
345	8
346	5
347	6
348	6
349	6
350	10
351	4
352	5
353	11
354	7
355	6
356	6
357	7
358	5
359	5
360	9
361	7
362	4
363	5
364	7
365	24
366	6
367	4
368	6
369	6
370	16
371	5
372	4
373	7
374	17
375	7
376	5
377	8
378	12
379	5
380	5
381	14
382	6
383	4
384	4
385	6
386	7
387	3
388	6
389	5
390	6
391	4
392	4
393	3
394	4
395	4
396	6
397	17
398	6
399	7
400	6
401	5
402	4
403	10
404	5
405	3
406	3
407	3
408	4
409	7
410	10
411	8
412	7
413	6
414	3
415	7
416	7
417	5
418	9
419	4
420	6
421	3
422	7
423	4
424	8
425	4
426	5
427	12
428	3
429	5
430	13
431	7
432	11
433	4
434	8
435	4
436	4
437	9
438	2
439	3
440	4
441	9
442	5
443	7
444	6
445	8
446	3
447	4
448	5
449	5
450	9
451	6
452	12
453	4
454	9
455	4
456	9
457	3
458	5
459	3
460	8
461	5
462	10
463	12
464	4
465	5
466	4
467	7
468	5
469	5
470	5
471	6
472	12
473	8
474	4
475	4
476	4
477	5
478	12
479	5
480	4
481	5
482	5
483	6
484	4
485	12
486	9
487	10
488	4
489	8
490	8
491	4
492	6
493	5
494	11
495	8
496	4
497	3
498	5
499	3
500	7
501	4
502	8
503	6
504	5
505	6
506	17
507	11
508	9
509	7
510	6
511	3
512	5
513	4
514	4
515	7
516	7
517	3
518	3
519	4
520	5
521	8
522	8
523	4
524	4
525	7
526	9
527	4
528	4
529	5
530	4
531	11
532	7
533	6
534	6
535	4
536	5
537	4
538	6
539	9
540	4
541	4
542	14
543	9
544	4
545	4
546	4
547	7
548	4
549	5
550	6
551	4
552	8
553	4
554	8
555	8
556	4
557	6
558	8
559	4
560	10
561	12
562	8
563	9
564	5
565	11
566	4
567	3
568	9
569	5
570	7
571	6
572	7
573	5
574	6
575	9
576	6
577	5
578	5
579	2
580	6
581	7
582	4
583	7
584	5
585	6
586	5
587	5
588	7
589	6
590	7
591	4
592	8
593	15
594	6
595	7
596	6
597	5
598	6
599	7
600	6
601	7
602	14
603	5
604	4
605	4
606	4
607	7
608	7
609	12
610	4
611	3
612	6
613	10
614	5
615	8
616	7
617	10
618	6
619	4
620	4
621	5
622	10
623	6
624	6
625	6
626	8
627	11
628	5
629	4
630	4
631	4
632	10
633	6
634	3
635	6
636	5
637	9
638	6
639	6
640	4
641	5
642	10
643	7
644	6
645	8
646	11
647	6
648	11
649	4
650	7
651	8
652	7
653	15
654	4
655	4
656	4
657	7
658	12
659	5
660	4
661	8
662	7
663	5
664	6
665	5
666	7
667	4
668	11
669	4
670	4
671	6
672	12
673	5
674	6
675	4
676	2
677	7
678	4
679	4
680	6
681	9
682	11
683	7
684	4
685	8
686	7
687	6
688	6
689	12
690	5
691	8
692	4
693	5
694	8
695	4
696	8
697	7
698	5
699	8
700	7
701	8
702	7
703	5
704	8
705	8
706	6
707	7
708	6
709	5
710	3
711	4
712	7
713	4
714	7
715	4
716	7
717	6
718	13
719	4
720	6
721	6
722	7
723	5
724	10
725	4
726	9
727	11
728	6
729	6
730	7
731	7
732	8
733	4
734	9
735	4
736	8
737	5
738	4
739	7
740	5
741	6
742	9
743	3
744	3
745	5
746	4
747	3
748	7
749	5
750	4
751	5
752	4
753	4
754	6
755	9
756	4
757	4
758	9
759	12
760	4
761	11
762	11
763	5
764	8
765	3
766	5
767	3
768	5
769	3
770	3
771	4
772	4
773	15
774	4
775	7
776	7
777	5
778	6
779	9
780	6
781	4
782	3
783	7
784	3
785	5
786	3
787	3
788	4
789	10
790	6
791	5
792	8
793	5
794	6
795	3
796	8
797	6
798	4
799	8
800	9
801	5
802	6
803	12
804	4
805	5
806	4
807	9
808	5
809	4
810	6
811	7
812	11
813	4
814	4
815	3
816	6
817	6
818	4
819	5
820	6
821	8
822	6
823	4
824	8
825	4
826	4
827	5
828	5
829	5
830	6
831	7
832	9
833	5
834	6
835	13
836	7
837	4
838	11
839	4
840	5
841	3
842	4
843	6
844	3
845	5
846	3
847	3
848	13
849	7
850	4
851	4
852	9
853	4
854	5
855	5
856	6
857	3
858	5
859	6
860	11
861	4
862	7
863	10
864	6
865	5
866	7
867	7
868	12
869	9
870	7
871	4
872	8
873	8
874	5
875	4
876	7
877	5
878	7
879	10
880	12
881	7
882	8
883	5
884	5
885	4
886	4
887	5
888	5
889	8
890	3
891	3
892	7
893	8
894	13
895	5
896	4
897	4
898	5
899	3
900	4
901	6
902	3
903	4
904	6
905	8
906	6
907	5
908	7
909	8
910	7
911	5
912	4
913	9
914	7
915	4
916	5
917	14
918	4
919	6
920	9
921	6
922	6
923	4
924	7
925	6
926	8
927	6
928	7
DEPOT_SECTION
1
-1
SERVICE_TIME_SECTION
1	0
2	240
3	240
4	720
5	420
6	540
7	900
8	660
9	540
10	300
11	360
12	900
13	420
14	360
15	840
16	720
17	720
18	420
19	660
20	420
21	420
22	480
23	600
24	540
25	420
26	480
27	660
28	420
29	600
30	240
31	360
32	240
33	420
34	480
35	420
36	360
37	240
38	480
39	660
40	480
41	360
42	360
43	540
44	300
45	600
46	600
47	420
48	360
49	1020
50	480
51	660
52	480
53	840
54	360
55	600
56	1020
57	540
58	420
59	420
60	360
61	720
62	300
63	240
64	900
65	660
66	660
67	300
68	840
69	420
70	960
71	780
72	1140
73	240
74	420
75	540
76	1140
77	240
78	240
79	600
80	480
81	240
82	360
83	540
84	720
85	300
86	300
87	900
88	300
89	540
90	300
91	300
92	420
93	360
94	360
95	480
96	720
97	360
98	600
99	420
100	720
101	300
102	420
103	480
104	480
105	840
106	420
107	300
108	300
109	300
110	480
111	360
112	300
113	480
114	240
115	780
116	540
117	300
118	540
119	540
120	420
121	360
122	600
123	1140
124	360
125	540
126	360
127	480
128	360
129	360
130	240
131	660
132	540
133	240
134	420
135	360
136	480
137	240
138	480
139	600
140	480
141	480
142	240
143	540
144	360
145	540
146	540
147	540
148	540
149	720
150	480
151	240
152	780
153	240
154	780
155	540
156	360
157	300
158	720
159	600
160	240
161	540
162	420
163	240
164	480
165	540
166	360
167	540
168	360
169	240
170	420
171	360
172	240
173	600
174	360
175	360
176	900
177	480
178	1080
179	600
180	420
181	420
182	420
183	540
184	480
185	420
186	660
187	540
188	540
189	360
190	240
191	600
192	840
193	420
194	780
195	720
196	900
197	300
198	240
199	420
200	900
201	480
202	300
203	360
204	420
205	420
206	480
207	300
208	420
209	540
210	780
211	600
212	420
213	360
214	780
215	240
216	240
217	420
218	240
219	1200
220	360
221	300
222	360
223	300
224	300
225	660
226	420
227	600
228	600
229	240
230	540
231	420
232	300
233	600
234	420
235	480
236	660
237	240
238	420
239	360
240	300
241	480
242	360
243	540
244	540
245	240
246	480
247	300
248	420
249	540
250	420
251	660
252	900
253	480
254	660
255	420
256	720
257	480
258	240
259	420
260	420
261	780
262	660
263	180
264	480
265	540
266	420
267	540
268	540
269	780
270	540
271	600
272	420
273	360
274	540
275	660
276	660
277	420
278	420
279	540
280	600
281	540
282	360
283	600
284	660
285	240
286	300
287	660
288	240
289	480
290	300
291	240
292	360
293	480
294	540
295	540
296	360
297	420
298	240
299	480
300	600
301	480
302	480
303	660
304	600
305	360
306	420
307	720
308	300
309	420
310	360
311	540
312	720
313	360
314	360
315	300
316	540
317	600
318	240
319	300
320	600
321	540
322	600
323	600
324	480
325	360
326	660
327	540
328	1200
329	360
330	480
331	840
332	360
333	420
334	360
335	420
336	240
337	360
338	1080
339	360
340	420
341	480
342	420
343	420
344	600
345	360
346	420
347	240
348	480
349	480
350	780
351	420
352	540
353	720
354	600
355	240
356	240
357	360
358	480
359	480
360	480
361	360
362	300
363	420
364	600
365	540
366	360
367	240
368	300
369	540
370	540
371	300
372	420
373	600
374	420
375	420
376	300
377	540
378	540
379	660
380	540
381	780
382	780
383	660
384	480
385	1200
386	540
387	240
388	480
389	480
390	900
391	480
392	240
393	480
394	540
395	420
396	360
397	360
398	420
399	480
400	1200
401	540
402	660
403	300
404	960
405	480
406	540
407	240
408	900
409	360
410	420
411	720
412	1140
413	480
414	420
415	300
416	300
417	600
418	600
419	420
420	420
421	540
422	360
423	300
424	540
425	240
426	540
427	240
428	240
429	540
430	240
431	360
432	300
433	420
434	540
435	540
436	600
437	720
438	540
439	240
440	540
441	660
442	420
443	780
444	600
445	480
446	660
447	420
448	480
449	660
450	300
451	540
452	600
453	360
454	420
455	360
456	360
457	360
458	660
459	240
460	360
461	540
462	600
463	600
464	360
465	540
466	300
467	300
468	600
469	900
470	480
471	360
472	360
473	300
474	600
475	240
476	480
477	480
478	360
479	780
480	600
481	600
482	240
483	660
484	300
485	540
486	480
487	240
488	240
489	420
490	780
491	540
492	240
493	420
494	360
495	600
496	600
497	660
498	900
499	480
500	480
501	420
502	420
503	420
504	480
505	240
506	780
507	600
508	480
509	540
510	420
511	300
512	420
513	360
514	540
515	420
516	480
517	540
518	360
519	300
520	600
521	660
522	660
523	360
524	720
525	480
526	720
527	720
528	360
529	300
530	420
531	420
532	480
533	360
534	300
535	480
536	420
537	360
538	1020
539	480
540	720
541	780
542	840
543	600
544	360
545	660
546	540
547	420
548	720
549	900
550	360
551	660
552	780
553	240
554	240
555	240
556	360
557	480
558	240
559	900
560	540
561	480
562	540
563	360
564	360
565	300
566	900
567	540
568	480
569	240
570	660
571	360
572	600
573	360
574	1200
575	660
576	1200
577	360
578	720
579	600
580	540
581	420
582	540
583	540
584	540
585	480
586	420
587	420
588	240
589	540
590	780
591	300
592	420
593	840
594	240
595	720
596	540
597	480
598	300
599	360
600	480
601	660
602	600
603	360
604	540
605	240
606	540
607	480
608	720
609	660
610	840
611	360
612	360
613	1140
614	420
615	420
616	540
617	240
618	240
619	360
620	300
621	480
622	600
623	480
624	480
625	240
626	540
627	720
628	720
629	900
630	540
631	540
632	360
633	1140
634	420
635	600
636	420
637	540
638	240
639	720
640	480
641	600
642	360
643	540
644	300
645	840
646	540
647	720
648	780
649	600
650	360
651	480
652	240
653	540
654	540
655	660
656	540
657	480
658	1140
659	480
660	360
661	480
662	300
663	360
664	480
665	960
666	1020
667	720
668	360
669	900
670	480
671	360
672	480
673	780
674	420
675	600
676	360
677	480
678	480
679	240
680	480
681	720
682	240
683	600
684	420
685	360
686	540
687	600
688	600
689	360
690	720
691	240
692	480
693	480
694	540
695	540
696	420
697	240
698	660
699	240
700	600
701	540
702	480
703	360
704	360
705	300
706	300
707	600
708	780
709	600
710	240
711	540
712	360
713	780
714	360
715	420
716	600
717	720
718	360
719	360
720	360
721	360
722	480
723	300
724	660
725	360
726	360
727	840
728	600
729	240
730	540
731	240
732	840
733	420
734	480
735	480
736	540
737	300
738	540
739	780
740	240
741	600
742	420
743	2280
744	480
745	540
746	600
747	720
748	240
749	360
750	360
751	420
752	240
753	540
754	360
755	600
756	360
757	480
758	420
759	480
760	480
761	300
762	360
763	480
764	240
765	660
766	480
767	240
768	240
769	300
770	240
771	360
772	540
773	480
774	600
775	720
776	840
777	1020
778	420
779	300
780	480
781	300
782	360
783	360
784	360
785	900
786	540
787	480
788	240
789	600
790	540
791	480
792	240
793	720
794	300
795	420
796	360
797	660
798	600
799	420
800	300
801	660
802	420
803	540
804	360
805	300
806	960
807	600
808	660
809	240
810	360
811	540
812	480
813	360
814	180
815	1140
816	660
817	360
818	300
819	600
820	420
821	960
822	540
823	540
824	300
825	480
826	900
827	360
828	480
829	420
830	660
831	540
832	540
833	960
834	480
835	480
836	360
837	240
838	540
839	360
840	600
841	480
842	300
843	240
844	300
845	420
846	540
847	540
848	720
849	660
850	540
851	360
852	660
853	480
854	240
855	300
856	2280
857	240
858	360
859	300
860	840
861	360
862	420
863	480
864	540
865	480
866	360
867	240
868	300
869	540
870	480
871	540
872	240
873	360
874	360
875	480
876	720
877	960
878	300
879	540
880	780
881	420
882	300
883	900
884	540
885	360
886	480
887	540
888	300
889	600
890	240
891	2280
892	420
893	300
894	840
895	600
896	480
897	360
898	780
899	720
900	300
901	360
902	240
903	1200
904	840
905	540
906	720
907	360
908	480
909	900
910	540
911	300
912	240
913	540
914	720
915	540
916	360
917	300
918	480
919	240
920	780
921	240
922	960
923	300
924	780
925	360
926	540
927	300
928	360
TIME_WINDOW_SECTION
1	0	41400
2	16200	22500
3	9000	15900
4	12600	19500
5	12600	23100
6	1800	8700
7	1800	8100
8	7200	26700
9	5400	11700
10	7200	26700
11	5400	12300
12	19800	26700
13	16200	22500
14	5400	15300
15	19800	26700
16	12600	22500
17	7200	26700
18	12600	19500
19	14400	33900
20	19800	26700
21	5400	12300
22	12600	19500
23	5400	12300
24	12600	23100
25	7200	26700
26	16200	23100
27	16200	23100
28	12600	19500
29	12600	22500
30	7200	26700
31	12600	23100
32	16200	23100
33	16200	23100
34	5400	11700
35	7200	26700
36	9000	15900
37	9000	15900
38	16200	23100
39	9000	15900
40	19800	26700
41	19800	26700
42	1800	8100
43	9000	15900
44	9000	15900
45	1800	8700
46	9000	15900
47	19800	26700
48	12600	19500
49	12600	19500
50	5400	11700
51	7200	26100
52	16200	23100
53	9000	15900
54	16200	23100
55	16200	23100
56	12600	19500
57	12600	23100
58	19800	26700
59	16200	23100
60	9000	15900
61	1800	8700
62	19800	26700
63	9000	15900
64	5400	12300
65	16200	23100
66	12600	21300
67	9000	15900
68	7200	26700
69	14400	33900
70	7200	26700
71	16200	23100
72	1800	8700
73	5400	12300
74	1800	8700
75	19800	26700
76	19800	26700
77	16200	23100
78	19800	26700
79	7200	26700
80	16200	23100
81	12600	23100
82	7200	26700
83	19800	26700
84	9000	15900
85	5400	12300
86	1800	8700
87	19800	26700
88	7200	26700
89	7200	26700
90	12600	21300
91	16200	23100
92	16200	23100
93	5400	12300
94	16200	23100
95	16200	22500
96	12600	19500
97	7200	26700
98	16200	23100
99	5400	11700
100	16200	23100
101	7200	26700
102	16200	23100
103	19800	26700
104	19800	26700
105	12600	23100
106	16200	23100
107	16200	23100
108	9000	15900
109	12600	23100
110	1800	8700
111	7200	26700
112	7200	26700
113	19800	26700
114	19800	26700
115	16200	23100
116	5400	12300
117	12600	23100
118	9000	15900
119	5400	12300
120	12600	18900
121	9000	15900
122	7200	26700
123	7200	26700
124	19800	26700
125	1800	8700
126	9000	15900
127	7200	26700
128	19800	26700
129	5400	12300
130	7200	26700
131	7200	26100
132	16200	23100
133	5400	12300
134	12600	21300
135	9000	15900
136	12600	22500
137	9000	15900
138	1800	8700
139	5400	12300
140	1800	8700
141	16200	23100
142	12600	19500
143	9000	15900
144	19800	26700
145	12600	19500
146	7200	26700
147	1800	8100
148	7200	26700
149	19800	26700
150	12600	23100
151	12600	19500
152	16200	23100
153	16200	23100
154	1800	8700
155	19800	26700
156	12600	19500
157	9000	15900
158	5400	12300
159	7200	26700
160	5400	12300
161	7200	26700
162	16200	23100
163	12600	23100
164	12600	23100
165	7200	26100
166	1800	8100
167	19800	26700
168	9000	15300
169	12600	19500
170	9000	15900
171	7200	26700
172	7200	26100
173	14400	33900
174	7200	26700
175	1800	8100
176	5400	11700
177	19800	26700
178	16200	23100
179	12600	19500
180	1800	8700
181	23400	33900
182	1800	8700
183	7200	26700
184	7200	26700
185	7200	26100
186	9000	15900
187	12600	19500
188	19800	26700
189	12600	19500
190	7200	26700
191	9000	15900
192	9000	15900
193	9000	15300
194	16200	23100
195	1800	8700
196	16200	23100
197	16200	23100
198	19800	26700
199	7200	26700
200	19800	26700
201	7200	26700
202	9000	15900
203	19800	26700
204	12600	23100
205	19800	26700
206	9000	15300
207	9000	15900
208	7200	26700
209	5400	15900
210	5400	15900
211	9000	15900
212	9000	15900
213	9000	15900
214	19800	26700
215	9000	15300
216	1800	8700
217	1800	8700
218	19800	26700
219	19800	26700
220	19800	26700
221	1800	8100
222	19800	26700
223	5400	12300
224	5400	12300
225	16200	23100
226	16200	23100
227	7200	26700
228	12600	23100
229	19800	26700
230	5400	11700
231	9000	15900
232	12600	19500
233	9000	15900
234	9000	15900
235	9000	15300
236	7200	26700
237	1800	8700
238	16200	23100
239	9000	15900
240	16200	22500
241	7200	26700
242	12600	19500
243	1800	8700
244	9000	15900
245	7200	26100
246	1800	8100
247	16200	23100
248	5400	12300
249	9000	15300
250	9000	15900
251	1800	8700
252	12600	19500
253	16200	22500
254	19800	26700
255	12600	19500
256	12600	19500
257	19800	26700
258	19800	26700
259	1800	8100
260	5400	12300
261	19800	26700
262	1800	8100
263	7200	26100
264	12600	23100
265	19800	26700
266	7200	26700
267	1800	8700
268	7200	26700
269	7200	26700
270	19800	26700
271	1800	8700
272	16200	23100
273	5400	12300
274	12600	19500
275	1800	8100
276	5400	12300
277	1800	8700
278	9000	15900
279	12600	19500
280	12600	19500
281	19800	26700
282	16200	23100
283	9000	15900
284	19800	26700
285	12600	18900
286	1800	8700
287	5400	11700
288	16200	23100
289	19800	26700
290	14400	33900
291	19800	26700
292	9000	15900
293	19800	26700
294	9000	15900
295	14400	33900
296	1800	8100
297	5400	11700
298	12600	19500
299	12600	19500
300	5400	15900
301	19800	26700
302	7200	26700
303	9000	15900
304	12600	19500
305	12600	19500
306	7200	26700
307	9000	15900
308	5400	12300
309	9000	15900
310	12600	19500
311	1800	8700
312	7200	26700
313	7200	26700
314	9000	15900
315	12600	21300
316	12600	19500
317	12600	19500
318	12600	22500
319	16200	22500
320	5400	12300
321	7200	26700
322	9000	15900
323	9000	15900
324	5400	12300
325	12600	23100
326	7200	26100
327	12600	19500
328	12600	19500
329	9000	15900
330	19800	26700
331	16200	23100
332	7200	26700
333	12600	19500
334	7200	26700
335	19800	26700
336	16200	23100
337	12600	21300
338	7200	26100
339	7200	26700
340	7200	26700
341	12600	23100
342	14400	33240
343	16200	23100
344	12600	19500
345	12600	23100
346	1800	8700
347	9000	15900
348	19800	26700
349	5400	12300
350	7200	26700
351	19800	26700
352	5400	12300
353	5400	12300
354	9000	15900
355	5400	12300
356	7200	26700
357	12600	23100
358	9000	15900
359	7200	26700
360	12600	19500
361	12600	19500
362	19800	26700
363	16200	22500
364	12600	23100
365	12600	23100
366	7200	26700
367	16200	23100
368	5400	15300
369	16200	23100
370	5400	11700
371	5400	11700
372	16200	23100
373	19800	26700
374	19800	26700
375	1800	8100
376	12600	23100
377	9000	15900
378	16200	22500
379	12600	19500
380	1800	8700
381	19800	26700
382	19800	26700
383	5400	12300
384	16200	23100
385	16200	23100
386	12600	19500
387	19800	26700
388	12600	23100
389	5400	12300
390	1800	8700
391	12600	19500
392	12600	19500
393	9000	15900
394	7200	26700
395	19800	26700
396	12600	19500
397	5400	12300
398	9000	15900
399	9000	15900
400	16200	23100
401	7200	26700
402	19800	26700
403	12600	19500
404	12600	18900
405	16200	23100
406	19800	26700
407	9000	15900
408	16200	23100
409	19800	26700
410	5400	12300
411	9000	15900
412	16200	23100
413	19800	26700
414	5400	15900
415	12600	19500
416	16200	23100
417	19800	26700
418	12600	19500
419	19800	26700
420	9000	15900
421	12600	19500
422	12600	19500
423	19800	26700
424	16200	23100
425	12600	19500
426	9000	15900
427	16200	22500
428	7200	26700
429	16200	23100
430	5400	12300
431	7200	26100
432	7200	26700
433	19800	26700
434	7200	26700
435	5400	12300
436	16200	23100
437	5400	15300
438	9000	15900
439	19800	26100
440	16200	23100
441	19800	26700
442	7200	26700
443	9000	15900
444	19800	26700
445	7200	26700
446	7200	26700
447	16200	23100
448	19800	26700
449	9000	15900
450	19800	26700
451	5400	15900
452	9000	15900
453	12600	19500
454	5400	12300
455	7200	26700
456	19800	26700
457	16200	23100
458	9000	15900
459	9000	15900
460	9000	15900
461	12600	23100
462	16200	23100
463	19800	26700
464	19800	26700
465	12600	19500
466	16200	23100
467	5400	12300
468	16200	23100
469	12600	19500
470	9000	15900
471	12600	19500
472	16200	23100
473	19800	26700
474	5400	12300
475	5400	15900
476	19800	26700
477	16200	23100
478	19800	26700
479	7200	26700
480	7200	26700
481	16200	23100
482	9000	15900
483	19800	26700
484	7200	26700
485	19800	26700
486	9000	15300
487	5400	15900
488	9000	15900
489	19800	26700
490	9000	15900
491	5400	12300
492	19800	26700
493	7200	26100
494	16200	23100
495	16200	23100
496	12600	23100
497	7200	26700
498	12600	19500
499	16200	23100
500	16200	23100
501	16200	23100
502	19800	26700
503	12600	23100
504	12600	19500
505	12600	23100
506	19800	26700
507	7200	26700
508	19800	26700
509	12600	19500
510	16200	23100
511	7200	26700
512	5400	12300
513	7200	26100
514	9000	15900
515	16200	23100
516	19800	26700
517	12600	18900
518	9000	15300
519	14400	33900
520	7200	26700
521	9000	15900
522	16200	23100
523	12600	23100
524	9000	15900
525	7200	26700
526	12600	19500
527	7200	26700
528	16200	23100
529	19800	26700
530	9000	15900
531	7200	26700
532	19800	26700
533	9000	15900
534	5400	12300
535	19800	26700
536	16200	23100
537	7200	26700
538	9000	15900
539	12600	19500
540	16200	23100
541	19800	26700
542	9000	15900
543	9000	15900
544	16200	23100
545	5400	12300
546	12600	23100
547	19800	26700
548	5400	11700
549	5400	12300
550	12600	23100
551	9000	15900
552	12600	23100
553	12600	23100
554	9000	15900
555	19800	26700
556	12600	23100
557	12600	19500
558	16200	23100
559	19800	26700
560	7200	26100
561	19800	26700
562	7200	26700
563	9000	15900
564	19800	26700
565	9000	15900
566	16200	23100
567	19800	26700
568	16200	23100
569	12600	19500
570	7200	26700
571	19800	26700
572	7200	26700
573	7200	26700
574	12600	23100
575	16200	23100
576	16200	23100
577	16200	22500
578	19800	26700
579	19800	26700
580	12600	19500
581	12600	23100
582	16200	23100
583	7200	26700
584	19800	26700
585	7200	26700
586	7200	26100
587	9000	15300
588	12600	19500
589	9000	15900
590	12600	19500
591	9000	15900
592	19800	26700
593	7200	26700
594	19800	26700
595	14400	33900
596	12600	18900
597	9000	15900
598	19800	26700
599	12600	22500
600	19800	26700
601	9000	15900
602	9000	15900
603	12600	19500
604	16200	23100
605	16200	23100
606	7200	26700
607	19800	26700
608	7200	26100
609	7200	26700
610	19800	26700
611	12600	19500
612	9000	15900
613	12600	19500
614	7200	26100
615	12600	23100
616	14400	33900
617	19800	26700
618	9000	15900
619	14400	33900
620	7200	26700
621	12600	23100
622	7200	26700
623	7200	26700
624	16200	23100
625	12600	21300
626	12600	19500
627	12600	23100
628	7200	26700
629	19800	26700
630	7200	26700
631	16200	22500
632	9000	15900
633	5400	15300
634	12600	19500
635	16200	23100
636	16200	23100
637	19800	26700
638	9000	15900
639	12600	19500
640	12600	21300
641	12600	23100
642	7200	26700
643	12600	19500
644	9000	15900
645	19800	26700
646	12600	23100
647	9000	15900
648	7200	26700
649	7200	26700
650	19800	26700
651	7200	26700
652	12600	23100
653	16200	23100
654	7200	26700
655	16200	23100
656	7200	26700
657	19800	26700
658	12600	19500
659	19800	26700
660	16200	23100
661	16200	23100
662	12600	19500
663	12600	19500
664	16200	23100
665	19800	26700
666	19800	26700
667	16200	23100
668	16200	23100
669	19800	26700
670	19800	26700
671	12600	19500
672	16200	23100
673	12600	19500
674	7200	26700
675	16200	23100
676	16200	23100
677	12600	19500
678	5400	15300
679	19800	26700
680	19800	26700
681	9000	15900
682	7200	26700
683	12600	19500
684	19800	26700
685	16200	23100
686	12600	19500
687	7200	26700
688	12600	19500
689	14400	33900
690	9000	15900
691	23400	33900
692	7200	26700
693	7200	26700
694	7200	26700
695	19800	26700
696	7200	26700
697	19800	26700
698	12600	19500
699	12600	19500
700	16200	23100
701	7200	26700
702	19800	26700
703	19800	26700
704	7200	26100
705	7200	26700
706	19800	26700
707	19800	26700
708	12600	22500
709	16200	23100
710	16200	23100
711	7200	26700
712	12600	19500
713	19800	26700
714	12600	19500
715	16200	23100
716	12600	22500
717	19800	26700
718	19800	26700
719	12600	18900
720	7200	26100
721	19800	26700
722	7200	26100
723	19800	26700
724	14400	33900
725	19800	26700
726	12600	19500
727	12600	23100
728	14400	33240
729	12600	23100
730	19800	26700
731	7200	26700
732	12600	19500
733	7200	26700
734	16200	23100
735	16200	23100
736	12600	19500
737	12600	19500
738	12600	21300
739	7200	26100
740	19800	26700
741	16200	23100
742	16200	23100
743	19800	26700
744	16200	23100
745	12600	19500
746	16200	23100
747	16200	23100
748	12600	19500
749	7200	26700
750	19800	26700
751	19800	26700
752	16200	23100
753	19800	26700
754	16200	23100
755	19800	26700
756	19800	26700
757	7200	26700
758	12600	23100
759	14400	33900
760	19800	26700
761	12600	19500
762	14400	33900
763	16200	23100
764	12600	19500
765	16200	23100
766	12600	23100
767	19800	26700
768	16200	23100
769	19800	26700
770	19800	26700
771	12600	18900
772	7200	26700
773	7200	26700
774	19800	26700
775	19800	26700
776	12600	22500
777	12600	23100
778	16200	23100
779	12600	23100
780	12600	23100
781	19800	26700
782	16200	23100
783	19800	26700
784	19800	26100
785	16200	23100
786	19800	26700
787	7200	26700
788	19800	26700
789	16200	23100
790	19800	26700
791	19800	26700
792	14400	33900
793	19800	26700
794	19800	26700
795	19800	26700
796	16200	23100
797	7200	26100
798	16200	23100
799	12600	19500
800	7200	26700
801	16200	23100
802	12600	23100
803	12600	19500
804	7200	26700
805	19800	26700
806	12600	19500
807	7200	26700
808	19800	26700
809	7200	26700
810	16200	23100
811	7200	26700
812	7200	26700
813	16200	23100
814	7200	26700
815	7200	26700
816	19800	26700
817	16200	23100
818	19800	26700
819	16200	23100
820	19800	26100
821	19800	26700
822	16200	23100
823	19800	26100
824	16200	23100
825	7200	26700
826	16200	23100
827	19800	26100
828	19800	26700
829	7200	26700
830	14400	33900
831	7200	26700
832	16200	23100
833	16200	23100
834	16200	23100
835	7200	26700
836	19800	26700
837	19800	26700
838	23400	33900
839	19800	26700
840	16200	23100
841	19800	26700
842	19800	26700
843	19800	26700
844	12600	23100
845	7200	26700
846	19800	26700
847	16200	23100
848	7200	26700
849	19800	26700
850	14400	33900
851	16200	23100
852	7200	26700
853	7200	26700
854	12600	23100
855	16200	23100
856	19800	26700
857	12600	23100
858	7200	26100
859	7200	26700
860	19800	26700
861	7200	26700
862	19800	26700
863	19800	26700
864	19800	26700
865	7200	26100
866	7200	26700
867	12600	23100
868	19800	26700
869	19800	26700
870	19800	26700
871	19800	26100
872	19800	26700
873	19800	26700
874	16200	23100
875	14400	33900
876	16200	23100
877	23400	33900
878	19800	26700
879	19800	26700
880	7200	26700
881	19800	26700
882	19800	26700
883	19800	26700
884	19800	26700
885	19800	26700
886	7200	26700
887	14400	33240
888	16200	23100
889	7200	26700
890	19800	26700
891	12600	23100
892	7200	26700
893	19800	26700
894	16200	23100
895	16200	23100
896	19800	26700
897	14400	33900
898	19800	26700
899	7200	26700
900	7200	26700
901	19800	26700
902	7200	26700
903	19800	26700
904	19800	26700
905	7200	26700
906	7200	26700
907	19800	26700
908	19800	26700
909	19800	26700
910	19800	26700
911	7200	26100
912	19800	26700
913	19800	26700
914	7200	26700
915	7200	26700
916	19800	26700
917	19800	26700
918	19800	26700
919	14400	33900
920	14400	33900
921	14400	33900
922	23400	33900
923	7200	26700
924	7200	26700
925	19800	26700
926	7200	26700
927	14400	33900
928	19800	26700
RELEASE_TIME_SECTION
1	0
2	1800
3	1800
4	1800
5	1800
6	1800
7	1800
8	1800
9	1800
10	1800
11	1800
12	1800
13	1800
14	1800
15	1800
16	1800
17	1800
18	1800
19	1800
20	1800
21	1800
22	1800
23	1800
24	1800
25	1800
26	1800
27	1800
28	1800
29	1800
30	1800
31	1800
32	1800
33	1800
34	1800
35	1800
36	1800
37	1800
38	1800
39	1800
40	1800
41	1800
42	1800
43	1800
44	1800
45	1800
46	1800
47	1800
48	1800
49	1800
50	1800
51	1800
52	1800
53	1800
54	1800
55	1800
56	1800
57	1800
58	1800
59	1800
60	1800
61	1800
62	1800
63	1800
64	1800
65	1800
66	1800
67	1800
68	1800
69	1800
70	1800
71	1800
72	1800
73	1800
74	1800
75	1800
76	1800
77	1800
78	1800
79	1800
80	1800
81	1800
82	1800
83	1800
84	1800
85	1800
86	1800
87	1800
88	1800
89	1800
90	1800
91	1800
92	1800
93	1800
94	1800
95	1800
96	1800
97	1800
98	1800
99	1800
100	1800
101	1800
102	3600
103	3600
104	3600
105	3600
106	3600
107	3600
108	3600
109	3600
110	3600
111	3600
112	3600
113	3600
114	3600
115	3600
116	3600
117	3600
118	3600
119	3600
120	3600
121	3600
122	3600
123	3600
124	3600
125	3600
126	3600
127	3600
128	3600
129	3600
130	3600
131	3600
132	3600
133	3600
134	3600
135	3600
136	3600
137	3600
138	3600
139	3600
140	3600
141	3600
142	3600
143	3600
144	3600
145	3600
146	3600
147	3600
148	3600
149	3600
150	3600
151	3600
152	3600
153	3600
154	3600
155	3600
156	3600
157	3600
158	3600
159	3600
160	3600
161	3600
162	3600
163	3600
164	3600
165	3600
166	3600
167	3600
168	3600
169	3600
170	3600
171	3600
172	3600
173	3600
174	3600
175	3600
176	3600
177	3600
178	3600
179	3600
180	3600
181	3600
182	3600
183	3600
184	3600
185	3600
186	3600
187	3600
188	3600
189	3600
190	3600
191	3600
192	3600
193	3600
194	3600
195	3600
196	3600
197	3600
198	3600
199	3600
200	3600
201	3600
202	5400
203	5400
204	5400
205	5400
206	5400
207	5400
208	5400
209	5400
210	5400
211	5400
212	5400
213	5400
214	5400
215	5400
216	5400
217	5400
218	5400
219	5400
220	5400
221	5400
222	5400
223	5400
224	5400
225	5400
226	5400
227	5400
228	5400
229	5400
230	5400
231	5400
232	5400
233	5400
234	5400
235	5400
236	5400
237	5400
238	5400
239	5400
240	5400
241	5400
242	5400
243	5400
244	5400
245	5400
246	5400
247	5400
248	5400
249	5400
250	5400
251	5400
252	5400
253	5400
254	5400
255	5400
256	5400
257	5400
258	5400
259	5400
260	5400
261	5400
262	5400
263	5400
264	5400
265	5400
266	5400
267	5400
268	5400
269	5400
270	5400
271	5400
272	5400
273	5400
274	5400
275	5400
276	5400
277	5400
278	5400
279	5400
280	5400
281	5400
282	5400
283	5400
284	5400
285	5400
286	5400
287	5400
288	5400
289	5400
290	5400
291	5400
292	5400
293	5400
294	5400
295	5400
296	5400
297	5400
298	5400
299	5400
300	5400
301	5400
302	7200
303	7200
304	7200
305	7200
306	7200
307	7200
308	7200
309	7200
310	7200
311	7200
312	7200
313	7200
314	7200
315	7200
316	7200
317	7200
318	7200
319	7200
320	7200
321	7200
322	7200
323	7200
324	7200
325	7200
326	7200
327	7200
328	7200
329	7200
330	7200
331	7200
332	7200
333	7200
334	7200
335	7200
336	7200
337	7200
338	7200
339	7200
340	7200
341	7200
342	7200
343	7200
344	7200
345	7200
346	7200
347	7200
348	7200
349	7200
350	7200
351	7200
352	7200
353	7200
354	7200
355	7200
356	7200
357	7200
358	7200
359	7200
360	7200
361	7200
362	7200
363	7200
364	7200
365	7200
366	7200
367	7200
368	7200
369	7200
370	7200
371	7200
372	7200
373	7200
374	7200
375	7200
376	7200
377	7200
378	7200
379	7200
380	7200
381	7200
382	7200
383	7200
384	7200
385	7200
386	7200
387	7200
388	7200
389	7200
390	7200
391	9000
392	9000
393	9000
394	9000
395	9000
396	9000
397	9000
398	9000
399	9000
400	9000
401	9000
402	9000
403	9000
404	9000
405	9000
406	9000
407	9000
408	9000
409	9000
410	9000
411	9000
412	9000
413	9000
414	9000
415	9000
416	9000
417	9000
418	9000
419	9000
420	9000
421	9000
422	9000
423	9000
424	9000
425	9000
426	9000
427	9000
428	9000
429	9000
430	9000
431	9000
432	9000
433	9000
434	9000
435	9000
436	9000
437	9000
438	9000
439	9000
440	9000
441	9000
442	9000
443	9000
444	9000
445	9000
446	9000
447	9000
448	9000
449	9000
450	9000
451	9000
452	9000
453	9000
454	9000
455	9000
456	9000
457	9000
458	9000
459	9000
460	9000
461	9000
462	9000
463	9000
464	9000
465	9000
466	9000
467	9000
468	9000
469	9000
470	9000
471	9000
472	9000
473	9000
474	9000
475	10800
476	10800
477	10800
478	10800
479	10800
480	10800
481	10800
482	10800
483	10800
484	10800
485	10800
486	10800
487	10800
488	10800
489	10800
490	10800
491	10800
492	10800
493	10800
494	10800
495	10800
496	10800
497	10800
498	10800
499	10800
500	10800
501	10800
502	10800
503	10800
504	10800
505	10800
506	10800
507	10800
508	10800
509	10800
510	10800
511	10800
512	10800
513	10800
514	10800
515	10800
516	10800
517	10800
518	10800
519	10800
520	10800
521	10800
522	10800
523	10800
524	10800
525	10800
526	10800
527	10800
528	10800
529	10800
530	10800
531	10800
532	10800
533	10800
534	10800
535	10800
536	10800
537	10800
538	10800
539	10800
540	10800
541	10800
542	10800
543	10800
544	10800
545	10800
546	10800
547	10800
548	10800
549	10800
550	10800
551	10800
552	10800
553	10800
554	10800
555	10800
556	10800
557	12600
558	12600
559	12600
560	12600
561	12600
562	12600
563	12600
564	12600
565	12600
566	12600
567	12600
568	12600
569	12600
570	12600
571	12600
572	12600
573	12600
574	12600
575	12600
576	12600
577	12600
578	12600
579	12600
580	12600
581	12600
582	12600
583	12600
584	12600
585	12600
586	12600
587	12600
588	12600
589	12600
590	12600
591	12600
592	12600
593	12600
594	12600
595	12600
596	12600
597	12600
598	12600
599	12600
600	12600
601	12600
602	12600
603	12600
604	12600
605	12600
606	12600
607	12600
608	12600
609	12600
610	12600
611	12600
612	12600
613	12600
614	12600
615	12600
616	12600
617	12600
618	12600
619	12600
620	12600
621	12600
622	12600
623	12600
624	12600
625	12600
626	12600
627	12600
628	12600
629	12600
630	12600
631	12600
632	12600
633	12600
634	14400
635	14400
636	14400
637	14400
638	14400
639	14400
640	14400
641	14400
642	14400
643	14400
644	14400
645	14400
646	14400
647	14400
648	14400
649	14400
650	14400
651	14400
652	14400
653	14400
654	14400
655	14400
656	14400
657	14400
658	14400
659	14400
660	14400
661	14400
662	14400
663	14400
664	14400
665	14400
666	14400
667	14400
668	14400
669	14400
670	14400
671	14400
672	14400
673	14400
674	14400
675	14400
676	14400
677	14400
678	14400
679	14400
680	14400
681	14400
682	14400
683	14400
684	14400
685	14400
686	14400
687	14400
688	14400
689	14400
690	14400
691	14400
692	14400
693	14400
694	14400
695	14400
696	14400
697	14400
698	14400
699	14400
700	14400
701	14400
702	14400
703	14400
704	14400
705	14400
706	16200
707	16200
708	16200
709	16200
710	16200
711	16200
712	16200
713	16200
714	16200
715	16200
716	16200
717	16200
718	16200
719	16200
720	16200
721	16200
722	16200
723	16200
724	16200
725	16200
726	16200
727	16200
728	16200
729	16200
730	16200
731	16200
732	16200
733	16200
734	16200
735	16200
736	16200
737	16200
738	16200
739	16200
740	16200
741	16200
742	16200
743	16200
744	16200
745	16200
746	16200
747	16200
748	16200
749	16200
750	16200
751	16200
752	16200
753	16200
754	16200
755	16200
756	16200
757	16200
758	16200
759	16200
760	16200
761	16200
762	16200
763	18000
764	18000
765	18000
766	18000
767	18000
768	18000
769	18000
770	18000
771	18000
772	18000
773	18000
774	18000
775	18000
776	18000
777	18000
778	18000
779	18000
780	18000
781	18000
782	18000
783	18000
784	18000
785	18000
786	18000
787	18000
788	18000
789	18000
790	18000
791	18000
792	18000
793	18000
794	18000
795	18000
796	18000
797	18000
798	18000
799	18000
800	18000
801	18000
802	18000
803	18000
804	18000
805	18000
806	18000
807	18000
808	18000
809	18000
810	18000
811	19800
812	19800
813	19800
814	19800
815	19800
816	19800
817	19800
818	19800
819	19800
820	19800
821	19800
822	19800
823	19800
824	19800
825	19800
826	19800
827	19800
828	19800
829	19800
830	19800
831	19800
832	19800
833	19800
834	19800
835	19800
836	19800
837	19800
838	19800
839	19800
840	19800
841	19800
842	19800
843	19800
844	19800
845	19800
846	19800
847	19800
848	19800
849	19800
850	19800
851	19800
852	19800
853	19800
854	19800
855	19800
856	19800
857	19800
858	19800
859	21600
860	21600
861	21600
862	21600
863	21600
864	21600
865	21600
866	21600
867	21600
868	21600
869	21600
870	21600
871	21600
872	21600
873	21600
874	21600
875	21600
876	21600
877	21600
878	21600
879	21600
880	21600
881	21600
882	21600
883	21600
884	21600
885	21600
886	21600
887	21600
888	21600
889	21600
890	21600
891	21600
892	21600
893	21600
894	21600
895	21600
896	23400
897	23400
898	23400
899	23400
900	23400
901	23400
902	23400
903	23400
904	23400
905	23400
906	23400
907	23400
908	23400
909	23400
910	23400
911	23400
912	23400
913	23400
914	23400
915	23400
916	23400
917	23400
918	23400
919	23400
920	23400
921	23400
922	23400
923	23400
924	23400
925	23400
926	23400
927	23400
928	23400
EOF
