NAME : ORTEC-VRPTW-ASYM-94beb4a8-d1-n1102
TYPE : VRPTW-RT
DIMENSION : 1103
EDGE_WEIGHT_TYPE : EUC_2D
CAPACITY : 145
NODE_COORD_SECTION
1	3889	653
2	4411	675
3	5268	446
4	481	1166
5	5004	503
6	5044	371
7	4125	632
8	1254	1613
9	4966	220
10	2720	924
11	4621	308
12	2394	652
13	4165	885
14	3217	569
15	4843	533
16	4717	320
17	4955	501
18	3044	603
19	5472	517
20	4237	848
21	3119	427
22	4238	868
23	3600	477
24	1884	868
25	4983	442
26	4097	883
27	3179	409
28	2719	1113
29	503	1583
30	4502	292
31	4955	501
32	2596	1158
33	2720	924
34	2476	1043
35	4752	850
36	3089	1220
37	5507	242
38	4583	483
39	4802	557
40	1847	1956
41	3318	924
42	4211	583
43	1424	1914
44	4983	442
45	5387	335
46	4418	667
47	1884	868
48	1296	1121
49	2394	652
50	3597	524
51	3947	1027
52	4502	292
53	967	1436
54	2341	1700
55	3401	474
56	4351	815
57	4784	551
58	5271	402
59	5489	249
60	4524	318
61	5234	642
62	5248	367
63	2767	1117
64	1582	1598
65	5417	216
66	4969	354
67	4996	386
68	2997	540
69	2037	2118
70	2036	1296
71	4485	424
72	4922	326
73	2067	1013
74	3318	924
75	2877	455
76	4398	1135
77	4112	803
78	1254	1613
79	3119	427
80	1363	1431
81	3081	629
82	2497	1063
83	2413	1212
84	2432	391
85	3045	755
86	4398	1135
87	3552	757
88	3069	1248
89	3435	912
90	1311	1288
91	4265	893
92	1453	1114
93	5038	482
94	4629	1060
95	4040	759
96	3232	577
97	5455	375
98	5603	0
99	3900	1110
100	4922	326
101	1434	1314
102	1719	1015
103	4403	536
104	4887	430
105	4728	467
106	1806	2067
107	2497	1063
108	4320	814
109	5260	329
110	3382	837
111	2997	540
112	2293	589
113	4251	684
114	1414	1356
115	5267	194
116	5363	385
117	3015	1328
118	3217	569
119	3330	692
120	2719	1113
121	1186	1340
122	5370	303
123	2720	924
124	5308	309
125	5424	370
126	4611	1011
127	2694	288
128	2869	1217
129	1629	1679
130	5004	503
131	5363	385
132	4403	536
133	4097	883
134	4784	551
135	4969	354
136	1392	1440
137	2982	606
138	1850	820
139	4165	885
140	4996	386
141	0	1656
142	5411	274
143	2649	610
144	4238	868
145	4388	588
146	3552	757
147	1254	1613
148	992	1387
149	3015	1328
150	4856	539
151	2127	1415
152	2497	1063
153	4208	826
154	5359	476
155	1441	1133
156	4125	784
157	4614	911
158	5333	119
159	2497	1063
160	3081	629
161	4935	730
162	4603	1033
163	2869	1217
164	3871	1198
165	2011	1018
166	1186	1340
167	1341	1523
168	5489	249
169	5620	119
170	1344	1446
171	2802	253
172	1384	1145
173	2997	540
174	4629	1060
175	1970	2090
176	5124	341
177	1906	704
178	4090	1114
179	3221	557
180	5155	236
181	4293	697
182	3217	569
183	5435	358
184	2432	391
185	5267	194
186	4959	698
187	2600	548
188	2394	652
189	1847	1956
190	5106	245
191	4621	308
192	2779	1438
193	4251	684
194	4502	292
195	3181	579
196	2877	455
197	4165	885
198	3245	860
199	1047	1568
200	2375	488
201	5106	245
202	2293	589
203	3281	1257
204	3334	679
205	4706	912
206	5359	476
207	4034	871
208	4954	544
209	4983	442
210	3119	427
211	3045	755
212	2017	780
213	4694	580
214	5248	367
215	2110	1023
216	3224	1145
217	1434	1314
218	4879	374
219	5275	520
220	5316	540
221	5005	374
222	5336	226
223	5116	325
224	4731	482
225	1492	1282
226	3179	409
227	4784	551
228	4956	565
229	1689	988
230	1884	868
231	169	1484
232	4202	566
233	5429	132
234	2350	706
235	5336	226
236	4603	1033
237	4112	803
238	4731	943
239	3044	603
240	109	1744
241	3081	629
242	4034	871
243	1296	1121
244	4293	697
245	4040	759
246	3161	1058
247	5336	226
248	4728	467
249	1738	2006
250	1305	1656
251	2997	540
252	3217	569
253	5588	140
254	1424	1914
255	2497	1063
256	5370	303
257	1311	1288
258	5106	245
259	2260	656
260	4466	884
261	5455	375
262	5275	520
263	4679	253
264	5506	357
265	3752	807
266	4344	756
267	3624	916
268	4935	730
269	5005	374
270	2600	548
271	3982	764
272	5620	119
273	1840	962
274	4320	814
275	2341	1700
276	3752	807
277	2878	1487
278	2011	1018
279	1392	1440
280	3069	1248
281	3624	916
282	3462	730
283	1408	1284
284	5275	520
285	5260	329
286	3224	1145
287	4717	320
288	1424	1914
289	1884	868
290	4466	884
291	1363	1431
292	5363	385
293	5431	312
294	4479	658
295	2877	455
296	5266	618
297	2960	1382
298	1629	1679
299	3597	524
300	4403	536
301	1355	1380
302	5108	372
303	5381	465
304	2000	1920
305	2037	2118
306	5267	194
307	5378	253
308	5387	335
309	3181	579
310	1492	1282
311	2767	1117
312	5040	630
313	5005	374
314	5417	216
315	4308	328
316	169	1484
317	1884	868
318	5248	367
319	5381	465
320	4485	844
321	5435	358
322	1737	1192
323	3318	924
324	5384	259
325	5271	402
326	3119	427
327	1350	1155
328	992	1387
329	4637	980
330	4209	978
331	5455	375
332	1490	1347
333	5271	402
334	4524	318
335	4311	620
336	2413	1212
337	1392	1440
338	4344	756
339	4954	544
340	5552	246
341	5679	273
342	5136	659
343	1884	868
344	1476	1223
345	96	1669
346	4485	512
347	4996	386
348	2344	521
349	5073	731
350	1614	2039
351	1036	1789
352	4954	407
353	4614	911
354	5458	223
355	2767	1117
356	2432	391
357	5415	542
358	4165	885
359	2649	610
360	722	1948
361	1036	1789
362	4105	576
363	1889	720
364	3044	603
365	4627	741
366	3597	524
367	3871	1198
368	4141	801
369	5469	276
370	3245	860
371	810	1190
372	5387	335
373	3982	764
374	1485	1143
375	1296	1121
376	4717	320
377	2234	1315
378	4466	884
379	5252	369
380	4879	374
381	5012	273
382	5124	341
383	5389	304
384	1120	1349
385	1238	1122
386	4825	500
387	1906	704
388	5435	544
389	4202	566
390	3249	598
391	5174	293
392	5316	249
393	4251	684
394	5141	689
395	5620	119
396	4097	883
397	4728	467
398	4524	318
399	4935	730
400	2767	1117
401	4922	326
402	5359	476
403	3179	409
404	1341	1523
405	5108	372
406	5152	659
407	4523	1003
408	2767	1117
409	1441	1133
410	1512	1893
411	4577	965
412	1254	1613
413	1341	1523
414	5271	402
415	4040	759
416	1453	1114
417	1392	1440
418	4069	957
419	165	1995
420	2	1737
421	3089	1220
422	5435	358
423	2000	1920
424	1838	1078
425	4621	308
426	1106	1207
427	3944	1072
428	5361	116
429	1434	1314
430	2786	617
431	1737	1192
432	4351	714
433	4523	1003
434	4814	902
435	1047	1568
436	2127	1415
437	5158	711
438	165	1995
439	810	1190
440	3245	860
441	5016	301
442	1689	988
443	4105	576
444	4720	496
445	1738	2006
446	1184	1343
447	5040	630
448	4720	636
449	5038	482
450	4572	406
451	3217	569
452	4856	539
453	5128	640
454	992	1387
455	2011	1018
456	5387	335
457	5039	707
458	2233	485
459	4211	583
460	5495	330
461	4977	609
462	1847	1956
463	5317	363
464	1242	1318
465	1344	1446
466	2391	1054
467	503	1583
468	4147	864
469	4577	965
470	4403	536
471	1296	1233
472	4825	500
473	5361	116
474	4211	583
475	5128	640
476	4371	934
477	5458	223
478	1991	1491
479	0	1656
480	5384	259
481	3808	834
482	1344	1446
483	4689	1030
484	4502	292
485	1850	1391
486	2779	1438
487	5147	644
488	4883	769
489	4959	698
490	4208	826
491	4523	1003
492	1384	1145
493	1415	1354
494	1996	954
495	2124	951
496	4879	374
497	4593	319
498	2036	1296
499	4344	756
500	4371	934
501	2581	1150
502	4837	767
503	1441	1133
504	1223	1489
505	5495	330
506	4251	684
507	4411	675
508	4955	501
509	1850	1391
510	1415	1354
511	3161	1058
512	2234	1315
513	5603	0
514	3161	1058
515	2110	1023
516	2394	652
517	1047	1568
518	2380	984
519	2719	1113
520	4629	1060
521	1186	1340
522	1254	1613
523	992	1387
524	4882	525
525	5039	707
526	4621	308
527	4034	871
528	2011	1018
529	4717	320
530	1838	1078
531	4883	769
532	3871	1198
533	1476	1223
534	1350	1155
535	3015	1328
536	4993	500
537	5431	312
538	5431	312
539	5141	689
540	4637	980
541	2036	1296
542	4996	386
543	1807	1125
544	4308	328
545	4403	536
546	5155	236
547	4418	667
548	4069	957
549	4147	864
550	1840	962
551	5469	276
552	3752	807
553	1341	1523
554	5174	293
555	5155	236
556	3069	1248
557	2786	617
558	5271	402
559	2029	1391
560	3597	524
561	1392	1440
562	2344	521
563	5472	517
564	1476	1223
565	4202	566
566	3138	538
567	4996	386
568	2779	1438
569	4125	632
570	1738	2006
571	4728	467
572	2127	1415
573	2476	1043
574	3552	757
575	4237	848
576	2789	378
577	3138	538
578	5234	642
579	5384	259
580	1344	1446
581	4485	512
582	5316	540
583	2260	656
584	5040	630
585	4466	884
586	1838	1078
587	5044	371
588	1238	1122
589	3224	1145
590	2476	1043
591	3624	916
592	1266	1583
593	4935	730
594	5073	731
595	2017	780
596	1415	1354
597	5234	642
598	3462	730
599	1850	1391
600	4165	885
601	5455	375
602	3166	1105
603	5082	450
604	2375	488
605	5507	242
606	5174	293
607	2	1737
608	3181	579
609	4843	533
610	4209	978
611	1499	2016
612	5234	642
613	2127	1415
614	2391	495
615	2719	1113
616	5056	638
617	4251	684
618	5116	325
619	4614	911
620	1212	1045
621	5363	385
622	5371	617
623	2344	521
624	4935	730
625	4572	406
626	2000	1920
627	5004	503
628	1582	1598
629	4485	512
630	3624	916
631	165	1995
632	1850	820
633	5106	245
634	5424	370
635	1223	1489
636	5147	644
637	5455	375
638	3552	757
639	5507	242
640	4728	467
641	3015	1328
642	2374	1668
643	5056	638
644	3944	1072
645	1476	1223
646	1062	1595
647	5018	702
648	4939	457
649	2111	2032
650	3232	577
651	1847	1956
652	4935	730
653	5260	329
654	1582	1598
655	4125	632
656	4320	814
657	2786	617
658	4720	496
659	3382	837
660	5620	119
661	4371	934
662	4485	844
663	2111	2032
664	2267	1913
665	2769	1162
666	4125	632
667	169	1484
668	3138	538
669	1254	1613
670	5267	194
671	3871	1198
672	1296	1121
673	4479	658
674	2350	706
675	4209	978
676	4814	902
677	2350	706
678	1341	1523
679	4882	525
680	1970	2090
681	2110	1023
682	3249	598
683	5384	259
684	4900	837
685	1512	1893
686	1512	1893
687	2909	162
688	4351	714
689	3069	1248
690	4993	500
691	4090	1114
692	5038	482
693	4308	328
694	4954	407
695	5158	711
696	5435	358
697	1300	1420
698	5106	245
699	2581	1150
700	4752	850
701	3944	1072
702	4954	407
703	2037	2118
704	2394	652
705	3081	629
706	96	1669
707	5005	374
708	4515	636
709	3401	474
710	5378	253
711	2037	2118
712	4977	609
713	3435	912
714	5506	357
715	4965	533
716	1350	1155
717	3232	577
718	2124	951
719	4611	1011
720	5260	329
721	1223	1489
722	3232	577
723	4403	536
724	1629	1679
725	2000	1920
726	1266	1583
727	4965	533
728	2260	656
729	5603	0
730	2380	984
731	3181	579
732	3069	1248
733	4977	609
734	2694	288
735	4040	759
736	5316	249
737	4984	370
738	4371	934
739	3089	1220
740	4495	1172
741	5248	367
742	1689	988
743	992	1387
744	3382	837
745	4983	442
746	4090	1114
747	4886	831
748	1840	962
749	5495	330
750	4627	741
751	1363	1431
752	2234	1315
753	1850	820
754	2869	1217
755	5038	482
756	3752	807
757	1363	1431
758	2982	606
759	5371	617
760	4784	551
761	3044	603
762	5381	465
763	4572	406
764	4502	292
765	5331	358
766	4814	902
767	2036	1296
768	3600	477
769	3752	807
770	2982	606
771	5248	367
772	3221	557
773	4308	328
774	2769	1162
775	503	1583
776	5266	618
777	4603	1033
778	1850	820
779	5381	465
780	1296	1121
781	1719	1015
782	3249	598
783	3382	837
784	5268	446
785	4466	884
786	4320	814
787	2998	855
788	1806	2067
789	4629	1060
790	4814	902
791	4113	1212
792	1982	1375
793	2017	780
794	4238	868
795	4113	1212
796	3900	1110
797	583	1632
798	3232	577
799	5039	707
800	4611	1011
801	2260	656
802	5275	520
803	4515	636
804	4727	513
805	5136	659
806	4040	759
807	2154	678
808	4843	533
809	4960	687
810	4689	1030
811	3318	924
812	5389	304
813	1499	2016
814	5252	369
815	5128	640
816	4824	530
817	5266	618
818	481	1166
819	4624	1012
820	4351	714
821	4882	525
822	1212	1045
823	5495	330
824	4966	220
825	4637	980
826	4485	844
827	1719	1015
828	1512	1893
829	3089	1220
830	4627	741
831	3045	755
832	4825	500
833	2057	1078
834	4629	1060
835	4524	318
836	5038	482
837	5565	281
838	2154	678
839	1994	628
840	4966	220
841	5124	341
842	1614	2039
843	4996	386
844	2982	606
845	5507	242
846	2374	1668
847	2413	1212
848	2857	890
849	1185	1319
850	5411	357
851	2878	1487
852	4603	1033
853	5495	330
854	5495	330
855	1499	2016
856	4814	902
857	2374	1668
858	2110	1023
859	2267	1913
860	5155	236
861	5469	276
862	4311	620
863	4959	698
864	1453	1114
865	1994	628
866	4125	784
867	2720	924
868	3344	447
869	5158	711
870	3224	1145
871	5381	465
872	4165	885
873	4351	815
874	5248	367
875	4034	871
876	5378	253
877	4752	850
878	4577	965
879	4577	965
880	3081	629
881	1991	1491
882	2391	1054
883	5428	263
884	5069	838
885	4147	864
886	2413	1212
887	5317	363
888	1186	1340
889	2000	1920
890	5108	372
891	4629	1060
892	1982	1375
893	4969	354
894	3069	1248
895	1062	1595
896	3245	860
897	2037	2118
898	2293	589
899	4996	386
900	4165	885
901	2382	526
902	4886	831
903	2036	1296
904	3900	1110
905	169	1484
906	3089	1220
907	1186	1340
908	96	1669
909	1492	1282
910	5038	482
911	5012	273
912	5136	659
913	5679	273
914	4731	943
915	4337	677
916	4637	980
917	5276	284
918	2350	706
919	4455	973
920	2596	1158
921	4935	730
922	4720	496
923	1889	720
924	4954	407
925	5588	140
926	1185	1319
927	5044	371
928	5124	341
929	1970	2090
930	4637	980
931	1062	1595
932	3281	1257
933	2413	1212
934	1485	1143
935	4922	326
936	4515	636
937	4125	784
938	2029	1391
939	1305	1656
940	2720	924
941	3808	834
942	5565	281
943	2350	706
944	3597	524
945	3245	860
946	4211	583
947	2877	455
948	4882	525
949	4418	667
950	3224	1145
951	4208	1069
952	5588	140
953	4311	620
954	5248	367
955	4614	911
956	4418	667
957	5620	119
958	2497	1063
959	2997	540
960	2877	455
961	2057	1078
962	2476	1043
963	3629	832
964	1933	705
965	4856	539
966	1047	1568
967	4935	730
968	2476	1043
969	5044	371
970	4922	326
971	3318	924
972	1047	1568
973	5424	370
974	5108	372
975	4886	831
976	4637	980
977	1453	1114
978	1512	1893
979	5316	540
980	4112	803
981	3552	757
982	5106	245
983	3330	692
984	3594	938
985	2234	1315
986	4418	667
987	2779	1438
988	4984	370
989	5381	465
990	5489	249
991	4731	482
992	4388	588
993	5411	274
994	810	1190
995	1453	1114
996	1850	1391
997	2869	1217
998	4614	911
999	2233	485
1000	2769	1162
1001	1184	1343
1002	5155	236
1003	5333	119
1004	4731	943
1005	4502	292
1006	2877	455
1007	1212	1045
1008	4572	406
1009	4577	965
1010	5361	116
1011	2017	780
1012	3600	477
1013	992	1387
1014	4843	533
1015	2998	855
1016	5429	132
1017	5044	371
1018	3552	757
1019	4955	501
1020	4495	1172
1021	4837	767
1022	5174	293
1023	4485	424
1024	4485	512
1025	5384	259
1026	2878	1487
1027	3947	1027
1028	4403	536
1029	2350	706
1030	5378	253
1031	1384	1145
1032	4956	565
1033	4837	767
1034	1238	1122
1035	5106	245
1036	1542	1051
1037	2720	924
1038	4524	318
1039	3348	705
1040	5381	465
1041	5495	330
1042	4455	973
1043	4112	803
1044	1629	1679
1045	2037	2118
1046	3181	579
1047	3462	730
1048	4238	868
1049	1499	2016
1050	3344	447
1051	4731	943
1052	4624	1012
1053	5417	216
1054	1838	1078
1055	4320	814
1056	4784	551
1057	3947	1027
1058	1737	1192
1059	2234	1315
1060	5411	274
1061	5012	273
1062	3221	557
1063	4165	885
1064	4502	292
1065	5415	542
1066	1889	720
1067	4955	501
1068	3330	692
1069	3245	860
1070	2432	391
1071	5620	119
1072	4993	500
1073	5424	370
1074	1242	1318
1075	4614	911
1076	2375	488
1077	2234	1315
1078	3051	974
1079	4466	884
1080	4825	500
1081	3330	692
1082	4886	831
1083	2649	610
1084	2997	540
1085	1344	1446
1086	5012	273
1087	4784	551
1088	1850	820
1089	5128	640
1090	5469	276
1091	4966	220
1092	1737	1192
1093	5038	482
1094	2380	984
1095	4879	374
1096	4752	850
1097	2747	427
1098	3334	679
1099	2997	540
1100	1614	2039
1101	5266	618
1102	5225	300
1103	4495	1172
DEMAND_SECTION
1	0
2	6
3	7
4	9
5	5
6	9
7	6
8	5
9	5
10	6
11	4
12	6
13	3
14	6
15	8
16	5
17	5
18	7
19	10
20	6
21	4
22	6
23	4
24	6
25	6
26	10
27	7
28	8
29	8
30	10
31	5
32	5
33	3
34	3
35	10
36	5
37	5
38	4
39	7
40	8
41	5
42	7
43	3
44	4
45	4
46	5
47	6
48	11
49	5
50	8
51	6
52	5
53	8
54	13
55	4
56	7
57	4
58	7
59	7
60	6
61	11
62	6
63	1
64	6
65	6
66	5
67	4
68	4
69	3
70	5
71	15
72	6
73	8
74	6
75	4
76	10
77	6
78	12
79	5
80	5
81	7
82	7
83	6
84	6
85	10
86	5
87	4
88	5
89	5
90	4
91	4
92	10
93	4
94	6
95	10
96	10
97	7
98	1
99	9
100	4
101	7
102	1
103	8
104	5
105	8
106	6
107	6
108	5
109	12
110	6
111	3
112	4
113	10
114	7
115	10
116	6
117	7
118	6
119	5
120	9
121	10
122	5
123	5
124	8
125	6
126	5
127	15
128	4
129	6
130	10
131	5
132	11
133	7
134	4
135	5
136	5
137	7
138	5
139	4
140	4
141	7
142	5
143	4
144	9
145	4
146	9
147	3
148	5
149	8
150	8
151	4
152	5
153	9
154	1
155	4
156	4
157	6
158	10
159	4
160	4
161	5
162	6
163	5
164	3
165	10
166	11
167	3
168	4
169	7
170	8
171	4
172	6
173	7
174	3
175	4
176	5
177	4
178	4
179	3
180	6
181	4
182	5
183	7
184	7
185	8
186	4
187	5
188	3
189	10
190	5
191	9
192	3
193	15
194	4
195	8
196	5
197	8
198	9
199	4
200	6
201	4
202	6
203	7
204	6
205	5
206	8
207	6
208	5
209	7
210	4
211	7
212	6
213	4
214	9
215	6
216	12
217	6
218	9
219	3
220	6
221	3
222	8
223	10
224	10
225	3
226	7
227	4
228	7
229	8
230	3
231	5
232	6
233	6
234	10
235	11
236	5
237	11
238	10
239	9
240	8
241	6
242	5
243	5
244	6
245	8
246	5
247	5
248	4
249	8
250	10
251	6
252	9
253	8
254	9
255	4
256	13
257	9
258	6
259	7
260	6
261	4
262	12
263	4
264	8
265	5
266	5
267	4
268	7
269	6
270	6
271	7
272	6
273	10
274	15
275	6
276	6
277	3
278	7
279	5
280	7
281	6
282	6
283	2
284	7
285	4
286	2
287	4
288	3
289	10
290	5
291	4
292	5
293	5
294	5
295	9
296	12
297	4
298	5
299	7
300	4
301	3
302	5
303	5
304	7
305	8
306	4
307	7
308	5
309	5
310	7
311	9
312	5
313	10
314	8
315	10
316	9
317	5
318	5
319	5
320	10
321	5
322	7
323	6
324	6
325	5
326	9
327	7
328	7
329	7
330	12
331	6
332	4
333	5
334	3
335	8
336	4
337	6
338	4
339	6
340	7
341	6
342	7
343	7
344	6
345	10
346	11
347	7
348	8
349	9
350	7
351	5
352	11
353	8
354	7
355	5
356	4
357	7
358	4
359	3
360	5
361	4
362	5
363	1
364	5
365	6
366	8
367	4
368	7
369	7
370	6
371	11
372	3
373	5
374	8
375	5
376	7
377	9
378	4
379	6
380	4
381	11
382	5
383	7
384	4
385	4
386	5
387	10
388	6
389	5
390	6
391	5
392	7
393	5
394	10
395	4
396	4
397	6
398	6
399	4
400	9
401	7
402	5
403	6
404	7
405	5
406	5
407	3
408	2
409	4
410	5
411	5
412	5
413	9
414	5
415	6
416	5
417	3
418	6
419	5
420	15
421	5
422	6
423	6
424	10
425	7
426	4
427	6
428	5
429	3
430	4
431	8
432	7
433	9
434	7
435	7
436	5
437	6
438	12
439	11
440	6
441	5
442	4
443	6
444	4
445	1
446	4
447	5
448	10
449	9
450	5
451	10
452	8
453	6
454	5
455	8
456	4
457	5
458	6
459	6
460	8
461	8
462	5
463	8
464	4
465	6
466	7
467	11
468	5
469	6
470	9
471	7
472	7
473	4
474	3
475	5
476	4
477	3
478	7
479	8
480	8
481	3
482	5
483	7
484	3
485	9
486	8
487	4
488	11
489	5
490	7
491	8
492	4
493	6
494	6
495	6
496	6
497	6
498	6
499	5
500	4
501	5
502	7
503	6
504	5
505	11
506	6
507	4
508	8
509	4
510	8
511	6
512	8
513	5
514	10
515	4
516	7
517	4
518	6
519	4
520	7
521	6
522	5
523	10
524	7
525	5
526	5
527	4
528	10
529	8
530	7
531	4
532	5
533	6
534	8
535	6
536	5
537	10
538	6
539	6
540	7
541	6
542	11
543	10
544	5
545	5
546	5
547	11
548	4
549	3
550	4
551	4
552	7
553	4
554	5
555	4
556	7
557	5
558	8
559	8
560	7
561	8
562	6
563	4
564	5
565	4
566	5
567	9
568	3
569	5
570	6
571	7
572	6
573	4
574	5
575	3
576	5
577	8
578	7
579	10
580	7
581	5
582	8
583	4
584	4
585	11
586	5
587	8
588	5
589	4
590	5
591	6
592	9
593	7
594	6
595	5
596	11
597	7
598	4
599	8
600	8
601	6
602	3
603	4
604	6
605	8
606	7
607	4
608	5
609	5
610	6
611	7
612	8
613	4
614	5
615	6
616	7
617	6
618	9
619	6
620	1
621	4
622	7
623	3
624	5
625	7
626	6
627	5
628	7
629	8
630	6
631	9
632	4
633	6
634	8
635	5
636	10
637	5
638	6
639	4
640	10
641	10
642	5
643	6
644	9
645	5
646	5
647	5
648	15
649	4
650	10
651	4
652	3
653	5
654	8
655	3
656	5
657	9
658	5
659	5
660	6
661	10
662	8
663	7
664	5
665	8
666	5
667	5
668	6
669	3
670	10
671	9
672	7
673	7
674	6
675	5
676	7
677	3
678	4
679	7
680	6
681	5
682	5
683	4
684	10
685	6
686	6
687	4
688	4
689	3
690	6
691	10
692	4
693	6
694	5
695	5
696	5
697	10
698	9
699	15
700	8
701	7
702	8
703	15
704	5
705	12
706	6
707	5
708	4
709	5
710	6
711	3
712	15
713	5
714	3
715	3
716	3
717	6
718	6
719	7
720	11
721	7
722	4
723	7
724	9
725	6
726	5
727	3
728	9
729	8
730	8
731	5
732	6
733	8
734	5
735	8
736	4
737	7
738	5
739	8
740	7
741	5
742	4
743	4
744	5
745	13
746	4
747	5
748	6
749	5
750	10
751	2
752	7
753	6
754	6
755	5
756	6
757	9
758	4
759	4
760	9
761	4
762	3
763	7
764	7
765	5
766	7
767	7
768	7
769	8
770	7
771	3
772	6
773	5
774	12
775	10
776	6
777	4
778	9
779	5
780	5
781	6
782	4
783	8
784	4
785	8
786	10
787	8
788	10
789	4
790	8
791	6
792	2
793	6
794	8
795	7
796	7
797	4
798	4
799	5
800	9
801	5
802	5
803	11
804	5
805	10
806	7
807	7
808	8
809	4
810	6
811	8
812	4
813	7
814	5
815	8
816	5
817	7
818	5
819	6
820	11
821	1
822	4
823	6
824	8
825	6
826	4
827	6
828	7
829	5
830	7
831	3
832	7
833	5
834	8
835	7
836	8
837	6
838	6
839	8
840	3
841	9
842	7
843	5
844	11
845	8
846	5
847	7
848	6
849	5
850	4
851	7
852	4
853	6
854	4
855	15
856	7
857	6
858	6
859	7
860	7
861	6
862	4
863	7
864	3
865	5
866	5
867	8
868	6
869	6
870	3
871	5
872	3
873	11
874	6
875	7
876	10
877	3
878	4
879	6
880	8
881	7
882	8
883	4
884	5
885	8
886	4
887	3
888	6
889	6
890	4
891	12
892	6
893	9
894	12
895	6
896	7
897	8
898	6
899	4
900	6
901	7
902	7
903	9
904	4
905	5
906	7
907	4
908	8
909	6
910	4
911	5
912	4
913	9
914	8
915	10
916	7
917	8
918	7
919	7
920	4
921	4
922	6
923	8
924	3
925	3
926	6
927	8
928	7
929	5
930	5
931	11
932	7
933	8
934	5
935	5
936	6
937	7
938	4
939	5
940	9
941	11
942	5
943	6
944	10
945	4
946	8
947	6
948	8
949	4
950	8
951	4
952	4
953	4
954	6
955	4
956	4
957	6
958	5
959	4
960	12
961	4
962	10
963	4
964	6
965	10
966	9
967	5
968	10
969	4
970	6
971	13
972	6
973	5
974	6
975	6
976	7
977	5
978	7
979	12
980	5
981	4
982	4
983	5
984	4
985	5
986	7
987	8
988	5
989	8
990	11
991	5
992	8
993	6
994	10
995	3
996	10
997	4
998	10
999	1
1000	5
1001	5
1002	4
1003	10
1004	4
1005	11
1006	5
1007	15
1008	12
1009	5
1010	11
1011	7
1012	6
1013	9
1014	7
1015	4
1016	6
1017	11
1018	10
1019	7
1020	5
1021	5
1022	9
1023	6
1024	7
1025	7
1026	7
1027	7
1028	6
1029	7
1030	5
1031	3
1032	7
1033	7
1034	8
1035	6
1036	10
1037	8
1038	4
1039	7
1040	6
1041	11
1042	6
1043	9
1044	4
1045	6
1046	5
1047	7
1048	6
1049	6
1050	5
1051	9
1052	4
1053	6
1054	5
1055	10
1056	9
1057	5
1058	3
1059	5
1060	4
1061	10
1062	6
1063	6
1064	5
1065	10
1066	8
1067	8
1068	10
1069	10
1070	5
1071	5
1072	8
1073	6
1074	7
1075	7
1076	4
1077	10
1078	5
1079	5
1080	11
1081	10
1082	4
1083	4
1084	5
1085	7
1086	5
1087	10
1088	15
1089	5
1090	6
1091	5
1092	2
1093	8
1094	3
1095	9
1096	7
1097	4
1098	18
1099	13
1100	6
1101	5
1102	6
1103	4
DEPOT_SECTION
1
-1
SERVICE_TIME_SECTION
1	0
2	420
3	240
4	300
5	300
6	600
7	600
8	480
9	660
10	540
11	420
12	480
13	420
14	420
15	420
16	720
17	660
18	540
19	600
20	540
21	240
22	300
23	480
24	360
25	360
26	840
27	360
28	420
29	600
30	420
31	300
32	1080
33	300
34	300
35	420
36	360
37	600
38	660
39	600
40	240
41	360
42	420
43	360
44	600
45	660
46	600
47	420
48	840
49	420
50	420
51	600
52	420
53	720
54	420
55	420
56	600
57	420
58	420
59	1380
60	300
61	300
62	420
63	420
64	660
65	600
66	360
67	720
68	480
69	660
70	660
71	360
72	600
73	300
74	480
75	360
76	600
77	600
78	420
79	360
80	840
81	420
82	420
83	660
84	720
85	600
86	300
87	540
88	300
89	420
90	540
91	300
92	540
93	360
94	420
95	1080
96	480
97	600
98	600
99	600
100	540
101	480
102	480
103	480
104	420
105	480
106	600
107	480
108	300
109	300
110	480
111	660
112	360
113	540
114	600
115	360
116	900
117	660
118	480
119	300
120	360
121	780
122	420
123	600
124	720
125	180
126	300
127	300
128	660
129	480
130	420
131	480
132	540
133	360
134	660
135	480
136	720
137	300
138	360
139	360
140	300
141	360
142	1020
143	420
144	480
145	360
146	780
147	480
148	480
149	300
150	660
151	780
152	660
153	540
154	780
155	600
156	720
157	600
158	660
159	720
160	660
161	360
162	540
163	840
164	600
165	360
166	480
167	420
168	660
169	240
170	540
171	900
172	240
173	420
174	1020
175	420
176	840
177	660
178	420
179	420
180	600
181	480
182	360
183	780
184	840
185	480
186	600
187	540
188	360
189	540
190	480
191	420
192	480
193	660
194	300
195	300
196	480
197	420
198	420
199	720
200	480
201	540
202	300
203	240
204	360
205	420
206	660
207	300
208	600
209	540
210	300
211	480
212	360
213	360
214	780
215	420
216	840
217	420
218	540
219	600
220	540
221	420
222	600
223	420
224	420
225	960
226	480
227	360
228	540
229	660
230	420
231	420
232	300
233	480
234	540
235	420
236	360
237	300
238	720
239	420
240	240
241	720
242	600
243	360
244	420
245	480
246	300
247	480
248	420
249	660
250	720
251	360
252	480
253	660
254	360
255	1380
256	840
257	600
258	420
259	420
260	660
261	540
262	780
263	660
264	1020
265	360
266	420
267	480
268	900
269	480
270	300
271	600
272	420
273	600
274	720
275	480
276	600
277	720
278	420
279	480
280	600
281	540
282	600
283	780
284	600
285	480
286	840
287	960
288	420
289	300
290	360
291	660
292	420
293	360
294	600
295	480
296	540
297	420
298	300
299	1080
300	300
301	360
302	540
303	600
304	480
305	600
306	300
307	660
308	840
309	420
310	420
311	660
312	1020
313	300
314	660
315	1080
316	480
317	600
318	360
319	360
320	300
321	420
322	600
323	540
324	300
325	300
326	840
327	480
328	180
329	660
330	420
331	900
332	660
333	360
334	540
335	840
336	240
337	540
338	720
339	300
340	420
341	660
342	600
343	720
344	360
345	600
346	300
347	660
348	600
349	600
350	660
351	600
352	420
353	420
354	540
355	540
356	1380
357	840
358	600
359	540
360	660
361	660
362	240
363	660
364	480
365	480
366	720
367	780
368	900
369	780
370	660
371	420
372	960
373	180
374	540
375	540
376	300
377	600
378	420
379	360
380	360
381	360
382	360
383	600
384	360
385	300
386	720
387	600
388	840
389	360
390	600
391	360
392	300
393	360
394	360
395	660
396	480
397	540
398	600
399	360
400	360
401	660
402	720
403	1260
404	840
405	420
406	480
407	660
408	720
409	900
410	420
411	1080
412	600
413	900
414	420
415	420
416	660
417	420
418	900
419	660
420	660
421	480
422	600
423	300
424	1020
425	1380
426	600
427	360
428	360
429	480
430	420
431	480
432	780
433	660
434	300
435	540
436	420
437	600
438	480
439	540
440	480
441	1080
442	420
443	660
444	420
445	420
446	480
447	420
448	600
449	720
450	600
451	480
452	300
453	780
454	720
455	480
456	420
457	480
458	420
459	420
460	480
461	600
462	300
463	420
464	600
465	600
466	660
467	360
468	540
469	900
470	480
471	300
472	660
473	420
474	600
475	1200
476	540
477	540
478	1020
479	300
480	480
481	780
482	300
483	360
484	300
485	540
486	480
487	780
488	300
489	360
490	600
491	600
492	360
493	480
494	540
495	1200
496	300
497	600
498	300
499	1020
500	540
501	540
502	360
503	420
504	720
505	420
506	660
507	360
508	780
509	300
510	480
511	600
512	420
513	540
514	360
515	600
516	420
517	660
518	420
519	660
520	360
521	480
522	480
523	360
524	420
525	420
526	540
527	540
528	540
529	300
530	780
531	420
532	360
533	300
534	360
535	660
536	360
537	660
538	300
539	480
540	480
541	540
542	540
543	660
544	480
545	300
546	720
547	600
548	660
549	480
550	300
551	660
552	360
553	660
554	420
555	420
556	420
557	1020
558	540
559	300
560	300
561	720
562	1080
563	600
564	360
565	420
566	900
567	300
568	300
569	240
570	600
571	420
572	600
573	360
574	600
575	540
576	300
577	360
578	540
579	420
580	480
581	300
582	1260
583	600
584	540
585	720
586	600
587	360
588	420
589	360
590	420
591	420
592	480
593	240
594	660
595	540
596	480
597	600
598	300
599	1020
600	780
601	360
602	420
603	780
604	600
605	480
606	300
607	600
608	600
609	720
610	180
611	660
612	600
613	900
614	540
615	660
616	540
617	900
618	540
619	600
620	420
621	300
622	420
623	540
624	360
625	540
626	360
627	720
628	360
629	540
630	420
631	660
632	540
633	660
634	300
635	300
636	360
637	540
638	360
639	420
640	720
641	600
642	360
643	480
644	300
645	1380
646	840
647	540
648	480
649	540
650	660
651	720
652	360
653	420
654	480
655	540
656	660
657	720
658	600
659	480
660	660
661	300
662	600
663	300
664	840
665	420
666	600
667	480
668	300
669	420
670	540
671	600
672	420
673	300
674	480
675	480
676	360
677	840
678	480
679	480
680	420
681	1080
682	360
683	300
684	420
685	660
686	540
687	540
688	300
689	1020
690	420
691	360
692	780
693	900
694	360
695	360
696	720
697	600
698	600
699	840
700	300
701	540
702	540
703	540
704	480
705	840
706	300
707	480
708	480
709	660
710	480
711	420
712	420
713	540
714	600
715	600
716	240
717	420
718	360
719	540
720	420
721	600
722	540
723	1200
724	480
725	660
726	540
727	420
728	360
729	420
730	300
731	360
732	420
733	420
734	300
735	720
736	720
737	420
738	480
739	360
740	420
741	600
742	420
743	420
744	420
745	840
746	480
747	600
748	720
749	480
750	360
751	660
752	360
753	300
754	360
755	780
756	540
757	300
758	360
759	420
760	540
761	300
762	300
763	600
764	480
765	720
766	600
767	600
768	480
769	660
770	480
771	660
772	480
773	540
774	360
775	720
776	480
777	540
778	540
779	360
780	360
781	480
782	300
783	540
784	360
785	480
786	240
787	420
788	540
789	360
790	600
791	360
792	540
793	540
794	420
795	300
796	360
797	360
798	480
799	540
800	480
801	540
802	480
803	720
804	540
805	840
806	1020
807	420
808	360
809	720
810	480
811	840
812	780
813	1020
814	420
815	480
816	420
817	1020
818	420
819	300
820	600
821	360
822	300
823	300
824	360
825	600
826	540
827	600
828	540
829	840
830	420
831	1080
832	540
833	720
834	540
835	300
836	780
837	540
838	600
839	600
840	300
841	300
842	240
843	1080
844	240
845	420
846	360
847	480
848	240
849	480
850	480
851	600
852	840
853	360
854	660
855	480
856	480
857	600
858	420
859	660
860	720
861	360
862	840
863	360
864	480
865	480
866	660
867	600
868	300
869	300
870	420
871	300
872	600
873	360
874	540
875	720
876	360
877	720
878	660
879	360
880	240
881	600
882	540
883	420
884	480
885	420
886	480
887	900
888	360
889	420
890	360
891	300
892	360
893	360
894	480
895	480
896	480
897	600
898	360
899	600
900	300
901	660
902	780
903	900
904	660
905	660
906	540
907	420
908	780
909	420
910	300
911	480
912	600
913	420
914	660
915	600
916	660
917	600
918	360
919	540
920	600
921	540
922	300
923	300
924	480
925	660
926	420
927	360
928	480
929	180
930	900
931	600
932	360
933	360
934	360
935	840
936	780
937	540
938	480
939	540
940	540
941	360
942	480
943	780
944	1200
945	420
946	360
947	300
948	600
949	660
950	720
951	420
952	660
953	420
954	300
955	480
956	420
957	900
958	660
959	540
960	600
961	420
962	480
963	840
964	660
965	1020
966	600
967	600
968	300
969	780
970	420
971	660
972	420
973	420
974	300
975	420
976	660
977	660
978	360
979	420
980	360
981	300
982	300
983	240
984	660
985	480
986	600
987	840
988	600
989	540
990	720
991	660
992	720
993	300
994	420
995	360
996	660
997	900
998	840
999	900
1000	720
1001	420
1002	780
1003	600
1004	420
1005	840
1006	300
1007	480
1008	360
1009	420
1010	480
1011	360
1012	300
1013	420
1014	420
1015	300
1016	480
1017	840
1018	780
1019	1200
1020	840
1021	540
1022	720
1023	1200
1024	360
1025	720
1026	300
1027	480
1028	660
1029	300
1030	780
1031	480
1032	540
1033	300
1034	480
1035	300
1036	420
1037	900
1038	540
1039	420
1040	360
1041	780
1042	480
1043	840
1044	840
1045	360
1046	480
1047	540
1048	720
1049	600
1050	300
1051	600
1052	480
1053	300
1054	300
1055	240
1056	420
1057	1020
1058	480
1059	540
1060	660
1061	480
1062	480
1063	600
1064	540
1065	360
1066	660
1067	360
1068	360
1069	420
1070	360
1071	360
1072	480
1073	480
1074	720
1075	420
1076	300
1077	540
1078	480
1079	240
1080	360
1081	1200
1082	300
1083	480
1084	300
1085	300
1086	540
1087	300
1088	300
1089	540
1090	480
1091	600
1092	660
1093	420
1094	840
1095	480
1096	420
1097	420
1098	660
1099	420
1100	360
1101	600
1102	720
1103	720
TIME_WINDOW_SECTION
1	0	45000
2	15600	23100
3	15600	23100
4	19200	26700
5	19200	26700
6	13800	33300
7	15600	23100
8	13800	33900
9	12000	19500
10	12000	18900
11	22800	30300
12	22800	30300
13	6600	30300
14	12000	19500
15	12000	19500
16	22800	30300
17	12000	19500
18	8400	15900
19	12000	19500
20	4800	12300
21	22800	30300
22	15600	23100
23	19200	26700
24	26400	33900
25	19200	26700
26	12000	19500
27	19200	26700
28	15600	23100
29	19200	26700
30	13800	33900
31	12000	19500
32	15600	23100
33	12000	18900
34	12000	19500
35	8400	15900
36	6600	29700
37	8400	15900
38	13800	33900
39	19200	26700
40	15600	23100
41	6600	30300
42	8400	15900
43	8400	15900
44	13800	33900
45	13800	33900
46	12000	19500
47	26400	33900
48	12000	19500
49	12000	18900
50	19200	26700
51	15600	26700
52	13800	33900
53	22800	30300
54	15600	26700
55	22800	30300
56	4800	12300
57	26400	33900
58	15600	23100
59	15600	23100
60	13800	33900
61	22800	30300
62	12000	19500
63	6600	29700
64	15600	23100
65	12000	19500
66	22800	30300
67	12000	19500
68	12000	19500
69	15600	26700
70	15600	23100
71	22800	30300
72	8400	15900
73	12000	19500
74	19200	26700
75	26400	33900
76	6600	30300
77	12000	19500
78	12000	19500
79	19200	26700
80	19200	26700
81	15600	23100
82	19200	26700
83	4800	12300
84	8400	15900
85	19200	26700
86	8400	15900
87	13800	33900
88	26400	33900
89	12000	19500
90	22800	29700
91	4800	12300
92	22800	30300
93	15600	23100
94	26400	33900
95	6600	30300
96	8400	15900
97	13800	33900
98	22800	29700
99	12000	19500
100	12000	19500
101	8400	15900
102	22800	30300
103	26400	33900
104	12000	19500
105	26400	33900
106	8400	19500
107	15600	23100
108	12000	19500
109	22800	30300
110	12000	19500
111	26400	33900
112	12000	19500
113	6600	30300
114	13800	33900
115	15600	23100
116	19200	26700
117	6600	30300
118	22800	30300
119	19200	26700
120	26400	33900
121	15600	23100
122	13800	33900
123	19200	26700
124	8400	15900
125	12000	19500
126	15600	23100
127	12000	19500
128	22800	30300
129	15600	23100
130	12000	19500
131	12000	19500
132	8400	19500
133	22800	30300
134	22800	30300
135	30000	37500
136	15600	23100
137	8400	15900
138	13800	33900
139	19200	26700
140	15600	23100
141	13800	33900
142	8400	15900
143	22800	30300
144	6600	30300
145	22800	30300
146	8400	15900
147	26400	33900
148	12000	19500
149	8400	15900
150	26400	33900
151	19200	26700
152	12000	19500
153	4800	12300
154	13800	33900
155	8400	15900
156	12000	19500
157	22800	30300
158	30000	37500
159	8400	15900
160	4800	12300
161	4800	11700
162	22800	30300
163	4800	12300
164	4800	12300
165	15600	23100
166	12000	19500
167	6600	30300
168	8400	15900
169	15600	23100
170	12000	19500
171	12000	19500
172	26400	33900
173	8400	15900
174	15600	23100
175	6600	30300
176	4800	12300
177	4800	12300
178	26400	33900
179	15600	23100
180	15600	23100
181	8400	15900
182	19200	26700
183	12000	19500
184	12000	19500
185	6600	30300
186	12000	19500
187	15600	23100
188	13800	33900
189	4800	12300
190	22800	30300
191	22800	30300
192	15600	23100
193	13800	33300
194	8400	15900
195	12000	19500
196	12000	19500
197	22800	30300
198	6600	30300
199	8400	15900
200	12000	19500
201	8400	15900
202	12000	19500
203	8400	19500
204	22800	30300
205	8400	15900
206	15600	23100
207	19200	26700
208	19200	26700
209	22800	29700
210	8400	15900
211	6600	30300
212	12000	19500
213	6600	30300
214	8400	15900
215	19200	26700
216	22800	30300
217	6600	29700
218	22800	30300
219	15600	23100
220	15600	22500
221	15600	23100
222	4800	12300
223	22800	30300
224	12000	19500
225	13800	33900
226	12000	19500
227	19200	26700
228	15600	23100
229	15600	23100
230	8400	15900
231	15600	23100
232	4800	12300
233	15600	23100
234	8400	15900
235	8400	15900
236	15600	23100
237	12000	19500
238	8400	15900
239	8400	15900
240	19200	26700
241	22800	30300
242	13800	33900
243	8400	15900
244	22800	30300
245	6600	30300
246	4800	12300
247	4800	12300
248	22800	30300
249	8400	15900
250	12000	19500
251	30000	37500
252	12000	19500
253	12000	19500
254	26400	33900
255	19200	26700
256	12000	19500
257	19200	26700
258	6600	30300
259	6600	30300
260	15600	22500
261	12000	19500
262	6600	30300
263	26400	33900
264	26400	33900
265	15600	23100
266	8400	15900
267	6600	30300
268	12000	19500
269	8400	15300
270	4800	12300
271	15600	23100
272	19200	26700
273	15600	23100
274	26400	33900
275	26400	33900
276	12000	19500
277	6600	29700
278	19200	26700
279	15600	23100
280	19200	26700
281	26400	33900
282	12000	19500
283	12000	19500
284	12000	19500
285	22800	30300
286	8400	15900
287	6600	29700
288	19200	26700
289	4800	12300
290	6600	30300
291	15600	23100
292	12000	19500
293	12000	19500
294	22800	30300
295	6600	30300
296	26400	33900
297	4800	12300
298	4800	12300
299	4800	12300
300	19200	26700
301	8400	15900
302	13800	33900
303	13800	33900
304	15600	23100
305	12000	19500
306	12000	19500
307	8400	15900
308	19200	26700
309	4800	12300
310	22800	30300
311	15600	23100
312	22800	30300
313	13800	33900
314	19200	26700
315	15600	23100
316	22800	30300
317	13800	33900
318	8400	15900
319	15600	23100
320	15600	23100
321	15600	23100
322	15600	23100
323	13800	33900
324	26400	33900
325	12000	19500
326	4800	12300
327	22800	30300
328	12000	19500
329	15600	23100
330	8400	15900
331	4800	12300
332	6600	30300
333	19200	26700
334	22800	30300
335	26400	33900
336	13800	33900
337	8400	15900
338	8400	19500
339	6600	30300
340	12000	19500
341	22800	30300
342	12000	19500
343	19200	26700
344	8400	15900
345	22800	30300
346	12000	19500
347	15600	23100
348	12000	19500
349	8400	15900
350	4800	12300
351	8400	15900
352	22800	30300
353	19200	26700
354	15600	23100
355	8400	15900
356	8400	15900
357	6600	30300
358	15600	23100
359	6600	30300
360	12000	19500
361	12000	19500
362	26400	33900
363	15600	23100
364	8400	15900
365	12000	19500
366	12000	19500
367	6600	30300
368	22800	30300
369	15600	23100
370	12000	19500
371	6600	30300
372	6600	30300
373	6600	30300
374	30000	37500
375	12000	19500
376	15600	23100
377	12000	19500
378	22800	30300
379	12000	19500
380	19200	26700
381	8400	15900
382	15600	23100
383	12000	19500
384	13800	33900
385	15600	23100
386	26400	33900
387	12000	19500
388	12000	19500
389	22800	30300
390	8400	15900
391	4800	12300
392	12000	19500
393	19200	26700
394	19200	26700
395	13800	33900
396	19200	26700
397	8400	15900
398	12000	19500
399	4800	12300
400	19200	26700
401	22800	29700
402	8400	15900
403	12000	19500
404	26400	33900
405	8400	15900
406	8400	15900
407	13800	33900
408	19200	26700
409	15600	23100
410	12000	19500
411	26400	33900
412	13800	33900
413	19200	26700
414	12000	19500
415	15600	23100
416	26400	33900
417	15600	23100
418	8400	15900
419	22800	30300
420	26400	33900
421	26400	33900
422	19200	26700
423	26400	33900
424	6600	30300
425	13800	33300
426	12000	19500
427	22800	30300
428	19200	26700
429	12000	19500
430	15600	23100
431	19200	26700
432	12000	19500
433	8400	15900
434	8400	15900
435	6600	30300
436	8400	15900
437	12000	19500
438	12000	19500
439	15600	23100
440	12000	19500
441	6600	30300
442	12000	19500
443	19200	26700
444	13800	33900
445	13800	33900
446	8400	15900
447	15600	23100
448	15600	23100
449	15600	23100
450	15600	26700
451	12000	19500
452	12000	19500
453	8400	19500
454	22800	30300
455	26400	33900
456	12000	19500
457	13800	33900
458	26400	33900
459	15600	23100
460	8400	15900
461	8400	19500
462	26400	33900
463	26400	33900
464	22800	30300
465	8400	15900
466	13800	33900
467	8400	15900
468	26400	33900
469	15600	23100
470	13800	33900
471	8400	15900
472	13800	33900
473	8400	15900
474	19200	26700
475	13800	33900
476	8400	15900
477	22800	29700
478	8400	15900
479	8400	15900
480	26400	33900
481	8400	15900
482	8400	15900
483	22800	30300
484	13800	33900
485	6600	30300
486	15600	23100
487	15600	23100
488	15600	23100
489	6600	30300
490	12000	19500
491	22800	30300
492	12000	19500
493	12000	19500
494	15600	23100
495	13800	33900
496	19200	26700
497	8400	15900
498	15600	23100
499	8400	15900
500	8400	15900
501	8400	15900
502	12000	19500
503	8400	15900
504	8400	15900
505	22800	30300
506	26400	33900
507	8400	15900
508	15600	23100
509	12000	19500
510	19200	26700
511	8400	15900
512	15600	23100
513	8400	15900
514	22800	30300
515	15600	23100
516	15600	26700
517	12000	19500
518	15600	23100
519	8400	15900
520	8400	15300
521	15600	23100
522	12000	19500
523	12000	19500
524	13800	33900
525	19200	26700
526	19200	26700
527	15600	23100
528	12000	19500
529	8400	19500
530	19200	26700
531	26400	33900
532	8400	15900
533	22800	30300
534	19200	26700
535	22800	30300
536	19200	26700
537	26400	33900
538	30000	37500
539	19200	26700
540	15600	23100
541	22800	30300
542	12000	19500
543	8400	15900
544	15600	23100
545	12000	19500
546	19200	26700
547	12000	19500
548	15600	23100
549	19200	26700
550	8400	15900
551	12000	19500
552	19200	26700
553	15600	23100
554	19200	26700
555	8400	15300
556	8400	19500
557	22800	30300
558	19200	26700
559	8400	15900
560	22800	30300
561	12000	19500
562	12000	19500
563	22800	29700
564	8400	15900
565	13800	33900
566	12000	19500
567	15600	23100
568	12000	19500
569	19200	26700
570	15600	23100
571	13800	33900
572	15600	23100
573	15600	23100
574	22800	30300
575	15600	23100
576	13800	33900
577	26400	33900
578	12000	19500
579	13800	33900
580	12000	19500
581	8400	15900
582	6600	30300
583	12000	19500
584	19200	26700
585	15600	23100
586	15600	23100
587	19200	26700
588	15600	23100
589	26400	33900
590	30000	37500
591	8400	15900
592	19200	26700
593	12000	19500
594	6600	30300
595	12000	19500
596	13800	33900
597	15600	23100
598	12000	19500
599	12000	19500
600	30000	37500
601	19200	26700
602	19200	26700
603	8400	15900
604	6600	30300
605	12000	19500
606	13800	33900
607	19200	26700
608	12000	19500
609	15600	23100
610	13800	33900
611	26400	33900
612	26400	33900
613	12000	19500
614	6600	29700
615	12000	19500
616	15600	26700
617	22800	30300
618	12000	19500
619	8400	15900
620	12000	19500
621	19200	26700
622	12000	19500
623	12000	19500
624	26400	33900
625	15600	23100
626	12000	19500
627	12000	19500
628	6600	30300
629	22800	30300
630	8400	19500
631	6600	30300
632	22800	30300
633	26400	33900
634	22800	30300
635	6600	29700
636	22800	30300
637	26400	33900
638	22800	30300
639	12000	18900
640	12000	19500
641	19200	26700
642	15600	23100
643	6600	30300
644	8400	15900
645	13800	33900
646	22800	30300
647	19200	26700
648	8400	15900
649	19200	26700
650	22800	30300
651	15600	22500
652	15600	23100
653	26400	33900
654	12000	19500
655	19200	26700
656	19200	26700
657	13800	33900
658	19200	26700
659	19200	26700
660	12000	19500
661	12000	19500
662	22800	29700
663	13800	33900
664	26400	33900
665	12000	19500
666	22800	30300
667	13800	33900
668	12000	19500
669	22800	30300
670	19200	26700
671	12000	19500
672	22800	30300
673	15600	23100
674	12000	19500
675	15600	23100
676	22800	30300
677	13800	33900
678	22800	30300
679	26400	33900
680	12000	19500
681	22800	30300
682	19200	26700
683	19200	26700
684	13800	33900
685	15600	23100
686	15600	23100
687	26400	33900
688	19200	26700
689	13800	33900
690	19200	26700
691	26400	33900
692	12000	19500
693	19200	26700
694	19200	26700
695	15600	23100
696	15600	23100
697	19200	26700
698	12000	19500
699	15600	23100
700	15600	23100
701	15600	23100
702	12000	19500
703	19200	26700
704	19200	26700
705	15600	23100
706	30000	37500
707	12000	19500
708	13800	33900
709	19200	26700
710	22800	30300
711	15600	23100
712	12000	19500
713	15600	26700
714	15600	23100
715	15600	23100
716	12000	19500
717	22800	30300
718	22800	30300
719	12000	19500
720	8400	19500
721	13800	33300
722	13800	33900
723	12000	19500
724	15600	23100
725	6600	30300
726	12000	19500
727	12000	19500
728	12000	19500
729	22800	30300
730	26400	33900
731	15600	23100
732	26400	33900
733	15600	23100
734	13800	33900
735	13800	33900
736	6600	30300
737	15600	23100
738	19200	26700
739	15600	23100
740	19200	26700
741	12000	19500
742	6600	30300
743	6600	30300
744	22800	30300
745	26400	33900
746	12000	19500
747	6600	30300
748	26400	33900
749	13800	33900
750	26400	33900
751	6600	29700
752	13800	33900
753	19200	26700
754	26400	33900
755	8400	19500
756	26400	33900
757	15600	23100
758	19200	26700
759	22800	30300
760	6600	30300
761	12000	19500
762	15600	23100
763	22800	30300
764	22800	30300
765	15600	23100
766	19200	26700
767	15600	23100
768	22800	30300
769	12000	19500
770	22800	30300
771	15600	26700
772	15600	23100
773	6600	30300
774	26400	33900
775	13800	33900
776	13800	33900
777	15600	23100
778	19200	26700
779	15600	23100
780	19200	26700
781	13800	33900
782	19200	26700
783	22800	30300
784	15600	23100
785	26400	33900
786	12000	19500
787	15600	23100
788	19200	26700
789	13800	33900
790	13800	33900
791	22800	29700
792	30000	37500
793	19200	26700
794	15600	23100
795	12000	19500
796	15600	23100
797	6600	30300
798	19200	26700
799	15600	23100
800	6600	29700
801	19200	26700
802	22800	30300
803	13800	33900
804	12000	19500
805	12000	19500
806	12000	19500
807	6600	30300
808	12000	19500
809	15600	22500
810	12000	19500
811	12000	19500
812	6600	30300
813	13800	33900
814	26400	33900
815	15600	26700
816	19200	26700
817	15600	23100
818	13800	33900
819	12000	19500
820	12000	19500
821	15600	23100
822	15600	23100
823	13800	33900
824	26400	33900
825	15600	23100
826	15600	23100
827	15600	23100
828	6600	30300
829	13800	33900
830	19200	26700
831	30000	37500
832	22800	30300
833	15600	23100
834	26400	33900
835	15600	23100
836	6600	30300
837	19200	26700
838	19200	26700
839	15600	23100
840	15600	23100
841	6600	30300
842	22800	30300
843	22800	30300
844	22800	30300
845	19200	26700
846	15600	23100
847	13800	33900
848	19200	26700
849	13800	33900
850	26400	33900
851	19200	26700
852	15600	23100
853	15600	23100
854	15600	23100
855	19200	26700
856	26400	33900
857	19200	26700
858	22800	30300
859	13800	33900
860	15600	23100
861	15600	23100
862	13800	33900
863	22800	29700
864	15600	22500
865	26400	33900
866	13800	33900
867	15600	23100
868	13800	33900
869	6600	30300
870	19200	26700
871	13800	33900
872	22800	30300
873	13800	33900
874	15600	23100
875	30000	37500
876	6600	30300
877	15600	23100
878	19200	26700
879	15600	23100
880	15600	23100
881	19200	26700
882	15600	23100
883	19200	26700
884	22800	30300
885	15600	23100
886	22800	30300
887	15600	23100
888	13800	33900
889	19200	26700
890	26400	33900
891	22800	30300
892	22800	30300
893	26400	33900
894	15600	23100
895	26400	33900
896	15600	23100
897	26400	33900
898	6600	30300
899	19200	26700
900	22800	30300
901	30000	37500
902	19200	26700
903	6600	30300
904	26400	33900
905	13800	33900
906	6600	30300
907	26400	33900
908	26400	33900
909	19200	26700
910	15600	23100
911	6600	30300
912	19200	26700
913	22800	30300
914	19200	26700
915	15600	23100
916	13800	33900
917	13800	33900
918	6600	30300
919	30000	37500
920	15600	23100
921	13800	33900
922	6600	30300
923	26400	33900
924	15600	23100
925	6600	30300
926	26400	33900
927	6600	30300
928	19200	26700
929	6600	30300
930	6600	30300
931	22800	30300
932	26400	33900
933	26400	33900
934	26400	33900
935	22800	30300
936	26400	33900
937	26400	33900
938	15600	26700
939	15600	26700
940	19200	26700
941	19200	26700
942	6600	30300
943	22800	30300
944	15600	23100
945	6600	30300
946	19200	26700
947	13800	33900
948	22800	30300
949	26400	33900
950	26400	33900
951	6600	30300
952	13800	33900
953	26400	33900
954	6600	30300
955	13800	33900
956	19200	26700
957	22800	30300
958	19200	26700
959	19200	26700
960	26400	33900
961	19200	26700
962	19200	26700
963	19200	26700
964	13800	33900
965	6600	30300
966	19200	26700
967	30000	37500
968	13800	33300
969	19200	26700
970	6600	30300
971	22800	30300
972	6600	30300
973	19200	26700
974	22800	29700
975	26400	33900
976	26400	33900
977	22800	30300
978	6600	30300
979	13800	33900
980	13800	33900
981	26400	33900
982	19200	26700
983	19200	26700
984	19200	26700
985	13800	33900
986	22800	30300
987	22800	30300
988	19200	26700
989	19200	26700
990	26400	33900
991	22800	30300
992	26400	33900
993	26400	33900
994	13800	33900
995	13800	33900
996	13800	33900
997	22800	30300
998	22800	30300
999	6600	30300
1000	22800	30300
1001	13800	33900
1002	19200	26700
1003	6600	30300
1004	13800	33900
1005	19200	26700
1006	15600	26700
1007	22800	30300
1008	26400	33900
1009	6600	30300
1010	22800	30300
1011	26400	33900
1012	19200	26700
1013	22800	30300
1014	19200	26700
1015	13800	33900
1016	22800	30300
1017	13800	33900
1018	13800	33900
1019	22800	30300
1020	26400	33900
1021	22800	30300
1022	6600	30300
1023	19200	26700
1024	19200	26700
1025	6600	30300
1026	13800	33900
1027	26400	33900
1028	6600	30300
1029	26400	33900
1030	13800	33900
1031	30000	37500
1032	19200	26700
1033	19200	26700
1034	26400	33900
1035	26400	33900
1036	22800	30300
1037	13800	33900
1038	6600	30300
1039	19200	26700
1040	22800	30300
1041	6600	30300
1042	26400	33900
1043	6600	29700
1044	26400	33900
1045	13800	33900
1046	13800	33900
1047	22800	30300
1048	26400	33900
1049	26400	33900
1050	6600	30300
1051	26400	33900
1052	13800	33900
1053	6600	30300
1054	6600	30300
1055	6600	30300
1056	13800	33900
1057	26400	33900
1058	22800	30300
1059	13800	33900
1060	30000	37500
1061	13800	33300
1062	6600	30300
1063	26400	33900
1064	26400	33900
1065	26400	33900
1066	13800	33900
1067	6600	30300
1068	6600	30300
1069	6600	30300
1070	22800	30300
1071	26400	33900
1072	26400	33900
1073	13800	33900
1074	26400	33900
1075	22800	30300
1076	22800	30300
1077	6600	30300
1078	26400	33900
1079	22800	30300
1080	13800	33900
1081	22800	30300
1082	13800	33900
1083	22800	30300
1084	13800	33900
1085	26400	33900
1086	26400	33900
1087	22800	30300
1088	26400	33900
1089	22800	30300
1090	13800	33900
1091	26400	33900
1092	26400	33900
1093	22800	30300
1094	13800	33900
1095	26400	33900
1096	26400	33900
1097	6600	30300
1098	26400	33900
1099	6600	30300
1100	26400	33900
1101	6600	30300
1102	26400	33900
1103	6600	30300
RELEASE_TIME_SECTION
1	0
2	3600
3	3600
4	3600
5	3600
6	3600
7	3600
8	3600
9	3600
10	3600
11	3600
12	3600
13	3600
14	3600
15	3600
16	3600
17	3600
18	3600
19	3600
20	3600
21	3600
22	3600
23	3600
24	3600
25	3600
26	3600
27	3600
28	3600
29	3600
30	3600
31	3600
32	3600
33	3600
34	3600
35	3600
36	3600
37	3600
38	3600
39	3600
40	3600
41	3600
42	3600
43	3600
44	3600
45	3600
46	3600
47	3600
48	3600
49	3600
50	3600
51	3600
52	3600
53	3600
54	3600
55	3600
56	3600
57	3600
58	3600
59	3600
60	3600
61	3600
62	3600
63	3600
64	3600
65	3600
66	3600
67	3600
68	3600
69	3600
70	3600
71	3600
72	3600
73	3600
74	3600
75	3600
76	3600
77	3600
78	3600
79	3600
80	3600
81	3600
82	3600
83	3600
84	3600
85	3600
86	3600
87	3600
88	3600
89	3600
90	3600
91	3600
92	3600
93	3600
94	3600
95	3600
96	3600
97	3600
98	3600
99	3600
100	3600
101	3600
102	5400
103	5400
104	5400
105	5400
106	5400
107	5400
108	5400
109	5400
110	5400
111	5400
112	5400
113	5400
114	5400
115	5400
116	5400
117	5400
118	5400
119	5400
120	5400
121	5400
122	5400
123	5400
124	5400
125	5400
126	5400
127	5400
128	5400
129	5400
130	5400
131	5400
132	5400
133	5400
134	5400
135	5400
136	5400
137	5400
138	5400
139	5400
140	5400
141	5400
142	5400
143	5400
144	5400
145	5400
146	5400
147	5400
148	5400
149	5400
150	5400
151	5400
152	5400
153	5400
154	5400
155	5400
156	5400
157	5400
158	5400
159	5400
160	5400
161	5400
162	5400
163	5400
164	5400
165	5400
166	5400
167	5400
168	5400
169	5400
170	5400
171	5400
172	5400
173	5400
174	5400
175	5400
176	5400
177	5400
178	5400
179	5400
180	5400
181	5400
182	5400
183	5400
184	5400
185	5400
186	5400
187	5400
188	5400
189	5400
190	5400
191	5400
192	5400
193	5400
194	5400
195	5400
196	5400
197	5400
198	5400
199	5400
200	5400
201	5400
202	7200
203	7200
204	7200
205	7200
206	7200
207	7200
208	7200
209	7200
210	7200
211	7200
212	7200
213	7200
214	7200
215	7200
216	7200
217	7200
218	7200
219	7200
220	7200
221	7200
222	7200
223	7200
224	7200
225	7200
226	7200
227	7200
228	7200
229	7200
230	7200
231	7200
232	7200
233	7200
234	7200
235	7200
236	7200
237	7200
238	7200
239	7200
240	7200
241	7200
242	7200
243	7200
244	7200
245	7200
246	7200
247	7200
248	7200
249	7200
250	7200
251	7200
252	7200
253	7200
254	7200
255	7200
256	7200
257	7200
258	7200
259	7200
260	7200
261	7200
262	7200
263	7200
264	7200
265	7200
266	7200
267	7200
268	7200
269	7200
270	7200
271	7200
272	7200
273	7200
274	7200
275	7200
276	7200
277	7200
278	7200
279	7200
280	7200
281	7200
282	7200
283	7200
284	7200
285	7200
286	7200
287	7200
288	7200
289	7200
290	7200
291	7200
292	7200
293	7200
294	7200
295	7200
296	7200
297	7200
298	7200
299	7200
300	7200
301	7200
302	9000
303	9000
304	9000
305	9000
306	9000
307	9000
308	9000
309	9000
310	9000
311	9000
312	9000
313	9000
314	9000
315	9000
316	9000
317	9000
318	9000
319	9000
320	9000
321	9000
322	9000
323	9000
324	9000
325	9000
326	9000
327	9000
328	9000
329	9000
330	9000
331	9000
332	9000
333	9000
334	9000
335	9000
336	9000
337	9000
338	9000
339	9000
340	9000
341	9000
342	9000
343	9000
344	9000
345	9000
346	9000
347	9000
348	9000
349	9000
350	9000
351	9000
352	9000
353	9000
354	9000
355	9000
356	9000
357	9000
358	9000
359	9000
360	9000
361	9000
362	9000
363	9000
364	9000
365	9000
366	9000
367	9000
368	9000
369	9000
370	9000
371	9000
372	9000
373	9000
374	9000
375	9000
376	9000
377	9000
378	9000
379	9000
380	9000
381	9000
382	9000
383	9000
384	9000
385	9000
386	9000
387	9000
388	9000
389	9000
390	9000
391	9000
392	9000
393	9000
394	9000
395	9000
396	9000
397	9000
398	9000
399	9000
400	9000
401	9000
402	10800
403	10800
404	10800
405	10800
406	10800
407	10800
408	10800
409	10800
410	10800
411	10800
412	10800
413	10800
414	10800
415	10800
416	10800
417	10800
418	10800
419	10800
420	10800
421	10800
422	10800
423	10800
424	10800
425	10800
426	10800
427	10800
428	10800
429	10800
430	10800
431	10800
432	10800
433	10800
434	10800
435	10800
436	10800
437	10800
438	10800
439	10800
440	10800
441	10800
442	10800
443	10800
444	10800
445	10800
446	10800
447	10800
448	10800
449	10800
450	10800
451	10800
452	10800
453	10800
454	10800
455	10800
456	10800
457	10800
458	10800
459	10800
460	10800
461	10800
462	10800
463	10800
464	10800
465	10800
466	10800
467	10800
468	10800
469	10800
470	10800
471	10800
472	10800
473	10800
474	10800
475	10800
476	10800
477	10800
478	10800
479	10800
480	10800
481	10800
482	10800
483	10800
484	10800
485	10800
486	10800
487	10800
488	10800
489	10800
490	10800
491	10800
492	10800
493	10800
494	10800
495	10800
496	10800
497	10800
498	10800
499	12600
500	12600
501	12600
502	12600
503	12600
504	12600
505	12600
506	12600
507	12600
508	12600
509	12600
510	12600
511	12600
512	12600
513	12600
514	12600
515	12600
516	12600
517	12600
518	12600
519	12600
520	12600
521	12600
522	12600
523	12600
524	12600
525	12600
526	12600
527	12600
528	12600
529	12600
530	12600
531	12600
532	12600
533	12600
534	12600
535	12600
536	12600
537	12600
538	12600
539	12600
540	12600
541	12600
542	12600
543	12600
544	12600
545	12600
546	12600
547	12600
548	12600
549	12600
550	12600
551	12600
552	12600
553	12600
554	12600
555	12600
556	12600
557	12600
558	12600
559	12600
560	12600
561	12600
562	12600
563	12600
564	12600
565	12600
566	12600
567	12600
568	12600
569	12600
570	12600
571	12600
572	12600
573	12600
574	12600
575	12600
576	12600
577	12600
578	12600
579	12600
580	12600
581	12600
582	12600
583	12600
584	12600
585	12600
586	14400
587	14400
588	14400
589	14400
590	14400
591	14400
592	14400
593	14400
594	14400
595	14400
596	14400
597	14400
598	14400
599	14400
600	14400
601	14400
602	14400
603	14400
604	14400
605	14400
606	14400
607	14400
608	14400
609	14400
610	14400
611	14400
612	14400
613	14400
614	14400
615	14400
616	14400
617	14400
618	14400
619	14400
620	14400
621	14400
622	14400
623	14400
624	14400
625	14400
626	14400
627	14400
628	14400
629	14400
630	14400
631	14400
632	14400
633	14400
634	14400
635	14400
636	14400
637	14400
638	14400
639	14400
640	14400
641	14400
642	14400
643	14400
644	14400
645	14400
646	14400
647	14400
648	14400
649	14400
650	14400
651	14400
652	14400
653	14400
654	14400
655	14400
656	14400
657	14400
658	14400
659	14400
660	14400
661	14400
662	14400
663	14400
664	14400
665	14400
666	14400
667	14400
668	14400
669	14400
670	14400
671	14400
672	16200
673	16200
674	16200
675	16200
676	16200
677	16200
678	16200
679	16200
680	16200
681	16200
682	16200
683	16200
684	16200
685	16200
686	16200
687	16200
688	16200
689	16200
690	16200
691	16200
692	16200
693	16200
694	16200
695	16200
696	16200
697	16200
698	16200
699	16200
700	16200
701	16200
702	16200
703	16200
704	16200
705	16200
706	16200
707	16200
708	16200
709	16200
710	16200
711	16200
712	16200
713	16200
714	16200
715	16200
716	16200
717	16200
718	16200
719	16200
720	16200
721	16200
722	16200
723	16200
724	16200
725	16200
726	16200
727	16200
728	16200
729	16200
730	16200
731	16200
732	16200
733	16200
734	16200
735	16200
736	16200
737	16200
738	16200
739	16200
740	16200
741	16200
742	16200
743	16200
744	16200
745	16200
746	16200
747	16200
748	16200
749	16200
750	16200
751	16200
752	18000
753	18000
754	18000
755	18000
756	18000
757	18000
758	18000
759	18000
760	18000
761	18000
762	18000
763	18000
764	18000
765	18000
766	18000
767	18000
768	18000
769	18000
770	18000
771	18000
772	18000
773	18000
774	18000
775	18000
776	18000
777	18000
778	18000
779	18000
780	18000
781	18000
782	18000
783	18000
784	18000
785	18000
786	18000
787	18000
788	18000
789	18000
790	18000
791	18000
792	18000
793	18000
794	18000
795	18000
796	18000
797	18000
798	18000
799	18000
800	18000
801	18000
802	18000
803	18000
804	18000
805	18000
806	18000
807	18000
808	18000
809	18000
810	18000
811	18000
812	18000
813	18000
814	18000
815	18000
816	18000
817	18000
818	18000
819	18000
820	18000
821	18000
822	19800
823	19800
824	19800
825	19800
826	19800
827	19800
828	19800
829	19800
830	19800
831	19800
832	19800
833	19800
834	19800
835	19800
836	19800
837	19800
838	19800
839	19800
840	19800
841	19800
842	19800
843	19800
844	19800
845	19800
846	19800
847	19800
848	19800
849	19800
850	19800
851	19800
852	19800
853	19800
854	19800
855	19800
856	19800
857	19800
858	19800
859	19800
860	19800
861	19800
862	19800
863	19800
864	19800
865	19800
866	19800
867	19800
868	19800
869	19800
870	19800
871	19800
872	19800
873	19800
874	19800
875	19800
876	19800
877	19800
878	19800
879	19800
880	19800
881	19800
882	19800
883	21600
884	21600
885	21600
886	21600
887	21600
888	21600
889	21600
890	21600
891	21600
892	21600
893	21600
894	21600
895	21600
896	21600
897	21600
898	21600
899	21600
900	21600
901	21600
902	21600
903	21600
904	21600
905	21600
906	21600
907	21600
908	21600
909	21600
910	21600
911	21600
912	21600
913	21600
914	21600
915	21600
916	21600
917	21600
918	21600
919	21600
920	21600
921	21600
922	21600
923	21600
924	21600
925	21600
926	21600
927	21600
928	21600
929	21600
930	21600
931	21600
932	21600
933	21600
934	21600
935	21600
936	21600
937	21600
938	21600
939	21600
940	21600
941	21600
942	21600
943	21600
944	21600
945	21600
946	23400
947	23400
948	23400
949	23400
950	23400
951	23400
952	23400
953	23400
954	23400
955	23400
956	23400
957	23400
958	23400
959	23400
960	23400
961	23400
962	23400
963	23400
964	23400
965	23400
966	23400
967	23400
968	23400
969	23400
970	23400
971	23400
972	23400
973	23400
974	23400
975	23400
976	23400
977	23400
978	23400
979	23400
980	23400
981	23400
982	23400
983	23400
984	23400
985	23400
986	23400
987	23400
988	23400
989	23400
990	23400
991	25200
992	25200
993	25200
994	25200
995	25200
996	25200
997	25200
998	25200
999	25200
1000	25200
1001	25200
1002	25200
1003	25200
1004	25200
1005	25200
1006	25200
1007	25200
1008	25200
1009	25200
1010	25200
1011	25200
1012	25200
1013	25200
1014	25200
1015	25200
1016	25200
1017	25200
1018	25200
1019	25200
1020	25200
1021	25200
1022	25200
1023	25200
1024	25200
1025	25200
1026	25200
1027	25200
1028	25200
1029	25200
1030	25200
1031	25200
1032	25200
1033	25200
1034	25200
1035	25200
1036	25200
1037	25200
1038	25200
1039	25200
1040	27000
1041	27000
1042	27000
1043	27000
1044	27000
1045	27000
1046	27000
1047	27000
1048	27000
1049	27000
1050	27000
1051	27000
1052	27000
1053	27000
1054	27000
1055	27000
1056	27000
1057	27000
1058	27000
1059	27000
1060	27000
1061	27000
1062	27000
1063	27000
1064	27000
1065	27000
1066	27000
1067	27000
1068	27000
1069	27000
1070	27000
1071	27000
1072	27000
1073	27000
1074	27000
1075	27000
1076	27000
1077	27000
1078	28800
1079	28800
1080	28800
1081	28800
1082	28800
1083	28800
1084	28800
1085	28800
1086	28800
1087	28800
1088	28800
1089	28800
1090	28800
1091	28800
1092	28800
1093	28800
1094	28800
1095	28800
1096	28800
1097	28800
1098	28800
1099	28800
1100	28800
1101	28800
1102	28800
1103	28800
EOF
