NAME : ORTEC-VRPTW-ASYM-4d88728c-d1-n794
TYPE : VRPTW-RT
DIMENSION : 795
EDGE_WEIGHT_TYPE : EUC_2D
CAPACITY : 145
NODE_COORD_SECTION
1	1303	4791
2	902	2025
3	399	3368
4	771	2378
5	785	4777
6	911	4467
7	284	5124
8	701	2389
9	875	2483
10	707	5443
11	938	4766
12	988	4796
13	808	2136
14	1156	705
15	808	4175
16	661	4354
17	694	4615
18	603	3679
19	291	1379
20	890	4838
21	539	4363
22	460	3169
23	730	4283
24	977	973
25	892	1966
26	969	5061
27	187	3387
28	868	3966
29	749	1916
30	695	2213
31	694	4615
32	931	1361
33	707	5443
34	257	3940
35	748	4357
36	422	3179
37	837	3917
38	457	1481
39	356	5009
40	785	2262
41	361	844
42	855	5583
43	609	4005
44	714	2237
45	883	5454
46	432	785
47	977	973
48	704	5588
49	801	5458
50	739	1325
51	553	1682
52	250	4955
53	548	1895
54	1108	5687
55	1193	5672
56	1138	5459
57	881	4524
58	854	5521
59	1069	5008
60	95	3412
61	988	4796
62	0	4649
63	713	4215
64	531	5656
65	845	1696
66	463	3922
67	469	4005
68	826	3735
69	972	3979
70	931	1361
71	704	5588
72	569	4047
73	806	5339
74	361	844
75	667	5501
76	832	2437
77	568	2358
78	891	4788
79	539	4363
80	631	957
81	313	4922
82	788	4693
83	805	533
84	407	3978
85	988	4583
86	972	3979
87	967	1974
88	1156	705
89	896	5721
90	611	5598
91	479	1864
92	1073	4447
93	568	2358
94	328	3898
95	467	3861
96	885	4800
97	465	5287
98	683	2125
99	477	4065
100	569	4047
101	711	4155
102	1181	5605
103	358	3287
104	729	2255
105	448	3286
106	338	1478
107	788	4693
108	826	3735
109	644	5018
110	970	4890
111	783	5618
112	550	4210
113	902	4404
114	675	4323
115	709	2171
116	257	3940
117	891	4788
118	1156	705
119	470	3431
120	868	3966
121	732	5742
122	802	5519
123	448	4151
124	660	4818
125	845	1696
126	578	4111
127	1014	2069
128	866	4648
129	689	5431
130	785	4777
131	257	3940
132	1097	4959
133	969	5061
134	881	4524
135	560	2045
136	524	4604
137	942	4815
138	937	4795
139	586	3968
140	469	4005
141	695	2213
142	396	3921
143	183	3357
144	460	3169
145	457	4415
146	967	1974
147	701	2389
148	486	3703
149	843	4763
150	413	4510
151	906	2456
152	788	4693
153	603	3679
154	425	4102
155	839	5715
156	424	5089
157	458	3970
158	783	1885
159	788	4693
160	313	4922
161	1097	4959
162	1057	5525
163	945	2060
164	592	4316
165	1108	5687
166	732	5742
167	714	2038
168	713	4215
169	544	1602
170	380	4502
171	666	930
172	960	4953
173	826	3735
174	328	3898
175	715	5690
176	637	2202
177	604	4052
178	824	4456
179	860	5781
180	960	4326
181	297	5070
182	1156	705
183	650	3993
184	736	1579
185	709	2171
186	546	4420
187	777	1176
188	801	5458
189	871	1631
190	711	4155
191	938	4766
192	934	4889
193	902	4404
194	250	4955
195	319	3471
196	667	5501
197	808	2136
198	675	4323
199	528	4173
200	767	4983
201	508	1764
202	484	3984
203	842	4898
204	796	3732
205	447	4007
206	425	4102
207	965	1527
208	850	2290
209	714	2237
210	539	4363
211	988	4583
212	631	957
213	613	4025
214	815	4687
215	307	3823
216	752	5526
217	450	1425
218	944	5728
219	743	2222
220	454	4194
221	446	3469
222	425	3663
223	643	4470
224	847	1216
225	737	4339
226	227	3329
227	881	4524
228	828	3940
229	772	4042
230	1071	4776
231	535	4350
232	731	3834
233	508	1764
234	460	3169
235	425	3663
236	1057	5525
237	596	4159
238	875	996
239	944	5142
240	437	5361
241	313	4922
242	965	1527
243	898	4713
244	868	4596
245	467	3861
246	785	4777
247	425	3663
248	448	3286
249	735	1618
250	368	3141
251	783	5618
252	828	3940
253	584	4042
254	977	973
255	400	3551
256	611	5598
257	711	4155
258	1054	4881
259	343	5320
260	465	5287
261	707	5443
262	664	1670
263	335	3324
264	553	1682
265	732	5742
266	923	4844
267	1097	4959
268	446	3469
269	663	4096
270	950	4989
271	544	1602
272	268	3248
273	1015	5039
274	670	2300
275	847	1216
276	853	5371
277	822	5598
278	524	4604
279	1156	705
280	923	4844
281	773	1828
282	923	4844
283	743	2222
284	644	5018
285	752	5526
286	306	5082
287	584	4042
288	977	973
289	343	5320
290	631	957
291	1100	1905
292	0	4649
293	560	2045
294	934	5680
295	596	4164
296	750	4554
297	1330	45
298	739	1325
299	1097	4959
300	491	4032
301	678	5358
302	883	3729
303	972	3979
304	709	2171
305	826	2399
306	746	5137
307	944	5030
308	737	4339
309	713	4215
310	437	5361
311	446	3469
312	858	5638
313	425	4102
314	1071	4776
315	0	4649
316	714	2237
317	153	4109
318	650	3993
319	930	2502
320	383	1406
321	925	5115
322	854	5521
323	791	5316
324	737	2215
325	486	3703
326	183	4169
327	995	5138
328	465	5287
329	605	1983
330	854	5521
331	95	3412
332	866	4648
333	772	4042
334	524	4604
335	1068	4723
336	881	2218
337	851	5074
338	136	3220
339	419	4637
340	1071	4776
341	837	5357
342	747	4842
343	718	547
344	469	4005
345	801	4968
346	925	5115
347	179	4859
348	136	3220
349	988	5634
350	458	3970
351	579	1156
352	964	1648
353	407	3978
354	538	1813
355	586	3968
356	566	4036
357	768	5476
358	1077	997
359	944	5142
360	447	4007
361	739	1325
362	592	4316
363	911	4851
364	509	3875
365	675	4323
366	487	4548
367	746	5137
368	950	4989
369	641	4946
370	898	4713
371	661	4354
372	670	2300
373	675	2508
374	305	886
375	944	5728
376	753	4296
377	1148	5602
378	810	2372
379	800	5650
380	883	3729
381	1138	5459
382	1013	4870
383	731	3834
384	1024	916
385	463	3922
386	630	4088
387	902	4404
388	984	4029
389	969	5061
390	448	3286
391	95	3412
392	1097	4959
393	964	1648
394	569	4047
395	187	3387
396	714	2038
397	678	5358
398	644	5018
399	682	3989
400	713	4215
401	470	3431
402	701	2389
403	714	2038
404	524	4604
405	740	1581
406	934	4889
407	422	3179
408	580	4105
409	883	3729
410	635	1114
411	938	4766
412	613	4025
413	576	4145
414	944	4778
415	450	1425
416	930	2502
417	657	1957
418	682	3989
419	444	2048
420	955	4234
421	906	2456
422	170	3187
423	675	4323
424	609	1987
425	662	3993
426	872	4885
427	735	1618
428	922	5028
429	535	5529
430	801	1996
431	568	2358
432	507	5234
433	1156	705
434	486	3703
435	822	5598
436	746	5137
437	500	3652
438	822	5598
439	444	2048
440	220	4944
441	388	3736
442	871	1631
443	640	4213
444	380	4502
445	948	2364
446	358	3287
447	919	4813
448	883	3729
449	944	4778
450	855	5583
451	911	3906
452	579	1156
453	870	5409
454	995	2288
455	922	4208
456	785	2262
457	1130	732
458	250	4955
459	343	5320
460	934	4889
461	1045	5617
462	662	3993
463	682	3989
464	960	4953
465	930	2502
466	284	3390
467	786	4118
468	657	1957
469	839	5715
470	788	4346
471	1068	4723
472	847	2032
473	1013	4870
474	753	4224
475	839	5715
476	740	1581
477	220	4944
478	911	3906
479	902	4404
480	870	5409
481	902	2025
482	694	4615
483	1060	5611
484	284	3390
485	893	4777
486	683	2125
487	893	4777
488	801	5458
489	579	1156
490	882	4796
491	328	3898
492	650	3993
493	325	3531
494	183	3357
495	215	3495
496	653	1534
497	938	4766
498	1108	5687
499	635	1114
500	1045	5617
501	586	3968
502	689	5431
503	592	4316
504	837	5357
505	388	3736
506	0	4649
507	0	4649
508	984	4029
509	183	4169
510	931	1361
511	469	4005
512	246	3604
513	358	3287
514	960	4326
515	432	785
516	792	4011
517	892	1966
518	650	3993
519	1067	5417
520	960	4326
521	858	3847
522	736	1579
523	512	3318
524	291	1379
525	890	4838
526	731	3834
527	426	830
528	469	4005
529	160	3458
530	911	4851
531	735	1618
532	1096	5551
533	1018	5171
534	657	1957
535	890	4838
536	1069	5008
537	810	2372
538	988	4796
539	922	4208
540	380	4502
541	718	547
542	454	4194
543	1054	4881
544	675	2508
545	800	5650
546	1096	5551
547	925	5115
548	284	3390
549	1013	5304
550	1071	4776
551	773	1828
552	902	4404
553	343	5320
554	586	3968
555	465	5287
556	612	5140
557	1067	5417
558	1013	5304
559	808	4175
560	1020	5459
561	470	3431
562	403	1083
563	503	2140
564	902	4404
565	911	4467
566	458	3970
567	426	830
568	257	3940
569	799	2413
570	1097	4959
571	914	5654
572	785	4777
573	896	5721
574	718	547
575	923	4844
576	297	5070
577	937	4795
578	711	4155
579	807	5415
580	588	2129
581	1077	5519
582	891	4788
583	842	2199
584	576	4145
585	837	5357
586	1008	4454
587	753	4224
588	567	1922
589	885	4800
590	1097	4959
591	785	4777
592	284	5124
593	361	844
594	970	4890
595	773	1828
596	631	957
597	567	1922
598	741	1904
599	284	5124
600	580	4105
601	535	4350
602	426	830
603	701	2389
604	1181	5605
605	592	4316
606	898	4713
607	560	2045
608	600	1157
609	714	2038
610	227	3329
611	803	1981
612	307	3823
613	388	3736
614	182	3584
615	988	5634
616	650	3993
617	736	5312
618	711	4155
619	748	4357
620	988	5634
621	972	3979
622	988	4796
623	858	3847
624	183	4169
625	250	4955
626	491	4032
627	1193	5672
628	636	1567
629	715	4118
630	754	4165
631	896	5721
632	507	3356
633	885	4800
634	663	4096
635	657	1957
636	802	1963
637	885	4800
638	609	4005
639	914	5654
640	484	3984
641	524	3975
642	828	3940
643	683	2125
644	215	3495
645	754	4165
646	687	2235
647	611	5598
648	467	3861
649	748	4357
650	892	1966
651	847	2032
652	592	4316
653	487	4432
654	520	4198
655	772	4042
656	486	3703
657	970	4890
658	714	2237
659	824	4456
660	268	3248
661	631	957
662	568	2358
663	942	4815
664	799	2413
665	325	3531
666	881	4524
667	718	547
668	507	3356
669	588	2129
670	250	4955
671	1077	997
672	655	1208
673	600	1157
674	815	4687
675	425	3663
676	741	1904
677	749	1916
678	596	4164
679	1073	4447
680	635	1114
681	630	4088
682	1057	5525
683	937	4795
684	898	4713
685	215	3495
686	970	4890
687	399	3368
688	675	2508
689	437	5361
690	328	3898
691	653	1534
692	743	2222
693	742	5545
694	881	2218
695	752	5526
696	381	5268
697	808	4175
698	737	4706
699	1148	5602
700	305	886
701	911	3906
702	570	1148
703	1064	493
704	771	2378
705	657	1957
706	894	4230
707	220	4944
708	875	2483
709	570	1148
710	183	4169
711	1100	1905
712	457	1481
713	446	3469
714	609	1987
715	892	1966
716	1091	0
717	988	4583
718	328	3898
719	870	5409
720	187	3246
721	872	4154
722	453	5278
723	637	2202
724	179	4859
725	469	4005
726	750	4554
727	457	1481
728	1077	5519
729	567	1922
730	136	3810
731	1054	4881
732	842	2199
733	220	4944
734	609	4005
735	772	4042
736	600	1157
737	842	2199
738	187	3387
739	307	3823
740	636	1567
741	988	4583
742	509	3875
743	662	3993
744	811	3940
745	1014	2069
746	424	5089
747	988	4796
748	578	4111
749	752	5526
750	566	960
751	965	1527
752	938	4766
753	754	4165
754	981	4775
755	313	4922
756	824	4456
757	684	3863
758	526	3692
759	544	1602
760	484	3984
761	948	2364
762	912	4659
763	805	533
764	465	5287
765	678	5358
766	466	3318
767	785	2262
768	560	2045
769	605	1983
770	875	996
771	1008	4454
772	715	4118
773	550	4210
774	312	3341
775	884	2244
776	227	3329
777	425	4102
778	325	3531
779	747	4842
780	187	3246
781	419	4637
782	136	3220
783	183	4169
784	312	3341
785	687	2235
786	1097	4959
787	872	4885
788	246	3604
789	1077	997
790	803	1981
791	335	3324
792	1008	4454
793	569	4047
794	736	1579
795	675	4323
DEMAND_SECTION
1	0
2	6
3	3
4	8
5	3
6	5
7	7
8	7
9	6
10	3
11	5
12	8
13	4
14	8
15	4
16	6
17	7
18	7
19	5
20	6
21	9
22	5
23	7
24	7
25	2
26	7
27	8
28	10
29	2
30	5
31	8
32	6
33	3
34	6
35	7
36	4
37	8
38	6
39	12
40	3
41	8
42	6
43	16
44	7
45	4
46	7
47	5
48	7
49	7
50	7
51	11
52	5
53	9
54	20
55	5
56	9
57	7
58	11
59	6
60	7
61	6
62	8
63	9
64	7
65	7
66	4
67	4
68	6
69	5
70	3
71	6
72	7
73	5
74	7
75	6
76	3
77	6
78	5
79	4
80	3
81	4
82	4
83	7
84	3
85	7
86	10
87	6
88	4
89	3
90	7
91	5
92	5
93	5
94	13
95	6
96	7
97	7
98	5
99	6
100	9
101	6
102	9
103	8
104	3
105	6
106	5
107	5
108	4
109	5
110	9
111	9
112	4
113	3
114	9
115	4
116	7
117	4
118	9
119	4
120	3
121	9
122	8
123	10
124	5
125	4
126	8
127	8
128	5
129	6
130	7
131	4
132	8
133	11
134	3
135	8
136	6
137	3
138	6
139	4
140	6
141	6
142	7
143	6
144	4
145	11
146	11
147	6
148	7
149	7
150	7
151	7
152	17
153	4
154	9
155	8
156	6
157	7
158	4
159	5
160	7
161	4
162	7
163	4
164	8
165	8
166	4
167	3
168	2
169	10
170	3
171	8
172	4
173	5
174	3
175	5
176	8
177	2
178	5
179	4
180	4
181	2
182	5
183	8
184	4
185	5
186	5
187	6
188	12
189	6
190	8
191	5
192	7
193	4
194	5
195	7
196	4
197	8
198	11
199	5
200	6
201	5
202	7
203	4
204	3
205	9
206	4
207	3
208	5
209	7
210	3
211	8
212	5
213	4
214	6
215	5
216	3
217	3
218	7
219	8
220	7
221	12
222	6
223	4
224	5
225	4
226	5
227	7
228	10
229	4
230	5
231	4
232	7
233	10
234	5
235	6
236	17
237	8
238	13
239	7
240	10
241	5
242	4
243	9
244	5
245	8
246	8
247	4
248	8
249	8
250	4
251	6
252	9
253	8
254	7
255	20
256	4
257	6
258	8
259	9
260	11
261	10
262	6
263	6
264	3
265	3
266	5
267	12
268	6
269	4
270	7
271	12
272	8
273	4
274	6
275	6
276	3
277	8
278	3
279	4
280	7
281	5
282	4
283	10
284	5
285	6
286	2
287	8
288	3
289	6
290	7
291	3
292	6
293	3
294	3
295	3
296	7
297	8
298	5
299	6
300	6
301	7
302	11
303	2
304	12
305	8
306	6
307	7
308	3
309	5
310	10
311	8
312	7
313	3
314	8
315	7
316	7
317	5
318	3
319	8
320	7
321	7
322	9
323	7
324	6
325	12
326	8
327	10
328	3
329	5
330	6
331	5
332	6
333	6
334	3
335	5
336	8
337	11
338	4
339	9
340	6
341	3
342	4
343	5
344	5
345	3
346	2
347	7
348	5
349	4
350	9
351	5
352	5
353	6
354	4
355	5
356	4
357	5
358	5
359	3
360	9
361	5
362	7
363	5
364	5
365	10
366	6
367	4
368	5
369	10
370	4
371	8
372	6
373	5
374	5
375	8
376	4
377	5
378	6
379	6
380	5
381	6
382	9
383	8
384	7
385	8
386	4
387	4
388	7
389	5
390	6
391	2
392	6
393	5
394	11
395	13
396	6
397	8
398	6
399	5
400	6
401	4
402	9
403	2
404	6
405	5
406	9
407	4
408	5
409	7
410	6
411	11
412	5
413	3
414	9
415	9
416	4
417	5
418	4
419	3
420	7
421	6
422	6
423	4
424	8
425	8
426	6
427	9
428	4
429	9
430	3
431	7
432	5
433	3
434	8
435	4
436	12
437	5
438	7
439	6
440	7
441	8
442	5
443	2
444	5
445	6
446	9
447	8
448	4
449	5
450	16
451	6
452	5
453	5
454	2
455	8
456	5
457	4
458	6
459	8
460	4
461	6
462	5
463	6
464	5
465	5
466	7
467	7
468	9
469	6
470	11
471	5
472	6
473	5
474	4
475	6
476	4
477	4
478	4
479	7
480	9
481	6
482	8
483	6
484	3
485	11
486	6
487	5
488	6
489	3
490	5
491	4
492	3
493	3
494	5
495	12
496	10
497	3
498	4
499	5
500	5
501	6
502	6
503	7
504	2
505	6
506	3
507	7
508	5
509	3
510	5
511	8
512	6
513	5
514	3
515	6
516	6
517	4
518	2
519	3
520	6
521	4
522	8
523	6
524	6
525	8
526	6
527	7
528	8
529	12
530	2
531	10
532	7
533	4
534	7
535	7
536	10
537	3
538	5
539	7
540	11
541	4
542	9
543	6
544	3
545	5
546	5
547	5
548	6
549	4
550	6
551	5
552	13
553	10
554	5
555	3
556	12
557	5
558	11
559	5
560	5
561	7
562	6
563	6
564	6
565	5
566	10
567	9
568	6
569	5
570	4
571	3
572	6
573	5
574	9
575	5
576	1
577	5
578	3
579	7
580	6
581	6
582	5
583	6
584	4
585	8
586	6
587	4
588	9
589	5
590	5
591	10
592	4
593	5
594	5
595	5
596	8
597	5
598	5
599	5
600	12
601	6
602	5
603	5
604	6
605	5
606	9
607	5
608	8
609	6
610	10
611	5
612	8
613	8
614	7
615	6
616	7
617	7
618	4
619	5
620	5
621	4
622	6
623	3
624	3
625	5
626	5
627	5
628	9
629	5
630	11
631	10
632	12
633	3
634	5
635	4
636	9
637	9
638	20
639	5
640	3
641	8
642	6
643	7
644	6
645	3
646	8
647	4
648	5
649	5
650	4
651	9
652	7
653	7
654	5
655	3
656	8
657	4
658	6
659	7
660	9
661	10
662	10
663	7
664	7
665	11
666	9
667	3
668	13
669	5
670	5
671	6
672	6
673	4
674	4
675	3
676	3
677	4
678	6
679	3
680	3
681	6
682	7
683	9
684	4
685	7
686	3
687	6
688	5
689	5
690	6
691	6
692	6
693	13
694	6
695	4
696	3
697	2
698	6
699	5
700	7
701	6
702	8
703	4
704	6
705	6
706	6
707	7
708	2
709	7
710	7
711	8
712	6
713	3
714	4
715	3
716	5
717	9
718	13
719	6
720	5
721	6
722	7
723	7
724	9
725	6
726	3
727	4
728	9
729	5
730	5
731	4
732	5
733	7
734	6
735	7
736	8
737	10
738	6
739	6
740	3
741	5
742	9
743	11
744	9
745	5
746	3
747	5
748	7
749	5
750	10
751	10
752	6
753	5
754	9
755	6
756	7
757	6
758	3
759	7
760	12
761	6
762	8
763	3
764	4
765	8
766	6
767	6
768	3
769	5
770	6
771	4
772	13
773	3
774	3
775	4
776	11
777	4
778	6
779	8
780	5
781	9
782	7
783	6
784	5
785	11
786	4
787	11
788	8
789	6
790	3
791	2
792	6
793	4
794	6
795	10
DEPOT_SECTION
1
-1
SERVICE_TIME_SECTION
1	0
2	480
3	360
4	960
5	840
6	720
7	540
8	660
9	600
10	840
11	480
12	600
13	600
14	600
15	480
16	660
17	720
18	540
19	480
20	360
21	420
22	480
23	660
24	360
25	360
26	480
27	780
28	660
29	660
30	480
31	360
32	360
33	480
34	540
35	840
36	420
37	720
38	360
39	420
40	960
41	420
42	360
43	960
44	660
45	480
46	300
47	480
48	360
49	600
50	360
51	420
52	840
53	480
54	480
55	720
56	720
57	600
58	540
59	600
60	660
61	840
62	660
63	540
64	600
65	660
66	780
67	600
68	480
69	420
70	360
71	720
72	600
73	660
74	840
75	360
76	300
77	360
78	780
79	780
80	480
81	1020
82	540
83	420
84	420
85	720
86	300
87	840
88	420
89	840
90	840
91	840
92	540
93	360
94	480
95	1260
96	480
97	780
98	1020
99	660
100	720
101	780
102	540
103	900
104	540
105	600
106	600
107	780
108	360
109	720
110	540
111	480
112	720
113	720
114	540
115	480
116	240
117	480
118	480
119	420
120	600
121	780
122	1080
123	600
124	720
125	540
126	420
127	480
128	480
129	360
130	600
131	720
132	540
133	420
134	720
135	1020
136	540
137	300
138	420
139	420
140	840
141	900
142	480
143	480
144	540
145	360
146	420
147	240
148	360
149	840
150	480
151	360
152	840
153	540
154	420
155	480
156	720
157	360
158	540
159	540
160	600
161	960
162	600
163	540
164	300
165	420
166	360
167	480
168	480
169	720
170	840
171	720
172	360
173	600
174	660
175	300
176	600
177	540
178	600
179	660
180	960
181	840
182	420
183	420
184	480
185	540
186	600
187	480
188	360
189	420
190	720
191	600
192	960
193	720
194	240
195	840
196	1140
197	540
198	540
199	960
200	600
201	840
202	840
203	480
204	1020
205	360
206	300
207	420
208	540
209	240
210	840
211	480
212	420
213	540
214	420
215	720
216	540
217	840
218	720
219	420
220	660
221	540
222	780
223	660
224	660
225	360
226	540
227	720
228	480
229	420
230	480
231	420
232	840
233	420
234	600
235	420
236	780
237	660
238	720
239	480
240	600
241	600
242	300
243	540
244	480
245	540
246	360
247	420
248	840
249	540
250	360
251	240
252	300
253	480
254	600
255	600
256	480
257	300
258	540
259	540
260	480
261	660
262	840
263	660
264	720
265	840
266	480
267	240
268	360
269	480
270	300
271	420
272	540
273	600
274	360
275	600
276	720
277	960
278	480
279	1020
280	720
281	780
282	1200
283	600
284	540
285	480
286	360
287	480
288	540
289	540
290	240
291	780
292	1080
293	300
294	420
295	660
296	420
297	660
298	720
299	480
300	540
301	600
302	1200
303	780
304	420
305	540
306	780
307	180
308	480
309	480
310	420
311	540
312	900
313	420
314	480
315	360
316	480
317	1020
318	180
319	660
320	720
321	960
322	480
323	720
324	480
325	360
326	720
327	960
328	660
329	660
330	420
331	360
332	780
333	480
334	660
335	780
336	360
337	840
338	840
339	720
340	720
341	420
342	600
343	720
344	540
345	840
346	300
347	840
348	480
349	480
350	1320
351	840
352	720
353	600
354	540
355	720
356	360
357	720
358	360
359	480
360	540
361	540
362	840
363	720
364	780
365	540
366	840
367	540
368	600
369	480
370	780
371	780
372	360
373	540
374	360
375	360
376	600
377	420
378	420
379	840
380	300
381	480
382	660
383	900
384	600
385	480
386	840
387	420
388	540
389	420
390	840
391	480
392	540
393	540
394	600
395	660
396	480
397	420
398	840
399	840
400	960
401	240
402	420
403	240
404	180
405	600
406	720
407	660
408	1020
409	420
410	480
411	1200
412	660
413	420
414	660
415	720
416	480
417	360
418	600
419	480
420	900
421	660
422	840
423	780
424	540
425	600
426	600
427	480
428	720
429	480
430	780
431	480
432	480
433	480
434	600
435	240
436	660
437	480
438	540
439	420
440	420
441	660
442	480
443	720
444	600
445	720
446	540
447	780
448	540
449	480
450	1020
451	300
452	540
453	480
454	600
455	360
456	360
457	240
458	960
459	720
460	480
461	480
462	780
463	600
464	480
465	540
466	360
467	360
468	300
469	960
470	420
471	420
472	360
473	900
474	420
475	420
476	540
477	480
478	360
479	360
480	660
481	420
482	420
483	960
484	780
485	240
486	720
487	240
488	660
489	420
490	300
491	900
492	840
493	780
494	840
495	660
496	1320
497	660
498	600
499	360
500	660
501	780
502	480
503	480
504	420
505	720
506	480
507	780
508	480
509	660
510	240
511	660
512	480
513	720
514	420
515	780
516	540
517	900
518	720
519	420
520	480
521	660
522	420
523	540
524	480
525	360
526	960
527	480
528	720
529	660
530	420
531	420
532	240
533	420
534	600
535	360
536	720
537	660
538	720
539	540
540	720
541	720
542	660
543	240
544	720
545	480
546	480
547	420
548	480
549	720
550	480
551	540
552	840
553	660
554	660
555	420
556	780
557	600
558	600
559	600
560	480
561	660
562	240
563	660
564	480
565	480
566	540
567	720
568	780
569	480
570	540
571	300
572	480
573	240
574	840
575	360
576	360
577	540
578	1200
579	660
580	420
581	480
582	240
583	1080
584	720
585	600
586	600
587	540
588	600
589	480
590	420
591	360
592	480
593	480
594	540
595	480
596	480
597	540
598	420
599	540
600	540
601	360
602	660
603	480
604	420
605	360
606	960
607	360
608	600
609	240
610	720
611	360
612	360
613	960
614	420
615	240
616	1080
617	1140
618	300
619	540
620	600
621	660
622	540
623	300
624	540
625	360
626	840
627	360
628	600
629	480
630	300
631	360
632	600
633	360
634	780
635	1080
636	1080
637	600
638	540
639	360
640	420
641	600
642	720
643	1080
644	420
645	360
646	420
647	480
648	480
649	540
650	420
651	360
652	420
653	540
654	660
655	540
656	300
657	420
658	660
659	600
660	960
661	840
662	1200
663	420
664	780
665	600
666	840
667	360
668	420
669	240
670	240
671	660
672	720
673	660
674	720
675	720
676	420
677	960
678	1080
679	540
680	600
681	360
682	720
683	540
684	660
685	780
686	420
687	420
688	600
689	780
690	420
691	840
692	240
693	480
694	540
695	480
696	360
697	300
698	300
699	780
700	420
701	600
702	420
703	420
704	420
705	720
706	540
707	540
708	480
709	600
710	660
711	540
712	780
713	540
714	480
715	420
716	360
717	900
718	660
719	960
720	1080
721	540
722	540
723	960
724	360
725	720
726	600
727	1020
728	600
729	420
730	360
731	720
732	840
733	360
734	360
735	480
736	1200
737	600
738	480
739	1020
740	420
741	900
742	780
743	780
744	540
745	540
746	1020
747	360
748	300
749	420
750	180
751	600
752	480
753	660
754	660
755	540
756	240
757	720
758	780
759	1080
760	900
761	720
762	840
763	840
764	660
765	960
766	900
767	600
768	600
769	720
770	900
771	600
772	600
773	720
774	720
775	420
776	720
777	480
778	480
779	1260
780	720
781	780
782	660
783	360
784	420
785	540
786	360
787	660
788	780
789	360
790	540
791	960
792	300
793	840
794	300
795	480
TIME_WINDOW_SECTION
1	0	41340
2	12600	19800
3	10800	33300
4	23400	30600
5	23400	29700
6	14400	34200
7	14400	34200
8	9000	16200
9	14400	34200
10	9000	16200
11	14400	34200
12	27000	34200
13	9000	16200
14	12600	19800
15	23400	30600
16	14400	34200
17	16200	23400
18	12600	19800
19	12600	19800
20	23400	30600
21	10800	34200
22	9000	16200
23	16200	23400
24	9000	16200
25	16200	22500
26	19800	27000
27	14400	33300
28	14400	33300
29	14400	34200
30	12600	18900
31	23400	30600
32	9000	16200
33	9000	16200
34	16200	23400
35	16200	22500
36	12600	19800
37	16200	22500
38	10800	34200
39	16200	23400
40	16200	23400
41	9000	15300
42	10800	34200
43	9000	16200
44	14400	34200
45	27000	34200
46	16200	23400
47	16200	23400
48	14400	33300
49	19800	26100
50	16200	23400
51	27000	34200
52	9000	16200
53	14400	34200
54	12600	19800
55	27000	34200
56	14400	34200
57	14400	34200
58	14400	34200
59	19800	27000
60	9000	16200
61	19800	27000
62	19800	27000
63	12600	19800
64	12600	19800
65	16200	23400
66	19800	27000
67	14400	34200
68	12600	19800
69	10800	33300
70	14400	34200
71	19800	27000
72	9000	16200
73	10800	34200
74	27000	34200
75	19800	27000
76	12600	19800
77	9000	16200
78	9000	16200
79	12600	19800
80	23400	30600
81	14400	34200
82	19800	26100
83	27000	34200
84	14400	33300
85	16200	23400
86	16200	23400
87	9000	16200
88	9000	16200
89	12600	19800
90	9000	16200
91	16200	23400
92	19800	27000
93	14400	34200
94	12600	19800
95	9000	16200
96	10800	34200
97	14400	33300
98	16200	23400
99	16200	23400
100	10800	34200
101	23400	30600
102	19800	27000
103	14400	33300
104	16200	22500
105	12600	19800
106	12600	19800
107	14400	34200
108	16200	23400
109	16200	23400
110	12600	19800
111	14400	33300
112	12600	19800
113	10800	34200
114	23400	30600
115	12600	19800
116	19800	26100
117	27000	34200
118	9000	16200
119	19800	27000
120	23400	30600
121	23400	30600
122	16200	23400
123	23400	30600
124	16200	23400
125	16200	23400
126	16200	22500
127	16200	23400
128	14400	33300
129	14400	34200
130	9000	16200
131	9000	16200
132	12600	19800
133	27000	34200
134	16200	23400
135	12600	19800
136	9000	16200
137	16200	23400
138	14400	34200
139	12600	19800
140	9000	16200
141	16200	23400
142	19800	27000
143	14400	34200
144	16200	23400
145	19800	27000
146	16200	22500
147	16200	23400
148	19800	26100
149	9000	16200
150	23400	30600
151	23400	30600
152	9000	15300
153	16200	23400
154	14400	33300
155	9000	16200
156	12600	19800
157	10800	34200
158	9000	16200
159	14400	33300
160	14400	34200
161	14400	33300
162	19800	27000
163	16200	23400
164	23400	30600
165	19800	27000
166	16200	22500
167	12600	19800
168	16200	23400
169	14400	33300
170	19800	27000
171	12600	19800
172	16200	23400
173	19800	27000
174	16200	23400
175	14400	34200
176	9000	16200
177	23400	30600
178	16200	23400
179	9000	16200
180	19800	27000
181	9000	16200
182	19800	27000
183	19800	26100
184	12600	19800
185	10800	33300
186	16200	23400
187	14400	33300
188	9000	16200
189	14400	34200
190	14400	34200
191	10800	34200
192	14400	34200
193	9000	16200
194	14400	33300
195	12600	19800
196	12600	19800
197	9000	16200
198	16200	23400
199	14400	34200
200	14400	34200
201	12600	19800
202	16200	22500
203	19800	27000
204	16200	23400
205	9000	16200
206	16200	23400
207	12600	19800
208	23400	29700
209	19800	27000
210	9000	16200
211	9000	16200
212	12600	18900
213	14400	34200
214	19800	27000
215	14400	33300
216	19800	27000
217	19800	27000
218	19800	27000
219	9000	16200
220	16200	23400
221	14400	34200
222	27000	34200
223	14400	34200
224	14400	34200
225	10800	34200
226	9000	16200
227	16200	22500
228	16200	23400
229	16200	23400
230	9000	16200
231	23400	30600
232	27000	34200
233	16200	22500
234	23400	30600
235	16200	23400
236	14400	33300
237	12600	19800
238	14400	33300
239	12600	19800
240	12600	19800
241	16200	23400
242	16200	23400
243	9000	16200
244	12600	18900
245	10800	33300
246	14400	33300
247	23400	30600
248	10800	34200
249	16200	23400
250	16200	22500
251	27000	34200
252	16200	23400
253	19800	27000
254	23400	30600
255	16200	23400
256	14400	34200
257	23400	30600
258	14400	34200
259	9000	16200
260	14400	34200
261	14400	34200
262	9000	16200
263	9000	16200
264	9000	16200
265	23400	30600
266	14400	34200
267	16200	23400
268	23400	30600
269	12600	19800
270	9000	16200
271	10800	34200
272	10800	33300
273	19800	26100
274	14400	33300
275	14400	34200
276	19800	27000
277	9000	16200
278	14400	33300
279	12600	19800
280	16200	23400
281	27000	34200
282	9000	16200
283	12600	19800
284	16200	23400
285	12600	19800
286	14400	34200
287	9000	16200
288	12600	19800
289	9000	16200
290	12600	19800
291	10800	33300
292	10800	34200
293	10800	34200
294	27000	34200
295	14400	33300
296	27000	34200
297	12600	19800
298	14400	34200
299	12600	19800
300	9000	16200
301	14400	33300
302	9000	16200
303	12600	19800
304	19800	27000
305	23400	30600
306	19800	27000
307	19800	27000
308	12600	18900
309	19800	27000
310	23400	30600
311	14400	34200
312	14400	34200
313	19800	27000
314	19800	27000
315	27000	34200
316	14400	34200
317	9000	16200
318	12600	19800
319	12600	19800
320	19800	26100
321	14400	33300
322	9000	15300
323	19800	27000
324	16200	23400
325	9000	16200
326	14400	33300
327	10800	34200
328	14400	34200
329	23400	30600
330	16200	23400
331	19800	27000
332	14400	33300
333	12600	19800
334	14400	34200
335	16200	23400
336	14400	34200
337	9000	16200
338	19800	27000
339	9000	16200
340	9000	16200
341	16200	22500
342	14400	34200
343	23400	30600
344	19800	27000
345	19800	27000
346	16200	23400
347	23400	30600
348	27000	34200
349	14400	34200
350	14400	33300
351	12600	19800
352	23400	30600
353	9000	16200
354	19800	27000
355	16200	23400
356	9000	16200
357	16200	23400
358	19800	27000
359	9000	15300
360	19800	27000
361	12600	19800
362	14400	34200
363	19800	27000
364	14400	33300
365	16200	23400
366	9000	16200
367	12600	19800
368	9000	16200
369	27000	34200
370	9000	16200
371	14400	33300
372	12600	19800
373	19800	27000
374	16200	23400
375	14400	34200
376	10800	34200
377	12600	19800
378	19800	27000
379	14400	34200
380	23400	30600
381	16200	22500
382	12600	19800
383	19800	27000
384	16200	22500
385	14400	34200
386	23400	30600
387	9000	16200
388	23400	29700
389	16200	23400
390	19800	27000
391	16200	23400
392	16200	23400
393	16200	23400
394	14400	34200
395	12600	19800
396	10800	33300
397	23400	30600
398	23400	30600
399	23400	30600
400	12600	19800
401	12600	19800
402	16200	23400
403	23400	29700
404	14400	33300
405	23400	30600
406	14400	34200
407	10800	34200
408	23400	30600
409	14400	33300
410	14400	34200
411	14400	34200
412	16200	23400
413	14400	34200
414	14400	34200
415	16200	22500
416	23400	30600
417	19800	27000
418	10800	34200
419	23400	30600
420	16200	23400
421	12600	19800
422	16200	23400
423	16200	23400
424	12600	19800
425	12600	19800
426	12600	19800
427	23400	30600
428	14400	34200
429	14400	33300
430	16200	23400
431	19800	27000
432	16200	23400
433	10800	34200
434	14400	34200
435	12600	19800
436	12600	19800
437	10800	33300
438	14400	34200
439	16200	23400
440	16200	23400
441	14400	33300
442	14400	33300
443	19800	27000
444	12600	19800
445	14400	33300
446	12600	19800
447	12600	19800
448	10800	33300
449	10800	34200
450	19800	26100
451	14400	34200
452	16200	23400
453	23400	30600
454	16200	22500
455	14400	33300
456	12600	19800
457	27000	34200
458	16200	23400
459	23400	30600
460	14400	34200
461	12600	19800
462	14400	34200
463	19800	27000
464	27000	34200
465	12600	19800
466	12600	18900
467	14400	33300
468	10800	34200
469	14400	34200
470	16200	23400
471	12600	19800
472	10800	34200
473	16200	23400
474	16200	23400
475	14400	34200
476	16200	23400
477	12600	19800
478	27000	34200
479	14400	33300
480	23400	30600
481	10800	34200
482	14400	34200
483	12600	18900
484	23400	30600
485	16200	22500
486	16200	23400
487	27000	34200
488	27000	34200
489	19800	27000
490	16200	23400
491	23400	30600
492	14400	34200
493	12600	19800
494	19800	27000
495	16200	23400
496	16200	23400
497	14400	34200
498	12600	19800
499	16200	23400
500	10800	34200
501	14400	33300
502	12600	19800
503	19800	27000
504	19800	27000
505	12600	19800
506	12600	19800
507	19800	27000
508	10800	34200
509	12600	19800
510	16200	23400
511	14400	34200
512	19800	26100
513	14400	34200
514	12600	19800
515	23400	30600
516	10800	33300
517	23400	29700
518	12600	19800
519	16200	23400
520	23400	30600
521	23400	30600
522	14400	34200
523	16200	23400
524	14400	34200
525	12600	19800
526	14400	34200
527	16200	22500
528	14400	34200
529	19800	27000
530	27000	34200
531	10800	33300
532	12600	19800
533	27000	34200
534	23400	30600
535	16200	23400
536	16200	23400
537	14400	34200
538	23400	30600
539	19800	27000
540	14400	34200
541	23400	30600
542	19800	27000
543	16200	23400
544	14400	33300
545	14400	34200
546	19800	27000
547	23400	30600
548	10800	34200
549	23400	30600
550	16200	23400
551	19800	27000
552	14400	34200
553	16200	23400
554	27000	34200
555	10800	34200
556	23400	30600
557	16200	23400
558	10800	34200
559	16200	23400
560	16200	23400
561	19800	27000
562	10800	34200
563	10800	33300
564	14400	34200
565	23400	30600
566	16200	23400
567	19800	26100
568	27000	34200
569	14400	34200
570	19800	27000
571	14400	34200
572	19800	27000
573	16200	23400
574	14400	34200
575	14400	33300
576	23400	29700
577	23400	30600
578	19800	27000
579	14400	34200
580	14400	34200
581	14400	34200
582	19800	27000
583	23400	30600
584	14400	33300
585	14400	34200
586	23400	30600
587	14400	34200
588	14400	34200
589	14400	34200
590	19800	27000
591	14400	34200
592	19800	27000
593	14400	33300
594	23400	29700
595	16200	23400
596	23400	30600
597	16200	23400
598	16200	23400
599	19800	27000
600	23400	30600
601	23400	30600
602	14400	34200
603	19800	27000
604	14400	34200
605	14400	33300
606	16200	23400
607	14400	33300
608	23400	30600
609	10800	34200
610	19800	27000
611	10800	34200
612	10800	34200
613	14400	34200
614	27000	34200
615	14400	33300
616	16200	23400
617	16200	23400
618	16200	23400
619	16200	23400
620	19800	27000
621	16200	23400
622	16200	23400
623	14400	34200
624	19800	27000
625	27000	34200
626	23400	30600
627	14400	34200
628	19800	27000
629	14400	33300
630	19800	27000
631	16200	23400
632	16200	23400
633	16200	23400
634	14400	33300
635	27000	34200
636	14400	34200
637	19800	27000
638	14400	33300
639	23400	30600
640	14400	34200
641	14400	34200
642	23400	30600
643	14400	34200
644	19800	26100
645	14400	34200
646	23400	30600
647	23400	30600
648	27000	34200
649	14400	34200
650	14400	33300
651	14400	34200
652	23400	30600
653	23400	29700
654	19800	26100
655	16200	23400
656	14400	34200
657	19800	27000
658	27000	34200
659	16200	23400
660	19800	27000
661	19800	27000
662	19800	27000
663	10800	34200
664	14400	34200
665	19800	27000
666	23400	30600
667	23400	30600
668	14400	34200
669	14400	34200
670	23400	30600
671	14400	34200
672	23400	30600
673	23400	30600
674	27000	34200
675	19800	27000
676	14400	33300
677	23400	30600
678	19800	27000
679	14400	33300
680	27000	34200
681	27000	34200
682	14400	34200
683	19800	26100
684	19800	27000
685	14400	33300
686	14400	34200
687	14400	34200
688	14400	33300
689	19800	27000
690	14400	34200
691	19800	27000
692	19800	27000
693	14400	34200
694	10800	34200
695	10800	34200
696	23400	30600
697	14400	34200
698	14400	34200
699	23400	30600
700	14400	34200
701	10800	33300
702	23400	30600
703	14400	33300
704	27000	34200
705	14400	34200
706	19800	27000
707	14400	34200
708	27000	33300
709	14400	34200
710	19800	27000
711	14400	34200
712	14400	34200
713	23400	30600
714	14400	34200
715	14400	34200
716	23400	30600
717	19800	27000
718	10800	34200
719	14400	34200
720	23400	30600
721	14400	34200
722	14400	34200
723	23400	30600
724	14400	34200
725	23400	30600
726	14400	34200
727	14400	34200
728	23400	29700
729	23400	30600
730	14400	34200
731	19800	27000
732	23400	30600
733	10800	34200
734	19800	27000
735	10800	34200
736	14400	33300
737	23400	30600
738	19800	27000
739	19800	27000
740	23400	30600
741	14400	34200
742	19800	27000
743	14400	34200
744	19800	27000
745	14400	34200
746	19800	27000
747	27000	34200
748	14400	34200
749	14400	34200
750	10800	34200
751	14400	34200
752	23400	30600
753	14400	34200
754	14400	34200
755	14400	34200
756	23400	29700
757	14400	34200
758	23400	30600
759	14400	33300
760	14400	33300
761	14400	33300
762	14400	33300
763	14400	34200
764	14400	33300
765	23400	30600
766	14400	34200
767	14400	34200
768	14400	33300
769	14400	33300
770	14400	33300
771	10800	34200
772	14400	34200
773	27000	34200
774	23400	30600
775	27000	34200
776	14400	34200
777	14400	34200
778	10800	34200
779	14400	33300
780	23400	30600
781	14400	34200
782	14400	34200
783	14400	34200
784	23400	30600
785	23400	30600
786	23400	30600
787	14400	34200
788	14400	34200
789	14400	33300
790	27000	34200
791	14400	34200
792	10800	34200
793	14400	34200
794	14400	34200
795	10800	33300
RELEASE_TIME_SECTION
1	0
2	9000
3	9000
4	9000
5	9000
6	9000
7	9000
8	9000
9	9000
10	9000
11	9000
12	9000
13	9000
14	9000
15	9000
16	9000
17	9000
18	9000
19	9000
20	9000
21	9000
22	9000
23	9000
24	9000
25	9000
26	9000
27	9000
28	9000
29	9000
30	9000
31	9000
32	9000
33	9000
34	9000
35	9000
36	9000
37	9000
38	9000
39	9000
40	9000
41	9000
42	9000
43	9000
44	9000
45	9000
46	9000
47	9000
48	9000
49	9000
50	9000
51	9000
52	9000
53	9000
54	9000
55	9000
56	9000
57	9000
58	9000
59	9000
60	9000
61	9000
62	9000
63	9000
64	9000
65	9000
66	9000
67	9000
68	9000
69	9000
70	9000
71	9000
72	9000
73	9000
74	9000
75	9000
76	9000
77	9000
78	9000
79	9000
80	9000
81	9000
82	9000
83	9000
84	9000
85	9000
86	9000
87	9000
88	9000
89	9000
90	9000
91	9000
92	9000
93	9000
94	9000
95	9000
96	9000
97	9000
98	9000
99	9000
100	9000
101	9000
102	10800
103	10800
104	10800
105	10800
106	10800
107	10800
108	10800
109	10800
110	10800
111	10800
112	10800
113	10800
114	10800
115	10800
116	10800
117	10800
118	10800
119	10800
120	10800
121	10800
122	10800
123	10800
124	10800
125	10800
126	10800
127	10800
128	10800
129	10800
130	10800
131	10800
132	10800
133	10800
134	10800
135	10800
136	10800
137	10800
138	10800
139	10800
140	10800
141	10800
142	10800
143	10800
144	10800
145	10800
146	10800
147	10800
148	10800
149	10800
150	10800
151	10800
152	10800
153	10800
154	10800
155	10800
156	10800
157	10800
158	10800
159	10800
160	10800
161	10800
162	10800
163	10800
164	10800
165	10800
166	10800
167	10800
168	10800
169	10800
170	10800
171	10800
172	10800
173	10800
174	10800
175	10800
176	10800
177	10800
178	10800
179	10800
180	10800
181	10800
182	10800
183	10800
184	10800
185	10800
186	10800
187	10800
188	10800
189	10800
190	10800
191	10800
192	10800
193	10800
194	10800
195	10800
196	10800
197	10800
198	10800
199	10800
200	10800
201	10800
202	12600
203	12600
204	12600
205	12600
206	12600
207	12600
208	12600
209	12600
210	12600
211	12600
212	12600
213	12600
214	12600
215	12600
216	12600
217	12600
218	12600
219	12600
220	12600
221	12600
222	12600
223	12600
224	12600
225	12600
226	12600
227	12600
228	12600
229	12600
230	12600
231	12600
232	12600
233	12600
234	12600
235	12600
236	12600
237	12600
238	12600
239	12600
240	12600
241	12600
242	12600
243	12600
244	12600
245	12600
246	12600
247	12600
248	12600
249	12600
250	12600
251	12600
252	12600
253	12600
254	12600
255	12600
256	12600
257	12600
258	12600
259	12600
260	12600
261	12600
262	12600
263	12600
264	12600
265	12600
266	12600
267	12600
268	12600
269	12600
270	12600
271	12600
272	12600
273	12600
274	12600
275	12600
276	12600
277	12600
278	12600
279	12600
280	12600
281	12600
282	12600
283	12600
284	12600
285	12600
286	12600
287	12600
288	12600
289	12600
290	12600
291	12600
292	12600
293	12600
294	12600
295	12600
296	12600
297	12600
298	12600
299	12600
300	12600
301	14400
302	14400
303	14400
304	14400
305	14400
306	14400
307	14400
308	14400
309	14400
310	14400
311	14400
312	14400
313	14400
314	14400
315	14400
316	14400
317	14400
318	14400
319	14400
320	14400
321	14400
322	14400
323	14400
324	14400
325	14400
326	14400
327	14400
328	14400
329	14400
330	14400
331	14400
332	14400
333	14400
334	14400
335	14400
336	14400
337	14400
338	14400
339	14400
340	14400
341	14400
342	14400
343	14400
344	14400
345	14400
346	14400
347	14400
348	14400
349	14400
350	14400
351	14400
352	14400
353	14400
354	14400
355	14400
356	14400
357	14400
358	14400
359	14400
360	14400
361	14400
362	14400
363	14400
364	14400
365	14400
366	14400
367	14400
368	14400
369	14400
370	14400
371	14400
372	14400
373	14400
374	14400
375	14400
376	14400
377	14400
378	14400
379	14400
380	14400
381	14400
382	14400
383	14400
384	14400
385	14400
386	14400
387	14400
388	14400
389	14400
390	14400
391	14400
392	14400
393	14400
394	14400
395	16200
396	16200
397	16200
398	16200
399	16200
400	16200
401	16200
402	16200
403	16200
404	16200
405	16200
406	16200
407	16200
408	16200
409	16200
410	16200
411	16200
412	16200
413	16200
414	16200
415	16200
416	16200
417	16200
418	16200
419	16200
420	16200
421	16200
422	16200
423	16200
424	16200
425	16200
426	16200
427	16200
428	16200
429	16200
430	16200
431	16200
432	16200
433	16200
434	16200
435	16200
436	16200
437	16200
438	16200
439	16200
440	16200
441	16200
442	16200
443	16200
444	16200
445	16200
446	16200
447	16200
448	16200
449	16200
450	16200
451	16200
452	16200
453	16200
454	16200
455	16200
456	16200
457	16200
458	16200
459	16200
460	16200
461	16200
462	16200
463	16200
464	16200
465	16200
466	16200
467	16200
468	16200
469	16200
470	16200
471	18000
472	18000
473	18000
474	18000
475	18000
476	18000
477	18000
478	18000
479	18000
480	18000
481	18000
482	18000
483	18000
484	18000
485	18000
486	18000
487	18000
488	18000
489	18000
490	18000
491	18000
492	18000
493	18000
494	18000
495	18000
496	18000
497	18000
498	18000
499	18000
500	18000
501	18000
502	18000
503	18000
504	18000
505	18000
506	18000
507	18000
508	18000
509	18000
510	18000
511	18000
512	18000
513	18000
514	18000
515	18000
516	18000
517	18000
518	18000
519	18000
520	18000
521	18000
522	18000
523	18000
524	18000
525	18000
526	18000
527	18000
528	18000
529	18000
530	18000
531	18000
532	18000
533	18000
534	18000
535	18000
536	18000
537	18000
538	18000
539	18000
540	18000
541	18000
542	18000
543	18000
544	18000
545	19800
546	19800
547	19800
548	19800
549	19800
550	19800
551	19800
552	19800
553	19800
554	19800
555	19800
556	19800
557	19800
558	19800
559	19800
560	19800
561	19800
562	19800
563	19800
564	19800
565	19800
566	19800
567	19800
568	19800
569	19800
570	19800
571	19800
572	19800
573	19800
574	19800
575	19800
576	19800
577	19800
578	19800
579	19800
580	19800
581	19800
582	19800
583	19800
584	19800
585	19800
586	19800
587	19800
588	19800
589	19800
590	19800
591	19800
592	19800
593	19800
594	19800
595	19800
596	19800
597	19800
598	19800
599	19800
600	19800
601	19800
602	19800
603	19800
604	19800
605	19800
606	21600
607	21600
608	21600
609	21600
610	21600
611	21600
612	21600
613	21600
614	21600
615	21600
616	21600
617	21600
618	21600
619	21600
620	21600
621	21600
622	21600
623	21600
624	21600
625	21600
626	21600
627	21600
628	21600
629	21600
630	21600
631	21600
632	21600
633	21600
634	21600
635	21600
636	21600
637	21600
638	21600
639	21600
640	21600
641	21600
642	21600
643	21600
644	21600
645	21600
646	21600
647	21600
648	21600
649	21600
650	21600
651	21600
652	21600
653	21600
654	21600
655	21600
656	21600
657	21600
658	21600
659	21600
660	21600
661	21600
662	23400
663	23400
664	23400
665	23400
666	23400
667	23400
668	23400
669	23400
670	23400
671	23400
672	23400
673	23400
674	23400
675	23400
676	23400
677	23400
678	23400
679	23400
680	23400
681	23400
682	23400
683	23400
684	23400
685	23400
686	23400
687	23400
688	23400
689	23400
690	23400
691	23400
692	23400
693	23400
694	23400
695	23400
696	23400
697	23400
698	23400
699	23400
700	23400
701	23400
702	23400
703	23400
704	23400
705	23400
706	25200
707	25200
708	25200
709	25200
710	25200
711	25200
712	25200
713	25200
714	25200
715	25200
716	25200
717	25200
718	25200
719	25200
720	25200
721	25200
722	25200
723	25200
724	25200
725	25200
726	25200
727	25200
728	25200
729	25200
730	25200
731	25200
732	25200
733	25200
734	25200
735	25200
736	25200
737	25200
738	25200
739	25200
740	25200
741	25200
742	25200
743	25200
744	25200
745	25200
746	25200
747	25200
748	25200
749	25200
750	25200
751	25200
752	25200
753	25200
754	25200
755	25200
756	25200
757	27000
758	27000
759	27000
760	27000
761	27000
762	27000
763	27000
764	27000
765	27000
766	27000
767	27000
768	27000
769	27000
770	27000
771	27000
772	27000
773	27000
774	27000
775	27000
776	27000
777	27000
778	27000
779	27000
780	27000
781	27000
782	27000
783	27000
784	27000
785	27000
786	27000
787	27000
788	27000
789	27000
790	27000
791	27000
792	27000
793	27000
794	27000
795	27000
EOF
