NAME : ORTEC-VRPTW-ASYM-f2de4908-d1-n766
TYPE : VRPTW-RT
DIMENSION : 767
EDGE_WEIGHT_TYPE : EUC_2D
CAPACITY : 160
NODE_COORD_SECTION
1	2199	3946
2	63	4293
3	2102	1307
4	1178	6855
5	1675	413
6	2014	4047
7	1171	2657
8	2049	5487
9	1367	1970
10	1137	2173
11	402	6450
12	293	4657
13	1234	1974
14	2205	3852
15	1848	5699
16	1357	1130
17	166	4597
18	2106	5303
19	830	6737
20	1913	5386
21	1037	2199
22	1856	5724
23	2230	3862
24	1976	6755
25	1362	2630
26	2290	2549
27	1278	1840
28	2222	1889
29	1211	6379
30	742	2605
31	2136	4647
32	1358	6155
33	1137	2173
34	2050	4993
35	2234	4647
36	2146	3895
37	746	3274
38	1215	5116
39	1296	4803
40	1338	6758
41	1210	6089
42	1959	2488
43	897	2577
44	997	4720
45	1647	2289
46	1062	2976
47	1976	6755
48	2008	4852
49	624	8106
50	1887	6580
51	1470	1976
52	2140	1695
53	1121	3189
54	0	4179
55	1004	3895
56	2004	6785
57	1528	710
58	1085	1408
59	1349	2091
60	1101	6896
61	2538	6794
62	2188	4465
63	823	4710
64	1819	1792
65	1009	5305
66	1909	1930
67	1340	7261
68	1672	183
69	1672	1380
70	764	4249
71	2008	4852
72	1912	5538
73	965	6847
74	1210	6089
75	1931	7326
76	1653	1016
77	2308	6817
78	2200	3865
79	1037	2199
80	1040	2669
81	2053	5409
82	1863	6105
83	1838	1937
84	1532	1826
85	1016	2588
86	1653	1016
87	1041	4606
88	1902	5845
89	2167	170
90	1647	1747
91	1213	4899
92	1554	6110
93	2308	6817
94	705	2935
95	2019	5008
96	1899	2393
97	1146	7071
98	1465	6017
99	2177	3679
100	1912	5538
101	1313	6157
102	1856	671
103	2029	5404
104	1215	6293
105	1775	2629
106	744	7236
107	1863	6105
108	1672	183
109	1424	3736
110	2008	1923
111	701	2906
112	1805	994
113	821	3532
114	1233	2650
115	982	2969
116	2050	4993
117	2200	3865
118	2205	3852
119	843	2701
120	2222	1889
121	2145	4462
122	1041	6905
123	1089	5199
124	512	6669
125	1009	5305
126	1150	2136
127	988	4762
128	2044	201
129	1775	792
130	341	4845
131	2050	4993
132	2029	5404
133	2423	7039
134	1128	5663
135	1909	1930
136	940	4192
137	2299	2827
138	1055	2573
139	1234	1974
140	1340	7261
141	742	2605
142	1959	5561
143	520	4340
144	1856	5724
145	1991	2553
146	1041	4606
147	2200	3865
148	2070	5681
149	2165	4873
150	351	7247
151	1347	5358
152	1863	6105
153	908	6458
154	1029	5063
155	2056	2045
156	1171	2657
157	1806	2025
158	1515	1880
159	1863	6105
160	2305	3771
161	2029	5404
162	1586	1794
163	2064	4839
164	1187	6844
165	0	4179
166	2319	4578
167	1844	5701
168	1349	2091
169	2023	5493
170	1571	5533
171	764	3799
172	2817	7505
173	1672	183
174	705	2935
175	1376	1672
176	1478	1713
177	881	6703
178	2263	3731
179	517	4556
180	741	7772
181	314	4779
182	2205	3852
183	1025	7489
184	1887	6580
185	2147	1924
186	2745	7713
187	659	2858
188	624	8106
189	1338	6758
190	1313	6157
191	402	6450
192	2106	4436
193	821	3532
194	2140	1695
195	1770	585
196	1931	7326
197	520	4340
198	1139	2172
199	1887	214
200	1996	5417
201	1636	3741
202	1805	994
203	1769	5163
204	1441	4504
205	1342	5238
206	1968	1944
207	2048	5265
208	896	4005
209	1362	2630
210	1037	2199
211	2103	3633
212	1441	2545
213	1888	3115
214	2188	4465
215	705	2935
216	2070	2104
217	1404	3847
218	1498	2259
219	1636	1775
220	1932	4634
221	2235	894
222	1882	970
223	1973	5181
224	1114	4119
225	878	2993
226	1451	2319
227	1528	710
228	2197	5500
229	2255	439
230	1908	251
231	1968	1944
232	1934	2209
233	2129	3621
234	1856	5724
235	1350	1964
236	1865	7382
237	2308	6817
238	2165	4436
239	2106	5303
240	1990	19
241	2305	3771
242	2048	5265
243	2079	2742
244	1029	5063
245	2019	5008
246	1675	413
247	1350	1964
248	1775	2629
249	784	4204
250	1799	466
251	701	2906
252	2205	3852
253	1369	1038
254	897	2577
255	1976	6755
256	1678	2062
257	1647	1747
258	1313	6157
259	1865	7382
260	738	3767
261	1146	7071
262	1137	2173
263	1970	4715
264	1195	4388
265	1660	1902
266	2145	4462
267	949	2670
268	1041	6905
269	791	4266
270	1020	2563
271	1889	901
272	1115	2842
273	1013	6208
274	1170	2685
275	2017	4026
276	1114	4119
277	1270	906
278	0	4179
279	2066	5463
280	1902	5845
281	1364	4712
282	1407	1840
283	1364	4712
284	1137	2173
285	1424	3736
286	2070	2104
287	1357	1130
288	897	2577
289	1976	6755
290	738	3767
291	1040	2669
292	2050	4993
293	2188	4465
294	1721	2100
295	2048	1952
296	2203	3654
297	1469	4072
298	1775	792
299	1515	1880
300	2029	5404
301	1660	4167
302	1076	2470
303	997	4720
304	1114	5028
305	1672	1380
306	2147	1924
307	1976	156
308	1647	2289
309	1770	585
310	878	2993
311	823	4710
312	1990	19
313	2235	894
314	1009	5305
315	1582	2301
316	1968	1944
317	2188	4465
318	997	4720
319	1792	1948
320	1025	7489
321	1214	5431
322	2222	2052
323	735	2063
324	1085	1408
325	1057	2512
326	2070	5681
327	1916	3440
328	791	4266
329	1146	7071
330	1489	5024
331	1085	1408
332	1101	6896
333	2044	201
334	940	4192
335	479	6644
336	721	7413
337	2044	4931
338	1648	2327
339	2116	4756
340	1908	251
341	2793	7767
342	2081	2612
343	2211	777
344	1272	3454
345	1177	2553
346	735	2063
347	1910	5754
348	1484	599
349	2234	4903
350	1817	535
351	823	4710
352	2305	3771
353	520	4340
354	1959	5561
355	1484	599
356	1465	6017
357	1230	6164
358	2106	5303
359	2125	4124
360	1068	5705
361	1385	4377
362	1991	2553
363	2030	2470
364	2079	2742
365	1357	1130
366	1860	4683
367	2088	7878
368	2262	2353
369	2260	1979
370	1889	901
371	1057	2512
372	1876	5534
373	2136	5481
374	1114	5028
375	2004	6785
376	1968	4312
377	1934	2209
378	2136	5481
379	1234	2490
380	1941	4615
381	821	3532
382	1792	1948
383	2023	5493
384	2290	2549
385	1775	2629
386	1375	6762
387	1041	6905
388	823	4710
389	1912	5538
390	1029	5063
391	1178	6855
392	1076	2470
393	1769	5163
394	1424	3736
395	2338	3638
396	823	4710
397	1619	4435
398	1300	2568
399	2049	5487
400	1085	1408
401	2066	5463
402	1849	131
403	2066	5463
404	1608	1894
405	1311	2758
406	2146	3895
407	1114	5028
408	402	6450
409	1888	3115
410	1367	1970
411	1404	3847
412	1214	5431
413	1724	12
414	2338	3638
415	1973	5463
416	2031	3621
417	1347	5358
418	1527	2515
419	1926	2031
420	1385	4377
421	1139	2172
422	744	7236
423	2255	439
424	1465	6017
425	1764	3682
426	784	4204
427	1684	2419
428	1272	3454
429	830	5042
430	1767	1841
431	2205	3852
432	1892	967
433	1497	5638
434	0	4179
435	2156	4600
436	2313	6345
437	2115	3084
438	1931	5026
439	1338	6758
440	1267	4931
441	1326	5257
442	1211	6379
443	880	4669
444	1300	2568
445	2029	5404
446	1367	1970
447	1497	5638
448	1554	1614
449	1373	6476
450	742	2605
451	1338	6758
452	1571	5533
453	1656	519
454	2140	1695
455	738	3767
456	2106	4436
457	2115	3084
458	1753	4952
459	908	6458
460	2338	3638
461	2817	7505
462	1214	5431
463	1848	5699
464	2093	365
465	1498	2259
466	1606	4304
467	1996	993
468	1890	1189
469	1482	1488
470	1882	970
471	1498	2259
472	1849	131
473	1083	4965
474	1497	5638
475	1375	6762
476	2136	4647
477	1257	6148
478	1848	5699
479	1860	4683
480	1465	6017
481	1675	413
482	1965	5448
483	624	8106
484	1887	214
485	1965	5323
486	1373	6476
487	2008	4780
488	1068	5705
489	2319	4578
490	2200	3865
491	2070	5681
492	1710	0
493	2074	628
494	2156	4600
495	402	6450
496	2048	5265
497	0	4179
498	1357	1130
499	1234	1974
500	1775	792
501	1187	6844
502	2793	7767
503	2123	3469
504	2165	4873
505	2188	4465
506	1792	1948
507	1916	3440
508	2290	2549
509	764	4249
510	1340	7261
511	2029	5404
512	741	7772
513	1062	2976
514	1013	6208
515	1660	1902
516	1234	2490
517	741	7772
518	1579	7986
519	1085	1408
520	1887	6580
521	2195	2189
522	2014	5043
523	1340	7261
524	2106	4436
525	2141	4000
526	1171	2657
527	1775	2629
528	1097	2172
529	1041	4606
530	1724	12
531	1913	5386
532	2141	5383
533	1215	6293
534	1876	5534
535	293	4657
536	2086	5013
537	1571	5533
538	1932	4634
539	1865	7382
540	2088	7878
541	2241	2091
542	2195	2189
543	2136	5481
544	1364	4712
545	1819	1792
546	1041	6905
547	1441	2545
548	2538	6794
549	1407	1840
550	738	3767
551	1234	1974
552	2817	7505
553	2096	5040
554	1996	5417
555	1234	2490
556	1311	2758
557	1770	585
558	1848	5699
559	2538	6794
560	2056	2045
561	2345	6896
562	2222	1889
563	1591	7107
564	1946	5262
565	1973	5181
566	2195	2189
567	1806	2025
568	1041	6905
569	1767	1841
570	2211	777
571	314	4779
572	1926	2031
573	1055	2573
574	1399	2320
575	1146	7071
576	1041	4606
577	796	3901
578	2165	4873
579	517	4556
580	2233	3264
581	1731	5077
582	1817	535
583	950	2582
584	1777	4224
585	1899	2393
586	1338	6758
587	1376	1672
588	705	2935
589	1675	413
590	1652	1322
591	1935	1229
592	1170	2685
593	1579	7986
594	1210	6089
595	1946	5262
596	2008	1923
597	1115	2842
598	1040	2669
599	1554	1614
600	599	3784
601	1195	4388
602	2088	7878
603	1968	1944
604	1215	6293
605	2049	5487
606	2079	2742
607	1973	5463
608	381	4041
609	2086	5013
610	1478	1713
611	2156	4600
612	1724	12
613	1347	5358
614	1171	2657
615	1902	5845
616	2051	4672
617	1267	4550
618	2234	4903
619	1527	2515
620	1025	7489
621	1083	6342
622	2234	4903
623	2053	5409
624	1916	3440
625	2235	894
626	1089	2529
627	1004	3895
628	1976	156
629	1938	5651
630	2051	4672
631	2167	170
632	1899	2393
633	1020	2563
634	1150	2136
635	1424	3736
636	2103	3633
637	1899	2393
638	2029	5404
639	897	2577
640	1779	540
641	2197	5500
642	1770	585
643	1844	5701
644	2074	628
645	2051	4672
646	988	4762
647	1358	6155
648	2019	5008
649	2066	5463
650	1941	4615
651	2234	4647
652	1362	2630
653	1554	1614
654	1424	3736
655	2188	4465
656	2255	439
657	1764	3682
658	1576	6013
659	2086	5013
660	1362	2630
661	2263	3731
662	1083	4965
663	1047	2364
664	1040	2669
665	1055	2573
666	1040	2669
667	1211	6379
668	1128	5663
669	952	6348
670	2233	3264
671	908	6458
672	1015	4742
673	2140	1695
674	982	2969
675	479	6644
676	2188	4465
677	1941	4615
678	1865	7382
679	1062	2976
680	2008	1923
681	1552	1342
682	1441	2545
683	1899	2393
684	2156	4600
685	1636	1775
686	1755	1853
687	372	6615
688	1892	967
689	520	4340
690	1057	2512
691	1186	5136
692	2313	6345
693	1724	12
694	2345	5048
695	1913	5386
696	2313	6345
697	2016	3741
698	2177	3679
699	1187	6844
700	1362	2630
701	2136	4647
702	1779	540
703	1241	1628
704	1187	6844
705	2274	4517
706	1889	901
707	1340	7261
708	1215	5116
709	1456	4836
710	1767	1841
711	853	3723
712	1215	5116
713	950	2582
714	1083	4965
715	1456	4836
716	1186	5136
717	2255	439
718	980	7025
719	1959	5561
720	1501	1239
721	2103	3633
722	1195	4388
723	741	7772
724	1068	5705
725	1554	6110
726	2274	4517
727	988	4762
728	1137	2173
729	2538	6794
730	1769	5163
731	1150	2136
732	372	6615
733	1653	1804
734	1300	2568
735	2028	4387
736	2305	3771
737	2263	3731
738	1606	4304
739	950	2582
740	853	3723
741	2008	4780
742	2031	3621
743	2165	4436
744	1233	2650
745	2779	7658
746	881	6703
747	1340	7261
748	520	4340
749	764	4249
750	520	4340
751	1856	5724
752	2319	4578
753	2116	4756
754	1648	2327
755	2165	4436
756	1653	1804
757	1863	6105
758	381	4041
759	2049	5487
760	1376	1672
761	1916	3440
762	2255	439
763	2030	2470
764	1042	2454
765	1742	6126
766	381	4041
767	1139	2172
DEMAND_SECTION
1	0
2	8
3	5
4	3
5	4
6	3
7	3
8	3
9	6
10	9
11	7
12	9
13	6
14	3
15	5
16	3
17	4
18	4
19	6
20	6
21	16
22	6
23	7
24	7
25	8
26	3
27	3
28	7
29	5
30	5
31	3
32	6
33	6
34	4
35	6
36	7
37	10
38	7
39	9
40	4
41	10
42	3
43	3
44	9
45	7
46	9
47	8
48	3
49	11
50	7
51	5
52	6
53	8
54	5
55	6
56	4
57	9
58	20
59	20
60	7
61	7
62	3
63	4
64	3
65	16
66	10
67	6
68	3
69	6
70	9
71	7
72	8
73	4
74	9
75	4
76	2
77	11
78	4
79	4
80	5
81	5
82	5
83	11
84	4
85	6
86	5
87	4
88	10
89	9
90	9
91	4
92	6
93	6
94	5
95	3
96	6
97	7
98	7
99	6
100	6
101	4
102	8
103	5
104	5
105	8
106	10
107	6
108	6
109	4
110	20
111	5
112	5
113	2
114	10
115	12
116	6
117	6
118	4
119	6
120	6
121	12
122	3
123	5
124	7
125	6
126	5
127	13
128	6
129	5
130	7
131	10
132	6
133	5
134	5
135	5
136	8
137	5
138	8
139	33
140	9
141	6
142	12
143	5
144	7
145	8
146	4
147	4
148	4
149	6
150	5
151	9
152	9
153	6
154	8
155	7
156	10
157	4
158	9
159	7
160	5
161	6
162	7
163	10
164	5
165	7
166	4
167	6
168	16
169	7
170	3
171	5
172	8
173	18
174	6
175	7
176	8
177	8
178	7
179	8
180	8
181	8
182	12
183	4
184	7
185	5
186	5
187	5
188	5
189	12
190	12
191	6
192	6
193	6
194	7
195	1
196	6
197	4
198	4
199	7
200	8
201	3
202	16
203	10
204	7
205	3
206	5
207	5
208	9
209	8
210	5
211	4
212	6
213	5
214	6
215	6
216	3
217	9
218	7
219	5
220	8
221	5
222	3
223	4
224	3
225	6
226	18
227	9
228	4
229	3
230	8
231	2
232	5
233	3
234	13
235	5
236	6
237	6
238	10
239	7
240	9
241	6
242	20
243	5
244	6
245	4
246	7
247	5
248	8
249	6
250	4
251	3
252	4
253	10
254	3
255	7
256	5
257	7
258	11
259	3
260	7
261	8
262	11
263	9
264	3
265	11
266	6
267	4
268	6
269	5
270	8
271	5
272	6
273	7
274	6
275	3
276	7
277	6
278	8
279	5
280	5
281	8
282	7
283	11
284	8
285	6
286	7
287	8
288	5
289	6
290	7
291	3
292	7
293	3
294	6
295	6
296	8
297	16
298	5
299	4
300	10
301	4
302	9
303	8
304	20
305	6
306	11
307	3
308	5
309	3
310	4
311	7
312	5
313	7
314	5
315	6
316	6
317	9
318	11
319	13
320	7
321	3
322	3
323	9
324	7
325	4
326	9
327	6
328	11
329	2
330	13
331	5
332	2
333	3
334	5
335	4
336	3
337	3
338	3
339	3
340	20
341	2
342	3
343	10
344	6
345	6
346	6
347	5
348	7
349	11
350	10
351	8
352	4
353	14
354	8
355	9
356	10
357	7
358	9
359	16
360	4
361	8
362	14
363	7
364	7
365	12
366	6
367	4
368	6
369	11
370	5
371	6
372	7
373	5
374	8
375	12
376	4
377	7
378	9
379	8
380	3
381	4
382	10
383	4
384	7
385	3
386	6
387	4
388	9
389	5
390	4
391	2
392	8
393	12
394	5
395	6
396	7
397	7
398	7
399	10
400	11
401	12
402	7
403	2
404	6
405	6
406	10
407	7
408	3
409	6
410	5
411	5
412	6
413	4
414	5
415	7
416	8
417	9
418	5
419	4
420	7
421	8
422	5
423	3
424	8
425	7
426	4
427	5
428	7
429	4
430	9
431	4
432	8
433	7
434	4
435	11
436	5
437	7
438	13
439	8
440	6
441	6
442	5
443	6
444	3
445	5
446	5
447	5
448	10
449	3
450	6
451	3
452	5
453	6
454	4
455	10
456	9
457	12
458	8
459	6
460	4
461	6
462	5
463	8
464	7
465	11
466	5
467	9
468	5
469	4
470	4
471	2
472	4
473	5
474	3
475	5
476	5
477	3
478	6
479	8
480	3
481	5
482	8
483	9
484	4
485	12
486	4
487	5
488	5
489	5
490	7
491	5
492	6
493	6
494	6
495	5
496	7
497	9
498	10
499	6
500	9
501	9
502	16
503	6
504	5
505	10
506	4
507	7
508	7
509	8
510	7
511	5
512	5
513	5
514	4
515	4
516	7
517	5
518	4
519	11
520	6
521	4
522	9
523	3
524	4
525	8
526	8
527	4
528	9
529	4
530	7
531	7
532	7
533	6
534	4
535	4
536	6
537	5
538	8
539	11
540	11
541	8
542	7
543	6
544	11
545	7
546	6
547	7
548	10
549	9
550	7
551	7
552	3
553	11
554	4
555	4
556	8
557	3
558	11
559	1
560	6
561	7
562	7
563	5
564	11
565	6
566	7
567	9
568	6
569	5
570	8
571	8
572	6
573	7
574	1
575	7
576	7
577	10
578	6
579	8
580	11
581	4
582	7
583	5
584	8
585	5
586	13
587	9
588	6
589	21
590	3
591	4
592	6
593	12
594	7
595	5
596	5
597	5
598	3
599	5
600	6
601	7
602	10
603	5
604	5
605	6
606	4
607	4
608	6
609	6
610	6
611	5
612	6
613	7
614	8
615	4
616	8
617	12
618	5
619	11
620	7
621	7
622	5
623	4
624	7
625	3
626	7
627	9
628	6
629	6
630	5
631	13
632	3
633	7
634	5
635	10
636	4
637	16
638	11
639	5
640	3
641	4
642	11
643	11
644	5
645	4
646	20
647	6
648	7
649	7
650	7
651	5
652	6
653	5
654	13
655	10
656	8
657	5
658	5
659	4
660	15
661	7
662	5
663	6
664	21
665	4
666	6
667	7
668	5
669	9
670	10
671	11
672	6
673	6
674	6
675	3
676	8
677	4
678	3
679	11
680	7
681	9
682	3
683	5
684	5
685	5
686	6
687	8
688	6
689	4
690	7
691	4
692	4
693	7
694	4
695	2
696	3
697	8
698	7
699	6
700	4
701	13
702	11
703	3
704	5
705	7
706	9
707	6
708	5
709	6
710	2
711	3
712	5
713	5
714	11
715	11
716	7
717	1
718	6
719	5
720	9
721	11
722	20
723	11
724	6
725	8
726	20
727	5
728	4
729	4
730	5
731	7
732	7
733	8
734	3
735	8
736	11
737	6
738	7
739	8
740	8
741	4
742	8
743	5
744	9
745	6
746	8
747	7
748	4
749	9
750	9
751	8
752	5
753	6
754	7
755	13
756	9
757	11
758	5
759	6
760	7
761	4
762	4
763	7
764	11
765	8
766	5
767	11
DEPOT_SECTION
1
-1
SERVICE_TIME_SECTION
1	0
2	600
3	480
4	420
5	480
6	420
7	300
8	900
9	540
10	480
11	600
12	300
13	660
14	600
15	660
16	420
17	480
18	600
19	660
20	660
21	420
22	540
23	720
24	660
25	660
26	540
27	420
28	720
29	540
30	540
31	720
32	660
33	600
34	780
35	480
36	720
37	540
38	1140
39	300
40	660
41	720
42	540
43	360
44	480
45	1200
46	300
47	420
48	540
49	360
50	480
51	600
52	480
53	420
54	600
55	600
56	660
57	240
58	300
59	360
60	480
61	600
62	540
63	840
64	420
65	180
66	600
67	360
68	720
69	840
70	540
71	540
72	660
73	900
74	300
75	660
76	480
77	600
78	480
79	600
80	300
81	540
82	540
83	360
84	780
85	480
86	660
87	240
88	1380
89	540
90	480
91	600
92	600
93	300
94	600
95	480
96	720
97	540
98	720
99	720
100	960
101	780
102	780
103	540
104	480
105	660
106	780
107	780
108	720
109	720
110	780
111	540
112	420
113	480
114	900
115	480
116	600
117	420
118	300
119	660
120	480
121	420
122	1200
123	540
124	300
125	780
126	600
127	540
128	420
129	240
130	600
131	780
132	480
133	720
134	840
135	540
136	480
137	540
138	540
139	540
140	780
141	780
142	840
143	600
144	780
145	660
146	660
147	300
148	780
149	600
150	600
151	360
152	300
153	480
154	480
155	540
156	300
157	660
158	360
159	900
160	840
161	600
162	360
163	480
164	420
165	360
166	660
167	660
168	660
169	420
170	660
171	360
172	660
173	540
174	720
175	480
176	600
177	420
178	1140
179	240
180	420
181	300
182	1200
183	660
184	300
185	780
186	840
187	420
188	540
189	300
190	540
191	540
192	420
193	360
194	600
195	600
196	300
197	840
198	840
199	600
200	420
201	660
202	600
203	600
204	1200
205	300
206	480
207	1380
208	300
209	300
210	420
211	240
212	660
213	420
214	480
215	540
216	480
217	480
218	540
219	360
220	480
221	300
222	540
223	540
224	540
225	480
226	780
227	360
228	660
229	540
230	660
231	360
232	600
233	540
234	360
235	540
236	420
237	660
238	360
239	420
240	780
241	900
242	840
243	240
244	420
245	780
246	660
247	600
248	480
249	420
250	480
251	660
252	480
253	480
254	540
255	360
256	540
257	840
258	420
259	420
260	420
261	480
262	1140
263	720
264	720
265	240
266	480
267	840
268	600
269	780
270	600
271	300
272	420
273	780
274	540
275	780
276	420
277	840
278	720
279	540
280	720
281	420
282	540
283	360
284	420
285	780
286	720
287	480
288	540
289	660
290	480
291	420
292	480
293	660
294	600
295	480
296	420
297	420
298	660
299	420
300	660
301	480
302	540
303	180
304	360
305	540
306	1380
307	780
308	540
309	600
310	600
311	540
312	960
313	600
314	1320
315	600
316	600
317	660
318	480
319	1200
320	600
321	540
322	600
323	420
324	1200
325	540
326	300
327	1140
328	660
329	480
330	840
331	780
332	600
333	480
334	300
335	540
336	720
337	600
338	660
339	480
340	300
341	420
342	480
343	660
344	420
345	660
346	300
347	660
348	660
349	540
350	540
351	300
352	420
353	600
354	300
355	480
356	600
357	660
358	420
359	840
360	420
361	480
362	420
363	660
364	420
365	420
366	780
367	540
368	660
369	480
370	660
371	540
372	420
373	480
374	360
375	540
376	660
377	300
378	1200
379	480
380	420
381	240
382	840
383	540
384	360
385	660
386	660
387	540
388	480
389	420
390	900
391	300
392	360
393	780
394	300
395	660
396	780
397	720
398	660
399	840
400	240
401	600
402	720
403	360
404	480
405	240
406	240
407	540
408	360
409	660
410	420
411	600
412	300
413	420
414	480
415	420
416	420
417	540
418	660
419	300
420	420
421	300
422	720
423	540
424	1020
425	360
426	540
427	540
428	720
429	540
430	300
431	600
432	660
433	420
434	360
435	840
436	480
437	420
438	540
439	540
440	480
441	780
442	780
443	360
444	420
445	840
446	600
447	780
448	600
449	480
450	480
451	420
452	1800
453	360
454	360
455	540
456	420
457	780
458	600
459	480
460	420
461	300
462	300
463	180
464	660
465	660
466	660
467	660
468	420
469	720
470	1140
471	600
472	840
473	240
474	360
475	540
476	660
477	660
478	300
479	480
480	300
481	300
482	540
483	300
484	540
485	300
486	420
487	300
488	240
489	360
490	780
491	660
492	660
493	300
494	540
495	420
496	660
497	480
498	660
499	300
500	600
501	720
502	420
503	660
504	480
505	420
506	600
507	240
508	420
509	300
510	300
511	840
512	900
513	660
514	600
515	660
516	480
517	420
518	720
519	300
520	540
521	420
522	300
523	540
524	1140
525	780
526	420
527	720
528	660
529	1200
530	660
531	600
532	360
533	300
534	180
535	300
536	840
537	420
538	660
539	600
540	840
541	600
542	480
543	360
544	540
545	480
546	600
547	480
548	1200
549	540
550	720
551	1140
552	540
553	420
554	660
555	420
556	840
557	420
558	360
559	660
560	780
561	300
562	720
563	540
564	540
565	600
566	1200
567	300
568	480
569	600
570	840
571	540
572	420
573	300
574	540
575	600
576	540
577	540
578	600
579	660
580	420
581	840
582	540
583	300
584	720
585	660
586	480
587	300
588	540
589	780
590	600
591	360
592	420
593	360
594	660
595	420
596	780
597	300
598	600
599	900
600	660
601	540
602	480
603	480
604	480
605	420
606	720
607	600
608	540
609	600
610	720
611	300
612	1140
613	1260
614	360
615	840
616	600
617	540
618	660
619	600
620	540
621	360
622	540
623	720
624	780
625	540
626	660
627	420
628	600
629	420
630	540
631	480
632	300
633	420
634	660
635	240
636	660
637	540
638	780
639	480
640	600
641	360
642	600
643	600
644	1020
645	300
646	660
647	540
648	900
649	480
650	420
651	840
652	360
653	600
654	540
655	420
656	840
657	480
658	420
659	420
660	1080
661	420
662	540
663	420
664	660
665	540
666	540
667	600
668	840
669	300
670	720
671	600
672	840
673	360
674	480
675	780
676	540
677	360
678	540
679	840
680	780
681	600
682	840
683	480
684	660
685	360
686	780
687	780
688	360
689	600
690	420
691	720
692	720
693	540
694	660
695	720
696	540
697	420
698	360
699	480
700	360
701	420
702	900
703	1200
704	660
705	780
706	420
707	240
708	420
709	480
710	660
711	480
712	300
713	480
714	780
715	540
716	360
717	600
718	480
719	540
720	420
721	780
722	420
723	360
724	420
725	360
726	780
727	300
728	840
729	300
730	840
731	540
732	360
733	600
734	300
735	420
736	420
737	660
738	420
739	240
740	720
741	360
742	300
743	600
744	780
745	720
746	600
747	480
748	660
749	480
750	840
751	480
752	420
753	480
754	300
755	300
756	720
757	600
758	600
759	600
760	300
761	720
762	480
763	540
764	480
765	420
766	360
767	420
TIME_WINDOW_SECTION
1	0	41340
2	16200	23400
3	9000	16200
4	23400	30600
5	12600	23400
6	10800	34200
7	19800	30600
8	12600	23400
9	10800	34200
10	12600	19800
11	12600	23400
12	9000	16200
13	10800	34200
14	9000	16200
15	23400	30600
16	9000	16200
17	10800	34200
18	10800	33300
19	9000	16200
20	10800	33300
21	12600	23400
22	10800	34200
23	16200	23400
24	16200	23400
25	23400	30600
26	23400	30600
27	19800	30600
28	12600	23400
29	16200	23400
30	16200	23400
31	9000	16200
32	23400	30600
33	12600	19800
34	12600	19800
35	23400	30600
36	9000	15300
37	9000	16200
38	9000	16200
39	19800	30600
40	9000	16200
41	12600	23400
42	12600	23400
43	23400	30600
44	16200	23400
45	9000	16200
46	19800	27000
47	19800	27000
48	16200	23400
49	12600	19800
50	9000	16200
51	10800	34200
52	12600	23400
53	12600	19800
54	23400	30600
55	12600	23400
56	9000	16200
57	16200	23400
58	10800	34200
59	10800	33300
60	19800	29700
61	9000	16200
62	12600	22500
63	9000	15300
64	9000	16200
65	19800	29700
66	12600	23400
67	19800	30600
68	9000	16200
69	9000	15300
70	12600	23400
71	16200	23400
72	16200	23400
73	9000	16200
74	12600	23400
75	19800	27000
76	9000	16200
77	16200	23400
78	10800	34200
79	9000	16200
80	16200	23400
81	10800	34200
82	19800	30600
83	9000	16200
84	9000	16200
85	9000	15300
86	9000	16200
87	16200	23400
88	19800	27000
89	19800	30600
90	27000	34200
91	10800	34200
92	16200	23400
93	10800	33300
94	16200	23400
95	10800	34200
96	16200	23400
97	19800	30600
98	19800	30600
99	12600	19800
100	23400	30600
101	16200	23400
102	12600	19800
103	16200	23400
104	12600	23400
105	23400	30600
106	9000	16200
107	9000	16200
108	12600	23400
109	10800	34200
110	10800	34200
111	10800	34200
112	9000	16200
113	9000	16200
114	16200	23400
115	19800	30600
116	9000	15300
117	12600	19800
118	10800	34200
119	19800	30600
120	12600	23400
121	23400	30600
122	12600	22500
123	16200	23400
124	19800	30600
125	12600	23400
126	16200	23400
127	19800	30600
128	9000	16200
129	9000	16200
130	10800	34200
131	12600	23400
132	19800	30600
133	27000	34200
134	12600	23400
135	16200	23400
136	16200	23400
137	12600	23400
138	9000	16200
139	16200	23400
140	19800	30600
141	16200	23400
142	12600	23400
143	19800	27000
144	19800	27000
145	10800	34200
146	23400	30600
147	19800	30600
148	12600	23400
149	10800	34200
150	9000	16200
151	12600	19800
152	19800	26100
153	10800	34200
154	12600	23400
155	9000	16200
156	9000	16200
157	9000	16200
158	12600	19800
159	10800	33300
160	16200	23400
161	10800	33300
162	16200	23400
163	23400	30600
164	23400	30600
165	9000	16200
166	12600	23400
167	9000	15300
168	10800	33300
169	16200	23400
170	9000	16200
171	19800	30600
172	19800	30600
173	9000	16200
174	10800	33300
175	12600	23400
176	16200	23400
177	10800	33300
178	12600	19800
179	10800	34200
180	10800	34200
181	9000	16200
182	16200	23400
183	12600	23400
184	12600	23400
185	9000	16200
186	23400	30600
187	16200	23400
188	16200	23400
189	9000	16200
190	9000	16200
191	9000	16200
192	16200	23400
193	16200	23400
194	10800	34200
195	9000	16200
196	27000	34200
197	12600	23400
198	19800	27000
199	27000	34200
200	12600	23400
201	16200	23400
202	12600	23400
203	19800	27000
204	10800	34200
205	9000	16200
206	10800	34200
207	12600	23400
208	9000	16200
209	12600	23400
210	12600	19800
211	12600	23400
212	23400	29700
213	10800	34200
214	23400	30600
215	9000	16200
216	10800	34200
217	12600	23400
218	9000	16200
219	10800	34200
220	19800	30600
221	19800	30600
222	16200	23400
223	9000	16200
224	10800	34200
225	9000	16200
226	10800	34200
227	9000	16200
228	10800	34200
229	9000	16200
230	10800	33300
231	9000	16200
232	23400	30600
233	16200	23400
234	12600	19800
235	10800	33300
236	16200	23400
237	10800	34200
238	10800	34200
239	12600	19800
240	10800	34200
241	19800	27000
242	9000	16200
243	9000	15300
244	19800	30600
245	10800	33300
246	23400	30600
247	9000	16200
248	12600	19800
249	10800	33300
250	12600	23400
251	19800	27000
252	9000	16200
253	16200	23400
254	19800	27000
255	12600	19800
256	16200	23400
257	16200	23400
258	23400	30600
259	12600	23400
260	10800	34200
261	9000	16200
262	16200	23400
263	16200	23400
264	16200	23400
265	12600	23400
266	10800	34200
267	16200	22500
268	19800	30600
269	12600	19800
270	19800	30600
271	9000	16200
272	19800	30600
273	12600	22500
274	23400	30600
275	23400	30600
276	10800	34200
277	12600	23400
278	27000	34200
279	12600	23400
280	23400	30600
281	12600	19800
282	19800	29700
283	19800	27000
284	16200	23400
285	9000	16200
286	9000	15300
287	16200	23400
288	9000	16200
289	19800	30600
290	9000	16200
291	19800	30600
292	12600	23400
293	23400	30600
294	9000	16200
295	10800	34200
296	16200	23400
297	10800	34200
298	23400	30600
299	9000	16200
300	9000	16200
301	27000	34200
302	19800	30600
303	12600	23400
304	10800	34200
305	12600	23400
306	10800	34200
307	16200	23400
308	10800	34200
309	23400	30600
310	19800	30600
311	10800	34200
312	12600	23400
313	12600	19800
314	12600	22500
315	10800	33300
316	12600	23400
317	23400	30600
318	16200	23400
319	16200	23400
320	16200	23400
321	9000	16200
322	19800	30600
323	16200	23400
324	19800	27000
325	10800	34200
326	16200	23400
327	16200	23400
328	16200	23400
329	16200	23400
330	23400	30600
331	19800	30600
332	10800	34200
333	16200	23400
334	16200	23400
335	19800	30600
336	12600	23400
337	9000	16200
338	12600	23400
339	16200	23400
340	12600	22500
341	23400	30600
342	9000	16200
343	16200	23400
344	10800	33300
345	16200	23400
346	16200	23400
347	23400	30600
348	23400	30600
349	12600	19800
350	19800	30600
351	10800	34200
352	9000	16200
353	12600	23400
354	9000	16200
355	10800	34200
356	16200	23400
357	16200	23400
358	10800	34200
359	10800	34200
360	16200	23400
361	10800	34200
362	10800	34200
363	19800	27000
364	16200	22500
365	16200	23400
366	9000	16200
367	12600	19800
368	12600	19800
369	12600	23400
370	19800	27000
371	16200	23400
372	12600	22500
373	9000	16200
374	9000	16200
375	23400	30600
376	16200	23400
377	10800	34200
378	10800	34200
379	16200	22500
380	23400	30600
381	16200	23400
382	10800	34200
383	10800	34200
384	19800	30600
385	12600	23400
386	19800	27000
387	16200	23400
388	16200	23400
389	9000	16200
390	23400	30600
391	16200	23400
392	10800	34200
393	16200	23400
394	10800	33300
395	16200	23400
396	23400	30600
397	12600	23400
398	10800	34200
399	16200	23400
400	12600	19800
401	12600	23400
402	12600	23400
403	23400	30600
404	23400	30600
405	16200	23400
406	23400	30600
407	16200	23400
408	23400	30600
409	19800	29700
410	19800	30600
411	16200	23400
412	19800	27000
413	12600	23400
414	16200	23400
415	10800	34200
416	16200	23400
417	10800	33300
418	23400	30600
419	23400	30600
420	10800	34200
421	16200	23400
422	19800	27000
423	12600	22500
424	10800	34200
425	16200	23400
426	16200	23400
427	23400	30600
428	12600	23400
429	16200	23400
430	10800	34200
431	19800	30600
432	19800	27000
433	12600	23400
434	10800	34200
435	12600	23400
436	12600	23400
437	16200	23400
438	12600	23400
439	16200	23400
440	19800	30600
441	10800	34200
442	27000	34200
443	16200	23400
444	12600	23400
445	16200	23400
446	16200	23400
447	12600	19800
448	27000	34200
449	19800	30600
450	27000	34200
451	12600	19800
452	23400	30600
453	12600	19800
454	16200	23400
455	16200	23400
456	10800	34200
457	16200	23400
458	16200	22500
459	19800	26100
460	10800	34200
461	19800	29700
462	23400	30600
463	23400	29700
464	16200	23400
465	10800	33300
466	19800	30600
467	12600	23400
468	10800	34200
469	19800	29700
470	12600	23400
471	16200	23400
472	12600	23400
473	12600	19800
474	16200	23400
475	10800	33300
476	10800	34200
477	12600	23400
478	16200	23400
479	19800	30600
480	12600	23400
481	16200	23400
482	10800	33300
483	10800	34200
484	19800	26100
485	16200	23400
486	16200	23400
487	12600	19800
488	12600	23400
489	19800	30600
490	16200	23400
491	19800	26100
492	16200	23400
493	27000	34200
494	16200	23400
495	19800	30600
496	23400	30600
497	10800	34200
498	12600	23400
499	23400	30600
500	10800	34200
501	10800	33300
502	10800	34200
503	19800	27000
504	19800	27000
505	10800	34200
506	12600	23400
507	10800	33300
508	10800	34200
509	27000	34200
510	19800	27000
511	12600	19800
512	10800	34200
513	12600	19800
514	23400	30600
515	10800	34200
516	19800	30600
517	19800	29700
518	10800	34200
519	19800	30600
520	12600	23400
521	19800	27000
522	12600	23400
523	16200	23400
524	10800	33300
525	16200	23400
526	27000	34200
527	10800	34200
528	27000	34200
529	12600	19800
530	10800	33300
531	10800	34200
532	19800	30600
533	10800	34200
534	16200	23400
535	16200	23400
536	27000	34200
537	10800	34200
538	12600	23400
539	12600	23400
540	27000	33300
541	10800	34200
542	10800	34200
543	10800	34200
544	10800	34200
545	12600	22500
546	16200	23400
547	19800	30600
548	16200	23400
549	16200	23400
550	12600	23400
551	19800	27000
552	27000	34200
553	16200	23400
554	10800	34200
555	19800	27000
556	12600	23400
557	16200	23400
558	12600	23400
559	16200	23400
560	16200	23400
561	16200	23400
562	16200	23400
563	12600	23400
564	12600	23400
565	12600	23400
566	10800	33300
567	10800	33300
568	16200	23400
569	12600	23400
570	12600	23400
571	16200	22500
572	12600	23400
573	10800	33300
574	16200	23400
575	23400	30600
576	12600	23400
577	23400	30600
578	19800	30600
579	10800	33300
580	12600	22500
581	10800	33300
582	10800	34200
583	23400	30600
584	16200	23400
585	10800	34200
586	10800	33300
587	16200	23400
588	27000	34200
589	16200	23400
590	16200	23400
591	16200	23400
592	10800	34200
593	23400	30600
594	23400	30600
595	16200	23400
596	12600	23400
597	10800	34200
598	10800	33300
599	10800	34200
600	23400	30600
601	10800	34200
602	19800	30600
603	16200	23400
604	10800	34200
605	10800	34200
606	19800	27000
607	16200	23400
608	23400	30600
609	12600	23400
610	19800	27000
611	10800	34200
612	19800	30600
613	10800	33300
614	10800	34200
615	19800	29700
616	23400	30600
617	10800	34200
618	19800	30600
619	12600	23400
620	10800	34200
621	10800	34200
622	23400	30600
623	10800	34200
624	16200	23400
625	27000	34200
626	27000	34200
627	19800	30600
628	10800	34200
629	16200	23400
630	23400	30600
631	10800	34200
632	10800	33300
633	23400	30600
634	19800	30600
635	19800	30600
636	23400	30600
637	12600	23400
638	10800	34200
639	19800	30600
640	10800	34200
641	10800	33300
642	10800	33300
643	16200	23400
644	23400	30600
645	10800	33300
646	19800	27000
647	10800	33300
648	16200	23400
649	12600	23400
650	12600	23400
651	23400	30600
652	10800	33300
653	10800	33300
654	10800	34200
655	16200	23400
656	19800	27000
657	23400	30600
658	10800	34200
659	19800	30600
660	10800	34200
661	10800	34200
662	16200	23400
663	10800	34200
664	12600	23400
665	23400	30600
666	10800	34200
667	10800	34200
668	10800	34200
669	10800	34200
670	10800	33300
671	10800	34200
672	19800	30600
673	10800	33300
674	10800	33300
675	10800	34200
676	10800	34200
677	23400	30600
678	10800	34200
679	10800	34200
680	19800	27000
681	23400	30600
682	19800	30600
683	19800	30600
684	10800	33300
685	27000	34200
686	10800	34200
687	10800	33300
688	23400	30600
689	27000	34200
690	23400	30600
691	23400	30600
692	10800	33300
693	10800	34200
694	10800	33300
695	10800	34200
696	19800	30600
697	19800	30600
698	10800	33300
699	19800	30600
700	19800	27000
701	19800	27000
702	23400	30600
703	23400	30600
704	10800	34200
705	10800	33300
706	23400	30600
707	10800	33300
708	10800	34200
709	10800	34200
710	23400	30600
711	23400	30600
712	19800	30600
713	19800	30600
714	23400	30600
715	10800	34200
716	10800	34200
717	19800	30600
718	10800	34200
719	19800	27000
720	10800	34200
721	27000	34200
722	19800	27000
723	23400	30600
724	10800	34200
725	19800	30600
726	19800	27000
727	27000	34200
728	23400	30600
729	19800	29700
730	19800	29700
731	19800	30600
732	10800	34200
733	10800	34200
734	23400	30600
735	10800	34200
736	19800	30600
737	10800	34200
738	27000	34200
739	10800	34200
740	10800	34200
741	19800	30600
742	10800	34200
743	23400	30600
744	23400	30600
745	10800	34200
746	19800	30600
747	23400	30600
748	27000	34200
749	10800	33300
750	19800	29700
751	23400	30600
752	23400	30600
753	19800	30600
754	10800	34200
755	19800	30600
756	23400	30600
757	10800	34200
758	10800	34200
759	23400	30600
760	10800	34200
761	10800	34200
762	10800	34200
763	23400	30600
764	10800	34200
765	10800	34200
766	10800	34200
767	10800	33300
RELEASE_TIME_SECTION
1	0
2	9000
3	9000
4	9000
5	9000
6	9000
7	9000
8	9000
9	9000
10	9000
11	9000
12	9000
13	9000
14	9000
15	9000
16	9000
17	9000
18	9000
19	9000
20	9000
21	9000
22	9000
23	9000
24	9000
25	9000
26	9000
27	9000
28	9000
29	9000
30	9000
31	9000
32	9000
33	9000
34	9000
35	9000
36	9000
37	9000
38	9000
39	9000
40	9000
41	9000
42	9000
43	9000
44	9000
45	9000
46	9000
47	9000
48	9000
49	9000
50	9000
51	9000
52	9000
53	9000
54	9000
55	9000
56	9000
57	9000
58	9000
59	9000
60	9000
61	9000
62	9000
63	9000
64	9000
65	9000
66	9000
67	9000
68	9000
69	9000
70	9000
71	9000
72	9000
73	9000
74	9000
75	9000
76	9000
77	9000
78	9000
79	9000
80	9000
81	9000
82	9000
83	9000
84	9000
85	9000
86	9000
87	9000
88	9000
89	9000
90	9000
91	9000
92	9000
93	9000
94	9000
95	9000
96	9000
97	9000
98	9000
99	9000
100	9000
101	9000
102	10800
103	10800
104	10800
105	10800
106	10800
107	10800
108	10800
109	10800
110	10800
111	10800
112	10800
113	10800
114	10800
115	10800
116	10800
117	10800
118	10800
119	10800
120	10800
121	10800
122	10800
123	10800
124	10800
125	10800
126	10800
127	10800
128	10800
129	10800
130	10800
131	10800
132	10800
133	10800
134	10800
135	10800
136	10800
137	10800
138	10800
139	10800
140	10800
141	10800
142	10800
143	10800
144	10800
145	10800
146	10800
147	10800
148	10800
149	10800
150	10800
151	10800
152	10800
153	10800
154	10800
155	10800
156	10800
157	10800
158	10800
159	10800
160	10800
161	10800
162	10800
163	10800
164	10800
165	10800
166	10800
167	10800
168	10800
169	10800
170	10800
171	10800
172	10800
173	10800
174	10800
175	10800
176	10800
177	10800
178	10800
179	10800
180	10800
181	10800
182	10800
183	10800
184	10800
185	10800
186	10800
187	10800
188	10800
189	10800
190	10800
191	10800
192	10800
193	10800
194	10800
195	10800
196	10800
197	10800
198	10800
199	10800
200	10800
201	10800
202	12600
203	12600
204	12600
205	12600
206	12600
207	12600
208	12600
209	12600
210	12600
211	12600
212	12600
213	12600
214	12600
215	12600
216	12600
217	12600
218	12600
219	12600
220	12600
221	12600
222	12600
223	12600
224	12600
225	12600
226	12600
227	12600
228	12600
229	12600
230	12600
231	12600
232	12600
233	12600
234	12600
235	12600
236	12600
237	12600
238	12600
239	12600
240	12600
241	12600
242	12600
243	12600
244	12600
245	12600
246	12600
247	12600
248	12600
249	12600
250	12600
251	12600
252	12600
253	12600
254	12600
255	12600
256	12600
257	12600
258	12600
259	12600
260	12600
261	12600
262	12600
263	12600
264	12600
265	12600
266	12600
267	12600
268	12600
269	12600
270	12600
271	12600
272	12600
273	12600
274	12600
275	12600
276	12600
277	12600
278	12600
279	12600
280	12600
281	12600
282	12600
283	12600
284	12600
285	12600
286	12600
287	12600
288	12600
289	12600
290	12600
291	12600
292	12600
293	12600
294	12600
295	12600
296	12600
297	12600
298	12600
299	12600
300	12600
301	12600
302	14400
303	14400
304	14400
305	14400
306	14400
307	14400
308	14400
309	14400
310	14400
311	14400
312	14400
313	14400
314	14400
315	14400
316	14400
317	14400
318	14400
319	14400
320	14400
321	14400
322	14400
323	14400
324	14400
325	14400
326	14400
327	14400
328	14400
329	14400
330	14400
331	14400
332	14400
333	14400
334	14400
335	14400
336	14400
337	14400
338	14400
339	14400
340	14400
341	14400
342	14400
343	14400
344	14400
345	14400
346	14400
347	14400
348	14400
349	14400
350	14400
351	14400
352	14400
353	14400
354	14400
355	14400
356	14400
357	14400
358	14400
359	14400
360	14400
361	14400
362	14400
363	14400
364	14400
365	14400
366	14400
367	14400
368	14400
369	14400
370	14400
371	14400
372	14400
373	14400
374	14400
375	14400
376	14400
377	14400
378	14400
379	14400
380	14400
381	14400
382	14400
383	14400
384	14400
385	14400
386	14400
387	14400
388	14400
389	14400
390	16200
391	16200
392	16200
393	16200
394	16200
395	16200
396	16200
397	16200
398	16200
399	16200
400	16200
401	16200
402	16200
403	16200
404	16200
405	16200
406	16200
407	16200
408	16200
409	16200
410	16200
411	16200
412	16200
413	16200
414	16200
415	16200
416	16200
417	16200
418	16200
419	16200
420	16200
421	16200
422	16200
423	16200
424	16200
425	16200
426	16200
427	16200
428	16200
429	16200
430	16200
431	16200
432	16200
433	16200
434	16200
435	16200
436	16200
437	16200
438	16200
439	16200
440	16200
441	16200
442	16200
443	16200
444	16200
445	16200
446	16200
447	16200
448	16200
449	16200
450	16200
451	16200
452	16200
453	16200
454	16200
455	16200
456	16200
457	16200
458	16200
459	16200
460	16200
461	16200
462	16200
463	16200
464	16200
465	16200
466	16200
467	18000
468	18000
469	18000
470	18000
471	18000
472	18000
473	18000
474	18000
475	18000
476	18000
477	18000
478	18000
479	18000
480	18000
481	18000
482	18000
483	18000
484	18000
485	18000
486	18000
487	18000
488	18000
489	18000
490	18000
491	18000
492	18000
493	18000
494	18000
495	18000
496	18000
497	18000
498	18000
499	18000
500	18000
501	18000
502	18000
503	18000
504	18000
505	18000
506	18000
507	18000
508	18000
509	18000
510	18000
511	18000
512	18000
513	18000
514	18000
515	18000
516	18000
517	18000
518	18000
519	18000
520	18000
521	18000
522	18000
523	18000
524	18000
525	18000
526	18000
527	18000
528	18000
529	18000
530	18000
531	18000
532	18000
533	18000
534	18000
535	18000
536	18000
537	18000
538	18000
539	18000
540	18000
541	19800
542	19800
543	19800
544	19800
545	19800
546	19800
547	19800
548	19800
549	19800
550	19800
551	19800
552	19800
553	19800
554	19800
555	19800
556	19800
557	19800
558	19800
559	19800
560	19800
561	19800
562	19800
563	19800
564	19800
565	19800
566	19800
567	19800
568	19800
569	19800
570	19800
571	19800
572	19800
573	19800
574	19800
575	19800
576	19800
577	19800
578	19800
579	19800
580	19800
581	19800
582	19800
583	19800
584	19800
585	19800
586	19800
587	19800
588	19800
589	19800
590	19800
591	19800
592	19800
593	19800
594	19800
595	19800
596	19800
597	19800
598	19800
599	19800
600	19800
601	19800
602	19800
603	19800
604	19800
605	19800
606	21600
607	21600
608	21600
609	21600
610	21600
611	21600
612	21600
613	21600
614	21600
615	21600
616	21600
617	21600
618	21600
619	21600
620	21600
621	21600
622	21600
623	21600
624	21600
625	21600
626	21600
627	21600
628	21600
629	21600
630	21600
631	21600
632	21600
633	21600
634	21600
635	21600
636	21600
637	21600
638	21600
639	21600
640	21600
641	21600
642	21600
643	21600
644	21600
645	21600
646	21600
647	21600
648	21600
649	21600
650	21600
651	21600
652	21600
653	21600
654	21600
655	21600
656	21600
657	21600
658	21600
659	21600
660	21600
661	21600
662	21600
663	21600
664	21600
665	23400
666	23400
667	23400
668	23400
669	23400
670	23400
671	23400
672	23400
673	23400
674	23400
675	23400
676	23400
677	23400
678	23400
679	23400
680	23400
681	23400
682	23400
683	23400
684	23400
685	23400
686	23400
687	23400
688	23400
689	23400
690	23400
691	23400
692	23400
693	23400
694	25200
695	25200
696	25200
697	25200
698	25200
699	25200
700	25200
701	25200
702	25200
703	25200
704	25200
705	25200
706	25200
707	25200
708	25200
709	25200
710	25200
711	25200
712	25200
713	25200
714	25200
715	25200
716	25200
717	25200
718	25200
719	25200
720	25200
721	25200
722	25200
723	25200
724	25200
725	25200
726	25200
727	25200
728	25200
729	25200
730	25200
731	25200
732	25200
733	25200
734	25200
735	25200
736	25200
737	25200
738	25200
739	27000
740	27000
741	27000
742	27000
743	27000
744	27000
745	27000
746	27000
747	27000
748	27000
749	27000
750	27000
751	27000
752	27000
753	27000
754	27000
755	27000
756	27000
757	27000
758	27000
759	27000
760	27000
761	27000
762	27000
763	27000
764	27000
765	27000
766	27000
767	27000
EOF
