NAME : ORTEC-VRPTW-ASYM-7ca2d255-d1-n917
TYPE : VRPTW-RT
DIMENSION : 918
EDGE_WEIGHT_TYPE : EUC_2D
CAPACITY : 135
NODE_COORD_SECTION
1	4514	2940
2	5865	1639
3	2531	4967
4	3985	3307
5	3732	3702
6	4050	3315
7	4372	2610
8	445	9437
9	4049	3933
10	3732	3986
11	3996	3246
12	4086	3439
13	3646	3470
14	3337	4090
15	3364	3493
16	3317	4804
17	2823	4200
18	3719	3401
19	5634	1552
20	3149	3559
21	3644	3598
22	3868	4042
23	3924	3287
24	5977	1521
25	3701	4089
26	4027	3001
27	3840	3467
28	3870	3387
29	4200	2644
30	3302	4075
31	2823	4200
32	3251	3826
33	3732	3986
34	3834	3423
35	4443	3068
36	3283	4845
37	5760	1901
38	4323	3384
39	3755	2983
40	3498	3380
41	3045	3716
42	4186	3265
43	3267	4083
44	3347	3671
45	3636	3837
46	3427	3614
47	5977	1521
48	4146	2837
49	3399	4021
50	3070	4219
51	3378	4900
52	3302	4075
53	3685	3480
54	5954	1598
55	4508	2607
56	4185	3411
57	3085	4816
58	2524	4211
59	2885	4827
60	3491	4160
61	4086	3439
62	4477	3111
63	5721	1592
64	3196	4146
65	3841	3633
66	4174	2884
67	3977	3128
68	4132	3426
69	5800	1282
70	3251	3826
71	4146	2837
72	3337	4399
73	3589	4363
74	3045	3716
75	5962	1337
76	3400	4267
77	3825	3927
78	4707	2283
79	3644	3598
80	6051	1196
81	2405	3427
82	4249	2497
83	752	8705
84	2857	4357
85	0	9890
86	3400	4267
87	3406	3462
88	3337	4090
89	3307	4322
90	5913	1365
91	3439	4023
92	3445	3993
93	3825	3927
94	3422	3469
95	3389	3693
96	3483	3569
97	4434	2648
98	3059	4111
99	2971	4278
100	3337	4399
101	4430	3113
102	4173	3126
103	6081	1371
104	3891	3668
105	3916	3880
106	5977	1521
107	4132	3426
108	3724	4373
109	3558	3881
110	4106	3257
111	2995	4255
112	4460	2594
113	4501	2916
114	4399	2708
115	3820	3937
116	4707	2283
117	3337	4090
118	3772	3605
119	5855	1479
120	3696	3552
121	5624	1561
122	3388	3875
123	3476	3851
124	3841	3633
125	3134	4506
126	4130	3107
127	4116	3227
128	4142	4028
129	3732	3702
130	3820	3937
131	3356	4175
132	4027	3001
133	3085	4816
134	4174	2884
135	3565	3552
136	3806	3833
137	3506	3508
138	3646	3470
139	3977	3128
140	3302	4075
141	3271	4469
142	4180	3178
143	3789	3918
144	3633	3842
145	3406	3462
146	4707	2283
147	3055	3970
148	3455	4172
149	2764	4471
150	3486	4577
151	4249	2497
152	3719	3401
153	3157	3417
154	6038	1327
155	4372	2610
156	2383	4961
157	1139	8496
158	4249	2497
159	2405	3427
160	3356	4175
161	4248	2650
162	4116	3227
163	4323	2858
164	5954	1598
165	3696	3552
166	3460	4033
167	2885	4827
168	4196	3494
169	4210	3317
170	3924	3729
171	2558	5791
172	4132	3426
173	3422	3469
174	3724	4373
175	5843	1579
176	3440	4329
177	3686	4030
178	2923	4051
179	2547	3492
180	3375	3480
181	3337	4090
182	2951	4622
183	2857	4357
184	4399	2708
185	3436	3522
186	3177	3529
187	3399	4021
188	3498	3380
189	4430	3113
190	3996	3246
191	2994	3725
192	4460	2594
193	2626	5309
194	4403	2986
195	5962	1337
196	3646	3470
197	4501	2916
198	4329	2488
199	3562	3722
200	6175	1714
201	5680	1530
202	3504	3427
203	3380	4299
204	4963	2593
205	5700	1713
206	3019	5055
207	2834	4425
208	3347	3671
209	3644	3598
210	0	9890
211	3677	3579
212	3375	3480
213	4477	3111
214	3422	3469
215	3620	3689
216	3851	4135
217	3433	3996
218	3800	4014
219	3219	4406
220	3657	2972
221	3804	4256
222	4044	2787
223	4372	2894
224	3483	3569
225	4402	2898
226	3085	4816
227	3903	4370
228	3933	3214
229	6010	1249
230	5700	1713
231	6121	1361
232	6175	1714
233	3868	4042
234	3804	4256
235	3545	3754
236	3825	3927
237	3325	3927
238	3719	3401
239	4764	2109
240	3459	3422
241	3019	5055
242	3677	3579
243	3157	3417
244	4210	3317
245	3732	3702
246	3804	4256
247	3891	3668
248	3876	3328
249	4052	3203
250	4106	3257
251	3337	4090
252	3903	4370
253	3267	4083
254	5977	1521
255	5624	1561
256	5913	1365
257	4430	3113
258	3545	3754
259	3728	3925
260	4434	2648
261	3732	3986
262	3567	3428
263	3179	3718
264	3378	4900
265	3696	3552
266	1173	8533
267	3356	4175
268	3657	2972
269	3177	3529
270	3173	4323
271	4196	3494
272	3353	3328
273	4295	3623
274	5954	1598
275	4372	2894
276	3717	3993
277	3445	3658
278	3389	3693
279	3337	4090
280	1173	8533
281	4522	2678
282	1173	8533
283	3732	3986
284	3724	4373
285	3620	3689
286	3317	4804
287	3267	4083
288	5977	1521
289	3728	3925
290	6051	1196
291	3820	3937
292	2912	3799
293	5688	1825
294	5962	1337
295	3120	5024
296	6246	1621
297	4142	4028
298	3070	4219
299	3356	4175
300	3546	4069
301	3717	4014
302	3427	3614
303	4008	3618
304	5800	1282
305	4399	2708
306	3659	3667
307	3636	3837
308	4403	2986
309	3483	3569
310	5721	1592
311	4764	2109
312	3657	2972
313	3841	3633
314	3835	3392
315	5700	1713
316	6010	1249
317	4477	3111
318	3427	3614
319	4044	3050
320	3962	3884
321	3538	3988
322	3619	4331
323	2524	4211
324	3644	3598
325	4126	2364
326	2567	5466
327	4295	3623
328	4434	2648
329	3486	4577
330	3337	4399
331	4116	3320
332	4116	3227
333	3933	3214
334	3565	3552
335	5945	1624
336	3498	3889
337	2558	5791
338	3038	4195
339	4189	2428
340	3537	3902
341	3651	3860
342	2909	3801
343	3020	4586
344	2524	4211
345	4033	4180
346	4116	3320
347	2383	4961
348	2980	3948
349	5721	1592
350	2857	4357
351	3459	3422
352	4180	3178
353	4033	4180
354	3379	3898
355	3719	3401
356	4963	2593
357	3070	4219
358	4323	2858
359	3328	4027
360	2951	4622
361	4501	2916
362	3342	3997
363	3636	3837
364	3173	4323
365	3764	3704
366	4146	2837
367	3621	4155
368	3695	3486
369	4094	3138
370	4516	2250
371	3173	4323
372	3835	3392
373	3511	3886
374	4008	3618
375	3440	4329
376	5776	1720
377	6121	1361
378	166	9412
379	4888	3015
380	4719	2962
381	3506	3508
382	4044	3050
383	4196	3494
384	4027	3001
385	3891	3668
386	3356	4175
387	5721	1592
388	3337	4399
389	3157	3417
390	4402	2898
391	3460	4033
392	3717	4014
393	3504	3427
394	3728	4239
395	3851	3723
396	5721	1592
397	6038	1327
398	3388	3875
399	445	9437
400	3460	4033
401	2524	4211
402	752	8705
403	3425	3987
404	4172	2976
405	3283	4845
406	3962	3884
407	3573	4014
408	3607	4591
409	4322	2675
410	4049	3933
411	3169	4521
412	3606	3711
413	2895	4463
414	3851	3723
415	3837	4029
416	4329	2488
417	3486	4577
418	3876	3328
419	3425	3987
420	3342	3997
421	4501	2916
422	2405	3427
423	4106	3257
424	4292	2847
425	3045	3716
426	3876	3328
427	3446	4056
428	4764	2109
429	5776	1720
430	3825	3927
431	3337	4090
432	2764	4471
433	3055	3970
434	3445	3658
435	3636	3837
436	2297	6081
437	3086	4128
438	3445	3658
439	4186	3265
440	3520	4091
441	3686	3255
442	3498	3380
443	3602	4208
444	4210	3317
445	4006	3669
446	4200	2644
447	3701	4089
448	3962	3884
449	6081	1371
450	4008	3618
451	4049	3933
452	4186	3265
453	3600	3827
454	2980	3948
455	3491	4160
456	3302	4075
457	3619	4331
458	3711	4240
459	4210	3317
460	3523	4244
461	2626	5309
462	3728	3925
463	2994	3725
464	6010	1249
465	4292	2847
466	2531	4967
467	3851	3723
468	4310	2765
469	3606	3711
470	3364	3493
471	3511	3810
472	2782	4704
473	6038	1327
474	6063	1632
475	3251	3826
476	3600	3827
477	3664	4665
478	3345	3625
479	4646	2383
480	6038	1327
481	3860	3184
482	3520	4091
483	4155	2361
484	4460	2594
485	3491	4160
486	2823	4200
487	4159	3601
488	3364	3493
489	1018	8764
490	3621	4155
491	3732	3702
492	1018	8764
493	4329	2488
494	3436	3522
495	3728	4239
496	3870	3387
497	3038	4195
498	4180	3178
499	2297	6081
500	3996	3246
501	3019	5055
502	3445	3658
503	3573	4014
504	6010	1249
505	4142	4028
506	4323	2858
507	4189	2428
508	3455	4172
509	3995	3579
510	2912	3799
511	3537	3902
512	4027	3001
513	3251	3826
514	3977	3128
515	3539	3729
516	4248	2650
517	6081	1371
518	2547	3492
519	529	9310
520	3701	4089
521	3664	4665
522	2951	4622
523	4372	2894
524	4888	3015
525	3353	3328
526	3337	4090
527	3169	4521
528	2524	4211
529	2674	3490
530	2857	4357
531	3565	3552
532	4050	3315
533	5634	1552
534	4189	2428
535	5578	2006
536	2994	3725
537	3328	4027
538	4372	2610
539	3876	3328
540	3891	3668
541	3486	4577
542	3834	3423
543	3406	3462
544	2895	4463
545	4189	2428
546	2885	4827
547	3356	4385
548	4086	3439
549	4210	3317
550	3651	3860
551	3545	3754
552	4764	2109
553	3695	3486
554	3573	4014
555	4050	3315
556	3511	3886
557	3620	3689
558	3834	3423
559	3356	4175
560	5953	1567
561	3677	3579
562	3364	3493
563	6010	1249
564	4522	2678
565	3646	3470
566	2558	5791
567	4434	2648
568	3418	3526
569	5760	1901
570	4888	3015
571	4172	2976
572	4403	2986
573	3664	4665
574	3364	3493
575	4295	3623
576	3248	4915
577	6038	1327
578	5688	1825
579	2782	4704
580	3870	3387
581	3331	4401
582	4460	2594
583	3327	3614
584	4050	3315
585	2383	4961
586	5578	2006
587	3820	3937
588	3402	3781
589	3020	4586
590	3356	4175
591	4156	2785
592	3489	4061
593	3732	3702
594	3307	4322
595	3651	3860
596	3375	3480
597	3506	3508
598	4430	3113
599	3651	3860
600	3406	3462
601	3891	3668
602	4707	2283
603	3480	3973
604	3331	4401
605	4189	2428
606	1892	5976
607	3359	3770
608	4057	3645
609	3498	3380
610	3356	4175
611	3422	3469
612	3732	3702
613	3436	3522
614	4508	2607
615	4295	3623
616	3169	4521
617	3045	3716
618	4460	2594
619	6051	1196
620	3204	4228
621	4044	3050
622	3359	3770
623	4372	2610
624	3962	3884
625	5700	1713
626	4323	2858
627	3677	3579
628	5688	1825
629	3177	3529
630	3868	4042
631	4295	3623
632	3837	4029
633	3868	4042
634	4402	2898
635	3836	2961
636	1018	8764
637	166	9412
638	3558	3881
639	5843	1579
640	5913	1365
641	5913	1365
642	2895	4463
643	3514	4099
644	3995	3579
645	4044	2787
646	3825	3927
647	3835	3392
648	4116	3320
649	1892	5976
650	3962	3884
651	2939	5222
652	4430	3113
653	3666	3977
654	4116	3320
655	5800	1282
656	4086	3439
657	4008	3618
658	3537	3902
659	2626	5309
660	3418	3526
661	2912	3799
662	3176	4751
663	3686	3255
664	3331	4401
665	4126	2364
666	4057	3645
667	2782	4704
668	2921	4106
669	3728	4239
670	4142	4028
671	3489	4061
672	3328	4027
673	5680	1530
674	3870	3162
675	4403	2986
676	3049	4585
677	3686	3255
678	4130	3107
679	5913	1365
680	3389	3693
681	4719	2962
682	4402	2898
683	3600	3827
684	3728	4239
685	3176	4751
686	5479	1736
687	4477	3111
688	2567	5466
689	3558	3881
690	3347	3671
691	3686	4030
692	3720	3343
693	3353	3328
694	3456	4327
695	5907	1539
696	4116	3227
697	3277	4305
698	4372	2894
699	6051	1196
700	3402	3781
701	4200	2644
702	5947	1593
703	3719	3401
704	3427	3614
705	4156	2785
706	2626	5309
707	3379	3898
708	3327	3614
709	3251	3826
710	5945	1624
711	3719	3401
712	5843	1579
713	2923	4051
714	3804	4256
715	4200	2644
716	3120	5024
717	4719	2962
718	3545	3754
719	3506	3508
720	4200	2644
721	4146	2837
722	4173	3126
723	3558	3881
724	4423	2562
725	5977	1521
726	4132	3426
727	3489	4061
728	3422	3469
729	3837	4029
730	3115	4217
731	529	9310
732	3445	3658
733	3677	3579
734	3789	3918
735	4402	2898
736	283	9620
737	3483	3569
738	4174	2884
739	3686	3969
740	3545	3754
741	3055	3970
742	3800	4014
743	3498	3889
744	3342	3997
745	3337	4399
746	4104	2471
747	6095	1461
748	4126	2364
749	1172	8399
750	3904	3951
751	3523	4244
752	3646	3470
753	3835	3392
754	3248	4915
755	4155	2361
756	3606	3711
757	3455	4172
758	3120	5024
759	3049	4585
760	4130	3107
761	3520	4091
762	3691	3854
763	3606	3711
764	3537	3902
765	3327	3614
766	4173	3126
767	2405	3427
768	3347	3671
769	3456	4327
770	0	9890
771	3870	3162
772	3422	3469
773	3277	4305
774	3173	4323
775	4048	3282
776	3806	3833
777	3359	3770
778	752	8705
779	4147	3737
780	4323	3384
781	2924	5015
782	3545	3754
783	3520	4091
784	3480	3973
785	3520	4091
786	3933	3214
787	3837	4029
788	5865	1639
789	3480	3973
790	3840	3467
791	3659	3667
792	2921	4106
793	2951	4622
794	4292	2847
795	3717	3993
796	4372	2610
797	3732	3986
798	3538	3857
799	4086	3439
800	1892	5976
801	3504	3427
802	3620	3689
803	3870	3162
804	3427	3614
805	3187	4316
806	3019	5055
807	3019	5055
808	3996	3246
809	3480	3973
810	3659	3667
811	3836	2961
812	3962	3884
813	3459	3422
814	4006	3669
815	3380	4299
816	3868	4042
817	4434	2648
818	3696	3552
819	4008	3618
820	3331	4401
821	3589	4363
822	4174	2884
823	1892	5976
824	4501	2916
825	3868	4042
826	2994	3725
827	3646	3470
828	4719	2962
829	3720	3343
830	4402	2898
831	3789	3918
832	3019	5055
833	3283	4845
834	3483	3569
835	4516	2250
836	3342	3997
837	2912	3799
838	3038	4195
839	3325	3927
840	3985	3307
841	4292	2847
842	3115	4217
843	3539	3729
844	3379	3898
845	3903	4370
846	3418	3526
847	4050	3315
848	3173	4323
849	2921	4106
850	3764	3704
851	3933	3214
852	3764	3704
853	3418	3526
854	4052	3203
855	3711	4240
856	4501	2916
857	4159	3601
858	4086	3439
859	3620	3689
860	5624	1561
861	3523	4244
862	3985	3307
863	4147	3737
864	4200	2644
865	3962	3884
866	3176	4751
867	4522	2678
868	2923	4051
869	3870	3162
870	3834	3423
871	3149	3559
872	4329	2488
873	4122	4123
874	3356	4175
875	3686	4030
876	3337	4399
877	5634	1552
878	4329	2488
879	3685	3480
880	3169	4521
881	2567	5466
882	3677	3579
883	3825	3927
884	3359	3770
885	3406	3462
886	4430	3113
887	3427	3614
888	4116	3320
889	3860	3184
890	3664	4665
891	2383	4961
892	3695	3486
893	4200	2644
894	4122	4123
895	3755	2983
896	3353	3328
897	2923	4051
898	3903	4370
899	3545	3754
900	3020	4586
901	3677	3579
902	3055	3970
903	3364	3493
904	3924	3223
905	6175	1714
906	2823	4200
907	3364	3493
908	3851	4135
909	5680	1530
910	2547	3492
911	3666	3977
912	3378	4900
913	3962	3884
914	3868	4042
915	4719	2962
916	3476	3851
917	4026	3770
918	4249	2497
DEMAND_SECTION
1	0
2	4
3	4
4	3
5	5
6	10
7	9
8	5
9	5
10	7
11	4
12	11
13	7
14	4
15	9
16	6
17	8
18	4
19	6
20	7
21	6
22	9
23	8
24	5
25	5
26	4
27	8
28	5
29	5
30	10
31	8
32	6
33	10
34	7
35	4
36	4
37	4
38	4
39	3
40	7
41	4
42	10
43	5
44	8
45	4
46	6
47	6
48	5
49	5
50	10
51	4
52	4
53	4
54	9
55	5
56	5
57	8
58	8
59	8
60	3
61	5
62	9
63	5
64	9
65	7
66	6
67	4
68	6
69	5
70	4
71	5
72	9
73	9
74	6
75	4
76	7
77	7
78	10
79	8
80	7
81	6
82	4
83	7
84	5
85	6
86	7
87	5
88	8
89	5
90	4
91	4
92	9
93	5
94	5
95	9
96	6
97	16
98	5
99	4
100	5
101	8
102	5
103	7
104	6
105	4
106	6
107	8
108	8
109	5
110	8
111	4
112	7
113	8
114	6
115	4
116	6
117	5
118	7
119	7
120	12
121	6
122	6
123	7
124	3
125	10
126	4
127	5
128	4
129	8
130	4
131	4
132	7
133	5
134	10
135	13
136	6
137	6
138	5
139	5
140	13
141	14
142	11
143	7
144	4
145	20
146	7
147	8
148	5
149	6
150	6
151	6
152	6
153	5
154	12
155	7
156	5
157	4
158	4
159	8
160	6
161	4
162	9
163	3
164	6
165	3
166	10
167	4
168	7
169	4
170	7
171	4
172	6
173	6
174	5
175	5
176	4
177	4
178	10
179	5
180	3
181	9
182	7
183	7
184	8
185	4
186	8
187	8
188	8
189	7
190	3
191	7
192	12
193	3
194	6
195	8
196	9
197	20
198	14
199	4
200	7
201	7
202	4
203	9
204	6
205	9
206	9
207	24
208	6
209	3
210	7
211	3
212	4
213	5
214	7
215	4
216	7
217	5
218	7
219	4
220	8
221	9
222	5
223	9
224	4
225	6
226	5
227	6
228	7
229	7
230	7
231	11
232	3
233	3
234	3
235	6
236	5
237	4
238	5
239	7
240	9
241	20
242	3
243	4
244	9
245	12
246	7
247	7
248	7
249	5
250	9
251	4
252	10
253	3
254	8
255	9
256	7
257	7
258	8
259	4
260	4
261	6
262	5
263	5
264	3
265	9
266	8
267	3
268	4
269	5
270	4
271	3
272	6
273	8
274	4
275	4
276	10
277	9
278	6
279	4
280	5
281	5
282	6
283	6
284	5
285	4
286	5
287	3
288	6
289	4
290	4
291	5
292	5
293	8
294	7
295	13
296	7
297	10
298	8
299	7
300	10
301	3
302	3
303	8
304	7
305	4
306	8
307	5
308	5
309	5
310	5
311	8
312	6
313	8
314	8
315	7
316	6
317	3
318	5
319	3
320	5
321	5
322	5
323	17
324	16
325	8
326	4
327	6
328	7
329	12
330	8
331	9
332	20
333	5
334	9
335	10
336	9
337	8
338	5
339	5
340	8
341	5
342	6
343	4
344	4
345	8
346	6
347	10
348	8
349	6
350	5
351	7
352	4
353	14
354	5
355	5
356	6
357	8
358	7
359	5
360	11
361	5
362	6
363	4
364	4
365	5
366	3
367	4
368	10
369	7
370	6
371	4
372	4
373	11
374	9
375	4
376	4
377	6
378	4
379	5
380	10
381	3
382	4
383	4
384	14
385	5
386	5
387	8
388	4
389	5
390	5
391	7
392	9
393	9
394	5
395	7
396	4
397	4
398	5
399	10
400	6
401	9
402	6
403	6
404	9
405	8
406	6
407	4
408	5
409	7
410	3
411	4
412	4
413	8
414	4
415	5
416	6
417	4
418	5
419	4
420	4
421	5
422	7
423	5
424	9
425	3
426	5
427	4
428	17
429	20
430	16
431	8
432	8
433	6
434	3
435	6
436	14
437	6
438	5
439	7
440	6
441	4
442	4
443	5
444	3
445	14
446	3
447	6
448	4
449	8
450	6
451	7
452	5
453	3
454	5
455	7
456	5
457	4
458	5
459	7
460	6
461	10
462	27
463	7
464	5
465	6
466	8
467	5
468	3
469	8
470	7
471	5
472	4
473	7
474	4
475	27
476	10
477	4
478	8
479	4
480	4
481	3
482	7
483	5
484	9
485	4
486	7
487	6
488	4
489	5
490	6
491	6
492	5
493	8
494	6
495	5
496	4
497	4
498	4
499	8
500	7
501	4
502	4
503	6
504	5
505	5
506	3
507	4
508	6
509	5
510	4
511	5
512	5
513	6
514	4
515	7
516	5
517	7
518	8
519	4
520	4
521	6
522	3
523	4
524	5
525	3
526	7
527	7
528	3
529	7
530	7
531	10
532	5
533	10
534	4
535	3
536	8
537	4
538	5
539	4
540	7
541	12
542	5
543	3
544	5
545	5
546	4
547	8
548	4
549	4
550	7
551	9
552	6
553	6
554	9
555	8
556	7
557	6
558	7
559	6
560	6
561	5
562	5
563	5
564	5
565	7
566	9
567	7
568	6
569	4
570	6
571	4
572	5
573	5
574	14
575	5
576	8
577	7
578	11
579	17
580	4
581	4
582	7
583	5
584	4
585	5
586	5
587	5
588	5
589	10
590	6
591	4
592	7
593	4
594	4
595	4
596	5
597	4
598	9
599	5
600	4
601	8
602	6
603	13
604	7
605	7
606	5
607	6
608	10
609	12
610	8
611	8
612	3
613	4
614	9
615	7
616	9
617	8
618	5
619	4
620	10
621	5
622	4
623	4
624	5
625	6
626	6
627	5
628	5
629	6
630	4
631	10
632	7
633	7
634	4
635	6
636	9
637	13
638	8
639	6
640	7
641	6
642	4
643	7
644	4
645	8
646	4
647	4
648	5
649	5
650	5
651	8
652	3
653	9
654	7
655	7
656	17
657	7
658	3
659	4
660	4
661	7
662	24
663	7
664	8
665	11
666	9
667	27
668	8
669	5
670	4
671	3
672	6
673	10
674	3
675	5
676	5
677	5
678	4
679	8
680	7
681	3
682	14
683	3
684	12
685	4
686	5
687	4
688	8
689	7
690	4
691	9
692	7
693	6
694	4
695	4
696	9
697	6
698	9
699	5
700	3
701	6
702	4
703	9
704	4
705	5
706	6
707	6
708	7
709	3
710	4
711	5
712	10
713	6
714	3
715	6
716	4
717	10
718	7
719	8
720	11
721	6
722	4
723	4
724	5
725	5
726	6
727	4
728	4
729	6
730	11
731	5
732	3
733	9
734	6
735	4
736	6
737	8
738	6
739	3
740	5
741	3
742	9
743	6
744	4
745	8
746	9
747	6
748	7
749	5
750	5
751	5
752	6
753	5
754	4
755	6
756	9
757	4
758	6
759	5
760	4
761	9
762	7
763	6
764	4
765	13
766	6
767	7
768	9
769	5
770	8
771	7
772	5
773	11
774	16
775	5
776	6
777	7
778	8
779	4
780	4
781	3
782	7
783	3
784	3
785	7
786	6
787	5
788	5
789	5
790	7
791	7
792	8
793	5
794	4
795	5
796	5
797	4
798	3
799	4
800	4
801	7
802	11
803	6
804	7
805	4
806	8
807	5
808	5
809	4
810	10
811	4
812	4
813	3
814	9
815	8
816	7
817	4
818	7
819	4
820	4
821	6
822	7
823	27
824	10
825	6
826	4
827	5
828	4
829	5
830	4
831	4
832	10
833	4
834	9
835	3
836	5
837	7
838	5
839	6
840	10
841	10
842	9
843	7
844	6
845	9
846	20
847	4
848	5
849	3
850	5
851	8
852	5
853	3
854	5
855	6
856	5
857	8
858	5
859	9
860	7
861	5
862	5
863	20
864	4
865	8
866	7
867	5
868	6
869	3
870	9
871	5
872	4
873	6
874	7
875	5
876	12
877	3
878	4
879	4
880	6
881	4
882	5
883	5
884	7
885	8
886	12
887	3
888	7
889	5
890	4
891	9
892	7
893	12
894	8
895	3
896	4
897	6
898	6
899	9
900	4
901	13
902	3
903	5
904	4
905	9
906	8
907	4
908	17
909	4
910	5
911	5
912	4
913	5
914	4
915	6
916	6
917	7
918	4
DEPOT_SECTION
1
-1
SERVICE_TIME_SECTION
1	0
2	420
3	780
4	720
5	240
6	480
7	1440
8	240
9	660
10	240
11	720
12	600
13	420
14	420
15	540
16	480
17	480
18	720
19	540
20	240
21	600
22	720
23	360
24	420
25	300
26	480
27	360
28	480
29	420
30	360
31	480
32	360
33	420
34	780
35	360
36	540
37	1320
38	300
39	600
40	480
41	600
42	420
43	480
44	540
45	540
46	540
47	360
48	300
49	420
50	720
51	600
52	360
53	840
54	720
55	360
56	480
57	660
58	660
59	300
60	720
61	480
62	240
63	480
64	540
65	600
66	480
67	300
68	660
69	780
70	300
71	540
72	1140
73	480
74	540
75	360
76	600
77	360
78	600
79	480
80	780
81	360
82	600
83	600
84	540
85	480
86	660
87	240
88	660
89	900
90	480
91	720
92	720
93	360
94	240
95	360
96	360
97	240
98	420
99	420
100	360
101	360
102	540
103	300
104	360
105	300
106	360
107	660
108	360
109	240
110	720
111	660
112	480
113	480
114	540
115	720
116	660
117	360
118	480
119	540
120	420
121	420
122	1140
123	240
124	540
125	360
126	720
127	660
128	240
129	720
130	660
131	480
132	660
133	480
134	360
135	240
136	300
137	600
138	1560
139	780
140	720
141	360
142	540
143	360
144	1020
145	240
146	420
147	540
148	480
149	240
150	360
151	540
152	600
153	600
154	240
155	240
156	240
157	360
158	720
159	420
160	600
161	1020
162	360
163	240
164	600
165	360
166	600
167	420
168	480
169	240
170	480
171	360
172	1140
173	300
174	660
175	600
176	1260
177	420
178	660
179	960
180	540
181	240
182	240
183	780
184	720
185	420
186	360
187	1020
188	1080
189	240
190	1140
191	720
192	480
193	240
194	480
195	600
196	480
197	480
198	600
199	600
200	360
201	720
202	240
203	660
204	300
205	660
206	660
207	600
208	420
209	360
210	900
211	660
212	300
213	600
214	1320
215	360
216	360
217	300
218	480
219	540
220	660
221	480
222	240
223	240
224	960
225	540
226	360
227	540
228	480
229	600
230	540
231	720
232	600
233	1020
234	540
235	480
236	480
237	660
238	240
239	480
240	480
241	240
242	480
243	540
244	540
245	660
246	600
247	360
248	420
249	540
250	780
251	780
252	660
253	240
254	780
255	300
256	1080
257	540
258	360
259	420
260	360
261	300
262	840
263	300
264	900
265	360
266	240
267	720
268	420
269	720
270	540
271	360
272	480
273	540
274	360
275	540
276	660
277	360
278	240
279	420
280	660
281	480
282	780
283	540
284	540
285	660
286	960
287	420
288	360
289	540
290	360
291	660
292	240
293	540
294	780
295	240
296	360
297	480
298	540
299	480
300	240
301	540
302	600
303	840
304	240
305	660
306	720
307	300
308	540
309	240
310	720
311	420
312	480
313	480
314	420
315	600
316	240
317	420
318	720
319	780
320	540
321	660
322	420
323	780
324	600
325	420
326	300
327	360
328	600
329	480
330	1080
331	2400
332	900
333	360
334	1080
335	540
336	480
337	300
338	240
339	240
340	360
341	900
342	420
343	420
344	240
345	300
346	420
347	300
348	480
349	1080
350	780
351	420
352	480
353	360
354	240
355	540
356	420
357	240
358	480
359	480
360	420
361	480
362	360
363	420
364	240
365	420
366	300
367	240
368	240
369	420
370	540
371	300
372	1560
373	240
374	540
375	240
376	300
377	900
378	420
379	540
380	360
381	480
382	360
383	540
384	480
385	240
386	240
387	240
388	540
389	480
390	540
391	900
392	540
393	240
394	540
395	240
396	720
397	720
398	360
399	780
400	720
401	360
402	720
403	480
404	240
405	240
406	420
407	420
408	1020
409	1560
410	600
411	540
412	360
413	240
414	420
415	660
416	480
417	660
418	300
419	540
420	660
421	300
422	420
423	240
424	420
425	720
426	660
427	240
428	360
429	240
430	480
431	960
432	480
433	540
434	840
435	660
436	240
437	300
438	540
439	300
440	240
441	360
442	360
443	660
444	420
445	720
446	720
447	300
448	600
449	480
450	720
451	480
452	420
453	720
454	420
455	360
456	240
457	360
458	240
459	300
460	480
461	300
462	300
463	360
464	660
465	480
466	600
467	540
468	540
469	1440
470	420
471	360
472	660
473	480
474	540
475	360
476	360
477	480
478	720
479	1080
480	240
481	360
482	360
483	600
484	480
485	300
486	240
487	480
488	300
489	600
490	360
491	480
492	240
493	420
494	420
495	300
496	300
497	480
498	420
499	300
500	540
501	540
502	660
503	360
504	660
505	540
506	660
507	420
508	420
509	240
510	540
511	660
512	660
513	420
514	1080
515	660
516	360
517	480
518	540
519	480
520	300
521	480
522	900
523	720
524	360
525	240
526	360
527	300
528	300
529	360
530	240
531	540
532	540
533	360
534	480
535	600
536	660
537	1080
538	600
539	420
540	360
541	600
542	780
543	480
544	420
545	2400
546	1020
547	600
548	1080
549	960
550	480
551	240
552	480
553	660
554	420
555	840
556	600
557	300
558	660
559	240
560	240
561	240
562	780
563	420
564	360
565	300
566	300
567	300
568	540
569	360
570	240
571	540
572	300
573	540
574	300
575	540
576	480
577	360
578	720
579	360
580	840
581	720
582	540
583	840
584	780
585	420
586	1320
587	420
588	540
589	540
590	540
591	720
592	600
593	840
594	240
595	240
596	300
597	420
598	480
599	1080
600	300
601	480
602	240
603	240
604	840
605	780
606	300
607	540
608	720
609	240
610	660
611	300
612	360
613	360
614	900
615	360
616	540
617	300
618	540
619	240
620	480
621	240
622	540
623	1440
624	540
625	300
626	960
627	360
628	540
629	600
630	660
631	240
632	480
633	480
634	840
635	420
636	360
637	360
638	720
639	420
640	480
641	540
642	660
643	360
644	360
645	600
646	480
647	720
648	780
649	600
650	300
651	600
652	600
653	540
654	540
655	360
656	240
657	1020
658	780
659	540
660	540
661	480
662	480
663	1020
664	600
665	780
666	900
667	240
668	540
669	360
670	360
671	300
672	540
673	540
674	480
675	360
676	240
677	900
678	480
679	360
680	360
681	540
682	480
683	360
684	540
685	420
686	240
687	600
688	300
689	360
690	300
691	480
692	780
693	720
694	540
695	360
696	660
697	780
698	540
699	360
700	660
701	360
702	900
703	240
704	780
705	780
706	840
707	660
708	240
709	1080
710	360
711	360
712	480
713	360
714	360
715	720
716	540
717	360
718	540
719	900
720	240
721	300
722	360
723	600
724	1080
725	240
726	480
727	540
728	240
729	420
730	600
731	360
732	660
733	480
734	360
735	480
736	480
737	360
738	480
739	360
740	420
741	360
742	840
743	360
744	300
745	360
746	540
747	900
748	540
749	540
750	480
751	480
752	420
753	540
754	300
755	360
756	300
757	600
758	660
759	360
760	660
761	540
762	660
763	420
764	420
765	360
766	600
767	600
768	420
769	720
770	420
771	480
772	900
773	420
774	720
775	360
776	480
777	1260
778	240
779	480
780	300
781	480
782	600
783	540
784	420
785	840
786	480
787	540
788	300
789	780
790	660
791	300
792	1260
793	360
794	480
795	300
796	540
797	1080
798	660
799	900
800	900
801	360
802	540
803	660
804	660
805	240
806	540
807	480
808	240
809	360
810	540
811	540
812	480
813	540
814	660
815	240
816	720
817	1140
818	720
819	540
820	720
821	780
822	360
823	360
824	540
825	900
826	960
827	420
828	480
829	360
830	360
831	660
832	420
833	720
834	600
835	360
836	600
837	600
838	240
839	540
840	780
841	1560
842	240
843	540
844	480
845	660
846	300
847	240
848	660
849	720
850	720
851	840
852	480
853	540
854	480
855	660
856	240
857	540
858	600
859	480
860	300
861	420
862	540
863	480
864	660
865	360
866	660
867	780
868	1560
869	360
870	240
871	660
872	780
873	360
874	600
875	240
876	480
877	360
878	540
879	900
880	660
881	660
882	240
883	480
884	480
885	360
886	720
887	360
888	240
889	660
890	1260
891	660
892	360
893	1020
894	600
895	540
896	780
897	300
898	480
899	420
900	300
901	540
902	540
903	240
904	540
905	480
906	600
907	540
908	660
909	420
910	660
911	720
912	660
913	840
914	660
915	360
916	480
917	420
918	300
TIME_WINDOW_SECTION
1	0	41400
2	16200	22500
3	16200	23100
4	12600	19500
5	5400	12300
6	9000	15900
7	12600	19500
8	14400	33900
9	5400	12300
10	16200	23100
11	7200	26700
12	9000	15900
13	12600	19500
14	9000	15900
15	16200	23100
16	9000	15900
17	1800	8700
18	16200	23100
19	12600	18900
20	12600	21300
21	9000	15900
22	9000	15300
23	7200	26700
24	1800	8100
25	9000	15900
26	16200	22500
27	9000	15900
28	1800	8100
29	7200	26100
30	16200	23100
31	9000	15900
32	1800	8700
33	16200	23100
34	1800	8700
35	9000	15900
36	16200	23100
37	12600	19500
38	9000	15900
39	7200	26100
40	5400	12300
41	1800	8700
42	1800	8700
43	16200	22500
44	1800	8700
45	14400	33900
46	1800	8100
47	19800	26700
48	5400	12300
49	9000	15900
50	1800	8700
51	5400	11700
52	9000	15900
53	16200	23100
54	16200	22500
55	7200	26700
56	1800	8700
57	1800	8100
58	16200	23100
59	9000	15300
60	16200	23100
61	16200	23100
62	1800	8100
63	5400	15900
64	1800	8100
65	12600	19500
66	5400	12300
67	12600	19500
68	12600	18900
69	16200	23100
70	14400	33900
71	5400	12300
72	7200	26700
73	16200	23100
74	9000	15900
75	9000	15900
76	12600	19500
77	16200	23100
78	12600	19500
79	5400	15900
80	12600	23100
81	12600	19500
82	12600	19500
83	14400	33900
84	12600	18900
85	12600	19500
86	7200	26100
87	1800	8700
88	16200	23100
89	1800	8700
90	19800	26700
91	12600	19500
92	16200	23100
93	9000	15900
94	1800	8700
95	12600	19500
96	7200	26700
97	19800	26700
98	5400	12300
99	1800	8700
100	9000	15900
101	9000	15900
102	7200	26100
103	5400	12300
104	7200	26700
105	19800	26700
106	16200	23100
107	7200	26100
108	9000	15900
109	9000	15900
110	5400	12300
111	7200	26700
112	12600	23100
113	1800	8700
114	12600	19500
115	12600	19500
116	5400	12300
117	19800	26700
118	16200	23100
119	9000	15900
120	1800	8700
121	1800	8700
122	5400	12300
123	16200	22500
124	5400	12300
125	5400	12300
126	5400	12300
127	19800	26700
128	5400	12300
129	7200	26700
130	1800	8700
131	19800	26700
132	16200	23100
133	5400	12300
134	1800	8700
135	7200	26100
136	5400	15900
137	12600	19500
138	7200	26700
139	7200	26100
140	7200	26100
141	7200	26700
142	7200	26700
143	1800	8700
144	19800	26100
145	9000	15900
146	9000	15900
147	12600	20700
148	19800	26700
149	9000	15900
150	9000	15900
151	1800	8700
152	12600	19500
153	12600	23100
154	5400	12300
155	7200	26700
156	12600	23100
157	7200	26700
158	12600	19500
159	7200	26700
160	9000	15900
161	5400	12300
162	7200	26700
163	7200	26700
164	19800	26100
165	1800	8700
166	9000	15900
167	1800	8700
168	12600	19500
169	1800	8700
170	1800	8700
171	16200	23100
172	1800	8700
173	9000	15900
174	1800	8700
175	9000	15900
176	12600	21300
177	7200	26700
178	9000	15300
179	19800	26100
180	23400	33900
181	12600	19500
182	12600	20700
183	16200	23100
184	5400	15900
185	19800	26700
186	12600	19500
187	1800	8700
188	7200	26700
189	5400	12300
190	12600	23100
191	9000	15900
192	1800	8700
193	12600	19500
194	7200	26700
195	1800	8700
196	5400	15300
197	1800	8700
198	7200	26700
199	9000	15300
200	19800	26700
201	19800	26700
202	9000	15900
203	9000	15900
204	5400	12300
205	9000	15900
206	1800	8700
207	5400	12300
208	7200	26700
209	7200	26700
210	7200	26700
211	9000	15900
212	16200	23100
213	12600	23100
214	1800	8700
215	19800	26100
216	1800	8700
217	9000	15300
218	1800	8700
219	5400	12300
220	12600	19500
221	14400	33900
222	9000	15900
223	14400	33900
224	9000	15900
225	9000	15900
226	9000	15900
227	9000	15900
228	5400	12300
229	12600	23100
230	1800	8700
231	7200	26700
232	5400	12300
233	16200	22500
234	9000	15900
235	16200	22500
236	9000	15900
237	12600	19500
238	19800	26700
239	12600	19500
240	16200	23100
241	19800	26700
242	7200	26700
243	12600	18900
244	7200	26100
245	1800	8700
246	7200	26700
247	9000	15900
248	1800	8700
249	7200	26700
250	12600	23100
251	1800	8700
252	5400	15900
253	16200	23100
254	9000	15900
255	16200	23100
256	16200	22500
257	16200	23100
258	1800	8700
259	9000	15300
260	16200	23100
261	1800	8700
262	1800	8700
263	1800	8100
264	7200	26700
265	5400	12300
266	5400	15900
267	5400	12300
268	5400	15300
269	19800	26100
270	16200	23100
271	1800	8700
272	1800	8700
273	7200	26700
274	1800	8700
275	14400	33900
276	1800	8700
277	16200	23100
278	1800	8100
279	12600	19500
280	7200	26700
281	5400	11700
282	19800	26700
283	19800	26700
284	1800	8700
285	7200	26700
286	5400	12300
287	19800	26700
288	19800	26100
289	1800	8700
290	19800	26100
291	19800	26100
292	5400	12300
293	12600	23100
294	9000	15900
295	1800	8700
296	7200	26700
297	7200	26700
298	7200	26700
299	16200	23100
300	16200	23100
301	19800	26700
302	5400	11700
303	9000	15300
304	5400	12300
305	19800	26100
306	9000	15900
307	16200	23100
308	19800	26700
309	12600	18900
310	19800	26100
311	9000	15900
312	1800	8700
313	1800	8700
314	7200	26100
315	5400	12300
316	9000	15900
317	12600	23100
318	1800	8700
319	7200	26100
320	16200	22500
321	12600	19500
322	19800	26700
323	5400	15900
324	1800	8700
325	9000	15900
326	12600	19500
327	7200	26700
328	12600	23100
329	16200	23100
330	5400	12300
331	7200	26700
332	5400	12300
333	7200	26100
334	12600	19500
335	16200	22500
336	1800	8700
337	19800	26700
338	5400	12300
339	9000	15900
340	16200	23100
341	5400	12300
342	5400	12300
343	16200	23100
344	7200	26700
345	12600	23100
346	16200	23100
347	19800	26700
348	19800	26100
349	5400	12300
350	5400	12300
351	16200	23100
352	7200	26700
353	1800	8700
354	16200	23100
355	7200	26700
356	1800	8700
357	7200	26700
358	1800	8700
359	7200	26700
360	12600	19500
361	12600	19500
362	12600	19500
363	1800	8700
364	5400	12300
365	9000	15900
366	9000	15900
367	9000	15900
368	16200	23100
369	1800	8700
370	1800	8700
371	9000	15900
372	7200	26700
373	5400	12300
374	9000	15900
375	19800	26700
376	19800	26700
377	19800	26100
378	16200	23100
379	7200	26700
380	16200	23100
381	12600	19500
382	5400	12300
383	5400	15900
384	5400	12300
385	7200	26700
386	9000	15900
387	7200	26700
388	7200	26700
389	12600	19500
390	7200	26700
391	23400	33300
392	5400	12300
393	7200	26700
394	12600	21300
395	5400	15900
396	7200	26700
397	19800	26100
398	19800	26700
399	7200	26100
400	5400	12300
401	7200	26700
402	16200	22500
403	7200	26700
404	9000	15900
405	5400	12300
406	16200	23100
407	16200	23100
408	12600	19500
409	16200	23100
410	7200	26700
411	14400	33900
412	7200	26700
413	19800	26100
414	7200	26700
415	7200	26700
416	9000	15900
417	16200	23100
418	19800	26700
419	19800	26700
420	7200	26700
421	16200	23100
422	16200	23100
423	19800	26100
424	7200	26700
425	5400	12300
426	5400	15900
427	12600	19500
428	12600	19500
429	9000	15900
430	19800	26100
431	12600	23100
432	7200	26700
433	9000	15900
434	16200	23100
435	9000	15900
436	19800	26700
437	19800	26700
438	12600	23100
439	9000	15900
440	5400	12300
441	9000	15900
442	19800	26700
443	16200	23100
444	7200	26700
445	5400	15900
446	16200	23100
447	19800	26700
448	7200	26700
449	19800	26700
450	19800	26700
451	7200	26700
452	12600	19500
453	16200	23100
454	5400	12300
455	7200	26700
456	16200	23100
457	7200	26700
458	19800	26700
459	16200	22500
460	7200	26100
461	7200	26100
462	16200	23100
463	16200	23100
464	12600	19500
465	5400	15900
466	16200	23100
467	5400	12300
468	12600	19500
469	7200	26700
470	9000	15900
471	12600	19500
472	9000	15900
473	16200	23100
474	16200	22500
475	12600	21300
476	12600	19500
477	19800	26700
478	12600	19500
479	7200	26100
480	12600	19500
481	5400	12300
482	19800	26700
483	9000	15900
484	7200	26700
485	12600	21300
486	16200	23100
487	5400	12300
488	5400	12300
489	12600	19500
490	9000	15900
491	16200	23100
492	12600	21300
493	16200	23100
494	7200	26700
495	7200	26100
496	7200	26100
497	12600	19500
498	16200	23100
499	16200	23100
500	7200	26700
501	19800	26100
502	7200	26700
503	12600	19500
504	7200	26700
505	12600	19500
506	12600	23100
507	19800	26100
508	16200	23100
509	16200	23100
510	16200	23100
511	9000	15900
512	7200	26700
513	16200	23100
514	7200	26700
515	12600	18900
516	5400	12300
517	16200	23100
518	7200	26700
519	19800	26700
520	5400	12300
521	12600	19500
522	19800	26700
523	12600	19500
524	5400	12300
525	9000	15300
526	9000	15900
527	19800	26700
528	16200	23100
529	7200	26700
530	12600	18900
531	7200	26700
532	19800	26700
533	7200	26700
534	19800	26700
535	7200	26700
536	9000	15300
537	14400	33900
538	16200	23100
539	19800	26700
540	5400	15900
541	16200	23100
542	19800	26100
543	5400	12300
544	12600	21300
545	9000	15900
546	16200	23100
547	12600	23100
548	5400	12300
549	16200	23100
550	7200	26700
551	5400	12300
552	7200	26700
553	7200	26700
554	9000	15300
555	14400	33900
556	12600	19500
557	16200	23100
558	7200	26700
559	7200	26700
560	7200	26700
561	19800	26700
562	9000	15900
563	7200	26700
564	16200	23100
565	9000	15900
566	16200	23100
567	7200	26700
568	9000	15900
569	9000	15900
570	19800	26700
571	7200	26700
572	19800	26700
573	12600	19500
574	12600	19500
575	9000	15900
576	19800	26700
577	16200	23100
578	16200	23100
579	23400	33300
580	7200	26700
581	7200	26700
582	12600	18900
583	7200	26100
584	9000	15900
585	9000	15900
586	9000	15900
587	19800	26700
588	16200	23100
589	7200	26100
590	16200	23100
591	12600	19500
592	14400	33900
593	7200	26700
594	7200	26100
595	7200	26700
596	7200	26700
597	16200	23100
598	7200	26700
599	16200	23100
600	5400	15300
601	16200	23100
602	16200	23100
603	12600	21300
604	19800	26700
605	14400	33900
606	19800	26700
607	16200	23100
608	19800	26700
609	9000	15900
610	19800	26100
611	5400	15900
612	7200	26700
613	7200	26700
614	19800	26700
615	9000	15900
616	19800	26700
617	19800	26700
618	9000	15900
619	9000	15900
620	9000	15900
621	19800	26700
622	19800	26700
623	9000	15900
624	5400	15300
625	5400	15900
626	9000	15900
627	16200	23100
628	12600	19500
629	16200	23100
630	7200	26700
631	7200	26700
632	12600	19500
633	19800	26700
634	7200	26700
635	16200	23100
636	12600	23100
637	16200	23100
638	12600	19500
639	7200	26100
640	19800	26100
641	7200	26100
642	7200	26100
643	16200	23100
644	19800	26100
645	19800	26700
646	19800	26700
647	5400	15900
648	23400	33900
649	14400	33900
650	9000	15900
651	7200	26700
652	16200	23100
653	16200	23100
654	9000	15300
655	12600	19500
656	7200	26100
657	7200	26700
658	7200	26700
659	14400	33900
660	12600	19500
661	16200	23100
662	7200	26700
663	9000	15300
664	12600	19500
665	9000	15900
666	16200	23100
667	7200	26100
668	19800	26700
669	19800	26700
670	19800	26100
671	7200	26700
672	7200	26700
673	16200	23100
674	14400	33900
675	9000	15900
676	7200	26700
677	9000	15900
678	7200	26100
679	7200	26700
680	7200	26700
681	7200	26700
682	16200	23100
683	16200	23100
684	12600	21300
685	7200	26700
686	12600	19500
687	7200	26700
688	7200	26700
689	19800	26100
690	19800	26700
691	12600	19500
692	7200	26700
693	7200	26700
694	16200	23100
695	7200	26700
696	19800	26700
697	12600	18900
698	19800	26700
699	12600	21300
700	16200	23100
701	7200	26700
702	12600	19500
703	12600	19500
704	14400	33900
705	19800	26100
706	16200	23100
707	16200	23100
708	12600	21300
709	14400	33900
710	7200	26700
711	19800	26700
712	12600	18900
713	7200	26700
714	19800	26700
715	7200	26700
716	12600	23100
717	12600	23100
718	16200	23100
719	12600	19500
720	12600	18900
721	16200	23100
722	12600	23100
723	7200	26700
724	12600	19500
725	12600	18900
726	19800	26700
727	7200	26700
728	14400	33900
729	7200	26700
730	19800	26700
731	7200	26700
732	19800	26700
733	16200	23100
734	7200	26100
735	12600	23100
736	19800	26700
737	19800	26700
738	16200	22500
739	16200	23100
740	16200	23100
741	7200	26700
742	7200	26100
743	7200	26700
744	16200	23100
745	12600	19500
746	12600	23100
747	7200	26700
748	7200	26700
749	16200	23100
750	19800	26700
751	16200	23100
752	16200	23100
753	16200	23100
754	19800	26700
755	16200	23100
756	12600	21300
757	7200	26700
758	12600	19500
759	12600	19500
760	7200	26700
761	7200	26700
762	7200	26700
763	12600	19500
764	16200	23100
765	7200	26100
766	7200	26700
767	7200	26700
768	7200	26700
769	16200	23100
770	7200	26700
771	16200	23100
772	16200	23100
773	16200	23100
774	16200	23100
775	7200	26700
776	12600	23100
777	7200	26700
778	7200	26100
779	12600	19500
780	16200	23100
781	19800	26100
782	7200	26100
783	19800	26100
784	7200	26700
785	16200	23100
786	12600	23100
787	7200	26700
788	19800	26700
789	12600	23100
790	16200	23100
791	7200	26700
792	7200	26100
793	19800	26100
794	7200	26700
795	19800	26700
796	7200	26700
797	19800	26100
798	19800	26700
799	12600	19500
800	19800	26700
801	12600	19500
802	19800	26700
803	12600	19500
804	12600	19500
805	7200	26700
806	7200	26700
807	16200	23100
808	7200	26700
809	16200	23100
810	7200	26700
811	12600	19500
812	7200	26700
813	12600	19500
814	16200	23100
815	19800	26700
816	7200	26700
817	12600	23100
818	19800	26700
819	7200	26700
820	7200	26700
821	19800	26700
822	19800	26700
823	7200	26700
824	16200	23100
825	7200	26700
826	7200	26700
827	16200	23100
828	12600	23100
829	19800	26700
830	7200	26700
831	16200	22500
832	7200	26100
833	12600	23100
834	19800	26700
835	16200	23100
836	7200	26700
837	16200	23100
838	7200	26700
839	16200	23100
840	16200	23100
841	19800	26700
842	16200	23100
843	14400	33900
844	7200	26700
845	19800	26700
846	19800	26700
847	16200	23100
848	7200	26700
849	12600	23100
850	19800	26700
851	16200	23100
852	7200	26700
853	19800	26700
854	7200	26700
855	14400	33900
856	7200	26100
857	7200	26700
858	7200	26700
859	16200	23100
860	7200	26100
861	7200	26700
862	19800	26700
863	19800	26100
864	7200	26700
865	16200	23100
866	7200	26700
867	19800	26700
868	19800	26700
869	19800	26700
870	16200	23100
871	19800	26700
872	19800	26700
873	16200	23100
874	7200	26700
875	19800	26700
876	7200	26700
877	14400	33900
878	7200	26700
879	7200	26700
880	19800	26100
881	7200	26700
882	7200	26700
883	19800	26700
884	7200	26700
885	19800	26700
886	7200	26700
887	7200	26700
888	19800	26700
889	19800	26700
890	19800	26100
891	19800	26700
892	19800	26700
893	7200	26100
894	7200	26700
895	19800	26100
896	19800	26700
897	7200	26100
898	19800	26700
899	7200	26700
900	14400	33900
901	7200	26700
902	19800	26100
903	7200	26100
904	19800	26700
905	7200	26700
906	19800	26700
907	7200	26700
908	7200	26100
909	7200	26700
910	19800	26700
911	7200	26100
912	19800	26700
913	23400	33900
914	7200	26700
915	7200	26100
916	19800	26700
917	19800	26700
918	7200	26700
RELEASE_TIME_SECTION
1	0
2	1800
3	1800
4	1800
5	1800
6	1800
7	1800
8	1800
9	1800
10	1800
11	1800
12	1800
13	1800
14	1800
15	1800
16	1800
17	1800
18	1800
19	1800
20	1800
21	1800
22	1800
23	1800
24	1800
25	1800
26	1800
27	1800
28	1800
29	1800
30	1800
31	1800
32	1800
33	1800
34	1800
35	1800
36	1800
37	1800
38	1800
39	1800
40	1800
41	1800
42	1800
43	1800
44	1800
45	1800
46	1800
47	1800
48	1800
49	1800
50	1800
51	1800
52	1800
53	1800
54	1800
55	1800
56	1800
57	1800
58	1800
59	1800
60	1800
61	1800
62	1800
63	1800
64	1800
65	1800
66	1800
67	1800
68	1800
69	1800
70	1800
71	1800
72	1800
73	1800
74	1800
75	1800
76	1800
77	1800
78	1800
79	1800
80	1800
81	1800
82	1800
83	1800
84	1800
85	1800
86	1800
87	1800
88	1800
89	1800
90	1800
91	1800
92	1800
93	1800
94	1800
95	1800
96	1800
97	1800
98	1800
99	1800
100	1800
101	1800
102	3600
103	3600
104	3600
105	3600
106	3600
107	3600
108	3600
109	3600
110	3600
111	3600
112	3600
113	3600
114	3600
115	3600
116	3600
117	3600
118	3600
119	3600
120	3600
121	3600
122	3600
123	3600
124	3600
125	3600
126	3600
127	3600
128	3600
129	3600
130	3600
131	3600
132	3600
133	3600
134	3600
135	3600
136	3600
137	3600
138	3600
139	3600
140	3600
141	3600
142	3600
143	3600
144	3600
145	3600
146	3600
147	3600
148	3600
149	3600
150	3600
151	3600
152	3600
153	3600
154	3600
155	3600
156	3600
157	3600
158	3600
159	3600
160	3600
161	3600
162	3600
163	3600
164	3600
165	3600
166	3600
167	3600
168	3600
169	3600
170	3600
171	3600
172	3600
173	3600
174	3600
175	3600
176	3600
177	3600
178	3600
179	3600
180	3600
181	3600
182	3600
183	3600
184	3600
185	3600
186	3600
187	3600
188	3600
189	3600
190	3600
191	3600
192	3600
193	3600
194	3600
195	3600
196	3600
197	3600
198	3600
199	3600
200	3600
201	5400
202	5400
203	5400
204	5400
205	5400
206	5400
207	5400
208	5400
209	5400
210	5400
211	5400
212	5400
213	5400
214	5400
215	5400
216	5400
217	5400
218	5400
219	5400
220	5400
221	5400
222	5400
223	5400
224	5400
225	5400
226	5400
227	5400
228	5400
229	5400
230	5400
231	5400
232	5400
233	5400
234	5400
235	5400
236	5400
237	5400
238	5400
239	5400
240	5400
241	5400
242	5400
243	5400
244	5400
245	5400
246	5400
247	5400
248	5400
249	5400
250	5400
251	5400
252	5400
253	5400
254	5400
255	5400
256	5400
257	5400
258	5400
259	5400
260	5400
261	5400
262	5400
263	5400
264	5400
265	5400
266	5400
267	5400
268	5400
269	5400
270	5400
271	5400
272	5400
273	5400
274	5400
275	5400
276	5400
277	5400
278	5400
279	5400
280	5400
281	5400
282	5400
283	5400
284	5400
285	5400
286	5400
287	5400
288	5400
289	5400
290	5400
291	5400
292	5400
293	5400
294	5400
295	5400
296	5400
297	5400
298	5400
299	5400
300	5400
301	7200
302	7200
303	7200
304	7200
305	7200
306	7200
307	7200
308	7200
309	7200
310	7200
311	7200
312	7200
313	7200
314	7200
315	7200
316	7200
317	7200
318	7200
319	7200
320	7200
321	7200
322	7200
323	7200
324	7200
325	7200
326	7200
327	7200
328	7200
329	7200
330	7200
331	7200
332	7200
333	7200
334	7200
335	7200
336	7200
337	7200
338	7200
339	7200
340	7200
341	7200
342	7200
343	7200
344	7200
345	7200
346	7200
347	7200
348	7200
349	7200
350	7200
351	7200
352	7200
353	7200
354	7200
355	7200
356	7200
357	7200
358	7200
359	7200
360	7200
361	7200
362	7200
363	7200
364	7200
365	7200
366	7200
367	7200
368	7200
369	7200
370	7200
371	7200
372	7200
373	7200
374	7200
375	7200
376	7200
377	7200
378	7200
379	7200
380	7200
381	7200
382	7200
383	7200
384	7200
385	7200
386	7200
387	7200
388	7200
389	9000
390	9000
391	9000
392	9000
393	9000
394	9000
395	9000
396	9000
397	9000
398	9000
399	9000
400	9000
401	9000
402	9000
403	9000
404	9000
405	9000
406	9000
407	9000
408	9000
409	9000
410	9000
411	9000
412	9000
413	9000
414	9000
415	9000
416	9000
417	9000
418	9000
419	9000
420	9000
421	9000
422	9000
423	9000
424	9000
425	9000
426	9000
427	9000
428	9000
429	9000
430	9000
431	9000
432	9000
433	9000
434	9000
435	9000
436	9000
437	9000
438	9000
439	9000
440	9000
441	9000
442	9000
443	9000
444	9000
445	9000
446	9000
447	9000
448	9000
449	9000
450	9000
451	9000
452	9000
453	9000
454	9000
455	9000
456	9000
457	9000
458	9000
459	9000
460	9000
461	9000
462	9000
463	9000
464	9000
465	9000
466	9000
467	9000
468	9000
469	9000
470	9000
471	9000
472	9000
473	9000
474	9000
475	9000
476	10800
477	10800
478	10800
479	10800
480	10800
481	10800
482	10800
483	10800
484	10800
485	10800
486	10800
487	10800
488	10800
489	10800
490	10800
491	10800
492	10800
493	10800
494	10800
495	10800
496	10800
497	10800
498	10800
499	10800
500	10800
501	10800
502	10800
503	10800
504	10800
505	10800
506	10800
507	10800
508	10800
509	10800
510	10800
511	10800
512	10800
513	10800
514	10800
515	10800
516	10800
517	10800
518	10800
519	10800
520	10800
521	10800
522	10800
523	10800
524	10800
525	10800
526	10800
527	10800
528	10800
529	10800
530	10800
531	10800
532	10800
533	10800
534	10800
535	10800
536	10800
537	10800
538	10800
539	10800
540	10800
541	10800
542	10800
543	10800
544	10800
545	10800
546	10800
547	10800
548	10800
549	10800
550	10800
551	10800
552	10800
553	10800
554	12600
555	12600
556	12600
557	12600
558	12600
559	12600
560	12600
561	12600
562	12600
563	12600
564	12600
565	12600
566	12600
567	12600
568	12600
569	12600
570	12600
571	12600
572	12600
573	12600
574	12600
575	12600
576	12600
577	12600
578	12600
579	12600
580	12600
581	12600
582	12600
583	12600
584	12600
585	12600
586	12600
587	12600
588	12600
589	12600
590	12600
591	12600
592	12600
593	12600
594	12600
595	12600
596	12600
597	12600
598	12600
599	12600
600	12600
601	12600
602	12600
603	12600
604	12600
605	12600
606	12600
607	12600
608	12600
609	12600
610	12600
611	12600
612	12600
613	12600
614	12600
615	12600
616	12600
617	12600
618	12600
619	12600
620	12600
621	12600
622	12600
623	12600
624	12600
625	12600
626	12600
627	14400
628	14400
629	14400
630	14400
631	14400
632	14400
633	14400
634	14400
635	14400
636	14400
637	14400
638	14400
639	14400
640	14400
641	14400
642	14400
643	14400
644	14400
645	14400
646	14400
647	14400
648	14400
649	14400
650	14400
651	14400
652	14400
653	14400
654	14400
655	14400
656	14400
657	14400
658	14400
659	14400
660	14400
661	14400
662	14400
663	14400
664	14400
665	14400
666	14400
667	14400
668	14400
669	14400
670	14400
671	14400
672	14400
673	14400
674	14400
675	14400
676	14400
677	14400
678	14400
679	14400
680	14400
681	14400
682	14400
683	14400
684	14400
685	14400
686	14400
687	14400
688	14400
689	14400
690	14400
691	14400
692	14400
693	14400
694	14400
695	16200
696	16200
697	16200
698	16200
699	16200
700	16200
701	16200
702	16200
703	16200
704	16200
705	16200
706	16200
707	16200
708	16200
709	16200
710	16200
711	16200
712	16200
713	16200
714	16200
715	16200
716	16200
717	16200
718	16200
719	16200
720	16200
721	16200
722	16200
723	16200
724	16200
725	16200
726	16200
727	16200
728	16200
729	16200
730	16200
731	16200
732	16200
733	16200
734	16200
735	16200
736	16200
737	16200
738	16200
739	16200
740	16200
741	16200
742	16200
743	16200
744	16200
745	16200
746	16200
747	16200
748	16200
749	16200
750	16200
751	16200
752	16200
753	16200
754	16200
755	16200
756	16200
757	16200
758	16200
759	16200
760	18000
761	18000
762	18000
763	18000
764	18000
765	18000
766	18000
767	18000
768	18000
769	18000
770	18000
771	18000
772	18000
773	18000
774	18000
775	18000
776	18000
777	18000
778	18000
779	18000
780	18000
781	18000
782	18000
783	18000
784	18000
785	18000
786	18000
787	18000
788	18000
789	18000
790	18000
791	18000
792	18000
793	18000
794	18000
795	18000
796	18000
797	18000
798	18000
799	18000
800	18000
801	18000
802	18000
803	18000
804	18000
805	18000
806	18000
807	18000
808	18000
809	18000
810	18000
811	18000
812	18000
813	18000
814	18000
815	19800
816	19800
817	19800
818	19800
819	19800
820	19800
821	19800
822	19800
823	19800
824	19800
825	19800
826	19800
827	19800
828	19800
829	19800
830	19800
831	19800
832	19800
833	19800
834	19800
835	19800
836	19800
837	19800
838	19800
839	19800
840	19800
841	19800
842	19800
843	19800
844	19800
845	19800
846	19800
847	19800
848	19800
849	19800
850	19800
851	19800
852	19800
853	19800
854	19800
855	19800
856	19800
857	21600
858	21600
859	21600
860	21600
861	21600
862	21600
863	21600
864	21600
865	21600
866	21600
867	21600
868	21600
869	21600
870	21600
871	21600
872	21600
873	21600
874	21600
875	21600
876	21600
877	21600
878	21600
879	21600
880	21600
881	21600
882	21600
883	21600
884	21600
885	21600
886	21600
887	21600
888	23400
889	23400
890	23400
891	23400
892	23400
893	23400
894	23400
895	23400
896	23400
897	23400
898	23400
899	23400
900	23400
901	23400
902	23400
903	23400
904	23400
905	23400
906	23400
907	23400
908	23400
909	23400
910	23400
911	23400
912	23400
913	23400
914	23400
915	23400
916	23400
917	23400
918	23400
EOF
