NAME : ORTEC-VRPTW-ASYM-60a623ab-d1-n804
TYPE : VRPTW-RT
DIMENSION : 805
EDGE_WEIGHT_TYPE : EUC_2D
CAPACITY : 160
NODE_COORD_SECTION
1	1563	6336
2	595	3144
3	1098	9224
4	626	5145
5	1130	6109
6	1460	6140
7	322	989
8	2519	2546
9	2597	3978
10	1647	4775
11	1577	4498
12	378	1903
13	2130	3814
14	1526	7198
15	1379	8959
16	1266	6234
17	1483	8690
18	1972	5252
19	1229	9795
20	1011	5916
21	1102	7164
22	1618	5564
23	1473	7776
24	1630	5629
25	1545	6211
26	1768	6266
27	1110	8164
28	311	3479
29	1518	6868
30	2825	2574
31	1483	8690
32	849	2717
33	1647	4775
34	949	4947
35	1851	6225
36	1290	7311
37	1229	9795
38	1381	5388
39	1913	3306
40	960	9323
41	1317	1929
42	1485	4285
43	1355	7587
44	217	4782
45	1032	5852
46	2123	3761
47	1630	5629
48	645	2465
49	1253	5179
50	1780	7697
51	474	5454
52	2825	2574
53	1613	5086
54	844	5886
55	1283	4052
56	1670	7717
57	1477	6405
58	1789	6511
59	702	5954
60	2134	3490
61	1247	6358
62	1727	6440
63	1257	7444
64	2561	3824
65	55	4669
66	1797	5815
67	1766	5318
68	1622	4232
69	1131	6551
70	849	2717
71	645	2465
72	1051	6574
73	1262	1724
74	1317	1929
75	1861	5717
76	921	8106
77	1565	4372
78	1835	5297
79	1102	7164
80	1492	8122
81	981	8023
82	1924	4567
83	2019	5111
84	377	5141
85	2633	3990
86	921	8106
87	1222	6965
88	1526	7198
89	1842	5708
90	1870	6499
91	1641	5513
92	571	2517
93	1565	4372
94	2105	3436
95	77	149
96	1911	4641
97	2542	3498
98	1673	5828
99	1462	4045
100	1789	6511
101	2095	3347
102	1524	4154
103	2633	3990
104	1310	6639
105	1625	8355
106	634	2772
107	1924	4567
108	1622	4232
109	409	180
110	1658	2347
111	1622	4232
112	1557	2073
113	1572	9785
114	585	377
115	1348	1729
116	1749	2443
117	1835	5297
118	1526	7198
119	1446	4184
120	311	3479
121	1581	6424
122	1685	4733
123	1774	7713
124	1014	8059
125	55	4669
126	1037	8508
127	1026	9277
128	1668	4334
129	1107	5972
130	2100	2718
131	1749	2443
132	1645	6452
133	1768	6266
134	1477	6405
135	1797	5815
136	1043	5972
137	1443	6924
138	321	5306
139	2130	3814
140	1766	5318
141	2825	2574
142	1481	4633
143	1790	7653
144	1618	5564
145	1637	7839
146	1222	6965
147	2519	2546
148	488	7859
149	1835	5297
150	1456	4238
151	1130	7903
152	1924	4567
153	1972	5252
154	1658	5031
155	1626	6113
156	322	989
157	613	2816
158	461	1684
159	1924	4567
160	981	8023
161	1645	6452
162	1219	4990
163	1668	4334
164	1151	9926
165	844	5886
166	1581	6424
167	1588	5276
168	1257	7444
169	1504	1518
170	1953	5235
171	1446	6123
172	1708	5612
173	1622	4232
174	2105	3436
175	409	180
176	1726	4450
177	935	9168
178	2275	3603
179	1176	8275
180	1808	1863
181	1798	7431
182	1526	7198
183	1947	6724
184	1780	7697
185	1348	1729
186	1756	4625
187	1709	5102
188	378	1903
189	960	9323
190	1352	1807
191	1577	4498
192	1365	9422
193	1572	9785
194	2825	2574
195	1673	5181
196	1861	5717
197	2130	3814
198	585	377
199	893	2179
200	1429	8306
201	1352	1807
202	1557	2073
203	1898	4994
204	1658	7400
205	1645	4375
206	2006	3780
207	2583	3841
208	2566	3816
209	217	4782
210	1102	7164
211	1036	5918
212	1492	8122
213	1798	7431
214	657	3615
215	1146	8000
216	1371	8123
217	2095	3347
218	2081	3522
219	424	188
220	776	303
221	259	1976
222	1675	4606
223	1671	7066
224	710	5356
225	1741	6537
226	1110	8164
227	1477	6405
228	214	4444
229	1356	2197
230	1630	5629
231	2006	3780
232	931	9752
233	657	3615
234	1618	5564
235	1761	3868
236	1219	4990
237	1565	4372
238	1842	5708
239	1796	4878
240	2134	3925
241	981	8023
242	2583	3841
243	645	3422
244	1658	5031
245	77	149
246	1130	6109
247	1675	4606
248	1974	5640
249	1549	6667
250	2271	3583
251	1356	2197
252	1526	7198
253	214	4444
254	1355	7587
255	1924	4567
256	1685	4733
257	1870	6499
258	1352	1807
259	1219	4990
260	2362	3497
261	2542	3498
262	1647	4775
263	1483	7771
264	1819	6357
265	474	5454
266	1581	6424
267	1558	4605
268	1645	6452
269	259	1976
270	1709	5102
271	1726	4450
272	1504	1518
273	1808	1863
274	1265	7793
275	712	1515
276	710	5356
277	1248	8342
278	844	5886
279	1189	3146
280	1526	7198
281	1558	4605
282	1594	4032
283	1558	4605
284	1647	4775
285	1371	8123
286	1266	6234
287	1355	7587
288	1630	5629
289	2362	3497
290	1492	8122
291	1749	2443
292	1727	6440
293	1797	5815
294	1176	8275
295	1761	3868
296	1669	5985
297	1538	7146
298	1780	7697
299	1645	6452
300	2243	3145
301	2123	3761
302	1900	5428
303	1131	6551
304	1682	4145
305	1637	7839
306	1658	2347
307	1741	6537
308	1257	7444
309	1617	5185
310	259	1976
311	1641	5513
312	1205	7895
313	2006	3780
314	1630	5629
315	1727	6440
316	2123	3761
317	1371	5359
318	1947	6724
319	1495	8311
320	1579	8072
321	1788	5646
322	1789	6511
323	1102	7164
324	488	7859
325	1262	5899
326	259	1976
327	2542	3498
328	1130	7903
329	1789	6511
330	2134	3490
331	1668	4334
332	2019	5111
333	1189	3146
334	1581	6424
335	2566	3816
336	1708	5612
337	1006	6808
338	1604	3959
339	1630	5629
340	1011	5916
341	408	5550
342	1937	6244
343	1766	5318
344	1023	8374
345	1788	5646
346	1761	5491
347	1006	6808
348	1812	6581
349	613	2816
350	1974	5640
351	1257	7444
352	377	5141
353	981	8023
354	2130	3814
355	1790	7653
356	1481	4633
357	997	6220
358	1673	5828
359	953	9039
360	1796	4878
361	1645	4375
362	1780	7697
363	1151	9926
364	553	2501
365	1947	6724
366	585	377
367	2194	3131
368	1637	7839
369	1483	8690
370	1644	8957
371	645	3422
372	1266	6234
373	1036	10005
374	1953	5235
375	2081	3522
376	1604	6310
377	1726	4450
378	749	1870
379	1262	6255
380	1021	8028
381	1900	5428
382	935	9168
383	1282	1893
384	931	9752
385	1021	8028
386	1159	7959
387	2017	5635
388	321	5306
389	1371	5359
390	1504	1518
391	1768	6266
392	1625	8355
393	2134	3490
394	1645	6452
395	1257	7444
396	1051	6574
397	1658	5031
398	2323	3208
399	2243	3145
400	1898	4994
401	1755	5393
402	1804	4517
403	1257	7444
404	1626	6113
405	1223	6573
406	2519	2546
407	2323	3208
408	1789	6511
409	1189	3146
410	1189	3146
411	1615	6431
412	1365	9422
413	1247	6358
414	1290	7311
415	1236	7232
416	1900	5428
417	1459	7547
418	1577	4498
419	1304	4118
420	1161	3197
421	2597	3978
422	2095	3347
423	1495	8311
424	1819	5529
425	1804	4517
426	1692	6359
427	1130	7903
428	1549	6667
429	1365	9422
430	585	377
431	1270	7479
432	1673	5828
433	1317	1929
434	1549	6667
435	1617	5185
436	1664	4487
437	1565	4372
438	1761	4931
439	1526	7198
440	1680	7784
441	488	7859
442	844	5886
443	500	4919
444	1485	4285
445	956	8164
446	511	7693
447	960	9323
448	1470	8371
449	77	149
450	1508	6774
451	1545	6211
452	1236	7232
453	1645	6452
454	1139	5360
455	818	5397
456	2597	3978
457	1485	4285
458	1680	7784
459	1974	5640
460	2275	3603
461	1138	6381
462	1519	4776
463	1331	5831
464	1953	5235
465	1300	1787
466	2825	2574
467	2362	3497
468	1365	9422
469	2255	3514
470	1673	5828
471	1972	5252
472	1804	4517
473	1708	5612
474	1495	8311
475	1379	8959
476	997	6220
477	1819	5529
478	1626	6113
479	1640	4802
480	1129	1937
481	1581	6424
482	1098	4614
483	1346	6356
484	1626	6113
485	1393	3877
486	1680	7784
487	321	5306
488	595	3144
489	1483	8690
490	1665	6431
491	1130	6109
492	1130	6109
493	1146	8000
494	1253	5179
495	322	989
496	1624	5481
497	2105	3436
498	1947	6724
499	2519	2546
500	332	2947
501	1790	7653
502	1861	4490
503	330	5075
504	1577	4498
505	2583	3841
506	844	5886
507	193	222
508	500	4919
509	1680	7784
510	1835	5297
511	1727	6440
512	1727	6440
513	1371	5359
514	1768	6266
515	849	2717
516	1766	5318
517	1205	7895
518	1645	6452
519	1808	1863
520	2123	3761
521	1615	6431
522	1545	6211
523	975	8624
524	710	5356
525	1159	7959
526	1808	1863
527	818	5397
528	1789	6511
529	1796	4878
530	1780	7697
531	1023	8374
532	1229	9795
533	1011	5916
534	931	9752
535	0	4727
536	1766	5318
537	1737	4936
538	553	2501
539	322	989
540	424	188
541	1625	8355
542	886	8270
543	949	4947
544	1222	6965
545	1011	5916
546	1310	6639
547	378	1903
548	1519	4776
549	1953	5235
550	1937	6244
551	309	3531
552	1219	4990
553	1036	10005
554	1460	6140
555	1021	8028
556	1051	6574
557	949	4947
558	1558	4605
559	2561	3824
560	1645	6452
561	1788	5646
562	1492	8122
563	1379	8959
564	1630	5629
565	1594	4032
566	2130	3814
567	2542	3498
568	1243	7001
569	1429	8306
570	1159	7959
571	1247	6358
572	1751	5124
573	1310	8726
574	1247	6358
575	1626	6113
576	886	8270
577	1821	6347
578	311	3479
579	1455	4022
580	1572	9785
581	1671	7066
582	1460	6140
583	613	2816
584	949	4947
585	1459	7547
586	1023	8374
587	634	2772
588	1130	6109
589	2494	3814
590	1937	6244
591	1558	4605
592	1798	7431
593	1365	9422
594	1352	1807
595	1036	5918
596	1937	6244
597	2542	3498
598	1625	8355
599	1835	5297
600	1518	6868
601	1680	7784
602	684	2332
603	290	3555
604	960	9323
605	1645	6452
606	409	180
607	1146	8000
608	1130	6109
609	2494	3814
610	322	989
611	1283	4052
612	1371	8123
613	1317	1929
614	1572	9785
615	1492	8122
616	581	4542
617	1371	5359
618	882	427
619	1819	6357
620	1236	7232
621	1310	6639
622	2519	2546
623	1524	4154
624	1709	5102
625	1618	5564
626	1692	6359
627	1618	5564
628	2323	3208
629	1266	6234
630	768	2580
631	1146	8000
632	279	7767
633	402	3333
634	1223	6573
635	2412	4162
636	886	8270
637	511	7693
638	488	7859
639	1565	4372
640	1812	6581
641	1549	6667
642	1947	6724
643	1751	5124
644	1518	6868
645	1812	6581
646	818	5397
647	408	5550
648	1720	4634
649	1870	6499
650	1488	5838
651	1682	4145
652	1131	6551
653	1664	4487
654	1842	5708
655	1109	9861
656	1670	7717
657	1819	5529
658	1819	6357
659	1755	5393
660	1911	4641
661	2633	3990
662	1538	7146
663	1355	7587
664	634	2772
665	1790	7653
666	214	4444
667	1755	5393
668	1861	4490
669	1664	4487
670	893	2179
671	1223	6573
672	1189	3146
673	2017	5635
674	1851	6225
675	1545	6211
676	1755	5393
677	1488	5838
678	1522	7744
679	1727	6440
680	1356	2197
681	1262	5899
682	332	2947
683	1583	7074
684	1650	6252
685	975	8624
686	712	1515
687	701	5195
688	1443	6924
689	1775	7837
690	1518	6868
691	1477	6405
692	1937	6244
693	1455	4022
694	1972	5252
695	1640	4802
696	710	5356
697	1443	6924
698	1796	4878
699	1176	8275
700	1913	3306
701	1937	6244
702	2017	5635
703	1219	4990
704	321	5306
705	645	3422
706	1021	8028
707	1050	6569
708	1265	7793
709	1737	4936
710	1692	6359
711	1595	6073
712	1615	6431
713	1911	4641
714	1797	5815
715	330	5075
716	1647	4775
717	639	328
718	1650	6252
719	1051	6574
720	1541	7215
721	1653	5785
722	1300	1787
723	749	1870
724	1355	7587
725	1953	5235
726	1680	7784
727	725	294
728	1761	3868
729	2323	3208
730	828	2458
731	1861	4490
732	0	4727
733	1495	8311
734	1671	7066
735	1483	7771
736	1749	2443
737	1462	4045
738	1290	7311
739	1645	4375
740	1483	8690
741	1036	5918
742	1500	1738
743	2105	3436
744	2134	3490
745	1665	6431
746	1726	4450
747	1381	5388
748	882	427
749	665	5192
750	2019	5111
751	1381	5388
752	956	8164
753	665	5192
754	956	8164
755	1310	8726
756	685	5004
757	1481	4633
758	1682	4145
759	1819	6357
760	1808	1863
761	1756	4625
762	956	8164
763	322	989
764	1647	4775
765	1866	4472
766	595	3144
767	1727	6440
768	2583	3841
769	2583	3841
770	1577	4498
771	1682	4145
772	1774	7713
773	2275	3603
774	402	3333
775	1719	6342
776	1638	7903
777	1900	5428
778	2105	3436
779	1262	1724
780	1797	5815
781	1588	5276
782	684	2332
783	1131	6551
784	1557	2073
785	701	5195
786	1766	5318
787	1851	6225
788	2583	3841
789	1016	5151
790	408	5550
791	1223	6573
792	1371	5359
793	626	5145
794	1673	5828
795	901	8554
796	1262	5899
797	1638	7903
798	1821	6347
799	1460	6140
800	1644	8957
801	1796	4878
802	1940	3585
803	1774	7713
804	1861	5717
805	1618	5564
DEMAND_SECTION
1	0
2	7
3	4
4	5
5	6
6	5
7	3
8	6
9	2
10	4
11	7
12	9
13	6
14	9
15	7
16	9
17	4
18	4
19	10
20	22
21	5
22	5
23	5
24	7
25	5
26	6
27	5
28	6
29	5
30	4
31	7
32	8
33	6
34	7
35	6
36	7
37	4
38	4
39	6
40	12
41	4
42	8
43	13
44	5
45	7
46	4
47	10
48	3
49	10
50	5
51	4
52	21
53	4
54	9
55	8
56	7
57	5
58	4
59	11
60	5
61	8
62	3
63	11
64	4
65	7
66	4
67	4
68	4
69	10
70	7
71	8
72	6
73	5
74	11
75	4
76	8
77	14
78	6
79	3
80	5
81	8
82	17
83	9
84	6
85	3
86	8
87	9
88	7
89	6
90	4
91	7
92	10
93	5
94	5
95	8
96	3
97	8
98	9
99	7
100	4
101	5
102	11
103	7
104	5
105	4
106	11
107	10
108	5
109	11
110	3
111	5
112	5
113	8
114	7
115	4
116	5
117	22
118	10
119	7
120	7
121	3
122	6
123	7
124	6
125	7
126	8
127	10
128	9
129	5
130	5
131	7
132	5
133	4
134	7
135	8
136	5
137	7
138	6
139	6
140	7
141	6
142	9
143	10
144	3
145	8
146	8
147	7
148	4
149	7
150	4
151	5
152	9
153	5
154	11
155	4
156	4
157	4
158	5
159	6
160	8
161	6
162	6
163	7
164	6
165	5
166	8
167	6
168	7
169	5
170	11
171	4
172	8
173	5
174	5
175	9
176	6
177	18
178	7
179	6
180	7
181	18
182	10
183	7
184	3
185	11
186	7
187	4
188	5
189	5
190	6
191	5
192	9
193	6
194	5
195	5
196	5
197	6
198	8
199	5
200	8
201	5
202	7
203	3
204	5
205	4
206	7
207	5
208	4
209	5
210	3
211	7
212	7
213	5
214	4
215	5
216	9
217	4
218	5
219	7
220	8
221	5
222	8
223	3
224	10
225	4
226	5
227	5
228	13
229	8
230	13
231	5
232	9
233	8
234	8
235	5
236	9
237	5
238	12
239	5
240	8
241	5
242	12
243	5
244	4
245	6
246	4
247	6
248	4
249	15
250	3
251	5
252	4
253	5
254	5
255	5
256	9
257	3
258	14
259	4
260	3
261	8
262	10
263	7
264	5
265	7
266	6
267	5
268	7
269	4
270	7
271	7
272	7
273	5
274	6
275	5
276	6
277	6
278	6
279	8
280	17
281	5
282	3
283	5
284	13
285	5
286	5
287	6
288	3
289	7
290	8
291	5
292	9
293	5
294	7
295	5
296	5
297	8
298	7
299	5
300	6
301	4
302	4
303	15
304	5
305	2
306	8
307	7
308	5
309	7
310	5
311	11
312	6
313	7
314	5
315	6
316	10
317	8
318	6
319	5
320	4
321	7
322	8
323	8
324	6
325	6
326	10
327	4
328	4
329	4
330	13
331	12
332	5
333	7
334	6
335	3
336	5
337	11
338	7
339	11
340	4
341	5
342	5
343	21
344	9
345	13
346	8
347	4
348	7
349	5
350	11
351	12
352	7
353	4
354	5
355	6
356	4
357	5
358	4
359	9
360	6
361	6
362	11
363	5
364	4
365	7
366	7
367	6
368	4
369	6
370	7
371	5
372	11
373	6
374	5
375	8
376	7
377	4
378	21
379	4
380	7
381	12
382	5
383	10
384	5
385	4
386	6
387	8
388	5
389	12
390	7
391	5
392	11
393	21
394	3
395	3
396	7
397	6
398	8
399	9
400	10
401	2
402	6
403	5
404	5
405	4
406	4
407	13
408	9
409	5
410	13
411	21
412	4
413	6
414	7
415	7
416	9
417	5
418	5
419	5
420	4
421	5
422	5
423	9
424	7
425	8
426	7
427	5
428	5
429	3
430	5
431	2
432	6
433	7
434	7
435	8
436	8
437	8
438	4
439	4
440	7
441	6
442	5
443	21
444	22
445	4
446	5
447	21
448	6
449	11
450	4
451	8
452	8
453	7
454	15
455	5
456	4
457	13
458	8
459	6
460	5
461	6
462	5
463	6
464	4
465	5
466	7
467	3
468	8
469	7
470	12
471	4
472	4
473	5
474	7
475	5
476	7
477	10
478	14
479	4
480	7
481	8
482	6
483	7
484	5
485	3
486	13
487	3
488	6
489	6
490	4
491	3
492	4
493	6
494	6
495	9
496	10
497	5
498	6
499	5
500	4
501	17
502	3
503	7
504	5
505	4
506	8
507	5
508	6
509	7
510	21
511	4
512	11
513	5
514	5
515	10
516	8
517	8
518	4
519	5
520	2
521	4
522	6
523	13
524	4
525	5
526	6
527	3
528	7
529	12
530	15
531	3
532	6
533	2
534	7
535	4
536	5
537	3
538	18
539	6
540	8
541	4
542	3
543	5
544	5
545	5
546	15
547	4
548	3
549	7
550	6
551	4
552	7
553	7
554	5
555	6
556	5
557	5
558	4
559	3
560	22
561	11
562	6
563	5
564	11
565	5
566	3
567	4
568	6
569	5
570	5
571	8
572	7
573	7
574	5
575	9
576	10
577	8
578	6
579	6
580	14
581	4
582	11
583	7
584	6
585	4
586	6
587	4
588	8
589	4
590	4
591	5
592	3
593	4
594	6
595	8
596	3
597	5
598	4
599	10
600	8
601	9
602	6
603	21
604	4
605	3
606	9
607	4
608	5
609	5
610	4
611	7
612	10
613	4
614	8
615	4
616	6
617	15
618	4
619	6
620	8
621	10
622	18
623	3
624	11
625	8
626	7
627	9
628	6
629	5
630	10
631	6
632	5
633	3
634	6
635	5
636	7
637	5
638	5
639	7
640	2
641	5
642	5
643	6
644	8
645	4
646	4
647	7
648	6
649	3
650	4
651	4
652	5
653	6
654	12
655	9
656	5
657	7
658	4
659	5
660	5
661	11
662	8
663	4
664	8
665	6
666	6
667	4
668	5
669	4
670	12
671	6
672	6
673	7
674	7
675	6
676	12
677	11
678	4
679	4
680	4
681	11
682	4
683	3
684	3
685	8
686	7
687	5
688	7
689	5
690	5
691	8
692	13
693	12
694	7
695	5
696	7
697	4
698	6
699	11
700	9
701	6
702	7
703	4
704	7
705	9
706	7
707	5
708	4
709	7
710	4
711	5
712	12
713	8
714	8
715	6
716	8
717	5
718	12
719	3
720	5
721	4
722	7
723	8
724	4
725	10
726	11
727	12
728	5
729	8
730	4
731	8
732	6
733	4
734	4
735	6
736	13
737	6
738	7
739	4
740	10
741	5
742	4
743	5
744	8
745	6
746	4
747	5
748	5
749	6
750	5
751	5
752	4
753	11
754	10
755	6
756	5
757	4
758	4
759	4
760	11
761	8
762	12
763	6
764	9
765	5
766	10
767	11
768	5
769	7
770	8
771	6
772	8
773	4
774	6
775	4
776	6
777	5
778	6
779	3
780	7
781	9
782	7
783	5
784	5
785	5
786	4
787	5
788	6
789	10
790	6
791	5
792	7
793	6
794	6
795	17
796	11
797	3
798	3
799	7
800	5
801	5
802	6
803	6
804	4
805	11
DEPOT_SECTION
1
-1
SERVICE_TIME_SECTION
1	0
2	540
3	480
4	600
5	480
6	420
7	540
8	420
9	720
10	360
11	540
12	240
13	480
14	480
15	720
16	660
17	420
18	540
19	960
20	720
21	540
22	300
23	720
24	540
25	540
26	360
27	720
28	720
29	360
30	420
31	540
32	660
33	1080
34	720
35	600
36	360
37	780
38	420
39	1080
40	720
41	720
42	600
43	720
44	540
45	480
46	720
47	360
48	300
49	540
50	1140
51	1080
52	1140
53	1320
54	540
55	540
56	420
57	360
58	840
59	840
60	360
61	420
62	780
63	780
64	480
65	900
66	1080
67	480
68	480
69	600
70	300
71	840
72	480
73	720
74	480
75	660
76	420
77	480
78	420
79	840
80	540
81	600
82	900
83	480
84	540
85	420
86	720
87	360
88	300
89	420
90	360
91	720
92	360
93	600
94	600
95	660
96	480
97	480
98	780
99	360
100	600
101	840
102	780
103	300
104	360
105	540
106	420
107	840
108	660
109	480
110	660
111	420
112	540
113	360
114	480
115	840
116	840
117	660
118	300
119	600
120	600
121	360
122	780
123	480
124	420
125	1020
126	1080
127	300
128	660
129	480
130	300
131	540
132	480
133	840
134	600
135	600
136	420
137	480
138	720
139	540
140	720
141	480
142	720
143	420
144	720
145	660
146	660
147	600
148	1020
149	420
150	600
151	780
152	480
153	780
154	300
155	1200
156	420
157	660
158	600
159	600
160	420
161	840
162	720
163	660
164	660
165	480
166	720
167	720
168	420
169	300
170	720
171	480
172	660
173	480
174	600
175	420
176	660
177	720
178	600
179	480
180	180
181	480
182	900
183	660
184	540
185	780
186	1080
187	420
188	660
189	900
190	1140
191	480
192	600
193	600
194	300
195	420
196	240
197	720
198	780
199	840
200	240
201	660
202	720
203	600
204	900
205	840
206	540
207	300
208	600
209	600
210	720
211	720
212	600
213	540
214	300
215	780
216	660
217	1140
218	1140
219	660
220	540
221	840
222	480
223	780
224	780
225	480
226	780
227	480
228	540
229	720
230	720
231	660
232	720
233	540
234	720
235	300
236	1080
237	720
238	300
239	540
240	540
241	420
242	840
243	480
244	420
245	300
246	300
247	540
248	600
249	420
250	420
251	480
252	540
253	540
254	420
255	840
256	540
257	660
258	1140
259	960
260	660
261	480
262	420
263	720
264	600
265	600
266	600
267	1200
268	840
269	300
270	660
271	720
272	420
273	480
274	660
275	480
276	1080
277	780
278	360
279	1200
280	780
281	660
282	480
283	420
284	1080
285	420
286	480
287	540
288	660
289	480
290	540
291	720
292	600
293	840
294	540
295	420
296	420
297	720
298	480
299	1080
300	780
301	900
302	780
303	480
304	780
305	540
306	480
307	540
308	420
309	300
310	900
311	300
312	1200
313	540
314	540
315	540
316	360
317	660
318	480
319	360
320	660
321	540
322	540
323	720
324	480
325	300
326	360
327	960
328	420
329	1320
330	540
331	420
332	480
333	900
334	480
335	480
336	420
337	480
338	600
339	420
340	360
341	480
342	480
343	420
344	480
345	720
346	480
347	840
348	540
349	840
350	480
351	480
352	840
353	1200
354	420
355	420
356	720
357	300
358	600
359	660
360	480
361	480
362	420
363	420
364	480
365	360
366	420
367	1140
368	540
369	480
370	420
371	480
372	660
373	480
374	540
375	840
376	600
377	540
378	360
379	360
380	480
381	480
382	1200
383	360
384	540
385	660
386	840
387	720
388	300
389	420
390	420
391	660
392	720
393	960
394	420
395	540
396	480
397	420
398	540
399	660
400	660
401	840
402	480
403	420
404	360
405	720
406	600
407	780
408	300
409	480
410	360
411	780
412	720
413	600
414	480
415	600
416	660
417	600
418	420
419	420
420	540
421	1080
422	720
423	300
424	780
425	300
426	540
427	480
428	840
429	840
430	480
431	420
432	420
433	300
434	660
435	660
436	600
437	540
438	840
439	540
440	360
441	660
442	900
443	420
444	480
445	1140
446	480
447	720
448	600
449	1080
450	780
451	1080
452	960
453	720
454	540
455	600
456	540
457	600
458	540
459	840
460	720
461	960
462	480
463	780
464	480
465	720
466	540
467	840
468	480
469	420
470	1080
471	420
472	1080
473	360
474	540
475	300
476	960
477	540
478	720
479	420
480	720
481	300
482	960
483	480
484	900
485	660
486	480
487	1080
488	840
489	660
490	720
491	540
492	720
493	1200
494	660
495	780
496	600
497	540
498	600
499	660
500	600
501	480
502	660
503	840
504	480
505	780
506	720
507	480
508	600
509	540
510	300
511	660
512	660
513	540
514	660
515	600
516	900
517	540
518	600
519	420
520	540
521	600
522	300
523	420
524	540
525	600
526	540
527	600
528	480
529	660
530	960
531	480
532	480
533	300
534	660
535	660
536	720
537	660
538	480
539	720
540	360
541	900
542	540
543	480
544	660
545	540
546	420
547	480
548	600
549	540
550	600
551	600
552	420
553	300
554	600
555	600
556	480
557	300
558	840
559	420
560	600
561	480
562	360
563	540
564	540
565	660
566	420
567	540
568	660
569	360
570	960
571	1080
572	480
573	540
574	840
575	600
576	840
577	600
578	720
579	300
580	660
581	360
582	540
583	600
584	540
585	420
586	780
587	480
588	1320
589	300
590	360
591	540
592	600
593	660
594	780
595	600
596	480
597	540
598	420
599	600
600	600
601	840
602	720
603	480
604	480
605	900
606	840
607	480
608	480
609	240
610	420
611	660
612	480
613	840
614	480
615	600
616	720
617	600
618	540
619	540
620	780
621	360
622	660
623	780
624	420
625	720
626	300
627	360
628	900
629	660
630	600
631	660
632	480
633	360
634	720
635	660
636	420
637	660
638	420
639	420
640	480
641	840
642	840
643	420
644	660
645	780
646	660
647	720
648	300
649	420
650	300
651	300
652	420
653	660
654	480
655	660
656	720
657	600
658	540
659	660
660	780
661	540
662	720
663	540
664	300
665	600
666	720
667	480
668	420
669	780
670	720
671	420
672	480
673	660
674	780
675	660
676	540
677	1200
678	660
679	540
680	780
681	480
682	1140
683	660
684	480
685	420
686	420
687	420
688	840
689	480
690	240
691	360
692	780
693	780
694	300
695	720
696	600
697	480
698	540
699	840
700	1080
701	600
702	780
703	540
704	780
705	480
706	720
707	1320
708	720
709	480
710	780
711	840
712	360
713	540
714	600
715	660
716	780
717	540
718	540
719	360
720	780
721	480
722	600
723	360
724	600
725	420
726	720
727	600
728	600
729	900
730	480
731	600
732	660
733	360
734	600
735	540
736	660
737	1080
738	660
739	1140
740	660
741	1200
742	420
743	600
744	600
745	720
746	600
747	660
748	720
749	540
750	660
751	240
752	420
753	480
754	720
755	480
756	540
757	660
758	540
759	720
760	480
761	840
762	300
763	420
764	660
765	480
766	960
767	660
768	540
769	300
770	660
771	480
772	540
773	240
774	360
775	660
776	720
777	1140
778	540
779	600
780	480
781	540
782	480
783	660
784	840
785	420
786	660
787	720
788	840
789	660
790	240
791	720
792	420
793	660
794	360
795	540
796	660
797	660
798	540
799	420
800	420
801	420
802	360
803	480
804	540
805	780
TIME_WINDOW_SECTION
1	0	41340
2	12000	23100
3	15600	23100
4	19200	30300
5	8400	15900
6	8400	15900
7	8400	15900
8	19200	30300
9	8400	15900
10	15600	23100
11	15600	23100
12	12000	19500
13	12000	23100
14	8400	15900
15	15600	22500
16	15600	23100
17	12000	23100
18	19200	26700
19	8400	15900
20	8400	15900
21	12000	23100
22	8400	15900
23	26400	33900
24	10200	33900
25	10200	33900
26	15600	23100
27	8400	15900
28	12000	19500
29	8400	15900
30	8400	15900
31	19200	26700
32	10200	33900
33	8400	15300
34	19200	26700
35	10200	33900
36	12000	23100
37	15600	23100
38	8400	15900
39	10200	33900
40	8400	15900
41	19200	30300
42	10200	33900
43	15600	23100
44	12000	19500
45	19200	30300
46	10200	33900
47	15600	23100
48	19200	30300
49	26400	33900
50	12000	23100
51	15600	23100
52	12000	23100
53	15600	23100
54	15600	23100
55	10200	33900
56	15600	22500
57	10200	33900
58	12000	23100
59	19200	26700
60	8400	15900
61	22800	30300
62	8400	15900
63	12000	23100
64	10200	33900
65	12000	23100
66	15600	23100
67	19200	30300
68	8400	15900
69	15600	23100
70	12000	23100
71	19200	30300
72	8400	15900
73	19200	26700
74	8400	15900
75	15600	23100
76	15600	22500
77	10200	33900
78	10200	33900
79	12000	22500
80	8400	15900
81	12000	23100
82	10200	33900
83	19200	30300
84	19200	30300
85	8400	15900
86	19200	30300
87	8400	15900
88	8400	15900
89	8400	15900
90	19200	30300
91	12000	23100
92	12000	23100
93	26400	33900
94	8400	15900
95	19200	30300
96	12000	23100
97	10200	33900
98	10200	33900
99	19200	26700
100	8400	15900
101	8400	15900
102	19200	30300
103	22800	30300
104	10200	33900
105	12000	23100
106	26400	33900
107	10200	33900
108	12000	23100
109	8400	15900
110	15600	23100
111	22800	30300
112	8400	15900
113	15600	23100
114	8400	15900
115	8400	15900
116	8400	15900
117	12000	19500
118	8400	15900
119	15600	23100
120	19200	26700
121	12000	19500
122	10200	33900
123	8400	15900
124	19200	30300
125	12000	23100
126	22800	30300
127	8400	15900
128	22800	30300
129	15600	23100
130	8400	15900
131	12000	23100
132	26400	33900
133	15600	23100
134	15600	23100
135	12000	23100
136	8400	15900
137	12000	22500
138	15600	22500
139	26400	33900
140	15600	23100
141	19200	29700
142	8400	15900
143	12000	23100
144	10200	33900
145	15600	23100
146	10200	33900
147	19200	26700
148	19200	26700
149	8400	15900
150	19200	26700
151	8400	15900
152	8400	15900
153	12000	19500
154	8400	15900
155	8400	15900
156	8400	15900
157	15600	23100
158	10200	33300
159	12000	23100
160	10200	33900
161	12000	23100
162	19200	30300
163	12000	23100
164	12000	23100
165	15600	23100
166	10200	33900
167	8400	15900
168	10200	33300
169	19200	30300
170	8400	15900
171	8400	15900
172	19200	26700
173	22800	30300
174	8400	15900
175	10200	33900
176	12000	23100
177	8400	15900
178	19200	30300
179	8400	15900
180	8400	15300
181	12000	23100
182	26400	33900
183	19200	26700
184	19200	30300
185	12000	19500
186	15600	22500
187	19200	30300
188	8400	15900
189	19200	30300
190	8400	15900
191	15600	23100
192	12000	23100
193	8400	15900
194	12000	23100
195	8400	15900
196	10200	33900
197	8400	15900
198	10200	33900
199	12000	23100
200	15600	22500
201	19200	26700
202	12000	23100
203	12000	19500
204	8400	15900
205	8400	15900
206	10200	33900
207	19200	26700
208	10200	33900
209	8400	15900
210	8400	15900
211	10200	33900
212	12000	19500
213	12000	23100
214	10200	33900
215	19200	26700
216	15600	23100
217	12000	23100
218	12000	19500
219	15600	23100
220	12000	19500
221	8400	15900
222	19200	30300
223	15600	23100
224	15600	22500
225	8400	15900
226	15600	23100
227	10200	33900
228	10200	33900
229	8400	15900
230	8400	15900
231	12000	19500
232	12000	23100
233	22800	30300
234	19200	26700
235	10200	33300
236	12000	23100
237	15600	23100
238	12000	23100
239	19200	26700
240	19200	30300
241	10200	33900
242	22800	30300
243	15600	23100
244	22800	30300
245	12000	19500
246	15600	23100
247	22800	30300
248	12000	23100
249	10200	33300
250	12000	23100
251	15600	23100
252	12000	23100
253	8400	15900
254	15600	23100
255	8400	15900
256	15600	22500
257	12000	23100
258	10200	33900
259	10200	33900
260	15600	23100
261	12000	23100
262	12000	23100
263	8400	15900
264	10200	33900
265	10200	33900
266	12000	19500
267	10200	33900
268	8400	15900
269	10200	33900
270	12000	23100
271	8400	15900
272	8400	15900
273	19200	26700
274	10200	33900
275	15600	23100
276	15600	22500
277	12000	23100
278	15600	23100
279	12000	19500
280	15600	23100
281	19200	30300
282	15600	23100
283	22800	30300
284	19200	26700
285	15600	23100
286	15600	23100
287	12000	23100
288	12000	23100
289	22800	30300
290	8400	15900
291	8400	15300
292	22800	30300
293	15600	23100
294	8400	15900
295	15600	23100
296	10200	33900
297	15600	23100
298	19200	30300
299	8400	15900
300	10200	33900
301	19200	26700
302	8400	15900
303	15600	23100
304	8400	15900
305	12000	23100
306	12000	23100
307	22800	30300
308	15600	23100
309	22800	30300
310	19200	26700
311	8400	15900
312	12000	19500
313	15600	23100
314	8400	15900
315	10200	33900
316	10200	33900
317	8400	15900
318	12000	23100
319	10200	33900
320	10200	33900
321	10200	33900
322	8400	15900
323	8400	15900
324	8400	15900
325	19200	30300
326	12000	23100
327	8400	15900
328	15600	22500
329	10200	33900
330	8400	15900
331	22800	30300
332	19200	29700
333	12000	19500
334	19200	30300
335	10200	33900
336	12000	23100
337	15600	23100
338	12000	23100
339	10200	33900
340	10200	33900
341	22800	30300
342	12000	22500
343	19200	26700
344	10200	33900
345	8400	15900
346	12000	23100
347	10200	33900
348	19200	30300
349	19200	30300
350	12000	23100
351	19200	30300
352	8400	15900
353	10200	33300
354	10200	33900
355	10200	33900
356	12000	23100
357	12000	23100
358	10200	33900
359	8400	15900
360	10200	33900
361	12000	19500
362	10200	33900
363	22800	30300
364	22800	30300
365	19200	30300
366	15600	23100
367	12000	23100
368	12000	23100
369	12000	19500
370	15600	23100
371	15600	23100
372	22800	30300
373	19200	26700
374	19200	26700
375	12000	23100
376	10200	33900
377	8400	15900
378	15600	23100
379	8400	15900
380	15600	23100
381	19200	26700
382	12000	23100
383	19200	26700
384	15600	23100
385	8400	15900
386	8400	15900
387	15600	22500
388	19200	30300
389	26400	33900
390	10200	33900
391	10200	33900
392	8400	15900
393	10200	33900
394	12000	19500
395	26400	33900
396	19200	30300
397	10200	33900
398	12000	23100
399	19200	30300
400	8400	15900
401	8400	15900
402	12000	19500
403	12000	23100
404	12000	23100
405	8400	15900
406	19200	29700
407	10200	33900
408	19200	26700
409	12000	19500
410	10200	33900
411	15600	23100
412	15600	23100
413	8400	15900
414	22800	30300
415	8400	15900
416	22800	30300
417	15600	23100
418	12000	19500
419	12000	23100
420	22800	30300
421	12000	23100
422	10200	33900
423	12000	18900
424	8400	15300
425	15600	23100
426	10200	33900
427	19200	26700
428	8400	15900
429	15600	22500
430	15600	22500
431	10200	33900
432	8400	15900
433	12000	19500
434	8400	15900
435	8400	15900
436	19200	30300
437	15600	23100
438	10200	33900
439	8400	15900
440	8400	15900
441	15600	23100
442	8400	15900
443	10200	33300
444	15600	23100
445	12000	19500
446	12000	19500
447	10200	33900
448	15600	23100
449	10200	33900
450	10200	33900
451	10200	33900
452	10200	33900
453	15600	23100
454	15600	23100
455	8400	15900
456	12000	23100
457	10200	33900
458	19200	26700
459	10200	33900
460	19200	30300
461	8400	15900
462	15600	23100
463	19200	26700
464	19200	26700
465	12000	19500
466	19200	29700
467	10200	33900
468	12000	23100
469	10200	33900
470	10200	33900
471	8400	15900
472	15600	23100
473	12000	23100
474	15600	23100
475	12000	19500
476	19200	30300
477	12000	23100
478	8400	15900
479	19200	30300
480	12000	23100
481	15600	23100
482	15600	23100
483	12000	23100
484	12000	19500
485	19200	26700
486	10200	33900
487	15600	23100
488	26400	33900
489	12000	23100
490	15600	23100
491	15600	23100
492	15600	23100
493	12000	23100
494	15600	23100
495	15600	23100
496	19200	30300
497	10200	33900
498	15600	22500
499	10200	33900
500	10200	33900
501	19200	30300
502	12000	23100
503	15600	22500
504	12000	23100
505	10200	33900
506	15600	22500
507	22800	30300
508	15600	23100
509	15600	23100
510	10200	33900
511	12000	19500
512	12000	23100
513	15600	23100
514	12000	23100
515	15600	23100
516	12000	23100
517	10200	33900
518	26400	33900
519	15600	23100
520	12000	22500
521	12000	23100
522	10200	33900
523	10200	33900
524	19200	30300
525	10200	33900
526	10200	33900
527	22800	30300
528	15600	23100
529	15600	23100
530	15600	23100
531	10200	33900
532	19200	30300
533	19200	26700
534	19200	26700
535	12000	23100
536	10200	33900
537	19200	26700
538	19200	30300
539	15600	23100
540	12000	23100
541	10200	33900
542	22800	30300
543	12000	23100
544	12000	19500
545	15600	22500
546	12000	19500
547	12000	22500
548	12000	23100
549	12000	23100
550	19200	30300
551	15600	23100
552	12000	23100
553	22800	30300
554	15600	23100
555	10200	33900
556	12000	19500
557	10200	33300
558	12000	23100
559	10200	33900
560	12000	23100
561	19200	30300
562	22800	30300
563	12000	23100
564	12000	19500
565	10200	33900
566	15600	23100
567	26400	33900
568	10200	33900
569	12000	23100
570	12000	23100
571	15600	23100
572	26400	33900
573	15600	23100
574	10200	33900
575	12000	23100
576	19200	26700
577	15600	23100
578	15600	23100
579	10200	33900
580	15600	23100
581	12000	23100
582	12000	23100
583	10200	33900
584	15600	23100
585	26400	33900
586	19200	29700
587	12000	23100
588	10200	33900
589	12000	23100
590	15600	23100
591	19200	30300
592	22800	30300
593	19200	30300
594	19200	30300
595	12000	23100
596	22800	30300
597	15600	23100
598	15600	23100
599	15600	23100
600	12000	23100
601	15600	22500
602	22800	30300
603	12000	23100
604	10200	33900
605	15600	23100
606	10200	33900
607	10200	33900
608	10200	33900
609	10200	33900
610	22800	30300
611	15600	23100
612	19200	30300
613	19200	30300
614	12000	23100
615	12000	23100
616	15600	23100
617	19200	30300
618	22800	30300
619	12000	19500
620	19200	30300
621	15600	22500
622	15600	23100
623	12000	23100
624	12000	23100
625	15600	23100
626	19200	30300
627	19200	30300
628	12000	23100
629	10200	33900
630	19200	26700
631	15600	23100
632	15600	22500
633	10200	33900
634	12000	23100
635	10200	33900
636	10200	33300
637	10200	33900
638	10200	33900
639	12000	23100
640	12000	23100
641	12000	23100
642	15600	23100
643	22800	30300
644	10200	33900
645	15600	23100
646	19200	30300
647	10200	33300
648	10200	33900
649	19200	30300
650	12000	23100
651	19200	30300
652	15600	23100
653	15600	23100
654	10200	33900
655	10200	33900
656	15600	23100
657	19200	30300
658	19200	26700
659	26400	33900
660	12000	23100
661	15600	23100
662	12000	23100
663	12000	23100
664	19200	30300
665	19200	30300
666	12000	23100
667	19200	26700
668	10200	33900
669	26400	33900
670	10200	33900
671	22800	30300
672	22800	30300
673	10200	33900
674	19200	26700
675	12000	23100
676	15600	23100
677	22800	30300
678	10200	33900
679	15600	23100
680	10200	33900
681	15600	23100
682	22800	30300
683	12000	23100
684	22800	30300
685	19200	30300
686	19200	26700
687	19200	30300
688	15600	23100
689	22800	30300
690	15600	22500
691	22800	30300
692	12000	23100
693	26400	33900
694	10200	33900
695	10200	33900
696	12000	23100
697	12000	23100
698	19200	26700
699	10200	33900
700	22800	30300
701	10200	33900
702	10200	33900
703	12000	23100
704	10200	33900
705	19200	30300
706	19200	30300
707	10200	33900
708	15600	23100
709	19200	30300
710	10200	33900
711	19200	30300
712	10200	33300
713	19200	30300
714	19200	30300
715	19200	26700
716	19200	30300
717	10200	33900
718	22800	30300
719	15600	23100
720	19200	30300
721	22800	30300
722	19200	30300
723	10200	33900
724	19200	30300
725	26400	33900
726	15600	23100
727	26400	33900
728	19200	30300
729	22800	30300
730	19200	26700
731	26400	33900
732	19200	26700
733	19200	30300
734	19200	30300
735	22800	30300
736	19200	30300
737	26400	33900
738	22800	30300
739	26400	33900
740	10200	33900
741	10200	33300
742	22800	30300
743	22800	30300
744	10200	33900
745	26400	33900
746	10200	33900
747	22800	30300
748	19200	30300
749	10200	33900
750	10200	33900
751	19200	26700
752	10200	33900
753	22800	30300
754	22800	30300
755	26400	33900
756	22800	30300
757	10200	33900
758	10200	33900
759	10200	33900
760	19200	30300
761	19200	30300
762	22800	30300
763	10200	33900
764	10200	33900
765	19200	30300
766	10200	33900
767	10200	33900
768	10200	33300
769	26400	33900
770	19200	30300
771	10200	33900
772	10200	33900
773	26400	33900
774	10200	33900
775	19200	26700
776	22800	30300
777	26400	33900
778	22800	30300
779	22800	30300
780	10200	33900
781	22800	30300
782	22800	30300
783	10200	33900
784	10200	33900
785	22800	30300
786	10200	33900
787	10200	33900
788	19200	30300
789	22800	30300
790	22800	30300
791	10200	33900
792	10200	33900
793	22800	30300
794	19200	26700
795	22800	30300
796	10200	33900
797	10200	33900
798	19200	26700
799	10200	33900
800	10200	33900
801	10200	33900
802	10200	33900
803	26400	33900
804	19200	30300
805	10200	33300
RELEASE_TIME_SECTION
1	0
2	7200
3	7200
4	7200
5	7200
6	7200
7	7200
8	7200
9	7200
10	7200
11	7200
12	7200
13	7200
14	7200
15	7200
16	7200
17	7200
18	7200
19	7200
20	7200
21	7200
22	7200
23	7200
24	7200
25	7200
26	7200
27	7200
28	7200
29	7200
30	7200
31	7200
32	7200
33	7200
34	7200
35	7200
36	7200
37	7200
38	7200
39	7200
40	7200
41	7200
42	7200
43	7200
44	7200
45	7200
46	7200
47	7200
48	7200
49	7200
50	7200
51	7200
52	7200
53	7200
54	7200
55	7200
56	7200
57	7200
58	7200
59	7200
60	7200
61	7200
62	7200
63	7200
64	7200
65	7200
66	7200
67	7200
68	7200
69	7200
70	7200
71	7200
72	7200
73	7200
74	7200
75	7200
76	7200
77	7200
78	7200
79	7200
80	7200
81	7200
82	7200
83	7200
84	7200
85	7200
86	7200
87	7200
88	7200
89	7200
90	7200
91	7200
92	7200
93	7200
94	7200
95	7200
96	7200
97	7200
98	7200
99	7200
100	7200
101	7200
102	9000
103	9000
104	9000
105	9000
106	9000
107	9000
108	9000
109	9000
110	9000
111	9000
112	9000
113	9000
114	9000
115	9000
116	9000
117	9000
118	9000
119	9000
120	9000
121	9000
122	9000
123	9000
124	9000
125	9000
126	9000
127	9000
128	9000
129	9000
130	9000
131	9000
132	9000
133	9000
134	9000
135	9000
136	9000
137	9000
138	9000
139	9000
140	9000
141	9000
142	9000
143	9000
144	9000
145	9000
146	9000
147	9000
148	9000
149	9000
150	9000
151	9000
152	9000
153	9000
154	9000
155	9000
156	9000
157	9000
158	9000
159	9000
160	9000
161	9000
162	9000
163	9000
164	9000
165	9000
166	9000
167	9000
168	9000
169	9000
170	9000
171	9000
172	9000
173	9000
174	9000
175	9000
176	9000
177	9000
178	9000
179	9000
180	9000
181	9000
182	9000
183	9000
184	9000
185	9000
186	9000
187	9000
188	9000
189	9000
190	9000
191	9000
192	9000
193	9000
194	9000
195	9000
196	9000
197	9000
198	9000
199	9000
200	9000
201	9000
202	10800
203	10800
204	10800
205	10800
206	10800
207	10800
208	10800
209	10800
210	10800
211	10800
212	10800
213	10800
214	10800
215	10800
216	10800
217	10800
218	10800
219	10800
220	10800
221	10800
222	10800
223	10800
224	10800
225	10800
226	10800
227	10800
228	10800
229	10800
230	10800
231	10800
232	10800
233	10800
234	10800
235	10800
236	10800
237	10800
238	10800
239	10800
240	10800
241	10800
242	10800
243	10800
244	10800
245	10800
246	10800
247	10800
248	10800
249	10800
250	10800
251	10800
252	10800
253	10800
254	10800
255	10800
256	10800
257	10800
258	10800
259	10800
260	10800
261	10800
262	10800
263	10800
264	10800
265	10800
266	10800
267	10800
268	10800
269	10800
270	10800
271	10800
272	10800
273	10800
274	10800
275	10800
276	10800
277	10800
278	10800
279	10800
280	10800
281	10800
282	10800
283	10800
284	10800
285	10800
286	10800
287	10800
288	10800
289	10800
290	10800
291	10800
292	10800
293	10800
294	10800
295	10800
296	10800
297	10800
298	10800
299	10800
300	12600
301	12600
302	12600
303	12600
304	12600
305	12600
306	12600
307	12600
308	12600
309	12600
310	12600
311	12600
312	12600
313	12600
314	12600
315	12600
316	12600
317	12600
318	12600
319	12600
320	12600
321	12600
322	12600
323	12600
324	12600
325	12600
326	12600
327	12600
328	12600
329	12600
330	12600
331	12600
332	12600
333	12600
334	12600
335	12600
336	12600
337	12600
338	12600
339	12600
340	12600
341	12600
342	12600
343	12600
344	12600
345	12600
346	12600
347	12600
348	12600
349	12600
350	12600
351	12600
352	12600
353	12600
354	12600
355	12600
356	12600
357	12600
358	12600
359	12600
360	12600
361	12600
362	12600
363	12600
364	12600
365	12600
366	12600
367	12600
368	12600
369	12600
370	12600
371	12600
372	12600
373	12600
374	12600
375	12600
376	12600
377	12600
378	12600
379	12600
380	12600
381	12600
382	12600
383	12600
384	12600
385	12600
386	12600
387	12600
388	12600
389	12600
390	12600
391	12600
392	12600
393	12600
394	12600
395	12600
396	12600
397	14400
398	14400
399	14400
400	14400
401	14400
402	14400
403	14400
404	14400
405	14400
406	14400
407	14400
408	14400
409	14400
410	14400
411	14400
412	14400
413	14400
414	14400
415	14400
416	14400
417	14400
418	14400
419	14400
420	14400
421	14400
422	14400
423	14400
424	14400
425	14400
426	14400
427	14400
428	14400
429	14400
430	14400
431	14400
432	14400
433	14400
434	14400
435	14400
436	14400
437	14400
438	14400
439	14400
440	14400
441	14400
442	14400
443	14400
444	14400
445	14400
446	14400
447	14400
448	14400
449	14400
450	14400
451	14400
452	14400
453	14400
454	14400
455	14400
456	14400
457	14400
458	14400
459	14400
460	14400
461	14400
462	14400
463	14400
464	14400
465	14400
466	14400
467	14400
468	14400
469	14400
470	14400
471	14400
472	14400
473	14400
474	14400
475	14400
476	14400
477	14400
478	14400
479	14400
480	14400
481	16200
482	16200
483	16200
484	16200
485	16200
486	16200
487	16200
488	16200
489	16200
490	16200
491	16200
492	16200
493	16200
494	16200
495	16200
496	16200
497	16200
498	16200
499	16200
500	16200
501	16200
502	16200
503	16200
504	16200
505	16200
506	16200
507	16200
508	16200
509	16200
510	16200
511	16200
512	16200
513	16200
514	16200
515	16200
516	16200
517	16200
518	16200
519	16200
520	16200
521	16200
522	16200
523	16200
524	16200
525	16200
526	16200
527	16200
528	16200
529	16200
530	16200
531	16200
532	16200
533	16200
534	16200
535	16200
536	16200
537	16200
538	16200
539	16200
540	16200
541	16200
542	16200
543	16200
544	16200
545	16200
546	16200
547	16200
548	16200
549	16200
550	16200
551	16200
552	16200
553	16200
554	18000
555	18000
556	18000
557	18000
558	18000
559	18000
560	18000
561	18000
562	18000
563	18000
564	18000
565	18000
566	18000
567	18000
568	18000
569	18000
570	18000
571	18000
572	18000
573	18000
574	18000
575	18000
576	18000
577	18000
578	18000
579	18000
580	18000
581	18000
582	18000
583	18000
584	18000
585	18000
586	18000
587	18000
588	18000
589	18000
590	18000
591	18000
592	18000
593	18000
594	18000
595	18000
596	18000
597	18000
598	18000
599	18000
600	18000
601	18000
602	18000
603	18000
604	18000
605	18000
606	18000
607	18000
608	18000
609	18000
610	18000
611	18000
612	18000
613	18000
614	18000
615	18000
616	18000
617	18000
618	18000
619	18000
620	18000
621	18000
622	18000
623	18000
624	19800
625	19800
626	19800
627	19800
628	19800
629	19800
630	19800
631	19800
632	19800
633	19800
634	19800
635	19800
636	19800
637	19800
638	19800
639	19800
640	19800
641	19800
642	19800
643	19800
644	19800
645	19800
646	19800
647	19800
648	19800
649	19800
650	19800
651	19800
652	19800
653	19800
654	19800
655	19800
656	19800
657	19800
658	19800
659	19800
660	19800
661	19800
662	19800
663	19800
664	19800
665	19800
666	19800
667	19800
668	19800
669	19800
670	19800
671	19800
672	19800
673	19800
674	19800
675	19800
676	19800
677	19800
678	19800
679	19800
680	19800
681	19800
682	19800
683	19800
684	19800
685	19800
686	21600
687	21600
688	21600
689	21600
690	21600
691	21600
692	21600
693	21600
694	21600
695	21600
696	21600
697	21600
698	21600
699	21600
700	21600
701	21600
702	21600
703	21600
704	21600
705	21600
706	21600
707	21600
708	21600
709	21600
710	21600
711	21600
712	21600
713	21600
714	21600
715	21600
716	21600
717	21600
718	21600
719	21600
720	21600
721	21600
722	21600
723	21600
724	21600
725	21600
726	21600
727	21600
728	21600
729	21600
730	21600
731	21600
732	23400
733	23400
734	23400
735	23400
736	23400
737	23400
738	23400
739	23400
740	23400
741	23400
742	23400
743	23400
744	23400
745	23400
746	23400
747	23400
748	23400
749	23400
750	23400
751	23400
752	23400
753	23400
754	23400
755	23400
756	23400
757	23400
758	23400
759	23400
760	23400
761	23400
762	23400
763	23400
764	23400
765	23400
766	23400
767	23400
768	23400
769	23400
770	23400
771	23400
772	23400
773	23400
774	23400
775	25200
776	25200
777	25200
778	25200
779	25200
780	25200
781	25200
782	25200
783	25200
784	25200
785	25200
786	25200
787	25200
788	25200
789	25200
790	25200
791	25200
792	25200
793	25200
794	25200
795	25200
796	25200
797	25200
798	25200
799	25200
800	25200
801	25200
802	25200
803	25200
804	25200
805	25200
EOF
