NAME : ORTEC-VRPTW-ASYM-945a5617-d1-n813
TYPE : VRPTW-RT
DIMENSION : 814
EDGE_WEIGHT_TYPE : EUC_2D
CAPACITY : 135
NODE_COORD_SECTION
1	0	4594
2	1536	3198
3	1798	3261
4	1906	3139
5	1614	2464
6	1401	3190
7	1177	2231
8	1421	2013
9	1363	2314
10	1220	2958
11	1493	2008
12	1110	2868
13	1259	2588
14	1191	3158
15	1358	2819
16	1519	3745
17	1281	2321
18	1085	2888
19	1550	2807
20	1715	2699
21	1371	2633
22	1651	3221
23	1363	3292
24	1890	3404
25	899	2499
26	12761	1726
27	1568	2436
28	1950	3599
29	575	2117
30	1457	2334
31	1595	2131
32	1467	2564
33	1220	2958
34	1079	3497
35	1247	2762
36	767	2961
37	1550	2807
38	1810	2964
39	1846	3661
40	1522	2643
41	1569	2792
42	1975	2038
43	1368	3435
44	1518	2955
45	1407	2098
46	1890	3404
47	1208	3147
48	1013	2792
49	1652	3017
50	2054	2707
51	1457	2334
52	1395	3498
53	1635	2450
54	1272	2314
55	971	2919
56	1263	2533
57	1581	3102
58	1358	2712
59	1318	2508
60	1110	2868
61	1276	2474
62	1567	2632
63	1268	2803
64	12273	2784
65	1453	1983
66	1520	3054
67	941	3145
68	1673	2675
69	1467	2564
70	1208	3147
71	1882	2661
72	1746	2330
73	12164	3102
74	1713	2468
75	1447	2171
76	1456	2692
77	1561	3371
78	1371	2633
79	1425	3013
80	1416	3083
81	1890	3404
82	1453	2837
83	1607	3193
84	1832	3023
85	1447	2171
86	1530	2898
87	1503	3368
88	1127	3335
89	1333	2772
90	12761	1726
91	1747	1906
92	1218	2100
93	1196	3408
94	1329	3151
95	1285	2803
96	1559	2913
97	1538	1880
98	1370	3416
99	1882	2661
100	1445	3315
101	1759	2332
102	1568	3561
103	1122	2688
104	1326	3143
105	1423	2871
106	1890	3404
107	941	3145
108	1764	3018
109	1453	2418
110	941	3145
111	1065	3344
112	1364	2951
113	967	2645
114	1008	2242
115	1079	3497
116	1561	3371
117	1191	3158
118	1737	1705
119	1622	3007
120	1548	2121
121	1389	3154
122	1220	2958
123	1225	2832
124	1734	3329
125	1126	2174
126	1363	3233
127	1627	2269
128	1028	3100
129	1696	2848
130	1079	3497
131	1260	3116
132	1778	2184
133	2019	3437
134	1453	1983
135	1518	3043
136	1788	3309
137	1449	2730
138	1261	3611
139	1520	3054
140	1457	2334
141	1741	3275
142	1259	2588
143	1651	3221
144	1601	3496
145	1530	2898
146	1421	2013
147	1679	3237
148	768	2203
149	1507	3229
150	1470	2719
151	1890	3404
152	1533	2252
153	1051	2363
154	1600	2012
155	1177	2231
156	1736	3055
157	1493	3211
158	1436	2216
159	1330	2909
160	1260	3116
161	1500	3456
162	1156	2833
163	1182	3520
164	1635	2450
165	1548	2121
166	1865	2930
167	1358	2712
168	1135	2569
169	1990	3426
170	1489	3249
171	1383	3267
172	941	3145
173	1196	3408
174	1821	2914
175	1765	1913
176	1715	2588
177	1159	3645
178	1970	2819
179	1164	2909
180	1303	2310
181	1191	3158
182	1419	3329
183	1607	3193
184	1008	2242
185	1933	2910
186	1122	2753
187	1013	2792
188	1522	2643
189	1445	3315
190	1493	2008
191	1652	2841
192	1403	2553
193	1457	2334
194	1372	3365
195	1713	2468
196	1259	2588
197	967	2645
198	1233	2169
199	1452	2308
200	1637	3210
201	1065	3344
202	1308	3097
203	1847	2974
204	1069	3912
205	1051	2363
206	1646	3446
207	1851	2746
208	1368	3435
209	1371	2633
210	1832	3023
211	1425	3013
212	834	2424
213	1535	3012
214	1196	3408
215	1193	1940
216	939	2591
217	1528	3041
218	1412	3089
219	1421	1831
220	1765	2941
221	1526	2332
222	1412	2574
223	1390	2910
224	1568	2436
225	1263	2533
226	1907	3219
227	1314	2929
228	1886	2829
229	1051	2363
230	1521	2859
231	1535	3012
232	1651	3221
233	1625	2691
234	1500	3456
235	1456	2692
236	1483	3170
237	1085	2888
238	1499	3300
239	1330	2909
240	1532	3248
241	1393	2831
242	1303	2310
243	1329	3151
244	1614	2464
245	1625	2691
246	1326	3143
247	1404	3271
248	1333	3142
249	1101	3854
250	1191	3158
251	1907	3219
252	1722	2186
253	1890	3404
254	1389	3154
255	1034	2598
256	1445	3315
257	466	2174
258	1360	3271
259	1559	2913
260	1220	2958
261	1508	2689
262	2102	3011
263	2054	2707
264	1548	2121
265	1306	2669
266	1260	3116
267	1550	2845
268	1122	2753
269	1765	1913
270	989	2708
271	1497	3598
272	1595	2798
273	1418	2946
274	1412	2574
275	1632	3510
276	1635	2450
277	1461	1802
278	1503	3368
279	1306	2669
280	1136	2493
281	1306	2669
282	1412	3089
283	1764	3018
284	1193	1940
285	1532	2394
286	1722	2186
287	1890	3404
288	1360	3271
289	1425	3013
290	1986	3284
291	1276	2474
292	1645	3147
293	1713	2468
294	1625	2691
295	1183	3892
296	1281	2321
297	1652	3017
298	1260	3116
299	1301	3317
300	1672	2384
301	1407	2098
302	12625	2114
303	1008	2242
304	1345	2772
305	1811	3115
306	1390	2910
307	1567	2632
308	1789	3071
309	1421	1831
310	1740	2950
311	1886	2829
312	1276	2474
313	1954	3037
314	1419	3329
315	1393	2592
316	1438	2748
317	1258	2934
318	1581	3102
319	1371	2633
320	1413	3182
321	1679	3237
322	2005	2099
323	1550	2845
324	1559	2913
325	1470	2719
326	1882	2661
327	1318	2508
328	1627	2269
329	1314	2929
330	1461	1802
331	1300	2651
332	1851	2746
333	1383	3267
334	1465	3677
335	1886	2829
336	1812	2591
337	1451	3663
338	1310	3684
339	1258	2934
340	1581	3102
341	1667	3076
342	1736	3055
343	1702	3475
344	1567	2632
345	1607	3193
346	1261	3611
347	1259	2588
348	1741	3275
349	1667	3076
350	1538	1880
351	1627	3478
352	1085	2888
353	1069	3912
354	1182	3520
355	1509	3231
356	967	2645
357	1458	3657
358	1518	2955
359	1595	2131
360	1802	2254
361	1208	3147
362	1519	3745
363	1418	2946
364	1656	1962
365	1122	3078
366	1528	3041
367	1765	1913
368	1530	2898
369	1116	3314
370	1538	2606
371	1715	2588
372	1521	2859
373	1691	3099
374	1396	3384
375	1461	2323
376	1364	2951
377	1954	3037
378	12761	1726
379	1260	3116
380	1567	2632
381	1303	2310
382	1568	2436
383	1672	2384
384	1308	3097
385	1853	2700
386	1567	2632
387	1600	2012
388	1034	2598
389	1646	2975
390	1421	2013
391	1865	2930
392	1581	3102
393	1461	1802
394	1747	1906
395	1461	1802
396	1453	2837
397	11931	2834
398	1629	2805
399	767	2961
400	1419	3329
401	1538	2606
402	1351	3092
403	1493	2008
404	1431	2394
405	1363	2314
406	939	2591
407	1579	2983
408	1238	2749
409	1569	2792
410	1233	2169
411	1470	2719
412	1672	3497
413	1465	3677
414	967	2645
415	1416	3083
416	1101	3854
417	1362	3050
418	1404	3271
419	1656	3466
420	1643	2780
421	1218	2100
422	1562	2371
423	1191	3158
424	1676	3226
425	1399	2220
426	1679	3237
427	1956	2815
428	1518	2955
429	1562	3504
430	1471	3614
431	1956	2815
432	1569	2792
433	1464	2624
434	1522	2643
435	932	2692
436	1302	3297
437	1329	3151
438	575	2117
439	899	2499
440	1419	3329
441	1568	3561
442	1824	2656
443	1538	2606
444	1363	2314
445	1439	3200
446	1399	2220
447	1596	2085
448	1702	3475
449	1159	3645
450	1314	3645
451	1522	2643
452	1990	3426
453	1333	2772
454	1360	3271
455	1652	2841
456	897	2828
457	1362	3050
458	1238	2749
459	1154	2399
460	1358	2819
461	2191	3435
462	1579	2983
463	1528	3041
464	1090	2899
465	1352	2614
466	1300	2651
467	1483	2569
468	1612	2444
469	1824	2656
470	1533	2998
471	1399	2220
472	1159	3645
473	1536	3198
474	1595	2131
475	1660	3124
476	1149	3103
477	1538	1880
478	1614	2464
479	1149	3103
480	1013	2792
481	2091	3052
482	1853	2700
483	1196	3408
484	1548	2121
485	1421	2013
486	1493	2008
487	1646	3446
488	1635	2450
489	1519	3745
490	1351	3092
491	897	2828
492	1028	3100
493	1182	3520
494	1938	2929
495	768	2203
496	1954	3037
497	2005	2099
498	1467	2564
499	1451	3663
500	1740	2950
501	1164	2909
502	1104	2833
503	899	2499
504	1497	3598
505	1412	2574
506	1396	3384
507	1164	2909
508	1191	3158
509	1361	2654
510	1581	3102
511	1434	2996
512	1518	3043
513	1310	3684
514	1938	2929
515	1521	2859
516	1602	3474
517	1652	2841
518	1404	3271
519	1470	2719
520	1489	3249
521	1715	2699
522	1425	2582
523	1352	2743
524	1990	3426
525	1382	2675
526	466	2174
527	1789	3071
528	1788	3309
529	1401	3190
530	1116	3314
531	1079	3497
532	1306	2669
533	1268	2803
534	1260	3116
535	1258	2934
536	1425	3013
537	1358	2819
538	1629	2805
539	1136	2493
540	1261	3611
541	1383	3267
542	1559	2913
543	1188	3445
544	1306	3111
545	1629	2805
546	1358	2819
547	1550	2845
548	575	2117
549	1629	2805
550	1470	2719
551	1562	2904
552	1307	2976
553	1526	2332
554	1401	3190
555	1736	3055
556	1079	3497
557	1310	3684
558	1260	3116
559	1562	2371
560	1483	3170
561	1306	2669
562	1303	2310
563	1364	2951
564	1637	3210
565	1734	3329
566	1832	3023
567	1559	2913
568	1941	3269
569	1306	3111
570	1326	3143
571	1561	3371
572	1307	2976
573	1339	2289
574	1938	2929
575	1736	3055
576	1824	2656
577	1136	2493
578	1522	2643
579	1260	3116
580	1764	3018
581	1149	3103
582	1614	2464
583	1448	2836
584	1272	2314
585	1595	2798
586	1361	2654
587	12164	3102
588	1403	2553
589	1811	3115
590	989	2708
591	1425	3013
592	1596	2085
593	1892	2651
594	1136	2493
595	1656	1962
596	1177	2231
597	1419	3329
598	1263	2533
599	1602	3474
600	1421	2013
601	1722	2186
602	1393	2831
603	1595	2798
604	1302	3297
605	1504	3315
606	1519	3745
607	1821	2914
608	1149	3103
609	1214	2528
610	1034	2598
611	1579	2983
612	1470	2719
613	1503	3368
614	1427	2666
615	882	1658
616	1601	3496
617	1456	2692
618	1615	3033
619	1672	3497
620	1447	2972
621	1339	2289
622	1447	2171
623	1110	2868
624	1330	2909
625	1812	2591
626	1421	1831
627	1175	4007
628	1352	2614
629	1673	2675
630	1307	2976
631	1065	3344
632	1413	3182
633	1156	2833
634	1359	3142
635	1724	2466
636	1853	2700
637	1285	2803
638	1281	2321
639	1975	2038
640	1983	2549
641	1489	3364
642	1372	3365
643	1503	3368
644	1462	2238
645	1464	2624
646	1363	3233
647	1034	2598
648	1329	3151
649	1461	1802
650	1461	2323
651	899	2499
652	1596	2085
653	1182	3520
654	1853	2700
655	1349	2243
656	1453	2418
657	1368	3435
658	1497	3598
659	1204	2004
660	1418	2946
661	1627	2269
662	1218	2100
663	1412	2574
664	1425	3013
665	1788	3309
666	1339	2289
667	1548	2121
668	2019	3437
669	1382	2675
670	1307	2976
671	1085	2888
672	1382	2675
673	1562	2371
674	1627	3478
675	1806	2739
676	1363	3292
677	1412	2574
678	1085	2888
679	1214	2528
680	1535	3012
681	1970	2819
682	1740	2950
683	1656	1962
684	1382	2675
685	1307	2976
686	1625	2691
687	1535	3012
688	1562	2904
689	1351	3092
690	1461	2323
691	1500	3456
692	1364	2951
693	575	2117
694	1393	2831
695	1462	2238
696	1691	3099
697	1453	2418
698	1595	2798
699	1809	1974
700	1423	2871
701	1499	3300
702	1806	2739
703	1639	3596
704	1104	2833
705	1956	2815
706	1627	3478
707	1618	3091
708	1504	3315
709	1168	3210
710	1285	2803
711	1453	1983
712	1724	2466
713	1106	3450
714	1499	3300
715	1465	3677
716	1325	3295
717	2289	3282
718	1358	2819
719	1175	4007
720	1452	2308
721	1259	2588
722	1438	2748
723	1975	2038
724	768	2203
725	1906	3139
726	1519	3745
727	1295	3255
728	1296	2174
729	1812	2591
730	1892	2651
731	1034	2598
732	1370	3416
733	1182	3520
734	1832	3023
735	466	2174
736	1812	2591
737	767	2961
738	2289	3282
739	1296	2174
740	1746	2330
741	1183	3892
742	1306	3111
743	1855	3541
744	1314	2929
745	1013	2792
746	1349	2243
747	1533	2998
748	1533	2998
749	1975	2038
750	1149	3103
751	1832	3023
752	1359	3142
753	1292	2930
754	1363	3233
755	1177	2231
756	1220	2958
757	1292	2930
758	1672	3497
759	1126	2174
760	971	2919
761	1276	2474
762	1906	3139
763	1646	3446
764	1493	2008
765	1855	3541
766	1345	2772
767	1464	2624
768	1308	3097
769	1159	3645
770	1090	2899
771	1382	2840
772	989	2708
773	1489	3364
774	1322	3219
775	899	2499
776	1314	2929
777	1465	3677
778	1538	2606
779	1672	2384
780	1154	2399
781	1196	3408
782	1522	2643
783	2028	2589
784	967	2645
785	1673	2675
786	1065	3344
787	1467	2564
788	1504	3315
789	1370	3416
790	967	2645
791	1182	3520
792	1548	2121
793	1812	2591
794	1530	2402
795	1447	2972
796	2005	2099
797	1532	3248
798	1302	3297
799	1467	2564
800	1329	1865
801	1228	2578
802	1301	3317
803	1401	3190
804	1765	1913
805	1431	2394
806	1802	2254
807	1314	2929
808	1882	2661
809	1301	3317
810	1434	2996
811	1333	3142
812	1220	2958
813	1651	3221
814	1652	3017
DEMAND_SECTION
1	0
2	8
3	5
4	7
5	8
6	6
7	5
8	6
9	7
10	6
11	5
12	5
13	5
14	5
15	8
16	6
17	7
18	4
19	3
20	6
21	9
22	5
23	4
24	10
25	10
26	6
27	7
28	5
29	10
30	4
31	8
32	5
33	3
34	8
35	6
36	10
37	5
38	5
39	5
40	5
41	8
42	13
43	8
44	7
45	6
46	4
47	5
48	6
49	6
50	6
51	3
52	12
53	4
54	9
55	4
56	8
57	5
58	5
59	6
60	4
61	5
62	5
63	24
64	6
65	6
66	7
67	5
68	6
69	9
70	4
71	7
72	4
73	4
74	4
75	6
76	5
77	6
78	6
79	6
80	8
81	14
82	6
83	8
84	6
85	4
86	5
87	4
88	8
89	4
90	9
91	3
92	6
93	10
94	6
95	6
96	3
97	8
98	5
99	8
100	8
101	5
102	5
103	6
104	5
105	4
106	3
107	5
108	6
109	11
110	4
111	10
112	6
113	8
114	9
115	6
116	8
117	6
118	13
119	7
120	7
121	5
122	6
123	6
124	7
125	8
126	3
127	9
128	4
129	4
130	5
131	5
132	5
133	6
134	8
135	13
136	7
137	17
138	7
139	7
140	5
141	4
142	5
143	6
144	8
145	10
146	8
147	7
148	9
149	7
150	7
151	12
152	7
153	5
154	4
155	13
156	7
157	8
158	5
159	8
160	6
161	8
162	4
163	3
164	4
165	9
166	10
167	5
168	6
169	7
170	9
171	9
172	8
173	7
174	8
175	6
176	5
177	8
178	4
179	9
180	6
181	3
182	14
183	5
184	6
185	9
186	8
187	5
188	9
189	4
190	6
191	5
192	3
193	6
194	5
195	5
196	8
197	10
198	7
199	9
200	5
201	6
202	4
203	5
204	6
205	8
206	10
207	4
208	3
209	8
210	14
211	5
212	8
213	15
214	13
215	6
216	6
217	5
218	5
219	5
220	6
221	5
222	3
223	3
224	8
225	5
226	5
227	6
228	4
229	6
230	5
231	6
232	7
233	6
234	11
235	5
236	2
237	5
238	6
239	5
240	5
241	5
242	5
243	8
244	4
245	5
246	6
247	14
248	5
249	7
250	15
251	6
252	5
253	4
254	4
255	5
256	5
257	8
258	11
259	8
260	11
261	7
262	6
263	7
264	7
265	8
266	4
267	3
268	9
269	8
270	4
271	4
272	3
273	5
274	5
275	10
276	8
277	8
278	14
279	6
280	5
281	9
282	5
283	6
284	7
285	7
286	3
287	11
288	4
289	7
290	15
291	6
292	5
293	7
294	11
295	9
296	8
297	6
298	5
299	8
300	7
301	3
302	5
303	5
304	8
305	6
306	7
307	5
308	6
309	4
310	6
311	4
312	7
313	7
314	5
315	8
316	24
317	9
318	8
319	4
320	8
321	5
322	6
323	11
324	12
325	5
326	8
327	7
328	6
329	5
330	10
331	8
332	5
333	7
334	5
335	5
336	4
337	3
338	9
339	6
340	7
341	5
342	6
343	4
344	7
345	7
346	5
347	9
348	3
349	3
350	5
351	8
352	8
353	8
354	9
355	5
356	3
357	17
358	9
359	3
360	6
361	9
362	9
363	5
364	8
365	13
366	6
367	7
368	5
369	5
370	7
371	9
372	4
373	4
374	6
375	6
376	9
377	6
378	7
379	5
380	4
381	8
382	10
383	9
384	3
385	7
386	7
387	5
388	6
389	5
390	6
391	6
392	9
393	10
394	5
395	7
396	7
397	6
398	7
399	4
400	7
401	4
402	7
403	7
404	5
405	5
406	4
407	6
408	9
409	5
410	4
411	6
412	10
413	7
414	10
415	6
416	6
417	8
418	5
419	8
420	7
421	4
422	8
423	4
424	12
425	10
426	5
427	7
428	5
429	4
430	7
431	19
432	6
433	5
434	3
435	8
436	5
437	4
438	6
439	8
440	5
441	6
442	14
443	8
444	9
445	13
446	8
447	5
448	7
449	4
450	8
451	7
452	8
453	8
454	4
455	6
456	7
457	7
458	8
459	6
460	12
461	10
462	6
463	5
464	6
465	5
466	6
467	6
468	6
469	14
470	5
471	13
472	4
473	5
474	5
475	5
476	4
477	6
478	9
479	5
480	11
481	9
482	8
483	8
484	5
485	13
486	6
487	5
488	7
489	6
490	10
491	5
492	5
493	7
494	6
495	7
496	4
497	5
498	4
499	7
500	6
501	5
502	4
503	9
504	13
505	4
506	9
507	6
508	7
509	6
510	14
511	5
512	6
513	5
514	6
515	7
516	7
517	6
518	6
519	7
520	5
521	5
522	12
523	4
524	6
525	5
526	3
527	8
528	9
529	8
530	8
531	5
532	4
533	5
534	8
535	4
536	6
537	6
538	4
539	6
540	6
541	8
542	6
543	9
544	13
545	8
546	4
547	7
548	6
549	5
550	5
551	5
552	7
553	15
554	5
555	3
556	5
557	4
558	11
559	14
560	6
561	9
562	5
563	8
564	8
565	5
566	8
567	15
568	8
569	5
570	4
571	3
572	5
573	7
574	9
575	6
576	3
577	8
578	5
579	4
580	3
581	4
582	4
583	7
584	3
585	5
586	3
587	5
588	6
589	7
590	8
591	7
592	4
593	10
594	4
595	6
596	6
597	4
598	6
599	4
600	6
601	5
602	4
603	8
604	5
605	6
606	6
607	4
608	8
609	6
610	12
611	10
612	4
613	8
614	5
615	9
616	7
617	5
618	4
619	5
620	7
621	4
622	9
623	8
624	5
625	6
626	4
627	9
628	6
629	7
630	5
631	5
632	5
633	8
634	5
635	7
636	6
637	9
638	4
639	4
640	3
641	3
642	7
643	12
644	19
645	8
646	5
647	5
648	9
649	6
650	13
651	3
652	5
653	7
654	7
655	5
656	6
657	8
658	8
659	6
660	5
661	8
662	6
663	7
664	15
665	7
666	6
667	4
668	6
669	6
670	2
671	3
672	5
673	4
674	8
675	6
676	5
677	4
678	8
679	4
680	4
681	4
682	4
683	6
684	6
685	5
686	4
687	6
688	5
689	6
690	8
691	8
692	6
693	6
694	4
695	8
696	7
697	11
698	3
699	9
700	8
701	6
702	7
703	5
704	5
705	7
706	5
707	5
708	9
709	5
710	8
711	8
712	7
713	2
714	4
715	5
716	9
717	5
718	7
719	19
720	10
721	13
722	10
723	4
724	12
725	3
726	8
727	7
728	13
729	6
730	3
731	4
732	8
733	5
734	6
735	6
736	5
737	8
738	5
739	10
740	6
741	8
742	5
743	5
744	11
745	6
746	5
747	4
748	7
749	4
750	8
751	6
752	5
753	7
754	7
755	11
756	18
757	5
758	5
759	10
760	6
761	6
762	5
763	8
764	11
765	5
766	3
767	3
768	5
769	4
770	5
771	4
772	4
773	5
774	5
775	8
776	10
777	7
778	4
779	5
780	5
781	6
782	9
783	8
784	11
785	10
786	10
787	4
788	7
789	5
790	5
791	11
792	5
793	8
794	8
795	3
796	5
797	8
798	14
799	8
800	4
801	7
802	7
803	7
804	4
805	4
806	4
807	6
808	5
809	6
810	5
811	6
812	6
813	4
814	3
DEPOT_SECTION
1
-1
SERVICE_TIME_SECTION
1	0
2	360
3	600
4	420
5	360
6	600
7	660
8	480
9	600
10	900
11	720
12	360
13	660
14	360
15	420
16	480
17	480
18	540
19	600
20	540
21	480
22	660
23	600
24	420
25	420
26	480
27	540
28	480
29	360
30	360
31	780
32	540
33	660
34	540
35	600
36	660
37	600
38	480
39	1320
40	480
41	360
42	1020
43	840
44	960
45	480
46	600
47	660
48	960
49	600
50	1320
51	600
52	660
53	720
54	720
55	780
56	360
57	480
58	1080
59	300
60	480
61	600
62	660
63	960
64	600
65	420
66	540
67	360
68	720
69	480
70	480
71	360
72	300
73	600
74	240
75	600
76	720
77	420
78	420
79	420
80	420
81	720
82	420
83	1020
84	900
85	540
86	720
87	600
88	540
89	900
90	660
91	540
92	600
93	360
94	540
95	720
96	300
97	300
98	1080
99	780
100	360
101	480
102	1140
103	660
104	360
105	600
106	360
107	660
108	540
109	960
110	240
111	780
112	360
113	300
114	780
115	480
116	720
117	300
118	840
119	300
120	1320
121	300
122	360
123	720
124	420
125	900
126	660
127	840
128	900
129	600
130	780
131	660
132	720
133	480
134	420
135	780
136	660
137	660
138	360
139	540
140	600
141	720
142	780
143	600
144	240
145	600
146	780
147	420
148	480
149	480
150	540
151	660
152	660
153	1440
154	1620
155	720
156	660
157	540
158	660
159	540
160	360
161	540
162	300
163	420
164	420
165	600
166	420
167	240
168	780
169	540
170	480
171	540
172	360
173	600
174	420
175	1020
176	600
177	840
178	240
179	240
180	600
181	420
182	600
183	420
184	240
185	780
186	360
187	240
188	480
189	480
190	240
191	420
192	480
193	480
194	480
195	360
196	540
197	660
198	360
199	360
200	240
201	660
202	360
203	420
204	540
205	300
206	600
207	300
208	780
209	540
210	600
211	600
212	480
213	1440
214	600
215	300
216	600
217	600
218	900
219	480
220	300
221	600
222	600
223	600
224	480
225	780
226	540
227	360
228	420
229	720
230	660
231	660
232	540
233	720
234	300
235	480
236	360
237	600
238	420
239	480
240	840
241	540
242	780
243	480
244	480
245	420
246	600
247	720
248	360
249	900
250	300
251	300
252	240
253	480
254	600
255	240
256	600
257	720
258	720
259	840
260	600
261	240
262	600
263	540
264	600
265	540
266	480
267	900
268	960
269	480
270	600
271	660
272	720
273	300
274	780
275	360
276	420
277	1620
278	300
279	600
280	300
281	480
282	780
283	480
284	720
285	600
286	360
287	600
288	720
289	240
290	540
291	720
292	780
293	540
294	900
295	600
296	480
297	900
298	540
299	540
300	480
301	600
302	360
303	600
304	240
305	780
306	600
307	240
308	720
309	480
310	360
311	420
312	420
313	360
314	780
315	360
316	600
317	720
318	480
319	660
320	360
321	300
322	780
323	420
324	240
325	660
326	720
327	480
328	540
329	420
330	720
331	360
332	780
333	480
334	840
335	720
336	660
337	720
338	660
339	480
340	660
341	480
342	1140
343	660
344	840
345	1080
346	360
347	1560
348	660
349	780
350	360
351	660
352	540
353	1020
354	660
355	720
356	480
357	600
358	360
359	960
360	600
361	780
362	480
363	480
364	600
365	420
366	780
367	420
368	480
369	360
370	540
371	1620
372	780
373	300
374	780
375	540
376	540
377	540
378	900
379	240
380	540
381	480
382	660
383	720
384	960
385	600
386	780
387	300
388	480
389	540
390	540
391	360
392	480
393	780
394	480
395	660
396	360
397	600
398	720
399	480
400	300
401	300
402	900
403	480
404	240
405	300
406	480
407	600
408	780
409	540
410	1560
411	240
412	480
413	600
414	780
415	540
416	600
417	540
418	660
419	480
420	660
421	720
422	420
423	480
424	840
425	1320
426	720
427	360
428	360
429	540
430	480
431	420
432	540
433	720
434	480
435	360
436	240
437	780
438	360
439	480
440	660
441	540
442	480
443	660
444	720
445	300
446	480
447	540
448	1320
449	720
450	660
451	600
452	660
453	540
454	600
455	540
456	540
457	420
458	1260
459	1020
460	540
461	720
462	480
463	480
464	480
465	300
466	600
467	660
468	360
469	480
470	480
471	720
472	360
473	780
474	540
475	480
476	720
477	840
478	1020
479	1620
480	480
481	780
482	540
483	780
484	660
485	960
486	840
487	540
488	660
489	840
490	540
491	240
492	780
493	360
494	480
495	780
496	480
497	480
498	780
499	720
500	480
501	480
502	540
503	1140
504	480
505	540
506	600
507	600
508	480
509	600
510	780
511	900
512	720
513	900
514	660
515	840
516	240
517	360
518	360
519	360
520	480
521	540
522	240
523	600
524	300
525	780
526	300
527	660
528	540
529	600
530	480
531	840
532	1140
533	540
534	420
535	660
536	720
537	300
538	360
539	480
540	600
541	480
542	420
543	480
544	300
545	780
546	540
547	420
548	540
549	480
550	480
551	360
552	660
553	540
554	480
555	300
556	480
557	360
558	720
559	540
560	480
561	480
562	480
563	1320
564	660
565	360
566	360
567	540
568	540
569	360
570	600
571	300
572	480
573	780
574	1080
575	660
576	600
577	420
578	780
579	420
580	540
581	780
582	360
583	360
584	660
585	840
586	540
587	480
588	600
589	960
590	540
591	480
592	480
593	660
594	960
595	420
596	660
597	360
598	540
599	300
600	840
601	600
602	420
603	480
604	480
605	480
606	360
607	360
608	540
609	1080
610	360
611	360
612	720
613	720
614	960
615	480
616	360
617	600
618	300
619	360
620	540
621	300
622	360
623	960
624	720
625	540
626	1140
627	600
628	780
629	420
630	1020
631	420
632	600
633	960
634	540
635	540
636	480
637	480
638	780
639	1380
640	840
641	600
642	720
643	960
644	540
645	360
646	480
647	480
648	660
649	360
650	480
651	900
652	360
653	660
654	660
655	480
656	540
657	420
658	780
659	660
660	1320
661	420
662	480
663	360
664	300
665	720
666	360
667	720
668	840
669	360
670	720
671	480
672	660
673	540
674	360
675	720
676	720
677	360
678	540
679	540
680	540
681	360
682	600
683	540
684	360
685	480
686	360
687	300
688	540
689	540
690	540
691	660
692	660
693	660
694	360
695	840
696	540
697	720
698	480
699	720
700	480
701	480
702	300
703	360
704	600
705	840
706	420
707	840
708	1560
709	660
710	240
711	720
712	360
713	420
714	300
715	660
716	960
717	960
718	420
719	600
720	720
721	300
722	780
723	1020
724	720
725	300
726	600
727	480
728	360
729	300
730	840
731	600
732	420
733	300
734	360
735	480
736	480
737	480
738	600
739	480
740	480
741	420
742	960
743	600
744	960
745	420
746	600
747	480
748	480
749	720
750	420
751	600
752	600
753	480
754	300
755	660
756	240
757	600
758	780
759	660
760	360
761	300
762	780
763	1020
764	360
765	660
766	660
767	480
768	600
769	480
770	720
771	600
772	720
773	360
774	480
775	720
776	600
777	480
778	600
779	840
780	540
781	540
782	480
783	600
784	480
785	1020
786	420
787	360
788	780
789	480
790	420
791	540
792	840
793	720
794	600
795	480
796	660
797	840
798	600
799	300
800	360
801	420
802	600
803	240
804	780
805	1140
806	420
807	600
808	540
809	1320
810	480
811	360
812	840
813	540
814	480
TIME_WINDOW_SECTION
1	0	45000
2	10800	30300
3	12600	19500
4	10800	30300
5	16200	24900
6	5400	12300
7	12600	19500
8	10800	29700
9	12600	19500
10	16200	23100
11	9000	15900
12	16200	24240
13	19800	26700
14	19800	26700
15	12600	19500
16	10800	30300
17	16200	23100
18	9000	15900
19	9000	15900
20	9000	15900
21	12600	19500
22	10800	30300
23	12600	19500
24	23400	30300
25	5400	12300
26	12600	19500
27	5400	12300
28	10800	30300
29	16200	24900
30	9000	15900
31	19800	26700
32	23400	30300
33	16200	23100
34	9000	15900
35	5400	12300
36	23400	30300
37	19800	26700
38	23400	30300
39	10800	29700
40	5400	11700
41	5400	12300
42	16200	23100
43	12600	19500
44	9000	15900
45	12600	19500
46	10800	30300
47	9000	15300
48	5400	12300
49	10800	30300
50	23400	30300
51	23400	30300
52	10800	30300
53	12600	19500
54	23400	30300
55	9000	15900
56	23400	30300
57	12600	19500
58	12600	19500
59	10800	30300
60	5400	12300
61	9000	15900
62	5400	12300
63	10800	30300
64	12600	19500
65	5400	12300
66	16200	23100
67	9000	15900
68	16200	23100
69	10800	29700
70	12600	19500
71	9000	15900
72	16200	23100
73	16200	23100
74	10800	30300
75	12600	19500
76	10800	30300
77	10800	30300
78	23400	30300
79	16200	23100
80	9000	15900
81	10800	29700
82	9000	15900
83	16200	23100
84	23400	30300
85	9000	15900
86	10800	30300
87	10800	29700
88	16200	23100
89	12600	19500
90	16200	23100
91	9000	15900
92	19800	26700
93	10800	30300
94	10800	30300
95	16200	23100
96	12600	19500
97	18000	36900
98	16200	24900
99	19800	26700
100	9000	15300
101	12600	19500
102	23400	29700
103	23400	30300
104	19800	26700
105	19800	26700
106	5400	12300
107	10800	29700
108	18000	36840
109	23400	30300
110	10800	30300
111	12600	19500
112	10800	30300
113	23400	30300
114	12600	19500
115	10800	29700
116	5400	12300
117	9000	15300
118	16200	23100
119	19800	26700
120	9000	15900
121	10800	30300
122	16200	23100
123	23400	30300
124	16200	23100
125	19800	26700
126	16200	23100
127	10800	30300
128	10800	30300
129	12600	19500
130	10800	30300
131	19800	26700
132	12600	19500
133	12600	19500
134	5400	12300
135	9000	15900
136	18000	37500
137	12600	19500
138	10800	30300
139	19800	26700
140	23400	30300
141	5400	12300
142	16200	23100
143	5400	12300
144	16200	23100
145	5400	12300
146	9000	15900
147	10800	29700
148	23400	30300
149	19800	26700
150	9000	15300
151	5400	12300
152	16200	23100
153	16200	23100
154	23400	30300
155	12600	19500
156	10800	30300
157	10800	30300
158	10800	29700
159	23400	29700
160	12600	19500
161	12600	19500
162	23400	30300
163	23400	30300
164	10800	30300
165	23400	30300
166	16200	23100
167	23400	30300
168	9000	15900
169	23400	30300
170	16200	23100
171	9000	15900
172	23400	30300
173	19800	26700
174	9000	15900
175	23400	30300
176	9000	15900
177	16200	23100
178	10800	30300
179	23400	30300
180	5400	12300
181	10800	29700
182	10800	29700
183	23400	30300
184	12600	19500
185	12600	18900
186	9000	15900
187	10800	30300
188	5400	12300
189	12600	19500
190	10800	30300
191	5400	12300
192	19800	26100
193	16200	23100
194	12600	19500
195	19800	26700
196	12600	19500
197	5400	12300
198	18000	37500
199	9000	15900
200	23400	33900
201	10800	30300
202	10800	30300
203	18000	36840
204	23400	30300
205	18000	37500
206	9000	15900
207	23400	30300
208	18000	36900
209	18000	36900
210	19800	26100
211	19800	26100
212	12600	19500
213	10800	30300
214	9000	15900
215	16200	23100
216	5400	12300
217	10800	30300
218	12600	19500
219	12600	19500
220	9000	15900
221	10800	30300
222	5400	11700
223	23400	30300
224	10800	30300
225	5400	12300
226	18000	37500
227	5400	11700
228	16200	23100
229	9000	15900
230	5400	12300
231	19800	26700
232	16200	23100
233	23400	30300
234	10800	30300
235	23400	30300
236	16200	23100
237	16200	23100
238	10800	30300
239	10800	30300
240	19800	26700
241	10800	30300
242	10800	30300
243	12600	19500
244	5400	12300
245	16200	23100
246	12600	19500
247	23400	30300
248	10800	30300
249	10800	30300
250	12600	19500
251	10800	30300
252	16200	23100
253	9000	15300
254	9000	15900
255	5400	11700
256	12600	19500
257	9000	15900
258	18000	37500
259	10800	30300
260	16200	23100
261	10800	30300
262	23400	30300
263	19800	26100
264	12600	19500
265	16200	23100
266	16200	23100
267	19800	26700
268	19800	26700
269	19800	26700
270	19800	26700
271	10800	30300
272	16200	22500
273	12600	19500
274	5400	11700
275	5400	12300
276	5400	12300
277	10800	30300
278	10800	30300
279	16200	23100
280	12600	19500
281	10800	30300
282	16200	23100
283	16200	23100
284	12600	19500
285	10800	30300
286	5400	12300
287	19800	26700
288	16200	23100
289	5400	12300
290	23400	30300
291	23400	29700
292	10800	30300
293	12600	19500
294	12600	19500
295	19800	26700
296	5400	12300
297	5400	12300
298	9000	15900
299	23400	30300
300	12600	19500
301	12600	19500
302	10800	30300
303	23400	30300
304	9000	15300
305	9000	15300
306	10800	30300
307	16200	23100
308	19800	26700
309	16200	24900
310	12600	19500
311	10800	29700
312	10800	30300
313	9000	15900
314	10800	30300
315	10800	30300
316	10800	29700
317	9000	15900
318	12600	19500
319	10800	30300
320	18000	36840
321	10800	30300
322	9000	15300
323	16200	23100
324	16200	23100
325	12600	19500
326	10800	29700
327	12600	19500
328	23400	29700
329	23400	30300
330	9000	15900
331	23400	30300
332	9000	15900
333	10800	30300
334	10800	30300
335	10800	30300
336	16200	23100
337	16200	23100
338	10800	30300
339	23400	30300
340	23400	30300
341	10800	30300
342	23400	30300
343	9000	15900
344	12600	19500
345	23400	30300
346	10800	30300
347	19800	26100
348	12600	19500
349	16200	23100
350	23400	30300
351	23400	30300
352	12600	19500
353	23400	30300
354	9000	15900
355	9000	15300
356	23400	29700
357	10800	30300
358	9000	15900
359	10800	30300
360	16200	23100
361	10800	30300
362	10800	30300
363	19800	26700
364	9000	15900
365	9000	15900
366	10800	30300
367	9000	15900
368	9000	15900
369	10800	30300
370	19800	26700
371	10800	30300
372	16200	23100
373	10800	30300
374	12600	19500
375	12600	19500
376	10800	29700
377	10800	29700
378	18000	36900
379	16200	23100
380	12600	19500
381	16200	22500
382	12600	19500
383	12600	19500
384	23400	30300
385	9000	15900
386	19800	26700
387	9000	15900
388	19800	26700
389	10800	30300
390	23400	30300
391	23400	30300
392	19800	26700
393	10800	30300
394	19800	26700
395	23400	30300
396	16200	23100
397	23400	30300
398	12600	19500
399	23400	29700
400	9000	15900
401	23400	29700
402	12600	19500
403	9000	15900
404	12600	19500
405	12600	19500
406	23400	30300
407	23400	30300
408	16200	23100
409	16200	23100
410	10800	30300
411	9000	15900
412	23400	30300
413	10800	30300
414	9000	15900
415	10800	30300
416	9000	15900
417	19800	26700
418	10800	30300
419	9000	15900
420	16200	23100
421	10800	30300
422	10800	30300
423	9000	15900
424	12600	19500
425	19800	26700
426	10800	30300
427	10800	30300
428	19800	26700
429	16200	24240
430	12600	18900
431	16200	23100
432	12600	19500
433	10800	30300
434	9000	15900
435	16200	23100
436	12600	19500
437	18000	37500
438	23400	30300
439	9000	15900
440	19800	26100
441	10800	30300
442	16200	23100
443	16200	24240
444	16200	23100
445	10800	29700
446	16200	24900
447	23400	30300
448	18000	36900
449	12600	19500
450	10800	30300
451	16200	23100
452	16200	23100
453	23400	30300
454	12600	19500
455	19800	26700
456	12600	19500
457	16200	23100
458	16200	23100
459	12600	19500
460	19800	26100
461	9000	15300
462	23400	30300
463	16200	24900
464	23400	30300
465	12600	19500
466	16200	23100
467	23400	30300
468	12600	19500
469	18000	37500
470	23400	33900
471	19800	26700
472	9000	15900
473	16200	24900
474	12600	19500
475	12600	19500
476	19800	26700
477	18000	37500
478	12600	19500
479	12600	19500
480	23400	30300
481	23400	30300
482	12600	19500
483	19800	26700
484	12600	19500
485	12600	19500
486	12600	19500
487	10800	29700
488	10800	30300
489	19800	26700
490	10800	29700
491	16200	23100
492	19800	26700
493	16200	23100
494	16200	23100
495	10800	30300
496	19800	26700
497	16200	23100
498	12600	19500
499	12600	19500
500	23400	30300
501	12600	19500
502	10800	30300
503	23400	30300
504	19800	26700
505	10800	30300
506	10800	29700
507	10800	29700
508	19800	26700
509	16200	23100
510	12600	19500
511	10800	30300
512	12600	19500
513	10800	30300
514	23400	33900
515	16200	24900
516	10800	30300
517	12600	19500
518	10800	30300
519	19800	26700
520	19800	26700
521	12600	19500
522	16200	23100
523	16200	23100
524	12600	19500
525	12600	19500
526	16200	23100
527	16200	24900
528	10800	30300
529	12600	19500
530	19800	26700
531	10800	30300
532	16200	23100
533	10800	30300
534	19800	26700
535	16200	23100
536	10800	30300
537	23400	30300
538	23400	30300
539	10800	30300
540	16200	23100
541	23400	30300
542	23400	30300
543	10800	30300
544	16200	23100
545	12600	19500
546	18000	36840
547	10800	29700
548	23400	30300
549	23400	30300
550	16200	23100
551	10800	30300
552	10800	30300
553	10800	30300
554	19800	26700
555	18000	37500
556	10800	30300
557	12600	19500
558	10800	29700
559	16200	23100
560	18000	37500
561	12600	19500
562	12600	19500
563	12600	19500
564	16200	23100
565	10800	30300
566	23400	30300
567	23400	30300
568	12600	19500
569	16200	23100
570	16200	23100
571	16200	23100
572	23400	30300
573	10800	29700
574	12600	19500
575	16200	23100
576	23400	30300
577	12600	19500
578	10800	30300
579	10800	30300
580	23400	30300
581	10800	30300
582	23400	29700
583	23400	30300
584	10800	30300
585	12600	19500
586	10800	29700
587	23400	30300
588	10800	30300
589	19800	26700
590	16200	23100
591	19800	26700
592	12600	19500
593	10800	29700
594	19800	26700
595	16200	23100
596	16200	24240
597	19800	26700
598	10800	30300
599	12600	19500
600	16200	23100
601	19800	26700
602	10800	30300
603	23400	30300
604	10800	29700
605	10800	30300
606	23400	30300
607	16200	23100
608	10800	30300
609	10800	30300
610	19800	26700
611	10800	29700
612	23400	30300
613	10800	30300
614	10800	29700
615	10800	30300
616	23400	30300
617	10800	30300
618	23400	30300
619	10800	29700
620	10800	30300
621	23400	30300
622	23400	30300
623	10800	29700
624	10800	30300
625	10800	30300
626	19800	26700
627	12600	19500
628	23400	30300
629	10800	30300
630	18000	36840
631	16200	23100
632	16200	23100
633	10800	30300
634	10800	30300
635	16200	23100
636	19800	26700
637	10800	29700
638	10800	30300
639	10800	30300
640	10800	30300
641	10800	29700
642	16200	23100
643	10800	30300
644	16200	22500
645	19800	26700
646	16200	23100
647	16200	23100
648	16200	23100
649	16200	23100
650	19800	26100
651	10800	29700
652	16200	24900
653	23400	30300
654	16200	24240
655	10800	29700
656	19800	26700
657	10800	30300
658	16200	23100
659	10800	29700
660	10800	29700
661	10800	30300
662	16200	23100
663	23400	30300
664	10800	30300
665	19800	26700
666	10800	30300
667	23400	30300
668	23400	30300
669	23400	30300
670	19800	26700
671	10800	30300
672	19800	26700
673	19800	26700
674	10800	30300
675	10800	30300
676	16200	23100
677	10800	30300
678	16200	23100
679	16200	23100
680	23400	30300
681	19800	26100
682	19800	26700
683	23400	29700
684	23400	30300
685	16200	23100
686	19800	26100
687	16200	23100
688	16200	23100
689	19800	26700
690	10800	30300
691	19800	26700
692	10800	29700
693	16200	23100
694	19800	26700
695	16200	23100
696	10800	29700
697	16200	23100
698	19800	26700
699	16200	23100
700	16200	24900
701	10800	30300
702	10800	29700
703	10800	29700
704	10800	30300
705	10800	30300
706	19800	26700
707	10800	30300
708	16200	23100
709	10800	30300
710	23400	30300
711	23400	30300
712	23400	30300
713	19800	26700
714	16200	23100
715	16200	23100
716	16200	23100
717	16200	23100
718	19800	26700
719	16200	23100
720	10800	30300
721	23400	30300
722	23400	30300
723	10800	29700
724	10800	30300
725	16200	23100
726	10800	30300
727	23400	30300
728	19800	26700
729	23400	30300
730	19800	26700
731	10800	30300
732	19800	26700
733	23400	30300
734	10800	30300
735	10800	29700
736	10800	29700
737	10800	30300
738	10800	30300
739	10800	30300
740	19800	26700
741	10800	30300
742	16200	24900
743	18000	37500
744	10800	30300
745	19800	26700
746	19800	26700
747	10800	29700
748	19800	26700
749	10800	29700
750	16200	24240
751	10800	30300
752	10800	30300
753	23400	30300
754	10800	30300
755	10800	29700
756	10800	29700
757	10800	30300
758	23400	30300
759	23400	30300
760	10800	30300
761	23400	30300
762	10800	30300
763	10800	30300
764	23400	30300
765	10800	30300
766	19800	26100
767	23400	30300
768	19800	26700
769	10800	29700
770	19800	26700
771	23400	30300
772	19800	26700
773	19800	26700
774	10800	30300
775	10800	30300
776	10800	30300
777	23400	30300
778	23400	30300
779	19800	26700
780	10800	30300
781	10800	30300
782	10800	30300
783	19800	26700
784	10800	29700
785	23400	30300
786	19800	26100
787	19800	26700
788	23400	29700
789	10800	30300
790	23400	29700
791	19800	26700
792	23400	29700
793	23400	29700
794	10800	30300
795	19800	26700
796	23400	30300
797	10800	30300
798	23400	30300
799	23400	30300
800	10800	29700
801	18000	37500
802	10800	30300
803	10800	30300
804	10800	30300
805	10800	30300
806	10800	30300
807	10800	30300
808	10800	30300
809	10800	30300
810	10800	30300
811	10800	30300
812	19800	26700
813	18000	36840
814	10800	30300
RELEASE_TIME_SECTION
1	0
2	5400
3	5400
4	5400
5	5400
6	5400
7	5400
8	5400
9	5400
10	5400
11	5400
12	5400
13	5400
14	5400
15	5400
16	5400
17	5400
18	5400
19	5400
20	5400
21	5400
22	5400
23	5400
24	5400
25	5400
26	5400
27	5400
28	5400
29	5400
30	5400
31	5400
32	5400
33	5400
34	5400
35	5400
36	5400
37	5400
38	5400
39	5400
40	5400
41	5400
42	5400
43	5400
44	5400
45	5400
46	5400
47	5400
48	5400
49	5400
50	5400
51	5400
52	5400
53	5400
54	5400
55	5400
56	5400
57	5400
58	5400
59	5400
60	5400
61	5400
62	5400
63	5400
64	5400
65	5400
66	5400
67	5400
68	5400
69	5400
70	5400
71	5400
72	5400
73	5400
74	5400
75	5400
76	5400
77	5400
78	5400
79	5400
80	5400
81	5400
82	5400
83	5400
84	5400
85	5400
86	5400
87	5400
88	5400
89	5400
90	5400
91	5400
92	5400
93	5400
94	5400
95	5400
96	5400
97	5400
98	5400
99	5400
100	5400
101	7200
102	7200
103	7200
104	7200
105	7200
106	7200
107	7200
108	7200
109	7200
110	7200
111	7200
112	7200
113	7200
114	7200
115	7200
116	7200
117	7200
118	7200
119	7200
120	7200
121	7200
122	7200
123	7200
124	7200
125	7200
126	7200
127	7200
128	7200
129	7200
130	7200
131	7200
132	7200
133	7200
134	7200
135	7200
136	7200
137	7200
138	7200
139	7200
140	7200
141	7200
142	7200
143	7200
144	7200
145	7200
146	7200
147	7200
148	7200
149	7200
150	7200
151	7200
152	7200
153	7200
154	7200
155	7200
156	7200
157	7200
158	7200
159	7200
160	7200
161	7200
162	7200
163	7200
164	7200
165	7200
166	7200
167	7200
168	7200
169	7200
170	7200
171	7200
172	7200
173	7200
174	7200
175	7200
176	7200
177	7200
178	7200
179	7200
180	7200
181	7200
182	7200
183	7200
184	7200
185	7200
186	7200
187	7200
188	7200
189	7200
190	7200
191	7200
192	7200
193	7200
194	7200
195	7200
196	7200
197	7200
198	7200
199	7200
200	7200
201	9000
202	9000
203	9000
204	9000
205	9000
206	9000
207	9000
208	9000
209	9000
210	9000
211	9000
212	9000
213	9000
214	9000
215	9000
216	9000
217	9000
218	9000
219	9000
220	9000
221	9000
222	9000
223	9000
224	9000
225	9000
226	9000
227	9000
228	9000
229	9000
230	9000
231	9000
232	9000
233	9000
234	9000
235	9000
236	9000
237	9000
238	9000
239	9000
240	9000
241	9000
242	9000
243	9000
244	9000
245	9000
246	9000
247	9000
248	9000
249	9000
250	9000
251	9000
252	9000
253	9000
254	9000
255	9000
256	9000
257	9000
258	9000
259	9000
260	9000
261	9000
262	9000
263	9000
264	9000
265	9000
266	9000
267	9000
268	9000
269	9000
270	9000
271	9000
272	9000
273	9000
274	9000
275	9000
276	9000
277	9000
278	9000
279	9000
280	9000
281	9000
282	9000
283	9000
284	9000
285	9000
286	9000
287	9000
288	9000
289	9000
290	9000
291	9000
292	9000
293	9000
294	9000
295	9000
296	9000
297	9000
298	9000
299	9000
300	10800
301	10800
302	10800
303	10800
304	10800
305	10800
306	10800
307	10800
308	10800
309	10800
310	10800
311	10800
312	10800
313	10800
314	10800
315	10800
316	10800
317	10800
318	10800
319	10800
320	10800
321	10800
322	10800
323	10800
324	10800
325	10800
326	10800
327	10800
328	10800
329	10800
330	10800
331	10800
332	10800
333	10800
334	10800
335	10800
336	10800
337	10800
338	10800
339	10800
340	10800
341	10800
342	10800
343	10800
344	10800
345	10800
346	10800
347	10800
348	10800
349	10800
350	10800
351	10800
352	10800
353	10800
354	10800
355	10800
356	10800
357	10800
358	10800
359	10800
360	10800
361	10800
362	10800
363	10800
364	10800
365	10800
366	10800
367	10800
368	10800
369	10800
370	10800
371	10800
372	10800
373	10800
374	10800
375	10800
376	10800
377	10800
378	10800
379	10800
380	10800
381	12600
382	12600
383	12600
384	12600
385	12600
386	12600
387	12600
388	12600
389	12600
390	12600
391	12600
392	12600
393	12600
394	12600
395	12600
396	12600
397	12600
398	12600
399	12600
400	12600
401	12600
402	12600
403	12600
404	12600
405	12600
406	12600
407	12600
408	12600
409	12600
410	12600
411	12600
412	12600
413	12600
414	12600
415	12600
416	12600
417	12600
418	12600
419	12600
420	12600
421	12600
422	12600
423	12600
424	12600
425	12600
426	12600
427	12600
428	12600
429	12600
430	12600
431	12600
432	12600
433	12600
434	12600
435	12600
436	12600
437	12600
438	12600
439	12600
440	12600
441	12600
442	12600
443	12600
444	12600
445	12600
446	12600
447	12600
448	12600
449	12600
450	12600
451	12600
452	12600
453	12600
454	12600
455	12600
456	12600
457	12600
458	12600
459	12600
460	12600
461	12600
462	12600
463	12600
464	12600
465	12600
466	14400
467	14400
468	14400
469	14400
470	14400
471	14400
472	14400
473	14400
474	14400
475	14400
476	14400
477	14400
478	14400
479	14400
480	14400
481	14400
482	14400
483	14400
484	14400
485	14400
486	14400
487	14400
488	14400
489	14400
490	14400
491	14400
492	14400
493	14400
494	14400
495	14400
496	14400
497	14400
498	14400
499	14400
500	14400
501	14400
502	14400
503	14400
504	14400
505	14400
506	14400
507	14400
508	14400
509	14400
510	14400
511	14400
512	14400
513	14400
514	14400
515	14400
516	14400
517	14400
518	14400
519	14400
520	14400
521	14400
522	14400
523	14400
524	14400
525	14400
526	14400
527	14400
528	16200
529	16200
530	16200
531	16200
532	16200
533	16200
534	16200
535	16200
536	16200
537	16200
538	16200
539	16200
540	16200
541	16200
542	16200
543	16200
544	16200
545	16200
546	16200
547	16200
548	16200
549	16200
550	16200
551	16200
552	16200
553	16200
554	16200
555	16200
556	16200
557	16200
558	16200
559	16200
560	16200
561	16200
562	16200
563	16200
564	16200
565	16200
566	16200
567	16200
568	16200
569	16200
570	16200
571	16200
572	16200
573	16200
574	16200
575	16200
576	16200
577	16200
578	16200
579	16200
580	16200
581	16200
582	16200
583	16200
584	16200
585	16200
586	16200
587	16200
588	16200
589	16200
590	16200
591	16200
592	16200
593	16200
594	16200
595	16200
596	16200
597	16200
598	16200
599	16200
600	16200
601	16200
602	18000
603	18000
604	18000
605	18000
606	18000
607	18000
608	18000
609	18000
610	18000
611	18000
612	18000
613	18000
614	18000
615	18000
616	18000
617	18000
618	18000
619	18000
620	18000
621	18000
622	18000
623	18000
624	18000
625	18000
626	18000
627	18000
628	18000
629	18000
630	18000
631	18000
632	18000
633	18000
634	18000
635	18000
636	18000
637	18000
638	18000
639	18000
640	18000
641	18000
642	18000
643	18000
644	18000
645	18000
646	18000
647	18000
648	18000
649	18000
650	18000
651	18000
652	18000
653	18000
654	18000
655	18000
656	18000
657	18000
658	18000
659	18000
660	19800
661	19800
662	19800
663	19800
664	19800
665	19800
666	19800
667	19800
668	19800
669	19800
670	19800
671	19800
672	19800
673	19800
674	19800
675	19800
676	19800
677	19800
678	19800
679	19800
680	19800
681	19800
682	19800
683	19800
684	19800
685	19800
686	19800
687	19800
688	19800
689	19800
690	19800
691	19800
692	19800
693	19800
694	19800
695	19800
696	19800
697	19800
698	19800
699	19800
700	19800
701	19800
702	19800
703	19800
704	19800
705	19800
706	19800
707	19800
708	19800
709	19800
710	19800
711	19800
712	19800
713	19800
714	19800
715	19800
716	19800
717	19800
718	19800
719	19800
720	19800
721	19800
722	19800
723	19800
724	19800
725	19800
726	19800
727	21600
728	21600
729	21600
730	21600
731	21600
732	21600
733	21600
734	21600
735	21600
736	21600
737	21600
738	21600
739	21600
740	21600
741	21600
742	21600
743	21600
744	21600
745	21600
746	21600
747	21600
748	21600
749	21600
750	21600
751	21600
752	21600
753	21600
754	21600
755	21600
756	21600
757	21600
758	21600
759	21600
760	21600
761	21600
762	21600
763	21600
764	21600
765	21600
766	21600
767	21600
768	21600
769	21600
770	21600
771	21600
772	23400
773	23400
774	23400
775	23400
776	23400
777	23400
778	23400
779	23400
780	23400
781	23400
782	23400
783	23400
784	23400
785	23400
786	23400
787	23400
788	23400
789	23400
790	23400
791	23400
792	23400
793	23400
794	23400
795	23400
796	23400
797	23400
798	23400
799	23400
800	23400
801	23400
802	23400
803	23400
804	23400
805	23400
806	23400
807	23400
808	23400
809	23400
810	23400
811	23400
812	23400
813	23400
814	23400
EOF
