NAME : ORTEC-VRPTW-ASYM-b201abbb-d1-n807
TYPE : VRPTW-RT
DIMENSION : 808
EDGE_WEIGHT_TYPE : EUC_2D
CAPACITY : 135
NODE_COORD_SECTION
1	9386	0
2	5686	1408
3	6874	2394
4	6509	2369
5	5281	3468
6	6215	2032
7	5886	3668
8	6813	3883
9	5344	1388
10	6873	957
11	6103	2765
12	6202	3096
13	7506	2911
14	6409	2321
15	5997	2206
16	6885	3328
17	5729	3539
18	6600	1857
19	5460	1418
20	6657	2188
21	5699	2235
22	6460	2331
23	6701	2607
24	6172	3282
25	5592	2296
26	5868	2846
27	6538	1419
28	6392	2226
29	6310	3411
30	6694	2741
31	5729	3539
32	6049	2633
33	6873	957
34	6294	2122
35	6680	2553
36	5322	3413
37	6694	2333
38	6424	3904
39	5378	2294
40	6792	2100
41	5316	3785
42	6465	2121
43	5565	3399
44	6068	3209
45	5867	2517
46	5741	3274
47	6172	3282
48	6017	3075
49	6288	1122
50	6370	941
51	5375	2264
52	6694	2741
53	6188	2409
54	6685	2048
55	7053	3520
56	6220	3683
57	6351	3155
58	7174	610
59	6815	2461
60	6457	3001
61	5935	3173
62	6095	1348
63	6525	2819
64	6637	2388
65	6602	2083
66	6442	3512
67	6574	1686
68	6395	2447
69	6758	2392
70	6049	2633
71	6017	3075
72	5744	2985
73	5865	2156
74	5316	3785
75	5990	2068
76	6340	2346
77	6021	1993
78	6755	1152
79	5699	2235
80	6370	2681
81	6700	1425
82	7024	2293
83	6804	2130
84	6794	1721
85	6531	2104
86	6758	2392
87	5938	3248
88	6409	2321
89	6508	2050
90	6831	2547
91	6602	2083
92	6478	2087
93	6021	1993
94	6350	1989
95	6434	1826
96	6170	2990
97	6789	2376
98	6521	3524
99	6617	1184
100	5744	2985
101	6561	1031
102	6374	3638
103	6531	2104
104	6885	2435
105	6848	1627
106	6698	543
107	7024	2293
108	6395	2447
109	5940	1873
110	5813	2494
111	6396	2363
112	5850	2347
113	5626	1270
114	6587	3039
115	5681	3652
116	6389	1535
117	6755	1152
118	6396	2348
119	5872	2263
120	6392	2226
121	6385	2942
122	5373	1836
123	6873	957
124	6524	2392
125	6085	2080
126	6055	1527
127	5820	1237
128	6453	2530
129	5811	2558
130	5281	3468
131	6389	1535
132	6632	2024
133	6424	2226
134	6567	3101
135	6350	1957
136	5450	2037
137	6483	1268
138	6762	2283
139	7506	2911
140	6574	1686
141	6694	2741
142	6675	3061
143	6763	2982
144	6460	2331
145	5605	1853
146	5938	3248
147	6755	1152
148	6350	1871
149	5989	3777
150	6078	3939
151	6765	1362
152	7024	2293
153	6767	2474
154	7205	2698
155	5580	1477
156	5886	3668
157	6199	1973
158	6710	1930
159	7024	2293
160	6700	1425
161	6632	2024
162	5818	1919
163	6453	2530
164	6740	3558
165	6685	2048
166	6385	2942
167	6618	2046
168	6525	2819
169	6937	2568
170	6540	736
171	7253	3949
172	5708	1913
173	6395	2447
174	6350	1989
175	6639	1372
176	6383	3015
177	6414	3349
178	7703	2775
179	5539	3342
180	5648	3188
181	6073	1920
182	6409	2321
183	6116	963
184	6370	941
185	5681	3652
186	6533	3572
187	5603	2475
188	6202	3096
189	6792	2100
190	6836	1426
191	6103	2765
192	6469	1914
193	6971	2264
194	5739	1888
195	5823	3368
196	5990	2068
197	7506	2911
198	6669	3275
199	5942	3769
200	5909	2940
201	6836	1426
202	6994	2452
203	6125	1923
204	5517	1952
205	6688	3536
206	7205	2698
207	6551	1565
208	7114	1638
209	6068	3209
210	5699	2235
211	6042	1948
212	6370	2681
213	6256	3291
214	5498	2880
215	6350	1989
216	6768	550
217	6561	1031
218	5580	1477
219	6484	1798
220	5754	2786
221	6561	2543
222	5573	3556
223	6507	3658
224	5920	2963
225	6170	2990
226	6300	2966
227	6567	3101
228	6471	2204
229	6187	2203
230	5405	2367
231	7205	2698
232	6687	1919
233	5498	2880
234	5139	3753
235	6120	2384
236	5818	1919
237	6630	2765
238	6363	2148
239	6600	1857
240	6486	1671
241	6700	1425
242	6551	1565
243	6439	2287
244	6073	1920
245	6434	1826
246	6523	2099
247	5573	3556
248	6848	1627
249	6414	1864
250	6138	1489
251	6396	2363
252	6409	2321
253	6789	2138
254	6120	3945
255	6172	3282
256	6572	1617
257	6831	2547
258	6561	1031
259	6498	1582
260	6789	2376
261	6484	1798
262	6543	2158
263	6601	2076
264	5375	2264
265	6385	2942
266	6123	2542
267	6632	2024
268	6499	2588
269	5603	2475
270	6374	2895
271	6538	1462
272	6272	2207
273	6116	1514
274	6386	2174
275	5920	2963
276	6275	2372
277	6685	2048
278	5896	2105
279	6409	2321
280	6488	1482
281	6195	2631
282	6488	1482
283	6484	1798
284	5940	1873
285	6768	550
286	6885	3328
287	5565	3399
288	6172	3282
289	6220	3830
290	6370	2681
291	6389	1535
292	6095	1348
293	6350	1957
294	5539	3342
295	6120	2384
296	6579	2121
297	5811	2558
298	6370	941
299	6632	2024
300	6349	1727
301	6319	2331
302	5741	3274
303	6351	2501
304	6758	2392
305	6241	2320
306	5605	1853
307	5885	2150
308	6170	2990
309	6525	2819
310	6486	1671
311	6561	2543
312	5873	2155
313	7205	2698
314	5405	2367
315	6095	1348
316	5741	3274
317	6203	987
318	6116	963
319	5694	1289
320	6506	2474
321	7174	610
322	5699	2235
323	5802	2636
324	5936	2686
325	6499	2588
326	6789	2376
327	6765	1362
328	7278	2766
329	6453	2530
330	6187	2203
331	5450	2037
332	6385	2942
333	5949	2309
334	5708	1913
335	5891	3640
336	5405	2367
337	6630	2418
338	6512	2121
339	5632	2176
340	6527	2151
341	6506	2474
342	7174	610
343	5891	3640
344	6791	2943
345	5415	3074
346	6631	1772
347	6794	1721
348	6700	1425
349	7506	2911
350	6763	2982
351	6747	2962
352	6744	2516
353	6521	3524
354	5877	1924
355	6600	1857
356	6688	3536
357	6370	941
358	6120	3945
359	5696	2340
360	6414	1833
361	6669	3275
362	6017	3818
363	5605	1853
364	6374	2895
365	6267	857
366	6017	3075
367	6885	3328
368	5511	2221
369	6540	736
370	6601	2280
371	6835	2383
372	6383	3015
373	5802	2636
374	6263	2943
375	5654	2085
376	6351	2501
377	6414	3349
378	5328	2146
379	6687	1919
380	5654	2085
381	6442	3512
382	6948	2586
383	5626	1270
384	6203	987
385	6937	2568
386	6848	1627
387	6457	3001
388	5373	1836
389	6455	2990
390	5744	2985
391	6073	1920
392	6300	2966
393	5804	1255
394	6125	1923
395	6486	1791
396	5510	2496
397	6525	2819
398	5872	2263
399	6831	2547
400	6155	1804
401	6813	3883
402	5804	1255
403	7174	610
404	5896	2105
405	6381	2106
406	5896	2105
407	6804	2130
408	6469	1914
409	5823	3368
410	6116	963
411	6351	2501
412	6846	766
413	6103	2765
414	6906	3116
415	6054	1747
416	5344	1388
417	6561	1031
418	5825	1182
419	5694	1289
420	5715	1852
421	5510	2496
422	6693	1901
423	5802	2002
424	6765	1362
425	5618	3926
426	6425	1915
427	6017	3818
428	6576	1995
429	6396	2363
430	5338	3484
431	5316	3785
432	6736	1911
433	5632	2176
434	6222	3255
435	6021	1993
436	6828	2384
437	6396	2348
438	6034	1335
439	5854	2208
440	6350	1871
441	6685	2048
442	5605	1853
443	6328	1782
444	6396	2062
445	6465	2121
446	6792	2100
447	5604	2865
448	5139	3753
449	6434	1826
450	6194	1608
451	5445	3503
452	5592	2296
453	6155	1804
454	6632	2024
455	6396	1750
456	6432	1517
457	5344	1388
458	5854	2208
459	5877	3281
460	6631	1772
461	6457	3001
462	6694	2741
463	6506	2474
464	6540	736
465	6569	2144
466	5739	1888
467	6220	3830
468	6396	2062
469	5405	2367
470	5338	3484
471	6767	2474
472	5510	2496
473	5708	1913
474	5694	1289
475	5997	2206
476	6744	2516
477	6699	1437
478	5580	1477
479	6505	2721
480	6593	2923
481	6385	2942
482	5877	3281
483	5328	2146
484	6396	1750
485	5580	1477
486	5626	1270
487	5729	3539
488	6252	2863
489	6523	2099
490	5511	2221
491	6521	3524
492	6523	2099
493	6288	1122
494	5942	3769
495	5244	3578
496	6935	2011
497	6400	2026
498	6422	3107
499	6755	1152
500	6388	1450
501	6400	1497
502	6103	2765
503	6551	1565
504	6685	2048
505	6885	3328
506	5405	2367
507	7506	2911
508	5811	2558
509	6630	2418
510	5989	3777
511	6593	2923
512	6095	1348
513	6512	2121
514	5868	2846
515	6049	2633
516	6574	1686
517	7538	2739
518	5818	1919
519	6632	2024
520	6446	2653
521	5592	2296
522	6414	1833
523	5920	2963
524	5804	1255
525	5825	1182
526	6959	2104
527	6215	2032
528	5460	1418
529	6657	2188
530	6687	1919
531	5769	2542
532	6574	1686
533	6469	1914
534	5886	3668
535	6414	1864
536	6848	1627
537	5917	2765
538	6294	2122
539	6433	2822
540	6657	2188
541	6815	2461
542	5769	2542
543	6263	2943
544	6506	2474
545	6540	736
546	6671	1912
547	6004	2878
548	6498	1582
549	6846	766
550	6488	1482
551	5696	2340
552	6655	2326
553	6439	2287
554	5997	2206
555	5935	3173
556	6195	2631
557	5626	1270
558	7506	2911
559	5708	1913
560	6789	2376
561	6293	1000
562	6015	2466
563	5909	2940
564	6694	2333
565	6442	3512
566	5823	3368
567	5885	2150
568	6842	2208
569	6499	2588
570	5445	3503
571	5917	2765
572	6699	1437
573	6392	2226
574	5940	2448
575	6215	2032
576	5769	2542
577	6389	1535
578	5664	1398
579	6828	2384
580	6351	2501
581	5281	3468
582	6508	2050
583	6488	1482
584	6073	1920
585	6425	1915
586	5626	1270
587	6188	2409
588	6433	2822
589	6694	2333
590	6848	1627
591	5989	3777
592	5940	2448
593	6630	2418
594	5415	3074
595	7118	3148
596	6396	1750
597	6195	2631
598	6445	1413
599	6792	2100
600	6632	2024
601	6350	1989
602	5281	3468
603	6483	2580
604	6240	3180
605	6116	1514
606	5825	1182
607	6971	2264
608	5813	2494
609	6538	1462
610	6370	2681
611	5877	3281
612	6203	987
613	6195	2631
614	5378	2294
615	5886	3668
616	6116	963
617	5769	2542
618	6813	3883
619	6374	3638
620	6120	3945
621	6439	2287
622	6350	1957
623	5603	2475
624	5139	3753
625	6618	2046
626	6300	2966
627	6639	1372
628	5813	2494
629	6505	2721
630	5917	2765
631	6817	2479
632	6350	1871
633	5873	2155
634	6116	963
635	6322	2238
636	6842	2208
637	6310	3411
638	6512	2121
639	6561	2543
640	6349	1727
641	6593	2923
642	7053	3520
643	6241	2320
644	6758	2392
645	6363	2148
646	6994	2452
647	5802	2636
648	6220	3683
649	6699	1437
650	6601	2076
651	6486	1791
652	6531	2104
653	5811	2558
654	5565	3399
655	5696	2340
656	5903	1461
657	6471	2204
658	6486	1791
659	5885	2150
660	6618	2046
661	5942	3769
662	6049	2633
663	6831	2547
664	6434	1826
665	6948	2586
666	5877	3281
667	6740	3558
668	6486	1791
669	7053	3520
670	6396	2363
671	5813	2494
672	7703	2775
673	6826	2405
674	5754	2786
675	5511	2221
676	5920	2963
677	6370	2681
678	6846	766
679	6310	3411
680	6422	3107
681	6671	1912
682	6600	1857
683	6396	2062
684	6828	2384
685	6693	1901
686	6483	1268
687	6600	1857
688	6383	3015
689	5498	2880
690	6214	2144
691	5573	3556
692	5818	1919
693	6310	3411
694	6671	1912
695	6478	2087
696	6948	2586
697	6310	3411
698	6439	2287
699	5654	2085
700	6874	2394
701	6116	1514
702	6340	1981
703	6486	1671
704	6400	2026
705	6693	1901
706	6141	1864
707	6460	2331
708	5867	2517
709	6445	1413
710	6442	3512
711	6484	1798
712	6455	1686
713	5802	2636
714	6015	2466
715	6763	2982
716	6351	2487
717	6630	2418
718	5802	2002
719	6087	2660
720	5367	2063
721	6885	3328
722	5820	1237
723	6657	2188
724	6184	3931
725	5659	1372
726	6617	1184
727	6576	1995
728	6374	2895
729	6432	1517
730	5903	1461
731	6512	2121
732	6457	3001
733	6021	1993
734	6184	3931
735	6424	3904
736	6804	2130
737	6288	1122
738	6813	3883
739	6826	2405
740	6826	2405
741	5565	3399
742	6693	1901
743	6747	2962
744	6350	1989
745	6241	2320
746	6042	1948
747	6601	2076
748	6414	1833
749	6112	1104
750	5820	1237
751	5886	3668
752	6873	957
753	5935	3173
754	5618	3926
755	6125	1923
756	6055	1527
757	6768	550
758	5741	3274
759	5819	3883
760	6095	1348
761	6509	2369
762	6551	1565
763	6241	2320
764	6353	3148
765	6155	1804
766	6700	1425
767	7703	2775
768	6194	1608
769	6465	2467
770	7118	3148
771	5505	1483
772	6538	1462
773	5592	2296
774	6804	2130
775	6422	3107
776	6351	2501
777	5802	2002
778	6363	2148
779	6587	3039
780	5850	2347
781	5139	3753
782	6574	1686
783	7506	2911
784	6465	2467
785	6049	2633
786	6763	2982
787	6300	2966
788	6617	1184
789	7205	2698
790	6669	3275
791	6740	3558
792	6170	2990
793	6203	987
794	6455	1686
795	5891	3640
796	7024	2293
797	6240	3180
798	5819	3883
799	6632	2024
800	5936	2686
801	5877	1924
802	6478	2087
803	6639	1372
804	6906	3116
805	5415	3074
806	5744	2985
807	6959	2104
808	6138	1489
DEMAND_SECTION
1	0
2	11
3	5
4	8
5	6
6	7
7	5
8	5
9	6
10	7
11	4
12	5
13	6
14	5
15	5
16	6
17	6
18	9
19	5
20	17
21	8
22	8
23	15
24	6
25	3
26	10
27	14
28	7
29	7
30	4
31	5
32	6
33	8
34	6
35	7
36	4
37	4
38	7
39	7
40	7
41	9
42	6
43	4
44	5
45	8
46	3
47	5
48	5
49	5
50	4
51	5
52	5
53	6
54	7
55	5
56	7
57	5
58	4
59	6
60	10
61	8
62	5
63	7
64	4
65	8
66	8
67	5
68	7
69	4
70	4
71	8
72	5
73	5
74	5
75	5
76	6
77	7
78	9
79	5
80	9
81	4
82	9
83	4
84	6
85	5
86	9
87	6
88	8
89	7
90	5
91	7
92	5
93	6
94	11
95	5
96	5
97	11
98	7
99	3
100	4
101	8
102	5
103	6
104	9
105	5
106	6
107	5
108	4
109	7
110	6
111	10
112	6
113	6
114	8
115	4
116	7
117	5
118	7
119	4
120	6
121	4
122	5
123	4
124	8
125	8
126	9
127	7
128	5
129	5
130	15
131	7
132	6
133	4
134	5
135	9
136	5
137	6
138	6
139	9
140	5
141	7
142	5
143	5
144	8
145	8
146	7
147	6
148	6
149	8
150	5
151	5
152	6
153	4
154	5
155	6
156	9
157	14
158	5
159	9
160	13
161	4
162	9
163	6
164	10
165	4
166	9
167	8
168	9
169	6
170	4
171	7
172	4
173	10
174	5
175	7
176	8
177	9
178	5
179	5
180	8
181	9
182	4
183	4
184	5
185	7
186	7
187	14
188	5
189	9
190	8
191	4
192	6
193	14
194	4
195	5
196	4
197	5
198	7
199	8
200	4
201	9
202	8
203	9
204	5
205	6
206	5
207	6
208	14
209	7
210	5
211	4
212	6
213	7
214	8
215	8
216	10
217	7
218	6
219	6
220	8
221	5
222	5
223	4
224	5
225	5
226	10
227	9
228	8
229	6
230	4
231	4
232	5
233	11
234	5
235	5
236	4
237	3
238	3
239	6
240	7
241	5
242	18
243	8
244	5
245	5
246	8
247	6
248	5
249	4
250	4
251	10
252	6
253	4
254	8
255	15
256	7
257	8
258	7
259	14
260	8
261	6
262	5
263	18
264	5
265	8
266	9
267	6
268	5
269	8
270	5
271	6
272	4
273	14
274	7
275	5
276	8
277	4
278	5
279	9
280	10
281	10
282	3
283	8
284	6
285	6
286	7
287	10
288	5
289	4
290	3
291	6
292	6
293	6
294	5
295	4
296	8
297	9
298	10
299	9
300	6
301	7
302	7
303	4
304	7
305	14
306	5
307	3
308	4
309	3
310	4
311	4
312	7
313	5
314	4
315	7
316	5
317	5
318	6
319	14
320	8
321	4
322	5
323	8
324	7
325	6
326	11
327	7
328	10
329	18
330	8
331	6
332	9
333	5
334	5
335	6
336	6
337	11
338	15
339	9
340	8
341	8
342	5
343	8
344	8
345	4
346	5
347	5
348	5
349	9
350	5
351	7
352	5
353	4
354	7
355	7
356	4
357	7
358	8
359	10
360	5
361	8
362	6
363	5
364	6
365	14
366	6
367	8
368	3
369	8
370	3
371	8
372	5
373	9
374	5
375	5
376	5
377	9
378	7
379	4
380	5
381	8
382	6
383	6
384	5
385	5
386	6
387	3
388	6
389	3
390	6
391	6
392	11
393	11
394	4
395	5
396	7
397	6
398	7
399	8
400	6
401	4
402	8
403	4
404	6
405	8
406	10
407	3
408	6
409	8
410	4
411	5
412	9
413	14
414	6
415	7
416	8
417	10
418	8
419	4
420	10
421	3
422	7
423	7
424	7
425	11
426	6
427	6
428	3
429	4
430	12
431	10
432	7
433	4
434	11
435	5
436	14
437	5
438	6
439	15
440	5
441	6
442	7
443	3
444	6
445	17
446	5
447	3
448	9
449	10
450	5
451	5
452	5
453	5
454	9
455	4
456	7
457	7
458	5
459	7
460	4
461	4
462	3
463	7
464	6
465	4
466	6
467	8
468	8
469	5
470	6
471	8
472	4
473	4
474	10
475	9
476	11
477	7
478	7
479	5
480	6
481	5
482	8
483	10
484	7
485	4
486	5
487	6
488	11
489	3
490	4
491	7
492	7
493	8
494	8
495	4
496	5
497	7
498	5
499	5
500	7
501	7
502	9
503	7
504	5
505	4
506	9
507	7
508	4
509	8
510	3
511	7
512	6
513	7
514	10
515	5
516	6
517	6
518	3
519	6
520	5
521	5
522	9
523	9
524	3
525	5
526	7
527	4
528	8
529	3
530	5
531	3
532	8
533	5
534	8
535	7
536	5
537	6
538	9
539	6
540	6
541	8
542	7
543	5
544	5
545	6
546	6
547	6
548	4
549	4
550	5
551	8
552	5
553	7
554	5
555	9
556	16
557	3
558	8
559	12
560	7
561	5
562	3
563	4
564	4
565	7
566	8
567	7
568	8
569	11
570	10
571	5
572	4
573	7
574	4
575	6
576	7
577	4
578	10
579	9
580	11
581	5
582	5
583	4
584	14
585	8
586	5
587	5
588	9
589	5
590	5
591	5
592	7
593	4
594	4
595	3
596	9
597	8
598	4
599	7
600	4
601	8
602	11
603	6
604	4
605	9
606	4
607	7
608	3
609	10
610	5
611	4
612	7
613	5
614	4
615	5
616	9
617	5
618	4
619	8
620	5
621	7
622	10
623	5
624	5
625	4
626	6
627	5
628	5
629	5
630	4
631	9
632	15
633	6
634	5
635	15
636	8
637	5
638	5
639	10
640	7
641	6
642	14
643	4
644	5
645	8
646	5
647	5
648	3
649	8
650	8
651	5
652	3
653	3
654	7
655	5
656	8
657	8
658	6
659	5
660	4
661	9
662	4
663	5
664	16
665	10
666	8
667	5
668	6
669	6
670	7
671	11
672	5
673	6
674	7
675	8
676	5
677	8
678	8
679	8
680	3
681	8
682	4
683	6
684	5
685	6
686	5
687	3
688	4
689	5
690	5
691	5
692	3
693	4
694	8
695	7
696	10
697	7
698	8
699	8
700	4
701	4
702	8
703	4
704	7
705	5
706	5
707	5
708	11
709	13
710	5
711	5
712	4
713	17
714	6
715	11
716	7
717	5
718	8
719	11
720	5
721	7
722	5
723	4
724	5
725	3
726	3
727	7
728	7
729	5
730	12
731	4
732	5
733	9
734	10
735	11
736	7
737	4
738	6
739	5
740	6
741	8
742	3
743	5
744	11
745	3
746	5
747	4
748	4
749	6
750	3
751	8
752	6
753	5
754	5
755	5
756	6
757	7
758	9
759	9
760	4
761	8
762	14
763	4
764	10
765	7
766	5
767	9
768	3
769	7
770	10
771	5
772	6
773	7
774	6
775	11
776	5
777	4
778	14
779	11
780	6
781	6
782	6
783	7
784	3
785	5
786	7
787	5
788	8
789	4
790	8
791	12
792	5
793	5
794	4
795	6
796	4
797	6
798	8
799	9
800	5
801	5
802	3
803	6
804	14
805	5
806	18
807	3
808	8
DEPOT_SECTION
1
-1
SERVICE_TIME_SECTION
1	0
2	600
3	300
4	480
5	600
6	900
7	660
8	540
9	960
10	480
11	480
12	420
13	420
14	480
15	540
16	600
17	360
18	300
19	480
20	720
21	660
22	780
23	600
24	1020
25	480
26	600
27	420
28	300
29	480
30	540
31	600
32	360
33	660
34	360
35	540
36	360
37	420
38	540
39	600
40	600
41	360
42	480
43	480
44	540
45	420
46	780
47	600
48	420
49	720
50	540
51	360
52	540
53	420
54	480
55	540
56	480
57	300
58	540
59	960
60	300
61	1140
62	360
63	540
64	420
65	540
66	420
67	1020
68	720
69	420
70	720
71	660
72	360
73	540
74	420
75	540
76	480
77	1140
78	720
79	420
80	540
81	720
82	360
83	420
84	720
85	480
86	660
87	480
88	840
89	480
90	480
91	480
92	660
93	600
94	480
95	360
96	420
97	720
98	600
99	540
100	480
101	240
102	360
103	720
104	720
105	540
106	720
107	240
108	540
109	540
110	1080
111	660
112	600
113	480
114	540
115	660
116	420
117	600
118	660
119	480
120	900
121	360
122	660
123	360
124	840
125	540
126	360
127	780
128	600
129	780
130	540
131	1020
132	480
133	840
134	360
135	720
136	780
137	840
138	1020
139	480
140	480
141	600
142	420
143	600
144	360
145	540
146	600
147	420
148	540
149	1140
150	480
151	240
152	480
153	720
154	480
155	540
156	840
157	300
158	780
159	660
160	1020
161	480
162	300
163	420
164	960
165	420
166	600
167	600
168	540
169	420
170	720
171	600
172	360
173	360
174	600
175	540
176	420
177	360
178	420
179	780
180	480
181	360
182	1080
183	600
184	540
185	360
186	420
187	300
188	540
189	1020
190	780
191	780
192	720
193	360
194	840
195	1140
196	420
197	540
198	540
199	480
200	420
201	540
202	480
203	600
204	1080
205	720
206	420
207	840
208	660
209	420
210	600
211	960
212	840
213	480
214	480
215	420
216	420
217	540
218	480
219	780
220	540
221	1080
222	720
223	360
224	360
225	600
226	420
227	600
228	480
229	420
230	600
231	420
232	480
233	540
234	300
235	480
236	420
237	600
238	540
239	420
240	720
241	540
242	480
243	300
244	600
245	480
246	420
247	480
248	540
249	360
250	360
251	360
252	480
253	420
254	540
255	960
256	480
257	360
258	480
259	720
260	300
261	420
262	300
263	600
264	660
265	540
266	780
267	420
268	360
269	540
270	480
271	540
272	540
273	420
274	480
275	540
276	540
277	480
278	780
279	600
280	720
281	720
282	960
283	540
284	480
285	720
286	600
287	360
288	1080
289	300
290	420
291	480
292	540
293	480
294	540
295	540
296	540
297	600
298	480
299	540
300	480
301	420
302	480
303	720
304	720
305	360
306	480
307	1080
308	420
309	660
310	480
311	1140
312	360
313	480
314	960
315	1020
316	480
317	540
318	1080
319	480
320	420
321	300
322	720
323	600
324	360
325	600
326	480
327	540
328	1140
329	480
330	300
331	1020
332	540
333	720
334	840
335	420
336	840
337	540
338	780
339	360
340	660
341	780
342	420
343	300
344	360
345	720
346	660
347	960
348	540
349	360
350	600
351	660
352	420
353	600
354	480
355	420
356	420
357	780
358	660
359	600
360	360
361	480
362	540
363	420
364	600
365	540
366	780
367	540
368	300
369	1020
370	540
371	900
372	480
373	480
374	540
375	600
376	540
377	780
378	300
379	480
380	600
381	660
382	600
383	300
384	540
385	600
386	540
387	420
388	780
389	480
390	420
391	540
392	480
393	540
394	1080
395	360
396	420
397	900
398	300
399	480
400	360
401	420
402	300
403	420
404	1080
405	660
406	1200
407	540
408	660
409	480
410	660
411	720
412	360
413	960
414	360
415	480
416	540
417	720
418	660
419	660
420	240
421	660
422	660
423	600
424	780
425	300
426	360
427	720
428	540
429	360
430	600
431	540
432	780
433	480
434	480
435	600
436	780
437	300
438	480
439	360
440	420
441	480
442	840
443	780
444	600
445	480
446	600
447	360
448	360
449	420
450	360
451	600
452	420
453	480
454	780
455	540
456	660
457	480
458	1020
459	300
460	360
461	420
462	600
463	480
464	840
465	780
466	1020
467	480
468	480
469	660
470	420
471	720
472	540
473	480
474	660
475	240
476	600
477	1020
478	600
479	600
480	720
481	540
482	720
483	600
484	540
485	600
486	840
487	600
488	600
489	480
490	540
491	480
492	780
493	840
494	540
495	780
496	720
497	480
498	1200
499	1080
500	840
501	840
502	540
503	540
504	780
505	480
506	780
507	480
508	600
509	540
510	660
511	600
512	540
513	1020
514	720
515	420
516	1020
517	600
518	300
519	360
520	780
521	720
522	360
523	420
524	600
525	600
526	720
527	480
528	300
529	480
530	300
531	1320
532	540
533	840
534	660
535	480
536	600
537	420
538	420
539	660
540	1140
541	420
542	840
543	540
544	540
545	480
546	600
547	480
548	300
549	240
550	720
551	420
552	420
553	480
554	480
555	360
556	1080
557	420
558	420
559	420
560	480
561	480
562	540
563	600
564	480
565	600
566	540
567	600
568	480
569	540
570	480
571	420
572	540
573	300
574	780
575	300
576	420
577	540
578	600
579	660
580	420
581	420
582	540
583	300
584	540
585	600
586	360
587	540
588	720
589	360
590	480
591	780
592	1200
593	960
594	660
595	360
596	360
597	420
598	540
599	780
600	1080
601	240
602	240
603	660
604	840
605	300
606	540
607	420
608	1080
609	480
610	480
611	540
612	480
613	420
614	660
615	660
616	540
617	300
618	300
619	600
620	600
621	480
622	540
623	480
624	960
625	480
626	720
627	480
628	480
629	540
630	540
631	300
632	540
633	300
634	720
635	420
636	540
637	420
638	360
639	720
640	420
641	480
642	660
643	600
644	600
645	600
646	720
647	300
648	300
649	540
650	540
651	420
652	1020
653	240
654	480
655	540
656	480
657	660
658	600
659	420
660	300
661	600
662	480
663	600
664	540
665	600
666	660
667	1020
668	480
669	420
670	540
671	540
672	420
673	420
674	300
675	540
676	540
677	720
678	840
679	660
680	480
681	480
682	600
683	360
684	420
685	1140
686	780
687	300
688	780
689	600
690	240
691	840
692	600
693	900
694	360
695	780
696	240
697	300
698	540
699	600
700	1080
701	600
702	780
703	360
704	540
705	600
706	480
707	600
708	480
709	420
710	540
711	480
712	420
713	360
714	480
715	660
716	540
717	720
718	360
719	840
720	660
721	600
722	540
723	480
724	720
725	1020
726	480
727	840
728	540
729	480
730	540
731	720
732	480
733	660
734	1020
735	540
736	1080
737	720
738	420
739	480
740	300
741	420
742	420
743	600
744	720
745	840
746	600
747	360
748	600
749	480
750	540
751	600
752	360
753	480
754	600
755	540
756	840
757	420
758	1140
759	840
760	840
761	1080
762	720
763	300
764	600
765	480
766	600
767	540
768	840
769	720
770	660
771	540
772	540
773	540
774	420
775	420
776	480
777	420
778	360
779	480
780	420
781	360
782	420
783	1080
784	240
785	540
786	300
787	720
788	720
789	480
790	420
791	300
792	600
793	540
794	720
795	840
796	840
797	780
798	540
799	840
800	840
801	720
802	660
803	540
804	720
805	480
806	480
807	420
808	480
TIME_WINDOW_SECTION
1	0	45000
2	12000	19500
3	15600	23100
4	4800	12300
5	12000	19500
6	22800	30300
7	22800	30300
8	12000	19500
9	4800	12300
10	10200	30300
11	4800	12300
12	22800	30300
13	8400	15900
14	8400	15900
15	19200	26700
16	12000	19500
17	22800	30300
18	8400	15900
19	22800	30300
20	8400	15900
21	10200	30300
22	8400	15900
23	15600	23100
24	8400	15900
25	10200	30300
26	8400	15900
27	12000	19500
28	22800	30300
29	12000	19500
30	15600	23100
31	12000	19500
32	10200	30300
33	10200	30300
34	19200	26700
35	10200	30300
36	8400	15900
37	22800	30300
38	22800	30300
39	4800	12300
40	12000	19500
41	19200	26700
42	12000	19500
43	12000	19500
44	15600	23100
45	22800	30300
46	15600	23100
47	12000	19500
48	15600	23100
49	15600	23100
50	15600	23100
51	19200	26700
52	22800	30300
53	15600	23100
54	8400	15900
55	12000	19500
56	15600	23100
57	8400	15900
58	22800	30300
59	12000	19500
60	8400	15900
61	8400	15900
62	8400	15900
63	8400	15900
64	15600	23100
65	19200	26700
66	12000	19500
67	19200	26700
68	12000	19500
69	19200	26700
70	12000	19500
71	19200	26700
72	12000	19500
73	10200	29700
74	22800	30300
75	4800	12300
76	4800	12300
77	22800	30300
78	15600	23100
79	19200	26700
80	8400	15900
81	22800	30300
82	4800	12300
83	22800	30300
84	4800	12300
85	4800	12300
86	12000	19500
87	8400	15900
88	15600	23100
89	22800	30300
90	22800	30300
91	8400	15300
92	4800	12300
93	12000	19500
94	19200	26700
95	10200	30300
96	12000	19500
97	15600	23100
98	22800	30300
99	19200	26700
100	12000	19500
101	19200	26700
102	10200	30300
103	8400	15900
104	12000	19500
105	12000	19500
106	19200	26700
107	12000	19500
108	4800	12300
109	8400	15900
110	15600	23100
111	4800	12300
112	8400	15900
113	4800	12300
114	8400	15900
115	22800	30300
116	4800	12300
117	12000	19500
118	15600	23100
119	15600	23100
120	12000	19500
121	8400	15900
122	19200	26700
123	15600	23100
124	22800	30300
125	10200	30300
126	8400	15900
127	22800	30300
128	22800	30300
129	12000	19500
130	15600	23100
131	4800	12300
132	19200	26700
133	19200	26700
134	12000	19500
135	10200	30300
136	12000	19500
137	15600	23100
138	4800	12300
139	15600	23100
140	22800	30300
141	15600	23100
142	19200	26700
143	12000	19500
144	19200	26700
145	10200	30300
146	10200	30300
147	15600	23100
148	10200	30300
149	8400	15900
150	12000	19500
151	19200	26700
152	12000	19500
153	8400	15300
154	4800	12300
155	15600	23100
156	8400	15900
157	4800	12300
158	8400	15900
159	8400	15900
160	19200	26700
161	15600	23100
162	19200	26700
163	4800	12300
164	22800	30300
165	10200	30300
166	12000	19500
167	22800	30300
168	19200	26700
169	10200	30300
170	10200	30300
171	22800	30300
172	8400	15900
173	22800	30300
174	22800	30300
175	10200	29700
176	12000	19500
177	8400	15900
178	4800	11700
179	8400	15900
180	4800	12300
181	15600	23100
182	10200	30300
183	10200	30300
184	15600	22500
185	8400	15900
186	19200	26700
187	10200	30300
188	8400	15900
189	8400	15900
190	12000	19500
191	4800	12300
192	10200	30300
193	8400	15900
194	8400	15300
195	22800	30300
196	15600	23100
197	15600	23100
198	19200	26700
199	4800	12300
200	8400	15900
201	19200	26700
202	22800	30300
203	4800	12300
204	8400	15900
205	15600	23100
206	8400	15900
207	22800	30300
208	19200	26700
209	22800	30300
210	15600	23100
211	10200	30300
212	8400	15900
213	15600	23100
214	19200	26700
215	15600	23100
216	10200	30300
217	4800	12300
218	8400	15900
219	19200	26700
220	12000	19500
221	22800	30300
222	8400	15900
223	12000	19500
224	22800	30300
225	22800	30300
226	15600	23100
227	10200	30300
228	8400	15900
229	12000	19500
230	4800	12300
231	15600	23100
232	12000	19500
233	8400	15900
234	12000	19500
235	8400	15900
236	12000	19500
237	15600	23100
238	8400	15300
239	15600	23100
240	10200	30300
241	10200	30300
242	19200	26700
243	15600	23100
244	19200	26700
245	12000	19500
246	10200	30300
247	15600	23100
248	22800	30300
249	19200	26700
250	22800	30300
251	15600	23100
252	12000	19500
253	4800	12300
254	15600	23100
255	19200	26700
256	4800	12300
257	19200	26700
258	12000	19500
259	10200	29700
260	8400	15900
261	10200	30300
262	19200	26700
263	8400	15900
264	10200	30300
265	4800	12300
266	19200	26700
267	22800	30300
268	8400	15900
269	10200	30300
270	12000	19500
271	8400	15900
272	8400	15900
273	12000	19500
274	10200	30300
275	22800	30300
276	4800	12300
277	22800	30300
278	22800	30300
279	4800	12300
280	8400	15900
281	19200	26700
282	19200	26700
283	15600	23100
284	22800	30300
285	4800	12300
286	12000	19500
287	19200	26700
288	10200	30300
289	4800	12300
290	15600	22500
291	10200	30300
292	8400	15900
293	4800	12300
294	10200	30300
295	12000	19500
296	4800	12300
297	12000	19500
298	8400	15900
299	8400	15900
300	15600	23100
301	15600	23100
302	12000	19500
303	19200	26700
304	15600	23100
305	19200	26700
306	10200	30300
307	19200	26700
308	19200	26700
309	10200	30300
310	10200	30300
311	19200	26700
312	12000	19500
313	12000	19500
314	22800	30300
315	15600	23100
316	10200	29700
317	12000	19500
318	12000	19500
319	15600	23100
320	8400	15900
321	4800	12300
322	15600	23100
323	8400	15900
324	10200	30300
325	12000	19500
326	19200	26700
327	19200	26700
328	15600	23100
329	8400	15900
330	15600	23100
331	22800	30300
332	22800	30300
333	10200	29700
334	8400	15900
335	12000	19500
336	19200	26700
337	10200	30300
338	8400	15900
339	8400	15900
340	8400	15900
341	10200	29700
342	22800	30300
343	19200	26700
344	15600	23100
345	10200	29700
346	12000	19500
347	15600	23100
348	4800	12300
349	15600	23100
350	10200	30300
351	22800	30300
352	22800	30300
353	8400	15900
354	19200	26700
355	19200	26700
356	10200	30300
357	19200	26700
358	12000	19500
359	8400	15900
360	10200	30300
361	19200	26700
362	10200	30300
363	12000	19500
364	12000	19500
365	15600	23100
366	15600	23100
367	10200	30300
368	8400	15900
369	19200	26700
370	15600	23100
371	12000	19500
372	12000	19500
373	22800	30300
374	8400	15900
375	12000	19500
376	12000	19500
377	22800	30300
378	12000	19500
379	10200	30300
380	12000	19500
381	10200	30300
382	19200	26700
383	10200	30300
384	19200	26700
385	8400	15900
386	19200	26700
387	19200	26700
388	8400	15300
389	15600	23100
390	8400	15900
391	12000	19500
392	8400	15900
393	8400	15900
394	12000	19500
395	8400	15900
396	15600	23100
397	12000	19500
398	12000	19500
399	22800	30300
400	15600	23100
401	15600	23100
402	19200	26700
403	10200	30300
404	22800	30300
405	12000	19500
406	10200	30300
407	12000	19500
408	12000	19500
409	10200	30300
410	8400	15900
411	10200	30300
412	12000	19500
413	8400	15900
414	19200	26700
415	8400	15900
416	19200	26700
417	12000	19500
418	12000	19500
419	8400	15900
420	10200	30300
421	10200	30300
422	19200	26700
423	12000	19500
424	19200	26700
425	10200	30300
426	19200	26700
427	19200	26700
428	8400	15900
429	8400	15900
430	19200	26700
431	15600	23100
432	22800	30300
433	22800	30300
434	10200	30300
435	10200	30300
436	22800	30300
437	15600	23100
438	15600	23100
439	22800	30300
440	15600	23100
441	19200	26700
442	8400	15900
443	10200	30300
444	8400	15900
445	10200	30300
446	8400	15900
447	15600	23100
448	12000	19500
449	10200	30300
450	10200	30300
451	15600	23100
452	8400	15900
453	10200	30300
454	12000	19500
455	10200	30300
456	22800	30300
457	12000	19500
458	19200	26700
459	15600	23100
460	22800	30300
461	10200	30300
462	15600	23100
463	10200	30300
464	12000	19500
465	10200	30300
466	15600	23100
467	12000	19500
468	19200	26700
469	22800	30300
470	19200	26700
471	12000	19500
472	19200	26700
473	19200	26700
474	12000	19500
475	8400	15900
476	10200	30300
477	22800	30300
478	15600	23100
479	22800	30300
480	22800	30300
481	10200	30300
482	12000	19500
483	19200	26700
484	19200	26700
485	22800	30300
486	10200	30300
487	22800	30300
488	12000	19500
489	22800	30300
490	15600	22500
491	15600	23100
492	19200	26700
493	19200	26700
494	12000	19500
495	12000	19500
496	12000	19500
497	10200	30300
498	22800	30300
499	22800	30300
500	12000	19500
501	10200	30300
502	19200	26700
503	22800	30300
504	19200	26700
505	22800	30300
506	15600	23100
507	10200	30300
508	12000	19500
509	10200	30300
510	10200	30300
511	19200	26100
512	10200	30300
513	22800	30300
514	12000	19500
515	19200	26700
516	12000	19500
517	17400	37500
518	10200	30300
519	15600	23100
520	19200	26700
521	19200	26700
522	12000	19500
523	10200	30300
524	15600	23100
525	22800	30300
526	15600	23100
527	19200	26700
528	10200	30300
529	19200	26700
530	12000	19500
531	22800	30300
532	10200	29700
533	12000	19500
534	22800	30300
535	19200	26700
536	8400	15900
537	22800	30300
538	12000	19500
539	10200	30300
540	19200	26700
541	19200	26700
542	15600	23100
543	19200	26700
544	10200	30300
545	22800	30300
546	12000	19500
547	12000	19500
548	10200	30300
549	19200	26700
550	22800	30300
551	19200	26700
552	12000	19500
553	19200	26700
554	22800	30300
555	10200	30300
556	22800	30300
557	15600	23100
558	15600	23100
559	15600	23100
560	10200	30300
561	19200	26700
562	19200	26700
563	12000	19500
564	12000	19500
565	10200	30300
566	10200	30300
567	12000	19500
568	15600	23100
569	22800	30300
570	15600	23100
571	10200	29700
572	12000	19500
573	22800	30300
574	22800	30300
575	10200	30300
576	15600	23100
577	15600	23100
578	15600	23100
579	19200	26700
580	22800	30300
581	19200	26700
582	19200	26700
583	15600	23100
584	10200	30300
585	19200	26700
586	12000	19500
587	19200	26700
588	15600	23100
589	22800	30300
590	10200	30300
591	15600	23100
592	22800	29700
593	22800	30300
594	22800	30300
595	12000	19500
596	15600	23100
597	19200	26700
598	15600	23100
599	19200	26700
600	10200	30300
601	10200	30300
602	19200	26700
603	12000	19500
604	12000	19500
605	10200	30300
606	12000	19500
607	12000	19500
608	12000	19500
609	22800	30300
610	15600	23100
611	19200	26700
612	22800	30300
613	19200	26700
614	22800	30300
615	22800	30300
616	10200	30300
617	19200	26700
618	19200	26700
619	10200	30300
620	22800	30300
621	10200	30300
622	10200	30300
623	15600	23100
624	22800	30300
625	22800	30300
626	15600	23100
627	10200	29700
628	22800	30300
629	19200	26700
630	19200	26700
631	22800	30300
632	15600	23100
633	19200	26700
634	19200	26700
635	10200	30300
636	10200	29700
637	10200	30300
638	10200	30300
639	15600	23100
640	19200	26700
641	15600	23100
642	19200	26700
643	19200	26700
644	10200	30300
645	10200	30300
646	22800	30300
647	10200	30300
648	10200	30300
649	10200	30300
650	15600	23100
651	19200	26700
652	19200	26700
653	19200	26700
654	10200	30300
655	19200	26700
656	22800	30300
657	15600	23100
658	15600	23100
659	22800	30300
660	19200	26700
661	19200	26700
662	15600	23100
663	15600	23100
664	10200	30300
665	10200	30300
666	15600	23100
667	10200	30300
668	15600	23100
669	10200	30300
670	19200	26700
671	22800	30300
672	19200	26700
673	15600	23100
674	15600	23100
675	10200	30300
676	10200	30300
677	10200	30300
678	10200	30300
679	19200	26700
680	10200	30300
681	15600	23100
682	15600	23100
683	15600	23100
684	22800	30300
685	22800	30300
686	10200	30300
687	15600	23100
688	17400	37500
689	19200	26700
690	10200	30300
691	10200	30300
692	10200	29700
693	15600	23100
694	15600	23100
695	22800	30300
696	15600	23100
697	17400	37500
698	10200	30300
699	10200	30300
700	22800	30300
701	15600	23100
702	10200	30300
703	15600	23100
704	22800	30300
705	22800	30300
706	22800	30300
707	22800	30300
708	10200	30300
709	10200	29700
710	15600	23100
711	10200	30300
712	10200	30300
713	22800	30300
714	22800	30300
715	15600	23100
716	19200	26700
717	15600	23100
718	15600	23100
719	10200	30300
720	19200	26700
721	15600	23100
722	19200	26700
723	10200	30300
724	10200	30300
725	19200	26700
726	19200	26700
727	10200	30300
728	19200	26700
729	22800	30300
730	22800	30300
731	10200	30300
732	10200	29700
733	19200	26700
734	10200	30300
735	22800	30300
736	19200	26700
737	22800	30300
738	22800	30300
739	22800	30300
740	22800	30300
741	10200	30300
742	10200	30300
743	19200	26700
744	22800	30300
745	19200	26700
746	10200	30300
747	19200	26700
748	10200	30300
749	22800	30300
750	10200	30300
751	22800	30300
752	22800	30300
753	19200	26700
754	22800	29700
755	19200	26700
756	19200	26700
757	19200	26700
758	19200	26700
759	19200	26700
760	10200	30300
761	10200	29700
762	10200	30300
763	10200	30300
764	10200	30300
765	10200	30300
766	22800	30300
767	19200	26700
768	19200	26700
769	19200	26700
770	19200	26700
771	19200	26100
772	22800	30300
773	22800	30300
774	19200	26700
775	10200	30300
776	10200	30300
777	19200	26700
778	10200	30300
779	22800	30300
780	22800	30300
781	10200	30300
782	10200	30300
783	19200	26700
784	22800	30300
785	17400	37500
786	19200	26700
787	19200	26700
788	19200	26700
789	19200	26700
790	10200	30300
791	10200	29700
792	22800	30300
793	10200	30300
794	19200	26700
795	19200	26700
796	22800	30300
797	10200	30300
798	10200	30300
799	19200	26700
800	10200	30300
801	10200	30300
802	19200	26700
803	10200	30300
804	10200	30300
805	10200	30300
806	19200	26700
807	10200	30300
808	22800	30300
RELEASE_TIME_SECTION
1	0
2	3600
3	3600
4	3600
5	3600
6	3600
7	3600
8	3600
9	3600
10	3600
11	3600
12	3600
13	3600
14	3600
15	3600
16	3600
17	3600
18	3600
19	3600
20	3600
21	3600
22	3600
23	3600
24	3600
25	3600
26	3600
27	3600
28	3600
29	3600
30	3600
31	3600
32	3600
33	3600
34	3600
35	3600
36	3600
37	3600
38	3600
39	3600
40	3600
41	3600
42	3600
43	3600
44	3600
45	3600
46	3600
47	3600
48	3600
49	3600
50	3600
51	3600
52	3600
53	3600
54	3600
55	3600
56	3600
57	3600
58	3600
59	3600
60	3600
61	3600
62	3600
63	3600
64	3600
65	3600
66	3600
67	3600
68	3600
69	3600
70	3600
71	3600
72	3600
73	3600
74	3600
75	3600
76	3600
77	3600
78	3600
79	3600
80	3600
81	3600
82	3600
83	3600
84	3600
85	3600
86	3600
87	3600
88	3600
89	3600
90	3600
91	3600
92	3600
93	3600
94	3600
95	3600
96	3600
97	3600
98	3600
99	3600
100	3600
101	3600
102	5400
103	5400
104	5400
105	5400
106	5400
107	5400
108	5400
109	5400
110	5400
111	5400
112	5400
113	5400
114	5400
115	5400
116	5400
117	5400
118	5400
119	5400
120	5400
121	5400
122	5400
123	5400
124	5400
125	5400
126	5400
127	5400
128	5400
129	5400
130	5400
131	5400
132	5400
133	5400
134	5400
135	5400
136	5400
137	5400
138	5400
139	5400
140	5400
141	5400
142	5400
143	5400
144	5400
145	5400
146	5400
147	5400
148	5400
149	5400
150	5400
151	5400
152	5400
153	5400
154	5400
155	5400
156	5400
157	5400
158	5400
159	5400
160	5400
161	5400
162	5400
163	5400
164	5400
165	5400
166	5400
167	5400
168	5400
169	5400
170	5400
171	5400
172	5400
173	5400
174	5400
175	5400
176	5400
177	5400
178	5400
179	5400
180	5400
181	5400
182	5400
183	5400
184	5400
185	5400
186	5400
187	5400
188	5400
189	5400
190	5400
191	5400
192	5400
193	5400
194	5400
195	5400
196	5400
197	5400
198	5400
199	5400
200	5400
201	5400
202	7200
203	7200
204	7200
205	7200
206	7200
207	7200
208	7200
209	7200
210	7200
211	7200
212	7200
213	7200
214	7200
215	7200
216	7200
217	7200
218	7200
219	7200
220	7200
221	7200
222	7200
223	7200
224	7200
225	7200
226	7200
227	7200
228	7200
229	7200
230	7200
231	7200
232	7200
233	7200
234	7200
235	7200
236	7200
237	7200
238	7200
239	7200
240	7200
241	7200
242	7200
243	7200
244	7200
245	7200
246	7200
247	7200
248	7200
249	7200
250	7200
251	7200
252	7200
253	7200
254	7200
255	7200
256	7200
257	7200
258	7200
259	7200
260	7200
261	7200
262	7200
263	7200
264	7200
265	7200
266	7200
267	7200
268	7200
269	7200
270	7200
271	7200
272	7200
273	7200
274	7200
275	7200
276	7200
277	7200
278	7200
279	7200
280	7200
281	7200
282	7200
283	7200
284	7200
285	7200
286	7200
287	7200
288	7200
289	7200
290	7200
291	7200
292	7200
293	7200
294	7200
295	7200
296	7200
297	7200
298	7200
299	7200
300	7200
301	9000
302	9000
303	9000
304	9000
305	9000
306	9000
307	9000
308	9000
309	9000
310	9000
311	9000
312	9000
313	9000
314	9000
315	9000
316	9000
317	9000
318	9000
319	9000
320	9000
321	9000
322	9000
323	9000
324	9000
325	9000
326	9000
327	9000
328	9000
329	9000
330	9000
331	9000
332	9000
333	9000
334	9000
335	9000
336	9000
337	9000
338	9000
339	9000
340	9000
341	9000
342	9000
343	9000
344	9000
345	9000
346	9000
347	9000
348	9000
349	9000
350	9000
351	9000
352	9000
353	9000
354	9000
355	9000
356	9000
357	9000
358	9000
359	9000
360	9000
361	9000
362	9000
363	9000
364	9000
365	9000
366	9000
367	9000
368	9000
369	9000
370	9000
371	9000
372	9000
373	9000
374	9000
375	9000
376	9000
377	9000
378	9000
379	9000
380	9000
381	9000
382	9000
383	9000
384	9000
385	9000
386	9000
387	9000
388	9000
389	9000
390	9000
391	10800
392	10800
393	10800
394	10800
395	10800
396	10800
397	10800
398	10800
399	10800
400	10800
401	10800
402	10800
403	10800
404	10800
405	10800
406	10800
407	10800
408	10800
409	10800
410	10800
411	10800
412	10800
413	10800
414	10800
415	10800
416	10800
417	10800
418	10800
419	10800
420	10800
421	10800
422	10800
423	10800
424	10800
425	10800
426	10800
427	10800
428	10800
429	10800
430	10800
431	10800
432	10800
433	10800
434	10800
435	10800
436	10800
437	10800
438	10800
439	10800
440	10800
441	10800
442	10800
443	10800
444	10800
445	10800
446	10800
447	10800
448	10800
449	10800
450	10800
451	10800
452	10800
453	10800
454	10800
455	10800
456	10800
457	10800
458	10800
459	10800
460	10800
461	10800
462	10800
463	10800
464	10800
465	10800
466	10800
467	10800
468	10800
469	10800
470	10800
471	10800
472	10800
473	10800
474	10800
475	10800
476	10800
477	10800
478	10800
479	10800
480	10800
481	12600
482	12600
483	12600
484	12600
485	12600
486	12600
487	12600
488	12600
489	12600
490	12600
491	12600
492	12600
493	12600
494	12600
495	12600
496	12600
497	12600
498	12600
499	12600
500	12600
501	12600
502	12600
503	12600
504	12600
505	12600
506	12600
507	12600
508	12600
509	12600
510	12600
511	12600
512	12600
513	12600
514	12600
515	12600
516	12600
517	12600
518	12600
519	12600
520	12600
521	12600
522	12600
523	12600
524	12600
525	12600
526	12600
527	12600
528	12600
529	12600
530	12600
531	12600
532	12600
533	12600
534	12600
535	12600
536	12600
537	12600
538	12600
539	12600
540	12600
541	12600
542	12600
543	12600
544	12600
545	12600
546	12600
547	12600
548	12600
549	14400
550	14400
551	14400
552	14400
553	14400
554	14400
555	14400
556	14400
557	14400
558	14400
559	14400
560	14400
561	14400
562	14400
563	14400
564	14400
565	14400
566	14400
567	14400
568	14400
569	14400
570	14400
571	14400
572	14400
573	14400
574	14400
575	14400
576	14400
577	14400
578	14400
579	14400
580	14400
581	14400
582	14400
583	14400
584	14400
585	14400
586	14400
587	14400
588	14400
589	14400
590	14400
591	14400
592	14400
593	14400
594	14400
595	14400
596	14400
597	14400
598	14400
599	14400
600	14400
601	14400
602	14400
603	14400
604	14400
605	14400
606	14400
607	14400
608	14400
609	14400
610	14400
611	14400
612	14400
613	14400
614	14400
615	14400
616	14400
617	14400
618	14400
619	14400
620	14400
621	16200
622	16200
623	16200
624	16200
625	16200
626	16200
627	16200
628	16200
629	16200
630	16200
631	16200
632	16200
633	16200
634	16200
635	16200
636	16200
637	16200
638	16200
639	16200
640	16200
641	16200
642	16200
643	16200
644	16200
645	16200
646	16200
647	16200
648	16200
649	16200
650	16200
651	16200
652	16200
653	16200
654	16200
655	16200
656	16200
657	16200
658	16200
659	16200
660	16200
661	16200
662	16200
663	16200
664	16200
665	16200
666	16200
667	16200
668	16200
669	16200
670	16200
671	16200
672	16200
673	16200
674	16200
675	18000
676	18000
677	18000
678	18000
679	18000
680	18000
681	18000
682	18000
683	18000
684	18000
685	18000
686	18000
687	18000
688	18000
689	18000
690	18000
691	18000
692	18000
693	18000
694	18000
695	18000
696	18000
697	18000
698	18000
699	18000
700	18000
701	18000
702	18000
703	18000
704	18000
705	18000
706	18000
707	18000
708	18000
709	18000
710	18000
711	18000
712	18000
713	18000
714	18000
715	18000
716	18000
717	18000
718	18000
719	18000
720	18000
721	18000
722	19800
723	19800
724	19800
725	19800
726	19800
727	19800
728	19800
729	19800
730	19800
731	19800
732	19800
733	19800
734	19800
735	19800
736	19800
737	19800
738	19800
739	19800
740	19800
741	19800
742	19800
743	19800
744	19800
745	19800
746	19800
747	19800
748	19800
749	19800
750	19800
751	19800
752	19800
753	19800
754	19800
755	19800
756	19800
757	19800
758	19800
759	19800
760	19800
761	19800
762	19800
763	19800
764	19800
765	19800
766	19800
767	19800
768	19800
769	21600
770	21600
771	21600
772	21600
773	21600
774	21600
775	21600
776	21600
777	21600
778	21600
779	21600
780	21600
781	21600
782	21600
783	21600
784	21600
785	21600
786	21600
787	21600
788	21600
789	21600
790	21600
791	21600
792	21600
793	21600
794	21600
795	21600
796	21600
797	21600
798	21600
799	21600
800	21600
801	21600
802	21600
803	21600
804	21600
805	21600
806	21600
807	21600
808	21600
EOF
