NAME : ORTEC-VRPTW-ASYM-21e8376e-d1-n781
TYPE : VRPTW-RT
DIMENSION : 782
EDGE_WEIGHT_TYPE : EUC_2D
CAPACITY : 145
NODE_COORD_SECTION
1	4115	1212
2	3327	951
3	4192	137
4	3637	831
5	2209	1656
6	1417	1808
7	4649	567
8	2799	697
9	3837	747
10	676	2128
11	4115	947
12	2334	1182
13	3214	1059
14	3026	1207
15	4007	842
16	3318	718
17	4929	576
18	3206	1080
19	3041	1139
20	4288	565
21	2356	851
22	2389	1328
23	2740	1060
24	3380	1154
25	3732	1037
26	2467	827
27	2054	1511
28	2268	1883
29	2649	1349
30	2604	1030
31	4929	576
32	3094	868
33	3873	526
34	4493	376
35	2693	964
36	3899	758
37	3152	1248
38	1946	1911
39	2176	1689
40	1206	2523
41	1017	2374
42	3085	1259
43	3038	958
44	1561	2125
45	924	2830
46	1524	2217
47	3380	1154
48	2257	1171
49	3443	1201
50	3938	978
51	4331	604
52	2604	1030
53	2307	1002
54	4627	141
55	3075	918
56	1976	2081
57	3427	490
58	1543	1998
59	3443	1192
60	1292	2224
61	2334	1182
62	4655	595
63	1625	1962
64	1401	2003
65	3106	1253
66	4529	634
67	2845	899
68	4036	812
69	846	2530
70	3518	826
71	2257	1171
72	3349	1205
73	2244	1068
74	1017	2374
75	3302	1213
76	3558	1031
77	857	2547
78	1427	2548
79	4816	552
80	1307	2525
81	3848	146
82	3314	1095
83	2190	1894
84	3767	127
85	2177	1763
86	3558	1031
87	675	2842
88	3026	1207
89	4724	472
90	2049	1813
91	4340	319
92	2382	1220
93	3833	963
94	2711	756
95	2159	1576
96	3205	1034
97	1278	2576
98	4000	954
99	4546	261
100	1674	1936
101	3317	922
102	1919	1965
103	4156	636
104	2644	981
105	2276	1704
106	2975	1296
107	3380	1154
108	4036	812
109	116	2496
110	956	2242
111	2382	1089
112	3150	1019
113	1361	1961
114	1709	1855
115	4441	539
116	1861	1828
117	1427	2548
118	1002	2416
119	3991	809
120	2268	1883
121	3343	1133
122	2076	1699
123	3873	526
124	1688	1962
125	2318	1056
126	3725	1026
127	3101	903
128	4818	241
129	2105	2012
130	4631	397
131	1861	1828
132	2987	1162
133	4420	228
134	4041	577
135	792	2805
136	4201	143
137	1514	2165
138	1334	2019
139	3214	1059
140	2845	899
141	3524	922
142	3122	756
143	3016	819
144	2389	1328
145	774	2810
146	675	2842
147	3009	901
148	4146	404
149	4123	682
150	2804	899
151	4681	376
152	3314	1095
153	4147	270
154	4831	531
155	3676	1023
156	4649	567
157	788	2354
158	4001	967
159	3314	1095
160	3848	146
161	2987	1162
162	4463	474
163	4079	928
164	4226	555
165	4627	141
166	3343	1133
167	2338	1951
168	1735	2022
169	3282	961
170	4261	408
171	3181	871
172	3645	890
173	4036	812
174	2711	756
175	4091	880
176	4053	137
177	3155	1022
178	1522	2342
179	3189	1223
180	2311	1414
181	1823	2218
182	3026	1207
183	3470	649
184	3767	127
185	2556	886
186	3096	1075
187	2775	991
188	3443	1201
189	1206	2523
190	3317	922
191	4115	947
192	999	2268
193	1361	1961
194	2604	1030
195	3421	1156
196	3302	1213
197	1627	2222
198	3328	859
199	3666	0
200	3025	1134
201	2388	865
202	3150	1019
203	3344	1175
204	3111	953
205	4831	531
206	3467	891
207	2769	1160
208	1561	2125
209	4816	552
210	2177	1763
211	1307	2525
212	3120	956
213	1374	2033
214	4651	393
215	2173	1201
216	4619	17
217	2209	1110
218	3936	776
219	4652	373
220	2216	1091
221	3334	1069
222	1467	2151
223	3129	1069
224	4018	850
225	1404	2125
226	3427	490
227	3649	1160
228	2340	1990
229	3407	1238
230	1058	2340
231	4242	368
232	4385	248
233	2389	1328
234	3212	954
235	4463	474
236	857	2547
237	2468	775
238	3206	1080
239	2945	844
240	4306	789
241	3467	891
242	3877	912
243	1861	2122
244	4261	408
245	2209	1656
246	3212	954
247	2276	1704
248	2428	1277
249	2504	1256
250	2382	1089
251	3026	1207
252	3089	1259
253	2861	1209
254	3380	1154
255	1331	2125
256	2049	1813
257	3317	922
258	4264	724
259	3936	825
260	2522	1073
261	676	2128
262	4781	441
263	485	3034
264	3352	1132
265	3343	1133
266	2094	2000
267	4146	626
268	1051	2520
269	2775	991
270	3981	961
271	1898	1818
272	1550	2230
273	2194	1147
274	3127	1318
275	496	2321
276	1488	1942
277	4627	141
278	2751	901
279	3026	1207
280	4027	668
281	3742	84
282	4027	668
283	676	2128
284	4091	880
285	2173	1201
286	3318	718
287	3038	958
288	3380	1154
289	3936	825
290	1307	2525
291	1861	1828
292	4655	595
293	792	2805
294	3302	1213
295	3230	904
296	1457	2046
297	2105	2012
298	3938	978
299	2987	1162
300	746	2221
301	1278	2576
302	37	2620
303	4443	363
304	846	2530
305	2556	886
306	4099	128
307	3205	1034
308	1735	2022
309	2680	1184
310	2216	1091
311	3106	1253
312	4199	414
313	3407	1238
314	1374	2033
315	37	2620
316	4039	419
317	3470	649
318	4209	774
319	4381	551
320	1674	1936
321	4816	552
322	2365	1565
323	4146	404
324	4949	353
325	1051	2520
326	4536	383
327	1292	2224
328	4818	241
329	1444	2058
330	4201	143
331	2024	2039
332	2816	1156
333	2026	2027
334	2307	1142
335	3407	1238
336	3068	1164
337	4736	279
338	4747	41
339	3672	745
340	2940	1340
341	4381	551
342	1543	1998
343	3347	1022
344	4801	315
345	2316	1879
346	3524	700
347	1625	1962
348	3767	127
349	4306	789
350	3214	1059
351	1627	2222
352	875	2847
353	4189	709
354	4000	954
355	2413	1008
356	3206	1080
357	3111	953
358	3938	978
359	4226	555
360	53	2552
361	2161	1671
362	3328	859
363	1307	2337
364	774	2810
365	3981	961
366	2202	1697
367	2257	1171
368	3318	718
369	3579	864
370	2486	1061
371	4630	461
372	2209	1110
373	4008	1049
374	3981	961
375	710	2239
376	3235	1170
377	4382	353
378	4443	363
379	1976	2081
380	3085	902
381	4242	368
382	4382	353
383	1636	2092
384	3150	921
385	4039	419
386	3282	961
387	2467	827
388	2276	1704
389	1292	2224
390	4146	626
391	3349	1205
392	1404	2125
393	2647	1208
394	968	2113
395	116	2496
396	3958	894
397	1735	2022
398	2799	697
399	2338	1951
400	2751	901
401	1343	2289
402	4158	702
403	1082	1960
404	3899	758
405	3081	784
406	1353	1973
407	3428	676
408	4619	17
409	4668	177
410	4217	807
411	4441	386
412	3958	894
413	2347	942
414	4046	746
415	4681	376
416	4158	702
417	1307	2337
418	3328	859
419	2340	1990
420	1291	1974
421	2147	1008
422	2428	1277
423	2841	574
424	2680	1184
425	3417	973
426	3833	963
427	829	2210
428	1002	2416
429	3585	842
430	4525	289
431	924	2830
432	2636	1109
433	4217	807
434	4525	289
435	3085	1259
436	4306	665
437	4067	776
438	1336	2074
439	1275	2032
440	4580	382
441	3732	1037
442	3081	784
443	2987	1162
444	2065	2055
445	3678	835
446	1121	2555
447	4093	843
448	3255	1223
449	3378	851
450	1206	2523
451	3068	571
452	994	2665
453	2231	1985
454	3487	1161
455	999	2268
456	4803	340
457	4199	683
458	1291	1974
459	4147	270
460	3958	894
461	3645	890
462	4217	807
463	4007	842
464	2439	1039
465	3676	1023
466	4044	649
467	2784	952
468	2024	2039
469	1137	2669
470	3476	880
471	3676	1023
472	1343	2289
473	4727	260
474	3378	851
475	3371	902
476	894	2364
477	4469	352
478	4470	431
479	3579	864
480	1631	1921
481	2209	1656
482	4470	431
483	3443	1201
484	3666	0
485	3096	1075
486	2805	854
487	3440	901
488	2997	1009
489	3009	901
490	2159	1518
491	3016	819
492	806	2230
493	2636	1109
494	4115	947
495	3467	891
496	4627	141
497	3318	718
498	1353	1973
499	4199	683
500	3214	1059
501	4175	239
502	4226	555
503	1490	2340
504	3977	870
505	4123	682
506	4067	776
507	4655	595
508	4949	353
509	4340	319
510	3518	826
511	2845	899
512	3234	767
513	3962	945
514	2987	1162
515	2310	1973
516	3732	1037
517	2161	1671
518	2338	1951
519	2311	1414
520	3026	1207
521	4201	143
522	2966	1294
523	3041	1139
524	3068	1164
525	4525	354
526	4122	903
527	2845	899
528	999	2268
529	4649	567
530	2428	1277
531	2276	1704
532	4681	376
533	4493	376
534	675	2842
535	4441	386
536	3068	1164
537	592	2984
538	2334	1182
539	1118	2263
540	3068	571
541	4747	41
542	2486	1061
543	4382	353
544	2173	1201
545	4493	376
546	4027	668
547	1401	2003
548	4007	842
549	3407	1238
550	3487	1161
551	2295	1110
552	2291	1987
553	1636	2092
554	4099	128
555	1467	2084
556	4007	842
557	2244	1897
558	3132	902
559	2334	1182
560	3764	694
561	1538	1881
562	2966	1294
563	1861	1828
564	1598	2290
565	2940	1340
566	4677	338
567	2209	1656
568	990	2120
569	4027	668
570	1823	2218
571	4158	702
572	2388	865
573	4219	701
574	4803	340
575	4308	350
576	2276	1704
577	2926	1257
578	3428	676
579	1490	2340
580	3448	894
581	2040	1927
582	1068	1980
583	2987	1162
584	4091	880
585	990	2120
586	3096	1075
587	3064	939
588	2194	1147
589	4668	177
590	2147	1008
591	4099	128
592	1307	2525
593	2040	1927
594	4649	567
595	3081	784
596	4122	903
597	2799	697
598	1919	1965
599	4226	555
600	2322	1254
601	2244	1897
602	2347	942
603	2322	1254
604	2338	1951
605	1087	2238
606	4651	393
607	2049	1813
608	2651	1036
609	3273	1058
610	3096	1075
611	4171	568
612	4067	776
613	1023	2398
614	2388	865
615	2693	964
616	3428	676
617	4801	315
618	846	2530
619	3848	146
620	3678	835
621	2216	1091
622	3075	918
623	1124	2605
624	1426	2193
625	2798	863
626	2365	1565
627	4543	524
628	2439	1039
629	3725	1026
630	4219	701
631	3036	962
632	4424	451
633	3089	1259
634	4000	954
635	3421	1156
636	3179	637
637	3094	868
638	2049	1813
639	2159	1576
640	3150	921
641	3461	837
642	3732	1037
643	3097	966
644	1251	2185
645	4655	595
646	2147	1008
647	2159	1518
648	1561	2125
649	4306	665
650	2197	1830
651	1339	2197
652	4818	241
653	496	2321
654	3393	1290
655	2649	1349
656	4747	41
657	4147	270
658	4803	340
659	4211	604
660	4441	539
661	4539	161
662	4771	523
663	496	2321
664	655	2300
665	4053	137
666	1374	2033
667	3962	945
668	2176	1689
669	3764	694
670	4463	474
671	1334	2019
672	2649	1349
673	1524	2217
674	3877	912
675	3380	1154
676	3936	825
677	2054	1081
678	2711	756
679	2347	942
680	4525	289
681	1211	2256
682	87	2362
683	4529	634
684	2636	1109
685	3086	966
686	4264	724
687	2941	970
688	4420	445
689	1998	1795
690	3996	950
691	2159	1576
692	4287	572
693	4032	779
694	3585	842
695	710	2239
696	3036	962
697	4630	461
698	4217	807
699	4046	746
700	4441	386
701	3357	964
702	3101	903
703	4288	565
704	4252	665
705	4736	279
706	3124	1323
707	3899	758
708	2216	1091
709	3118	1282
710	2241	887
711	3678	835
712	2711	756
713	3833	963
714	2314	1858
715	4123	116
716	4053	137
717	1946	1911
718	4308	350
719	2190	1894
720	2000	1889
721	1265	2257
722	4255	787
723	1488	1942
724	4463	474
725	4497	365
726	2340	1990
727	3327	951
728	2177	1763
729	2970	1167
730	2161	1671
731	3821	728
732	2382	1220
733	2437	1270
734	3101	903
735	4649	567
736	2334	1182
737	539	2978
738	2173	1201
739	3371	902
740	3214	1059
741	4655	595
742	3637	831
743	3467	891
744	4497	365
745	1426	2193
746	2835	853
747	4671	286
748	4306	789
749	1522	2342
750	4044	649
751	4467	446
752	1898	1818
753	2798	863
754	4209	807
755	2322	1254
756	2299	951
757	3343	1133
758	968	2113
759	4724	400
760	2711	756
761	3344	1175
762	4664	133
763	3155	1022
764	2054	1081
765	1627	2222
766	3328	859
767	3899	758
768	3738	98
769	3258	1244
770	4787	428
771	4372	582
772	2147	1008
773	2413	1008
774	4801	315
775	3089	1259
776	4949	353
777	1206	2313
778	4664	133
779	746	2221
780	3873	526
781	1120	2146
782	2389	1328
DEMAND_SECTION
1	0
2	11
3	7
4	6
5	7
6	9
7	6
8	8
9	3
10	18
11	5
12	3
13	8
14	5
15	3
16	3
17	5
18	5
19	5
20	2
21	10
22	3
23	7
24	6
25	8
26	7
27	17
28	5
29	13
30	7
31	6
32	3
33	5
34	6
35	5
36	7
37	4
38	8
39	9
40	4
41	4
42	4
43	3
44	14
45	16
46	6
47	5
48	6
49	5
50	6
51	9
52	10
53	13
54	4
55	11
56	3
57	14
58	3
59	3
60	7
61	7
62	6
63	4
64	6
65	5
66	8
67	5
68	11
69	7
70	5
71	7
72	11
73	7
74	6
75	9
76	8
77	5
78	6
79	9
80	4
81	6
82	7
83	5
84	7
85	6
86	3
87	11
88	14
89	3
90	5
91	6
92	4
93	13
94	6
95	4
96	3
97	5
98	7
99	4
100	6
101	5
102	2
103	4
104	4
105	8
106	7
107	5
108	3
109	6
110	3
111	4
112	9
113	8
114	5
115	7
116	9
117	2
118	5
119	4
120	6
121	11
122	4
123	4
124	7
125	9
126	6
127	3
128	11
129	10
130	7
131	6
132	6
133	7
134	7
135	6
136	7
137	6
138	11
139	9
140	3
141	5
142	4
143	6
144	7
145	11
146	5
147	6
148	5
149	10
150	5
151	4
152	15
153	7
154	2
155	6
156	8
157	10
158	5
159	5
160	3
161	7
162	5
163	14
164	5
165	2
166	7
167	5
168	8
169	6
170	2
171	4
172	7
173	7
174	3
175	7
176	8
177	3
178	5
179	5
180	7
181	3
182	5
183	8
184	8
185	7
186	6
187	6
188	5
189	2
190	4
191	5
192	8
193	6
194	4
195	6
196	3
197	5
198	5
199	6
200	7
201	4
202	5
203	7
204	5
205	3
206	6
207	7
208	7
209	4
210	8
211	9
212	7
213	6
214	3
215	10
216	18
217	3
218	6
219	3
220	5
221	4
222	4
223	4
224	12
225	7
226	3
227	5
228	7
229	11
230	4
231	3
232	6
233	5
234	10
235	15
236	8
237	5
238	3
239	4
240	3
241	7
242	2
243	5
244	5
245	6
246	4
247	7
248	8
249	4
250	8
251	7
252	6
253	6
254	7
255	4
256	7
257	5
258	6
259	3
260	11
261	3
262	3
263	13
264	4
265	13
266	7
267	5
268	9
269	7
270	9
271	5
272	2
273	6
274	8
275	6
276	5
277	7
278	3
279	7
280	5
281	11
282	7
283	5
284	3
285	3
286	4
287	5
288	6
289	3
290	6
291	4
292	9
293	12
294	6
295	7
296	5
297	20
298	4
299	4
300	8
301	8
302	10
303	3
304	5
305	4
306	5
307	8
308	3
309	4
310	3
311	7
312	5
313	2
314	8
315	7
316	5
317	10
318	6
319	10
320	4
321	6
322	5
323	9
324	5
325	3
326	2
327	4
328	5
329	11
330	6
331	6
332	6
333	8
334	7
335	3
336	9
337	4
338	3
339	2
340	8
341	5
342	6
343	6
344	7
345	6
346	6
347	6
348	3
349	2
350	7
351	8
352	10
353	3
354	4
355	7
356	3
357	3
358	7
359	5
360	5
361	5
362	10
363	6
364	12
365	7
366	6
367	3
368	5
369	4
370	7
371	3
372	5
373	7
374	5
375	2
376	8
377	6
378	8
379	2
380	5
381	2
382	6
383	8
384	7
385	3
386	9
387	6
388	8
389	7
390	1
391	8
392	6
393	8
394	6
395	5
396	7
397	3
398	8
399	5
400	7
401	6
402	5
403	13
404	2
405	5
406	2
407	18
408	7
409	6
410	7
411	5
412	7
413	6
414	4
415	5
416	4
417	6
418	8
419	6
420	7
421	4
422	4
423	7
424	4
425	8
426	6
427	6
428	4
429	13
430	4
431	9
432	5
433	7
434	8
435	2
436	5
437	8
438	10
439	4
440	7
441	4
442	7
443	5
444	8
445	7
446	4
447	3
448	5
449	11
450	6
451	8
452	2
453	8
454	5
455	4
456	7
457	5
458	6
459	2
460	5
461	4
462	4
463	7
464	5
465	5
466	9
467	7
468	5
469	6
470	5
471	9
472	3
473	6
474	4
475	5
476	4
477	4
478	3
479	5
480	9
481	4
482	4
483	6
484	7
485	6
486	7
487	7
488	5
489	2
490	4
491	3
492	6
493	4
494	4
495	8
496	5
497	5
498	2
499	7
500	5
501	8
502	6
503	8
504	6
505	7
506	13
507	4
508	6
509	6
510	5
511	6
512	8
513	5
514	8
515	9
516	8
517	3
518	4
519	5
520	5
521	9
522	4
523	6
524	6
525	3
526	6
527	6
528	9
529	8
530	7
531	2
532	11
533	3
534	3
535	6
536	8
537	5
538	5
539	6
540	8
541	8
542	4
543	5
544	7
545	4
546	5
547	7
548	3
549	2
550	5
551	8
552	8
553	7
554	4
555	10
556	3
557	4
558	4
559	10
560	8
561	5
562	5
563	4
564	5
565	5
566	9
567	3
568	3
569	8
570	7
571	6
572	7
573	3
574	6
575	6
576	4
577	7
578	4
579	6
580	3
581	10
582	7
583	12
584	3
585	9
586	3
587	5
588	5
589	5
590	6
591	9
592	6
593	5
594	5
595	4
596	5
597	8
598	6
599	3
600	7
601	6
602	8
603	5
604	4
605	5
606	9
607	7
608	7
609	10
610	5
611	8
612	4
613	2
614	5
615	7
616	4
617	8
618	10
619	4
620	5
621	7
622	6
623	6
624	7
625	5
626	5
627	3
628	7
629	10
630	3
631	4
632	6
633	5
634	6
635	8
636	7
637	8
638	3
639	10
640	4
641	9
642	6
643	3
644	10
645	4
646	7
647	4
648	12
649	12
650	3
651	11
652	7
653	11
654	4
655	6
656	5
657	6
658	14
659	4
660	8
661	7
662	7
663	7
664	5
665	7
666	5
667	4
668	10
669	5
670	8
671	5
672	7
673	6
674	4
675	3
676	4
677	10
678	11
679	5
680	6
681	3
682	5
683	4
684	7
685	5
686	7
687	5
688	8
689	5
690	11
691	7
692	4
693	5
694	3
695	11
696	5
697	4
698	5
699	5
700	4
701	5
702	9
703	6
704	4
705	7
706	4
707	9
708	4
709	5
710	5
711	8
712	7
713	5
714	6
715	8
716	6
717	5
718	6
719	6
720	4
721	9
722	2
723	7
724	10
725	5
726	6
727	6
728	6
729	6
730	6
731	6
732	5
733	4
734	7
735	10
736	5
737	5
738	5
739	4
740	5
741	3
742	5
743	6
744	6
745	6
746	11
747	3
748	14
749	3
750	7
751	10
752	7
753	4
754	5
755	8
756	3
757	3
758	5
759	11
760	6
761	6
762	6
763	5
764	6
765	4
766	6
767	3
768	5
769	2
770	5
771	4
772	4
773	8
774	7
775	4
776	3
777	3
778	3
779	7
780	5
781	6
782	5
DEPOT_SECTION
1
-1
SERVICE_TIME_SECTION
1	0
2	840
3	840
4	600
5	360
6	600
7	960
8	1140
9	960
10	720
11	660
12	300
13	420
14	960
15	900
16	900
17	720
18	300
19	1080
20	660
21	600
22	600
23	600
24	1200
25	720
26	420
27	600
28	720
29	660
30	300
31	480
32	420
33	360
34	480
35	900
36	840
37	600
38	240
39	360
40	840
41	840
42	540
43	300
44	480
45	840
46	540
47	540
48	720
49	360
50	300
51	360
52	300
53	1140
54	660
55	420
56	900
57	240
58	540
59	720
60	480
61	780
62	420
63	660
64	660
65	960
66	300
67	840
68	600
69	360
70	780
71	360
72	540
73	1080
74	780
75	240
76	660
77	900
78	540
79	900
80	720
81	600
82	600
83	240
84	840
85	480
86	540
87	720
88	840
89	540
90	480
91	360
92	300
93	840
94	600
95	360
96	660
97	900
98	780
99	660
100	540
101	360
102	1020
103	480
104	900
105	780
106	600
107	360
108	540
109	540
110	600
111	840
112	240
113	420
114	660
115	360
116	420
117	1080
118	720
119	660
120	540
121	660
122	1080
123	540
124	1020
125	180
126	480
127	600
128	360
129	840
130	1200
131	420
132	480
133	660
134	420
135	360
136	240
137	780
138	600
139	360
140	480
141	720
142	540
143	1020
144	540
145	240
146	600
147	600
148	180
149	780
150	600
151	180
152	960
153	1440
154	420
155	480
156	1020
157	660
158	180
159	720
160	480
161	600
162	420
163	660
164	660
165	240
166	600
167	420
168	780
169	420
170	660
171	480
172	420
173	540
174	900
175	1140
176	540
177	540
178	300
179	480
180	720
181	780
182	960
183	600
184	720
185	1020
186	360
187	360
188	480
189	540
190	420
191	480
192	1020
193	420
194	300
195	780
196	660
197	780
198	660
199	360
200	300
201	480
202	360
203	780
204	660
205	720
206	840
207	660
208	600
209	660
210	360
211	780
212	480
213	480
214	600
215	660
216	300
217	540
218	480
219	600
220	360
221	720
222	420
223	420
224	480
225	1020
226	240
227	480
228	480
229	420
230	300
231	360
232	600
233	420
234	960
235	300
236	1080
237	420
238	660
239	840
240	720
241	360
242	660
243	600
244	420
245	600
246	660
247	900
248	720
249	660
250	480
251	600
252	420
253	600
254	720
255	660
256	720
257	480
258	720
259	720
260	600
261	420
262	660
263	900
264	540
265	900
266	540
267	420
268	720
269	660
270	540
271	480
272	600
273	720
274	1020
275	540
276	420
277	660
278	540
279	780
280	720
281	900
282	540
283	540
284	420
285	300
286	480
287	900
288	660
289	600
290	360
291	420
292	660
293	1020
294	840
295	840
296	540
297	1080
298	780
299	780
300	480
301	180
302	960
303	420
304	900
305	840
306	660
307	900
308	840
309	960
310	780
311	480
312	480
313	420
314	1200
315	480
316	360
317	660
318	660
319	1080
320	360
321	480
322	600
323	480
324	540
325	660
326	540
327	840
328	540
329	240
330	540
331	600
332	720
333	1080
334	240
335	1020
336	780
337	540
338	420
339	720
340	420
341	540
342	1080
343	420
344	900
345	960
346	420
347	600
348	720
349	360
350	240
351	360
352	600
353	540
354	600
355	480
356	780
357	720
358	240
359	420
360	840
361	660
362	360
363	300
364	540
365	780
366	780
367	540
368	960
369	660
370	420
371	1200
372	1140
373	540
374	720
375	360
376	540
377	420
378	360
379	540
380	540
381	600
382	600
383	780
384	660
385	660
386	540
387	480
388	660
389	600
390	600
391	840
392	660
393	720
394	780
395	780
396	1080
397	420
398	660
399	1380
400	660
401	840
402	600
403	420
404	960
405	660
406	480
407	540
408	660
409	780
410	420
411	660
412	540
413	720
414	360
415	480
416	780
417	720
418	540
419	420
420	480
421	1200
422	300
423	420
424	360
425	900
426	480
427	720
428	900
429	660
430	660
431	540
432	780
433	660
434	660
435	600
436	420
437	900
438	600
439	720
440	720
441	540
442	780
443	780
444	600
445	720
446	480
447	660
448	540
449	540
450	660
451	540
452	300
453	600
454	540
455	480
456	600
457	720
458	300
459	480
460	540
461	480
462	960
463	960
464	540
465	840
466	540
467	720
468	1200
469	240
470	720
471	300
472	660
473	540
474	480
475	1140
476	600
477	840
478	1020
479	900
480	600
481	300
482	480
483	600
484	540
485	1080
486	720
487	600
488	780
489	600
490	780
491	420
492	600
493	960
494	540
495	480
496	600
497	660
498	180
499	480
500	600
501	1020
502	600
503	600
504	540
505	540
506	720
507	360
508	780
509	720
510	600
511	540
512	360
513	780
514	420
515	540
516	480
517	720
518	360
519	900
520	540
521	1020
522	780
523	420
524	480
525	480
526	660
527	780
528	540
529	720
530	660
531	780
532	420
533	480
534	240
535	420
536	660
537	900
538	600
539	420
540	600
541	420
542	420
543	420
544	960
545	480
546	540
547	480
548	600
549	840
550	900
551	540
552	780
553	540
554	480
555	780
556	840
557	180
558	600
559	360
560	660
561	660
562	360
563	600
564	600
565	840
566	480
567	780
568	420
569	540
570	240
571	1080
572	420
573	540
574	720
575	900
576	600
577	720
578	420
579	720
580	660
581	1020
582	780
583	960
584	660
585	720
586	360
587	360
588	360
589	840
590	420
591	600
592	600
593	540
594	960
595	840
596	480
597	360
598	720
599	480
600	960
601	420
602	420
603	420
604	660
605	1200
606	420
607	480
608	600
609	300
610	660
611	540
612	480
613	540
614	660
615	840
616	660
617	180
618	480
619	360
620	480
621	480
622	240
623	420
624	480
625	660
626	420
627	840
628	660
629	660
630	540
631	540
632	420
633	600
634	1080
635	720
636	840
637	360
638	600
639	660
640	600
641	660
642	480
643	720
644	600
645	1020
646	600
647	480
648	540
649	480
650	360
651	720
652	840
653	840
654	420
655	600
656	960
657	300
658	540
659	660
660	1020
661	900
662	540
663	540
664	540
665	420
666	540
667	420
668	480
669	540
670	600
671	1440
672	420
673	780
674	480
675	900
676	600
677	660
678	780
679	600
680	480
681	660
682	900
683	540
684	480
685	360
686	720
687	540
688	840
689	420
690	720
691	540
692	480
693	480
694	540
695	480
696	900
697	300
698	900
699	480
700	600
701	840
702	780
703	660
704	600
705	420
706	600
707	660
708	1440
709	540
710	660
711	480
712	540
713	1080
714	540
715	780
716	600
717	360
718	360
719	600
720	480
721	540
722	900
723	540
724	480
725	600
726	480
727	480
728	720
729	360
730	360
731	900
732	660
733	360
734	540
735	360
736	960
737	660
738	300
739	600
740	420
741	660
742	660
743	420
744	420
745	600
746	600
747	480
748	660
749	480
750	660
751	960
752	660
753	600
754	480
755	420
756	840
757	600
758	300
759	660
760	600
761	600
762	960
763	780
764	480
765	540
766	480
767	300
768	600
769	780
770	480
771	360
772	540
773	720
774	180
775	240
776	660
777	420
778	660
779	480
780	540
781	240
782	660
TIME_WINDOW_SECTION
1	0	41340
2	19800	27000
3	16200	22500
4	10800	34200
5	27000	34200
6	19800	27000
7	10800	34200
8	10800	33300
9	19800	27000
10	19800	27000
11	9000	16200
12	16200	22500
13	9000	15300
14	10800	33300
15	19800	27000
16	9000	16200
17	12600	19800
18	16200	22500
19	27000	34200
20	27000	34200
21	10800	34200
22	19800	27000
23	9000	16200
24	10800	33300
25	19800	27000
26	9000	16200
27	9000	16200
28	12600	19800
29	12600	19800
30	10800	34200
31	10800	34200
32	9000	16200
33	19800	27000
34	9000	16200
35	19800	27000
36	10800	34200
37	12600	19800
38	10800	34200
39	9000	16200
40	10800	34200
41	16200	23400
42	16200	23400
43	9000	16200
44	19800	26100
45	9000	16200
46	16200	23400
47	10800	33300
48	9000	15300
49	9000	16200
50	23400	30600
51	10800	34200
52	19800	27000
53	16200	23400
54	9000	16200
55	12600	19800
56	9000	16200
57	16200	23400
58	10800	34200
59	19800	27000
60	10800	33300
61	16200	23400
62	12600	19800
63	10800	34200
64	19800	27000
65	10800	34200
66	9000	16200
67	9000	16200
68	27000	34200
69	12600	19800
70	9000	16200
71	10800	33300
72	9000	16200
73	9000	16200
74	23400	30600
75	9000	16200
76	12600	19800
77	12600	19800
78	10800	34200
79	12600	19800
80	9000	16200
81	19800	27000
82	10800	34200
83	9000	16200
84	16200	23400
85	10800	34200
86	12600	19800
87	10800	33300
88	12600	19800
89	10800	34200
90	12600	18900
91	12600	19800
92	12600	19800
93	16200	23400
94	12600	19800
95	10800	34200
96	16200	23400
97	16200	23400
98	10800	34200
99	9000	16200
100	27000	34200
101	9000	16200
102	9000	16200
103	19800	27000
104	10800	34200
105	27000	34200
106	9000	16200
107	16200	22500
108	12600	19800
109	16200	23400
110	12600	19800
111	9000	16200
112	27000	34200
113	19800	27000
114	10800	33300
115	10800	34200
116	10800	34200
117	12600	19800
118	9000	16200
119	9000	16200
120	10800	34200
121	9000	16200
122	10800	34200
123	12600	19800
124	23400	30600
125	9000	16200
126	10800	34200
127	12600	19800
128	12600	19800
129	16200	22500
130	16200	23400
131	10800	34200
132	9000	16200
133	19800	26100
134	19800	27000
135	9000	16200
136	16200	23400
137	10800	33300
138	12600	19800
139	19800	27000
140	9000	16200
141	16200	23400
142	23400	30600
143	19800	26100
144	12600	19800
145	27000	34200
146	19800	27000
147	9000	16200
148	27000	34200
149	9000	16200
150	10800	34200
151	9000	16200
152	19800	27000
153	12600	19800
154	9000	16200
155	9000	16200
156	10800	34200
157	16200	23400
158	16200	23400
159	23400	30600
160	27000	34200
161	16200	23400
162	10800	33300
163	10800	34200
164	16200	23400
165	10800	34200
166	16200	23400
167	19800	27000
168	12600	19800
169	16200	23400
170	10800	34200
171	10800	34200
172	23400	29700
173	9000	16200
174	19800	27000
175	12600	19800
176	9000	16200
177	23400	30600
178	9000	16200
179	19800	27000
180	12600	19800
181	19800	27000
182	16200	23400
183	27000	34200
184	9000	16200
185	19800	27000
186	23400	30600
187	16200	23400
188	10800	33300
189	16200	23400
190	27000	34200
191	19800	27000
192	16200	23400
193	16200	23400
194	12600	19800
195	12600	19800
196	19800	27000
197	12600	19800
198	12600	19800
199	9000	16200
200	16200	23400
201	10800	34200
202	12600	19800
203	16200	23400
204	9000	16200
205	9000	16200
206	9000	16200
207	10800	34200
208	10800	34200
209	19800	27000
210	16200	23400
211	27000	33300
212	19800	27000
213	10800	33300
214	10800	34200
215	16200	23400
216	23400	30600
217	19800	27000
218	12600	19800
219	19800	27000
220	10800	34200
221	9000	16200
222	9000	16200
223	19800	27000
224	10800	34200
225	19800	27000
226	19800	27000
227	16200	23400
228	10800	34200
229	12600	19800
230	16200	22500
231	10800	34200
232	10800	34200
233	16200	23400
234	12600	19800
235	19800	27000
236	12600	19800
237	12600	19800
238	12600	19800
239	10800	34200
240	10800	34200
241	19800	27000
242	12600	19800
243	27000	34200
244	12600	19800
245	23400	30600
246	10800	33300
247	10800	34200
248	12600	19800
249	12600	19800
250	12600	19800
251	9000	16200
252	12600	19800
253	9000	16200
254	9000	16200
255	23400	30600
256	16200	23400
257	19800	27000
258	12600	19800
259	16200	23400
260	9000	16200
261	16200	23400
262	10800	34200
263	10800	33300
264	16200	23400
265	19800	27000
266	10800	34200
267	12600	19800
268	27000	34200
269	19800	27000
270	23400	30600
271	9000	16200
272	23400	30600
273	9000	16200
274	19800	27000
275	19800	27000
276	23400	30600
277	12600	19800
278	16200	23400
279	10800	34200
280	16200	23400
281	10800	34200
282	12600	19800
283	10800	34200
284	10800	34200
285	12600	19800
286	27000	34200
287	9000	16200
288	19800	27000
289	10800	33300
290	12600	19800
291	10800	34200
292	27000	34200
293	19800	27000
294	19800	27000
295	19800	27000
296	9000	16200
297	10800	34200
298	16200	23400
299	10800	34200
300	9000	16200
301	16200	23400
302	12600	19800
303	12600	19800
304	12600	19800
305	10800	34200
306	10800	34200
307	27000	34200
308	27000	34200
309	10800	34200
310	12600	19800
311	19800	27000
312	12600	19800
313	10800	34200
314	12600	19800
315	12600	19800
316	16200	23400
317	19800	27000
318	19800	27000
319	10800	33300
320	16200	23400
321	12600	19800
322	16200	23400
323	10800	34200
324	16200	23400
325	16200	23400
326	19800	27000
327	16200	23400
328	19800	27000
329	10800	34200
330	16200	23400
331	23400	30600
332	12600	19800
333	19800	27000
334	10800	34200
335	10800	34200
336	19800	27000
337	19800	27000
338	23400	30600
339	19800	27000
340	12600	19800
341	10800	34200
342	16200	23400
343	12600	19800
344	16200	23400
345	16200	23400
346	9000	16200
347	19800	27000
348	9000	16200
349	16200	23400
350	19800	27000
351	16200	23400
352	23400	30600
353	12600	19800
354	16200	23400
355	9000	16200
356	12600	19800
357	12600	19800
358	19800	27000
359	10800	34200
360	16200	23400
361	16200	23400
362	23400	30600
363	10800	34200
364	10800	34200
365	12600	19800
366	12600	19800
367	19800	27000
368	9000	16200
369	10800	33300
370	27000	34200
371	9000	16200
372	23400	30600
373	16200	23400
374	16200	23400
375	10800	33300
376	12600	19800
377	16200	22500
378	10800	34200
379	23400	30600
380	16200	22500
381	27000	34200
382	9000	16200
383	10800	34200
384	19800	27000
385	10800	34200
386	19800	27000
387	9000	16200
388	23400	30600
389	12600	19800
390	16200	23400
391	16200	23400
392	10800	34200
393	19800	27000
394	19800	27000
395	23400	30600
396	12600	19800
397	27000	34200
398	16200	23400
399	19800	27000
400	16200	23400
401	10800	34200
402	10800	34200
403	10800	34200
404	19800	27000
405	10800	34200
406	16200	23400
407	16200	23400
408	10800	34200
409	16200	23400
410	10800	33300
411	10800	34200
412	10800	34200
413	12600	19800
414	19800	27000
415	16200	22500
416	19800	27000
417	12600	19800
418	23400	30600
419	10800	34200
420	16200	23400
421	19800	26100
422	12600	19800
423	16200	23400
424	12600	18900
425	10800	33300
426	10800	34200
427	12600	19800
428	10800	34200
429	16200	23400
430	12600	19800
431	27000	34200
432	16200	23400
433	12600	19800
434	10800	34200
435	23400	30600
436	19800	27000
437	10800	34200
438	19800	27000
439	27000	34200
440	19800	27000
441	19800	27000
442	16200	23400
443	12600	19800
444	10800	34200
445	16200	23400
446	16200	23400
447	10800	34200
448	12600	19800
449	12600	19800
450	10800	34200
451	16200	23400
452	10800	34200
453	16200	23400
454	19800	27000
455	27000	34200
456	12600	19800
457	16200	23400
458	10800	34200
459	19800	27000
460	16200	23400
461	10800	34200
462	10800	34200
463	27000	33300
464	10800	34200
465	10800	34200
466	23400	30600
467	23400	30600
468	10800	34200
469	19800	27000
470	10800	34200
471	16200	23400
472	19800	27000
473	27000	34200
474	23400	30600
475	23400	30600
476	27000	34200
477	12600	19800
478	12600	19800
479	12600	19800
480	10800	34200
481	19800	26100
482	23400	30600
483	10800	34200
484	19800	27000
485	10800	34200
486	19800	27000
487	27000	34200
488	16200	23400
489	12600	19800
490	19800	27000
491	12600	19800
492	16200	23400
493	12600	19800
494	16200	23400
495	16200	23400
496	10800	34200
497	27000	34200
498	10800	34200
499	10800	34200
500	23400	30600
501	10800	34200
502	27000	34200
503	27000	34200
504	19800	27000
505	10800	34200
506	10800	34200
507	12600	19800
508	19800	27000
509	12600	19800
510	19800	26100
511	19800	26100
512	16200	23400
513	19800	27000
514	27000	34200
515	16200	23400
516	19800	27000
517	27000	34200
518	10800	34200
519	23400	30600
520	27000	34200
521	10800	34200
522	12600	19800
523	10800	34200
524	27000	34200
525	12600	19800
526	12600	19800
527	12600	19800
528	10800	33300
529	12600	19800
530	16200	23400
531	19800	27000
532	16200	22500
533	27000	34200
534	10800	34200
535	23400	30600
536	16200	23400
537	10800	33300
538	12600	19800
539	16200	23400
540	10800	34200
541	12600	19800
542	19800	26040
543	27000	34200
544	23400	29700
545	16200	23400
546	16200	23400
547	10800	34200
548	10800	34200
549	19800	27000
550	10800	33300
551	10800	34200
552	10800	34200
553	10800	34200
554	16200	22500
555	27000	34200
556	16200	23400
557	10800	34200
558	10800	34200
559	10800	33300
560	27000	34200
561	10800	33300
562	10800	34200
563	16200	23400
564	27000	34200
565	10800	34200
566	19800	27000
567	19800	27000
568	10800	33300
569	16200	23400
570	10800	34200
571	16200	23400
572	16200	23400
573	10800	34200
574	16200	23400
575	23400	30600
576	23400	30600
577	23400	30600
578	23400	30600
579	19800	27000
580	10800	34200
581	10800	34200
582	10800	34200
583	10800	34200
584	10800	33300
585	10800	34200
586	10800	33300
587	10800	34200
588	19800	27000
589	10800	33300
590	16200	23400
591	27000	34200
592	10800	34200
593	19800	27000
594	16200	22500
595	27000	34200
596	10800	33300
597	16200	23400
598	19800	27000
599	10800	33300
600	16200	23400
601	10800	34200
602	10800	34200
603	10800	33300
604	10800	34200
605	10800	33300
606	19800	27000
607	27000	34200
608	23400	30600
609	19800	27000
610	23400	30600
611	10800	33300
612	16200	23400
613	10800	34200
614	23400	30600
615	10800	34200
616	19800	27000
617	10800	33300
618	10800	34200
619	19800	27000
620	16200	23400
621	19800	27000
622	16200	23400
623	10800	33300
624	10800	33300
625	19800	27000
626	10800	34200
627	23400	30600
628	10800	34200
629	19800	27000
630	19800	27000
631	19800	27000
632	10800	33300
633	10800	34200
634	10800	33300
635	19800	27000
636	10800	34200
637	16200	23400
638	10800	33300
639	10800	34200
640	16200	23400
641	23400	30600
642	23400	30600
643	10800	34200
644	10800	34200
645	10800	33300
646	10800	34200
647	10800	34200
648	10800	34200
649	19800	26100
650	23400	30600
651	27000	34200
652	10800	33300
653	10800	34200
654	19800	27000
655	10800	34200
656	19800	27000
657	10800	34200
658	10800	34200
659	10800	34200
660	23400	30600
661	10800	34200
662	10800	34200
663	10800	34200
664	10800	34200
665	10800	33300
666	10800	34200
667	23400	30600
668	19800	27000
669	10800	34200
670	27000	34200
671	10800	34200
672	10800	33300
673	10800	34200
674	19800	27000
675	27000	34200
676	19800	27000
677	10800	33300
678	19800	27000
679	10800	34200
680	10800	34200
681	10800	34200
682	10800	34200
683	10800	34200
684	19800	27000
685	10800	34200
686	27000	34200
687	10800	34200
688	19800	27000
689	10800	34200
690	19800	27000
691	10800	33300
692	10800	34200
693	19800	27000
694	10800	34200
695	19800	27000
696	10800	33300
697	19800	27000
698	23400	30600
699	19800	27000
700	19800	27000
701	19800	27000
702	23400	30600
703	10800	33300
704	10800	34200
705	10800	34200
706	10800	34200
707	19800	27000
708	23400	30600
709	10800	34200
710	10800	34200
711	10800	34200
712	10800	34200
713	19800	27000
714	10800	34200
715	23400	30600
716	19800	27000
717	10800	34200
718	27000	34200
719	10800	34200
720	10800	33300
721	23400	29700
722	10800	34200
723	10800	34200
724	19800	27000
725	10800	33300
726	10800	34200
727	19800	27000
728	10800	33300
729	10800	33300
730	27000	34200
731	10800	34200
732	10800	34200
733	10800	33300
734	10800	33300
735	10800	34200
736	10800	34200
737	10800	34200
738	10800	34200
739	19800	27000
740	10800	34200
741	19800	27000
742	19800	27000
743	27000	34200
744	10800	33300
745	10800	34200
746	19800	27000
747	10800	34200
748	10800	34200
749	10800	34200
750	19800	27000
751	27000	34200
752	10800	33300
753	10800	33300
754	10800	34200
755	10800	34200
756	10800	34200
757	10800	34200
758	10800	34200
759	10800	34200
760	27000	34200
761	23400	30600
762	10800	34200
763	10800	34200
764	10800	34200
765	10800	34200
766	10800	34200
767	23400	30600
768	10800	33300
769	23400	30600
770	10800	34200
771	10800	33300
772	10800	34200
773	10800	34200
774	27000	34200
775	10800	34200
776	10800	34200
777	10800	34200
778	10800	34200
779	10800	33300
780	10800	34200
781	10800	33300
782	23400	30600
RELEASE_TIME_SECTION
1	0
2	9000
3	9000
4	9000
5	9000
6	9000
7	9000
8	9000
9	9000
10	9000
11	9000
12	9000
13	9000
14	9000
15	9000
16	9000
17	9000
18	9000
19	9000
20	9000
21	9000
22	9000
23	9000
24	9000
25	9000
26	9000
27	9000
28	9000
29	9000
30	9000
31	9000
32	9000
33	9000
34	9000
35	9000
36	9000
37	9000
38	9000
39	9000
40	9000
41	9000
42	9000
43	9000
44	9000
45	9000
46	9000
47	9000
48	9000
49	9000
50	9000
51	9000
52	9000
53	9000
54	9000
55	9000
56	9000
57	9000
58	9000
59	9000
60	9000
61	9000
62	9000
63	9000
64	9000
65	9000
66	9000
67	9000
68	9000
69	9000
70	9000
71	9000
72	9000
73	9000
74	9000
75	9000
76	9000
77	9000
78	9000
79	9000
80	9000
81	9000
82	9000
83	9000
84	9000
85	9000
86	9000
87	9000
88	9000
89	9000
90	9000
91	9000
92	9000
93	9000
94	9000
95	9000
96	9000
97	9000
98	9000
99	9000
100	9000
101	9000
102	10800
103	10800
104	10800
105	10800
106	10800
107	10800
108	10800
109	10800
110	10800
111	10800
112	10800
113	10800
114	10800
115	10800
116	10800
117	10800
118	10800
119	10800
120	10800
121	10800
122	10800
123	10800
124	10800
125	10800
126	10800
127	10800
128	10800
129	10800
130	10800
131	10800
132	10800
133	10800
134	10800
135	10800
136	10800
137	10800
138	10800
139	10800
140	10800
141	10800
142	10800
143	10800
144	10800
145	10800
146	10800
147	10800
148	10800
149	10800
150	10800
151	10800
152	10800
153	10800
154	10800
155	10800
156	10800
157	10800
158	10800
159	10800
160	10800
161	10800
162	10800
163	10800
164	10800
165	10800
166	10800
167	10800
168	10800
169	10800
170	10800
171	10800
172	10800
173	10800
174	10800
175	10800
176	10800
177	10800
178	10800
179	10800
180	10800
181	10800
182	10800
183	10800
184	10800
185	10800
186	10800
187	10800
188	10800
189	10800
190	10800
191	10800
192	10800
193	10800
194	10800
195	10800
196	10800
197	10800
198	10800
199	10800
200	10800
201	10800
202	12600
203	12600
204	12600
205	12600
206	12600
207	12600
208	12600
209	12600
210	12600
211	12600
212	12600
213	12600
214	12600
215	12600
216	12600
217	12600
218	12600
219	12600
220	12600
221	12600
222	12600
223	12600
224	12600
225	12600
226	12600
227	12600
228	12600
229	12600
230	12600
231	12600
232	12600
233	12600
234	12600
235	12600
236	12600
237	12600
238	12600
239	12600
240	12600
241	12600
242	12600
243	12600
244	12600
245	12600
246	12600
247	12600
248	12600
249	12600
250	12600
251	12600
252	12600
253	12600
254	12600
255	12600
256	12600
257	12600
258	12600
259	12600
260	12600
261	12600
262	12600
263	12600
264	12600
265	12600
266	12600
267	12600
268	12600
269	12600
270	12600
271	12600
272	12600
273	12600
274	12600
275	12600
276	12600
277	12600
278	12600
279	12600
280	12600
281	12600
282	12600
283	12600
284	12600
285	12600
286	12600
287	12600
288	12600
289	12600
290	12600
291	12600
292	12600
293	12600
294	12600
295	12600
296	12600
297	12600
298	12600
299	12600
300	12600
301	14400
302	14400
303	14400
304	14400
305	14400
306	14400
307	14400
308	14400
309	14400
310	14400
311	14400
312	14400
313	14400
314	14400
315	14400
316	14400
317	14400
318	14400
319	14400
320	14400
321	14400
322	14400
323	14400
324	14400
325	14400
326	14400
327	14400
328	14400
329	14400
330	14400
331	14400
332	14400
333	14400
334	14400
335	14400
336	14400
337	14400
338	14400
339	14400
340	14400
341	14400
342	14400
343	14400
344	14400
345	14400
346	14400
347	14400
348	14400
349	14400
350	14400
351	14400
352	14400
353	14400
354	14400
355	14400
356	14400
357	14400
358	14400
359	14400
360	14400
361	14400
362	14400
363	14400
364	14400
365	14400
366	14400
367	14400
368	14400
369	14400
370	14400
371	14400
372	14400
373	14400
374	14400
375	14400
376	14400
377	14400
378	14400
379	14400
380	14400
381	14400
382	14400
383	14400
384	14400
385	14400
386	14400
387	14400
388	14400
389	14400
390	14400
391	14400
392	16200
393	16200
394	16200
395	16200
396	16200
397	16200
398	16200
399	16200
400	16200
401	16200
402	16200
403	16200
404	16200
405	16200
406	16200
407	16200
408	16200
409	16200
410	16200
411	16200
412	16200
413	16200
414	16200
415	16200
416	16200
417	16200
418	16200
419	16200
420	16200
421	16200
422	16200
423	16200
424	16200
425	16200
426	16200
427	16200
428	16200
429	16200
430	16200
431	16200
432	16200
433	16200
434	16200
435	16200
436	16200
437	16200
438	16200
439	16200
440	16200
441	16200
442	16200
443	16200
444	16200
445	16200
446	16200
447	16200
448	16200
449	16200
450	16200
451	16200
452	16200
453	16200
454	16200
455	16200
456	16200
457	16200
458	16200
459	16200
460	16200
461	16200
462	16200
463	16200
464	16200
465	16200
466	16200
467	16200
468	18000
469	18000
470	18000
471	18000
472	18000
473	18000
474	18000
475	18000
476	18000
477	18000
478	18000
479	18000
480	18000
481	18000
482	18000
483	18000
484	18000
485	18000
486	18000
487	18000
488	18000
489	18000
490	18000
491	18000
492	18000
493	18000
494	18000
495	18000
496	18000
497	18000
498	18000
499	18000
500	18000
501	18000
502	18000
503	18000
504	18000
505	18000
506	18000
507	18000
508	18000
509	18000
510	18000
511	18000
512	18000
513	18000
514	18000
515	18000
516	18000
517	18000
518	18000
519	18000
520	18000
521	18000
522	18000
523	18000
524	18000
525	18000
526	18000
527	18000
528	18000
529	18000
530	18000
531	18000
532	18000
533	18000
534	18000
535	18000
536	18000
537	18000
538	18000
539	18000
540	18000
541	18000
542	18000
543	19800
544	19800
545	19800
546	19800
547	19800
548	19800
549	19800
550	19800
551	19800
552	19800
553	19800
554	19800
555	19800
556	19800
557	19800
558	19800
559	19800
560	19800
561	19800
562	19800
563	19800
564	19800
565	19800
566	19800
567	19800
568	19800
569	19800
570	19800
571	19800
572	19800
573	19800
574	19800
575	19800
576	19800
577	19800
578	19800
579	19800
580	19800
581	19800
582	19800
583	19800
584	19800
585	19800
586	19800
587	19800
588	19800
589	19800
590	19800
591	19800
592	19800
593	19800
594	19800
595	19800
596	19800
597	19800
598	19800
599	19800
600	21600
601	21600
602	21600
603	21600
604	21600
605	21600
606	21600
607	21600
608	21600
609	21600
610	21600
611	21600
612	21600
613	21600
614	21600
615	21600
616	21600
617	21600
618	21600
619	21600
620	21600
621	21600
622	21600
623	21600
624	21600
625	21600
626	21600
627	21600
628	21600
629	21600
630	21600
631	21600
632	21600
633	21600
634	21600
635	21600
636	21600
637	21600
638	21600
639	21600
640	21600
641	21600
642	21600
643	21600
644	21600
645	21600
646	21600
647	21600
648	21600
649	21600
650	21600
651	23400
652	23400
653	23400
654	23400
655	23400
656	23400
657	23400
658	23400
659	23400
660	23400
661	23400
662	23400
663	23400
664	23400
665	23400
666	23400
667	23400
668	23400
669	23400
670	23400
671	23400
672	23400
673	23400
674	23400
675	23400
676	23400
677	23400
678	23400
679	23400
680	23400
681	23400
682	23400
683	23400
684	23400
685	23400
686	23400
687	23400
688	23400
689	23400
690	23400
691	23400
692	23400
693	23400
694	23400
695	23400
696	23400
697	23400
698	23400
699	23400
700	23400
701	25200
702	25200
703	25200
704	25200
705	25200
706	25200
707	25200
708	25200
709	25200
710	25200
711	25200
712	25200
713	25200
714	25200
715	25200
716	25200
717	25200
718	25200
719	25200
720	25200
721	25200
722	25200
723	25200
724	25200
725	25200
726	25200
727	25200
728	25200
729	25200
730	25200
731	25200
732	25200
733	25200
734	25200
735	25200
736	25200
737	25200
738	25200
739	25200
740	25200
741	25200
742	25200
743	25200
744	25200
745	25200
746	25200
747	25200
748	25200
749	25200
750	25200
751	27000
752	27000
753	27000
754	27000
755	27000
756	27000
757	27000
758	27000
759	27000
760	27000
761	27000
762	27000
763	27000
764	27000
765	27000
766	27000
767	27000
768	27000
769	27000
770	27000
771	27000
772	27000
773	27000
774	27000
775	27000
776	27000
777	27000
778	27000
779	27000
780	27000
781	27000
782	27000
EOF
