NAME : ORTEC-VRPTW-ASYM-715940dc-d1-n878
TYPE : VRPTW-RT
DIMENSION : 879
EDGE_WEIGHT_TYPE : EUC_2D
CAPACITY : 160
NODE_COORD_SECTION
1	1452	6321
2	1166	2011
3	1042	7684
4	1363	5664
5	1013	5302
6	987	3845
7	1485	4312
8	1532	3299
9	1636	3066
10	1381	3610
11	1622	5781
12	1477	4531
13	1353	3700
14	1206	5017
15	891	8266
16	2237	3849
17	2715	3886
18	1757	5563
19	1022	4661
20	2009	5249
21	1186	6720
22	1169	8571
23	874	8040
24	2663	3662
25	316	7277
26	467	5504
27	958	8535
28	1896	5101
29	1877	6432
30	1599	2817
31	2715	3886
32	1064	8346
33	1381	3610
34	1863	4700
35	1410	3659
36	1497	1418
37	843	6154
38	997	5022
39	1140	6240
40	1445	4748
41	1189	8345
42	674	6096
43	1635	5575
44	496	8911
45	1438	7034
46	1008	5524
47	2663	3662
48	2436	4100
49	856	8039
50	102	7202
51	1890	4772
52	1599	2817
53	1544	2303
54	632	8561
55	1924	5405
56	1453	6665
57	521	6396
58	1388	8491
59	246	7249
60	2723	3402
61	1477	4531
62	1087	8552
63	1224	7633
64	831	5147
65	908	6213
66	1187	5074
67	824	7419
68	1470	2721
69	2251	3668
70	1064	8346
71	2436	4100
72	1021	2410
73	374	7328
74	1189	8345
75	1206	5837
76	1243	4454
77	933	5414
78	1330	3627
79	1700	6482
80	1207	6579
81	1305	8125
82	1098	5283
83	693	5259
84	1023	6458
85	1143	4550
86	2251	3668
87	1142	6566
88	1461	3427
89	318	7209
90	383	7157
91	2673	3321
92	2600	3534
93	1837	5461
94	786	7924
95	1798	6149
96	987	5155
97	1233	5355
98	1819	5442
99	591	5727
100	1021	2410
101	857	4824
102	911	5385
103	2640	3341
104	1864	4856
105	902	4678
106	1284	6966
107	1098	5283
108	1470	2721
109	1096	3934
110	1727	5435
111	1470	2721
112	1576	3275
113	1901	5104
114	713	5207
115	430	5598
116	901	7003
117	1330	3627
118	1206	5017
119	836	8527
120	1896	5101
121	1015	4277
122	1048	6405
123	992	6930
124	2057	4293
125	408	5485
126	1403	5414
127	1596	3860
128	661	8249
129	2004	4123
130	1154	6048
131	901	7003
132	2640	3341
133	467	5504
134	521	6396
135	2019	5033
136	286	6976
137	224	7113
138	2350	4063
139	1353	3700
140	824	7419
141	1599	2817
142	789	8548
143	1077	1050
144	1169	8571
145	2100	4837
146	1142	6566
147	1532	3299
148	413	7427
149	2219	5237
150	1867	5563
151	3097	3699
152	1098	5283
153	2008	4664
154	1139	6500
155	1634	5273
156	1485	4312
157	1535	0
158	1013	6447
159	1098	5283
160	1305	8125
161	2640	3341
162	1915	5143
163	661	8249
164	555	7029
165	632	8561
166	1015	4277
167	1031	7936
168	246	7249
169	680	5787
170	2021	5144
171	830	6919
172	1017	8644
173	1470	2721
174	786	7924
175	1616	2217
176	1212	3855
177	1371	4395
178	1689	4335
179	1872	4929
180	1628	6105
181	1757	6390
182	1206	5017
183	998	6331
184	1023	6458
185	430	5598
186	1037	4492
187	353	7047
188	856	8039
189	1445	4748
190	857	4824
191	1622	5781
192	1297	6418
193	1901	5104
194	1704	6899
195	1989	4665
196	1466	4835
197	1077	1050
198	713	5207
199	1408	548
200	1132	4261
201	1173	5237
202	1576	3275
203	865	6458
204	959	6573
205	1953	4851
206	1139	6500
207	1850	6376
208	1639	3459
209	316	7277
210	1186	6720
211	1272	4582
212	1207	6579
213	672	7484
214	175	5606
215	786	7924
216	1014	6535
217	2648	3553
218	1636	6601
219	1252	6330
220	1299	5157
221	1812	4978
222	1052	6335
223	714	6507
224	978	8185
225	987	5155
226	1765	4566
227	521	6396
228	1369	3674
229	510	7548
230	1914	4377
231	1880	5363
232	956	5135
233	1173	5237
234	1169	8571
235	909	8824
236	1915	5143
237	933	5414
238	1288	6768
239	1757	5563
240	1736	5140
241	1319	6923
242	1850	6376
243	1309	3361
244	1139	6500
245	1798	6149
246	1013	5302
247	909	8824
248	902	4678
249	916	4538
250	1810	5477
251	1267	1640
252	1206	5017
253	1369	3674
254	1635	5575
255	2663	3662
256	999	6352
257	383	7157
258	857	4824
259	2621	3615
260	1099	5831
261	1713	6409
262	1381	3610
263	157	7135
264	1151	8576
265	1890	4772
266	1015	4277
267	920	5115
268	1048	6405
269	1812	4978
270	353	7047
271	787	8009
272	680	5787
273	719	8069
274	1495	184
275	1355	7704
276	1102	5493
277	951	5198
278	632	8561
279	1826	6201
280	1461	3427
281	920	5115
282	2103	4687
283	1400	3222
284	1381	3610
285	1096	3934
286	1014	6535
287	2172	5250
288	1635	5575
289	2663	3662
290	1099	5831
291	1207	6579
292	901	7003
293	1087	8552
294	2019	5033
295	1206	5837
296	1213	7926
297	383	7256
298	2715	3886
299	102	7202
300	2640	3341
301	2571	3732
302	1959	4786
303	496	8911
304	1305	2271
305	2251	3668
306	430	5598
307	1110	3882
308	1438	7034
309	1284	8316
310	987	5155
311	246	7249
312	1736	5140
313	1812	4978
314	908	6213
315	1247	5642
316	1880	5363
317	1914	4377
318	1087	8552
319	496	8911
320	1271	4825
321	998	6331
322	1880	5540
323	1684	5716
324	1700	6482
325	2709	3290
326	413	7427
327	475	7300
328	937	5587
329	1233	5355
330	1021	2410
331	2723	3402
332	510	7548
333	1826	6201
334	1066	2340
335	601	7049
336	1017	8644
337	1089	8642
338	709	8123
339	1914	4377
340	1283	7644
341	995	8002
342	1093	6272
343	2013	5271
344	910	7844
345	1684	5716
346	1388	8491
347	1089	8642
348	857	5547
349	1535	0
350	1113	4010
351	1224	7633
352	1979	2757
353	1319	6923
354	1077	1050
355	789	8548
356	389	7060
357	1819	5442
358	1364	206
359	1757	5563
360	1953	4851
361	102	7202
362	555	7029
363	1369	2780
364	781	5152
365	713	5207
366	709	8123
367	2100	4837
368	1279	3458
369	1233	7757
370	2436	4100
371	2172	5250
372	1355	7704
373	1099	5831
374	1518	3833
375	1636	6601
376	967	6975
377	787	8009
378	773	8056
379	291	7377
380	1548	2101
381	1305	2271
382	1371	4395
383	1099	8322
384	956	5135
385	1548	2101
386	328	7268
387	1335	7652
388	1901	5104
389	1363	7942
390	680	5787
391	467	5504
392	902	4678
393	1924	5003
394	1048	6405
395	1224	7633
396	1139	6500
397	1765	4566
398	1031	7936
399	663	5761
400	1224	7633
401	1634	5273
402	383	7157
403	2184	3170
404	1532	3299
405	1388	8491
406	1826	6201
407	856	7890
408	1826	6201
409	693	5259
410	1297	6418
411	366	6011
412	998	6331
413	1697	6152
414	1622	5781
415	1895	4484
416	1690	6603
417	1636	3066
418	2648	3553
419	856	5169
420	1549	254
421	385	7416
422	2079	3842
423	2100	4828
424	285	7200
425	3097	3699
426	916	4538
427	709	8123
428	1284	6966
429	1267	1640
430	992	7989
431	1189	8345
432	916	4538
433	1979	2757
434	2013	5271
435	1837	5461
436	1206	5017
437	1283	7644
438	413	7427
439	1467	3045
440	1438	7034
441	1265	8134
442	1894	337
443	1467	3045
444	674	6096
445	1907	5274
446	1445	4748
447	1399	3076
448	1798	6149
449	455	5743
450	1877	6432
451	1513	908
452	2184	3170
453	2640	3341
454	1002	8851
455	1809	6785
456	1292	8875
457	674	6096
458	1283	7644
459	2031	5259
460	1113	4010
461	1924	5003
462	981	8972
463	1693	5092
464	2021	5144
465	1923	5085
466	1704	6899
467	1297	6418
468	1093	6272
469	1914	4377
470	992	7989
471	2008	4664
472	2079	3842
473	1017	8644
474	714	5407
475	389	7060
476	1636	6601
477	2559	3968
478	2144	5587
479	1066	2340
480	2031	5259
481	1389	2965
482	1077	4285
483	1052	6335
484	1634	5273
485	1459	3782
486	1283	7644
487	2035	4690
488	1279	3458
489	1483	4295
490	714	5407
491	1935	5366
492	385	5587
493	1819	5442
494	1013	5302
495	1935	5366
496	856	8039
497	285	7200
498	204	6931
499	1485	4312
500	1114	4822
501	1013	6447
502	781	5152
503	727	8446
504	1532	3299
505	715	8128
506	901	6096
507	1721	2767
508	1265	8134
509	1622	5781
510	1850	6376
511	632	8561
512	2237	3849
513	224	7113
514	1914	4377
515	1353	3700
516	2004	4123
517	555	7029
518	1283	7644
519	1437	7687
520	1951	4458
521	1087	8552
522	1363	7942
523	995	8002
524	2673	3321
525	1064	8346
526	824	7419
527	2640	3341
528	719	8069
529	1008	5524
530	863	6299
531	1306	6152
532	1102	5493
533	1031	7936
534	719	8069
535	1461	3427
536	856	5169
537	1388	8491
538	1293	6777
539	1023	6458
540	286	6976
541	910	7844
542	843	6154
543	2009	5249
544	1867	5793
545	493	5965
546	824	7419
547	1556	6236
548	1485	4312
549	3097	3699
550	1863	4700
551	1142	6566
552	2009	5249
553	1248	8200
554	493	5965
555	291	7377
556	1477	4531
557	1684	5716
558	2021	5144
559	1093	6272
560	1126	6583
561	1736	5140
562	1099	5831
563	224	7113
564	987	3845
565	1548	2101
566	920	5115
567	674	8423
568	1048	6405
569	1309	3361
570	366	6011
571	1914	4377
572	2103	4687
573	1901	5104
574	1353	3700
575	1017	8644
576	1233	5355
577	1213	3998
578	1078	5935
579	1132	4261
580	328	7268
581	366	6011
582	1284	8316
583	1389	2965
584	891	8266
585	937	5587
586	1877	6432
587	1477	4531
588	1634	5273
589	3097	3699
590	1890	4199
591	1896	5101
592	1901	5104
593	714	6507
594	987	3845
595	901	7003
596	1697	6152
597	910	7844
598	1048	6405
599	1098	4882
600	907	4414
601	1013	5302
602	318	7209
603	831	5147
604	1093	6272
605	920	5115
606	1757	6390
607	1459	3782
608	2350	4063
609	408	5485
610	1093	6272
611	1233	5355
612	1142	6566
613	972	7797
614	902	4678
615	1756	5461
616	1440	1634
617	192	7196
618	1002	8851
619	1300	2984
620	1445	4748
621	1048	6405
622	1096	3934
623	1935	5366
624	1013	5302
625	831	5147
626	1037	4492
627	1692	5789
628	1495	184
629	856	5169
630	1189	8345
631	1901	5104
632	1284	8316
633	2103	4687
634	1207	6579
635	2031	5259
636	1271	4825
637	1300	2984
638	1268	6768
639	1485	4312
640	2184	3170
641	1880	5363
642	493	5965
643	1532	3299
644	911	5385
645	555	7029
646	2019	5033
647	353	7047
648	1399	3076
649	937	5587
650	2100	4828
651	1031	7936
652	1765	4566
653	2237	3849
654	1616	2217
655	1935	5366
656	1699	3835
657	1727	5435
658	383	7157
659	383	7157
660	385	7416
661	3097	3699
662	1907	5274
663	2607	3679
664	2100	4837
665	933	5414
666	773	8056
667	998	6331
668	1283	8232
669	1389	2965
670	1410	3659
671	857	5547
672	2251	3668
673	1477	4531
674	1305	8125
675	1812	4978
676	1078	5935
677	1087	8552
678	1924	5405
679	1907	5274
680	1288	6768
681	1756	5461
682	1576	3275
683	1389	7729
684	353	7047
685	1890	4199
686	823	5115
687	1403	5414
688	1272	4582
689	1389	7729
690	2640	3341
691	1814	6204
692	674	8423
693	901	6096
694	2621	3615
695	1369	3674
696	1989	4665
697	1031	7936
698	1721	2767
699	1907	5274
700	1064	8346
701	383	7157
702	1798	6149
703	1826	6201
704	1335	7652
705	1410	3659
706	1513	908
707	2031	5259
708	885	7973
709	1895	4484
710	1442	857
711	1087	8552
712	1727	5435
713	316	7277
714	1689	4335
715	2143	4973
716	899	7935
717	1207	6579
718	661	8249
719	1837	5461
720	1102	5493
721	224	7113
722	1877	6432
723	1015	4277
724	521	6396
725	1867	5793
726	2008	4664
727	1093	6272
728	496	8911
729	1098	4882
730	1704	6899
731	1364	206
732	1064	8346
733	1066	2340
734	1951	4458
735	1102	5493
736	1757	5563
737	175	5606
738	1247	5642
739	1867	5793
740	224	7113
741	1335	7652
742	1915	5143
743	2350	4063
744	1008	5524
745	1309	3361
746	1721	2767
747	1727	5435
748	1612	5971
749	1495	184
750	907	4414
751	1736	5140
752	786	7924
753	591	5727
754	1437	7687
755	1389	7729
756	1762	6573
757	1915	5143
758	715	8128
759	1381	3610
760	1102	5222
761	1104	1242
762	1014	6535
763	906	6464
764	891	8266
765	2709	3290
766	1307	6827
767	1518	3833
768	1283	7644
769	1213	7926
770	1363	5664
771	1041	8656
772	385	7416
773	2237	3849
774	899	7935
775	668	6107
776	714	6507
777	1271	4825
778	1721	2767
779	1284	6966
780	316	7277
781	1279	3458
782	1809	6785
783	906	6464
784	1497	1418
785	1087	7657
786	824	7419
787	2016	4730
788	997	5022
789	972	7797
790	1300	2984
791	1352	3604
792	1026	7886
793	1304	4099
794	899	7935
795	1439	4806
796	899	7935
797	1814	6204
798	1166	2011
799	789	8548
800	1935	5366
801	885	6541
802	781	5152
803	817	5243
804	2600	3534
805	1596	3860
806	992	6930
807	423	7602
808	1477	4531
809	192	7196
810	663	5761
811	1403	5414
812	1014	6535
813	906	6464
814	496	8911
815	2035	4690
816	1353	3700
817	1453	6665
818	1850	6376
819	1248	8200
820	1622	5781
821	729	7756
822	2184	3170
823	663	5761
824	2184	3170
825	1319	6923
826	1689	4335
827	1304	4099
828	464	6369
829	1352	3604
830	1233	5355
831	709	8123
832	1921	4616
833	1305	2271
834	1959	4786
835	1756	5461
836	1549	3066
837	1013	6447
838	374	7328
839	1693	5092
840	285	7200
841	2019	5033
842	1461	3427
843	1297	8488
844	713	5207
845	940	4946
846	1576	3275
847	1395	7673
848	204	6931
849	1371	4395
850	824	7419
851	1335	7652
852	2143	4973
853	1064	8346
854	1077	1050
855	1765	4566
856	1837	5461
857	967	6975
858	2144	5587
859	727	8446
860	1288	6768
861	999	5352
862	992	7989
863	1399	3076
864	1048	6405
865	475	7300
866	1364	206
867	979	6379
868	1352	3604
869	2600	3534
870	987	3845
871	787	8009
872	865	6458
873	510	7548
874	1233	7757
875	2571	3732
876	1693	5092
877	1169	8571
878	1023	6458
879	713	5207
DEMAND_SECTION
1	0
2	4
3	8
4	11
5	4
6	6
7	3
8	8
9	16
10	3
11	8
12	7
13	4
14	6
15	10
16	15
17	4
18	3
19	4
20	2
21	9
22	5
23	5
24	4
25	16
26	7
27	4
28	5
29	6
30	6
31	7
32	15
33	4
34	8
35	7
36	5
37	8
38	6
39	3
40	4
41	8
42	7
43	6
44	5
45	4
46	6
47	7
48	8
49	4
50	4
51	3
52	4
53	6
54	13
55	7
56	6
57	5
58	10
59	10
60	7
61	5
62	3
63	7
64	6
65	8
66	3
67	19
68	6
69	8
70	6
71	5
72	5
73	3
74	4
75	8
76	5
77	5
78	15
79	5
80	7
81	6
82	5
83	9
84	4
85	5
86	6
87	10
88	7
89	8
90	15
91	4
92	4
93	5
94	6
95	5
96	5
97	8
98	8
99	11
100	6
101	4
102	7
103	5
104	7
105	5
106	3
107	4
108	14
109	3
110	6
111	17
112	4
113	5
114	5
115	8
116	3
117	5
118	7
119	9
120	3
121	5
122	3
123	5
124	5
125	5
126	10
127	3
128	8
129	4
130	5
131	5
132	7
133	12
134	6
135	10
136	12
137	3
138	5
139	6
140	5
141	7
142	7
143	5
144	7
145	5
146	6
147	8
148	4
149	10
150	7
151	5
152	7
153	11
154	7
155	9
156	6
157	8
158	5
159	5
160	7
161	6
162	7
163	7
164	18
165	5
166	9
167	4
168	8
169	6
170	5
171	7
172	9
173	7
174	4
175	8
176	3
177	7
178	8
179	6
180	5
181	7
182	4
183	6
184	3
185	3
186	7
187	7
188	7
189	7
190	12
191	6
192	9
193	5
194	7
195	8
196	2
197	7
198	6
199	4
200	9
201	5
202	9
203	3
204	4
205	8
206	10
207	6
208	10
209	5
210	4
211	6
212	3
213	5
214	5
215	5
216	7
217	7
218	6
219	8
220	6
221	7
222	5
223	5
224	5
225	5
226	7
227	5
228	5
229	2
230	6
231	4
232	7
233	11
234	11
235	4
236	7
237	7
238	7
239	6
240	8
241	5
242	20
243	4
244	8
245	7
246	9
247	4
248	5
249	4
250	5
251	10
252	8
253	4
254	11
255	7
256	13
257	7
258	5
259	7
260	6
261	5
262	10
263	5
264	5
265	6
266	6
267	4
268	4
269	3
270	5
271	6
272	4
273	5
274	5
275	3
276	6
277	4
278	9
279	24
280	5
281	5
282	7
283	7
284	5
285	8
286	5
287	4
288	18
289	5
290	6
291	3
292	5
293	15
294	14
295	3
296	3
297	9
298	10
299	17
300	6
301	8
302	5
303	4
304	12
305	4
306	7
307	7
308	16
309	7
310	4
311	6
312	5
313	5
314	3
315	4
316	3
317	12
318	5
319	8
320	11
321	3
322	6
323	5
324	8
325	4
326	3
327	5
328	10
329	6
330	7
331	7
332	6
333	7
334	3
335	3
336	4
337	2
338	11
339	10
340	6
341	5
342	6
343	4
344	8
345	5
346	3
347	9
348	5
349	4
350	5
351	33
352	5
353	8
354	5
355	4
356	4
357	8
358	8
359	8
360	13
361	3
362	9
363	7
364	5
365	5
366	5
367	5
368	4
369	6
370	5
371	12
372	11
373	3
374	5
375	6
376	5
377	19
378	4
379	6
380	5
381	7
382	7
383	7
384	12
385	4
386	3
387	2
388	5
389	7
390	8
391	4
392	10
393	4
394	10
395	5
396	4
397	6
398	5
399	4
400	5
401	6
402	3
403	3
404	4
405	9
406	5
407	9
408	10
409	4
410	8
411	6
412	7
413	5
414	4
415	5
416	3
417	4
418	9
419	4
420	8
421	17
422	4
423	8
424	5
425	6
426	6
427	6
428	16
429	9
430	9
431	3
432	7
433	5
434	13
435	8
436	7
437	4
438	3
439	5
440	3
441	18
442	4
443	9
444	2
445	4
446	13
447	6
448	7
449	2
450	4
451	4
452	6
453	5
454	4
455	7
456	7
457	7
458	6
459	3
460	10
461	6
462	10
463	10
464	9
465	7
466	8
467	2
468	6
469	16
470	33
471	6
472	8
473	7
474	5
475	4
476	5
477	3
478	9
479	5
480	6
481	5
482	5
483	23
484	4
485	8
486	6
487	6
488	5
489	6
490	6
491	9
492	7
493	8
494	7
495	5
496	3
497	4
498	8
499	7
500	8
501	5
502	6
503	8
504	12
505	7
506	10
507	18
508	5
509	7
510	6
511	8
512	9
513	4
514	4
515	7
516	5
517	6
518	8
519	10
520	6
521	6
522	4
523	8
524	4
525	7
526	6
527	9
528	14
529	16
530	8
531	6
532	3
533	9
534	6
535	8
536	5
537	9
538	5
539	4
540	5
541	5
542	6
543	16
544	5
545	6
546	11
547	5
548	3
549	5
550	5
551	5
552	9
553	5
554	4
555	7
556	3
557	5
558	3
559	4
560	6
561	6
562	5
563	5
564	9
565	4
566	10
567	7
568	5
569	7
570	5
571	5
572	4
573	5
574	5
575	6
576	3
577	5
578	7
579	7
580	7
581	5
582	3
583	5
584	18
585	6
586	17
587	8
588	9
589	5
590	5
591	4
592	5
593	5
594	6
595	5
596	7
597	6
598	4
599	5
600	6
601	7
602	5
603	10
604	6
605	7
606	7
607	5
608	8
609	8
610	5
611	5
612	7
613	8
614	7
615	5
616	4
617	3
618	3
619	6
620	9
621	5
622	7
623	6
624	7
625	5
626	4
627	6
628	12
629	11
630	9
631	9
632	3
633	4
634	8
635	6
636	4
637	3
638	6
639	5
640	5
641	13
642	7
643	8
644	12
645	6
646	7
647	4
648	6
649	3
650	6
651	5
652	6
653	7
654	7
655	7
656	12
657	8
658	5
659	4
660	4
661	6
662	8
663	7
664	4
665	4
666	6
667	4
668	5
669	6
670	3
671	9
672	8
673	5
674	4
675	9
676	4
677	5
678	10
679	6
680	5
681	7
682	7
683	6
684	6
685	9
686	9
687	8
688	6
689	9
690	18
691	13
692	7
693	4
694	11
695	4
696	6
697	9
698	4
699	8
700	4
701	7
702	8
703	6
704	3
705	6
706	5
707	4
708	5
709	6
710	7
711	8
712	5
713	5
714	3
715	5
716	14
717	8
718	6
719	7
720	5
721	4
722	3
723	9
724	5
725	5
726	7
727	5
728	6
729	5
730	5
731	6
732	4
733	3
734	2
735	3
736	4
737	6
738	3
739	6
740	7
741	7
742	6
743	5
744	5
745	4
746	4
747	7
748	9
749	8
750	5
751	3
752	12
753	3
754	6
755	7
756	11
757	6
758	11
759	4
760	5
761	11
762	5
763	4
764	7
765	2
766	8
767	20
768	5
769	2
770	6
771	3
772	6
773	9
774	3
775	4
776	3
777	7
778	4
779	3
780	9
781	3
782	5
783	15
784	9
785	4
786	6
787	5
788	2
789	7
790	5
791	5
792	4
793	4
794	10
795	7
796	10
797	6
798	7
799	8
800	4
801	7
802	6
803	7
804	6
805	4
806	6
807	4
808	3
809	6
810	7
811	4
812	6
813	5
814	12
815	4
816	6
817	8
818	6
819	4
820	7
821	7
822	3
823	7
824	10
825	9
826	3
827	6
828	6
829	9
830	5
831	5
832	7
833	7
834	7
835	4
836	8
837	15
838	4
839	7
840	5
841	3
842	9
843	2
844	3
845	6
846	6
847	5
848	2
849	9
850	9
851	5
852	6
853	15
854	8
855	7
856	7
857	4
858	4
859	6
860	7
861	8
862	3
863	5
864	6
865	9
866	5
867	10
868	4
869	4
870	4
871	5
872	4
873	3
874	5
875	7
876	5
877	4
878	5
879	5
DEPOT_SECTION
1
-1
SERVICE_TIME_SECTION
1	0
2	360
3	420
4	540
5	1020
6	240
7	720
8	480
9	480
10	780
11	780
12	600
13	720
14	480
15	660
16	540
17	780
18	600
19	480
20	600
21	420
22	900
23	420
24	420
25	300
26	360
27	420
28	360
29	420
30	720
31	600
32	420
33	540
34	480
35	420
36	300
37	600
38	720
39	1500
40	540
41	300
42	480
43	360
44	600
45	720
46	720
47	720
48	420
49	360
50	420
51	1500
52	420
53	660
54	780
55	660
56	420
57	300
58	300
59	660
60	600
61	540
62	1080
63	540
64	720
65	300
66	660
67	480
68	660
69	720
70	600
71	300
72	1020
73	480
74	600
75	300
76	540
77	360
78	420
79	600
80	900
81	420
82	660
83	300
84	660
85	420
86	300
87	780
88	360
89	420
90	420
91	480
92	660
93	660
94	360
95	720
96	660
97	600
98	660
99	420
100	660
101	720
102	540
103	1080
104	540
105	540
106	600
107	720
108	360
109	420
110	600
111	480
112	480
113	360
114	480
115	300
116	420
117	540
118	780
119	600
120	480
121	600
122	480
123	540
124	240
125	540
126	480
127	900
128	540
129	240
130	300
131	480
132	600
133	600
134	540
135	420
136	300
137	660
138	300
139	720
140	480
141	420
142	300
143	660
144	720
145	300
146	480
147	300
148	540
149	540
150	420
151	480
152	780
153	660
154	600
155	480
156	240
157	600
158	480
159	540
160	480
161	720
162	480
163	300
164	660
165	300
166	420
167	540
168	300
169	540
170	600
171	360
172	420
173	540
174	720
175	300
176	480
177	720
178	720
179	540
180	540
181	600
182	540
183	480
184	900
185	540
186	2520
187	720
188	300
189	420
190	480
191	540
192	660
193	420
194	480
195	540
196	600
197	420
198	540
199	720
200	600
201	540
202	480
203	360
204	540
205	420
206	300
207	360
208	420
209	300
210	600
211	600
212	420
213	600
214	600
215	600
216	300
217	420
218	480
219	420
220	600
221	1020
222	600
223	1080
224	1080
225	300
226	780
227	600
228	480
229	540
230	540
231	300
232	480
233	720
234	480
235	600
236	660
237	480
238	540
239	480
240	420
241	420
242	540
243	420
244	720
245	420
246	420
247	360
248	420
249	660
250	360
251	720
252	1080
253	300
254	720
255	720
256	480
257	600
258	360
259	360
260	660
261	360
262	720
263	480
264	300
265	720
266	420
267	600
268	420
269	900
270	300
271	720
272	360
273	300
274	480
275	720
276	540
277	660
278	360
279	480
280	660
281	660
282	600
283	720
284	540
285	420
286	480
287	300
288	360
289	720
290	420
291	360
292	720
293	480
294	660
295	900
296	420
297	720
298	480
299	660
300	240
301	720
302	540
303	300
304	660
305	600
306	360
307	540
308	480
309	480
310	480
311	480
312	600
313	660
314	600
315	660
316	360
317	600
318	420
319	360
320	480
321	480
322	540
323	540
324	600
325	480
326	480
327	600
328	420
329	600
330	240
331	600
332	660
333	420
334	540
335	600
336	480
337	360
338	420
339	240
340	420
341	780
342	540
343	660
344	540
345	720
346	360
347	720
348	360
349	660
350	480
351	360
352	660
353	360
354	180
355	840
356	540
357	360
358	600
359	840
360	420
361	300
362	480
363	360
364	600
365	360
366	420
367	300
368	540
369	300
370	600
371	780
372	600
373	1080
374	420
375	600
376	480
377	300
378	720
379	300
380	1020
381	420
382	480
383	300
384	540
385	600
386	600
387	900
388	300
389	540
390	360
391	420
392	600
393	480
394	300
395	720
396	420
397	480
398	900
399	600
400	540
401	600
402	360
403	720
404	720
405	300
406	480
407	780
408	720
409	540
410	840
411	780
412	660
413	480
414	720
415	1020
416	720
417	300
418	660
419	300
420	780
421	600
422	600
423	480
424	180
425	540
426	720
427	660
428	360
429	1080
430	480
431	420
432	360
433	480
434	780
435	780
436	720
437	600
438	480
439	300
440	780
441	600
442	840
443	720
444	1020
445	360
446	600
447	420
448	2520
449	540
450	420
451	720
452	600
453	600
454	780
455	540
456	780
457	660
458	540
459	600
460	840
461	300
462	660
463	600
464	600
465	360
466	480
467	840
468	420
469	480
470	660
471	300
472	540
473	360
474	600
475	360
476	540
477	480
478	420
479	300
480	360
481	480
482	420
483	1080
484	480
485	840
486	600
487	600
488	480
489	540
490	600
491	240
492	420
493	360
494	360
495	480
496	1080
497	480
498	600
499	480
500	540
501	540
502	540
503	720
504	600
505	420
506	720
507	780
508	660
509	600
510	480
511	540
512	600
513	480
514	480
515	540
516	660
517	420
518	720
519	420
520	420
521	780
522	720
523	240
524	660
525	300
526	420
527	540
528	480
529	660
530	840
531	540
532	660
533	540
534	480
535	840
536	300
537	480
538	600
539	240
540	240
541	660
542	720
543	1200
544	480
545	480
546	420
547	780
548	420
549	600
550	720
551	900
552	600
553	660
554	480
555	660
556	360
557	540
558	1080
559	540
560	480
561	600
562	540
563	600
564	420
565	360
566	660
567	720
568	360
569	780
570	900
571	360
572	300
573	900
574	720
575	540
576	300
577	840
578	540
579	720
580	660
581	540
582	600
583	780
584	480
585	540
586	240
587	720
588	360
589	420
590	600
591	480
592	480
593	660
594	420
595	780
596	720
597	540
598	420
599	660
600	300
601	660
602	360
603	720
604	540
605	480
606	480
607	540
608	600
609	1140
610	240
611	600
612	600
613	360
614	420
615	600
616	540
617	420
618	720
619	240
620	600
621	540
622	420
623	1140
624	720
625	540
626	720
627	600
628	540
629	480
630	720
631	840
632	600
633	480
634	600
635	420
636	480
637	360
638	420
639	360
640	540
641	720
642	300
643	480
644	240
645	540
646	240
647	360
648	480
649	480
650	720
651	300
652	660
653	600
654	480
655	420
656	960
657	540
658	900
659	660
660	780
661	600
662	480
663	300
664	720
665	420
666	540
667	900
668	600
669	420
670	300
671	540
672	360
673	600
674	480
675	1080
676	600
677	420
678	420
679	300
680	600
681	480
682	660
683	300
684	420
685	480
686	300
687	600
688	480
689	540
690	540
691	600
692	600
693	420
694	720
695	840
696	420
697	480
698	480
699	300
700	720
701	600
702	540
703	780
704	660
705	540
706	420
707	540
708	600
709	420
710	1080
711	240
712	360
713	300
714	720
715	300
716	720
717	360
718	360
719	720
720	480
721	600
722	540
723	480
724	540
725	300
726	480
727	1020
728	660
729	720
730	300
731	780
732	600
733	720
734	480
735	480
736	600
737	600
738	540
739	480
740	480
741	480
742	420
743	660
744	420
745	1140
746	420
747	240
748	240
749	540
750	540
751	540
752	420
753	600
754	1200
755	420
756	720
757	480
758	360
759	300
760	600
761	420
762	840
763	720
764	300
765	600
766	420
767	780
768	960
769	300
770	660
771	540
772	360
773	660
774	360
775	1500
776	420
777	600
778	600
779	1200
780	420
781	480
782	480
783	420
784	480
785	420
786	480
787	420
788	480
789	360
790	720
791	720
792	540
793	660
794	720
795	540
796	480
797	600
798	720
799	540
800	420
801	360
802	1020
803	900
804	600
805	300
806	420
807	360
808	300
809	540
810	540
811	660
812	300
813	720
814	540
815	240
816	780
817	720
818	1200
819	420
820	600
821	660
822	240
823	360
824	660
825	720
826	480
827	720
828	600
829	1500
830	1020
831	300
832	2520
833	360
834	600
835	540
836	660
837	480
838	720
839	780
840	300
841	960
842	720
843	540
844	660
845	780
846	600
847	240
848	300
849	2100
850	480
851	420
852	480
853	540
854	480
855	960
856	660
857	420
858	360
859	1080
860	420
861	480
862	720
863	600
864	420
865	780
866	600
867	480
868	480
869	480
870	720
871	480
872	660
873	420
874	660
875	540
876	480
877	600
878	540
879	480
TIME_WINDOW_SECTION
1	0	45000
2	16200	27000
3	23400	30600
4	23400	30600
5	19800	27000
6	12600	19800
7	19800	27000
8	9000	19800
9	7200	30600
10	23400	30600
11	23400	30600
12	16200	27000
13	7200	30600
14	7200	30600
15	5400	12600
16	23400	29700
17	12600	19800
18	19800	27000
19	5400	12600
20	5400	12600
21	5400	12600
22	19800	27000
23	12600	19800
24	23400	30600
25	23400	30600
26	12600	19800
27	5400	12600
28	9000	19800
29	12600	19800
30	5400	12600
31	16200	25200
32	16200	27000
33	12600	19800
34	19800	27000
35	19800	27000
36	5400	12600
37	12600	19800
38	5400	12600
39	9000	15300
40	16200	27000
41	12600	19800
42	19800	27000
43	19800	27000
44	16200	23400
45	5400	12600
46	5400	12600
47	12600	19800
48	12600	19800
49	9000	16200
50	12600	19800
51	16200	27000
52	5400	12600
53	12600	19800
54	12600	19800
55	5400	12600
56	12600	19800
57	23400	30600
58	19800	27000
59	12600	19800
60	16200	23400
61	23400	30600
62	7200	30600
63	5400	12600
64	5400	11700
65	23400	30600
66	7200	30600
67	12600	18840
68	5400	12600
69	23400	30600
70	9000	18900
71	12600	19800
72	7200	30600
73	16200	27000
74	19800	27000
75	5400	12600
76	23400	30600
77	12600	19800
78	23400	30600
79	16200	27000
80	12600	19800
81	7200	30600
82	7200	30600
83	5400	12600
84	7200	30600
85	19800	27000
86	16200	25200
87	9000	19800
88	5400	12600
89	19800	27000
90	16200	27000
91	16200	27000
92	23400	30600
93	12600	19800
94	9000	19800
95	12600	19800
96	12600	19800
97	16200	23400
98	9000	15300
99	19800	27000
100	23400	30600
101	12600	19800
102	19800	27000
103	5400	11700
104	19800	27000
105	12600	19800
106	9000	18900
107	12600	19800
108	16200	27000
109	23400	30600
110	5400	12600
111	19800	27000
112	18000	40500
113	7200	30600
114	9000	19800
115	19800	27000
116	7200	30600
117	12600	19800
118	5400	12600
119	23400	30600
120	19800	27000
121	16200	27000
122	16200	25200
123	16200	23400
124	12600	19800
125	5400	12600
126	16200	27000
127	12600	19800
128	16200	27000
129	7200	30600
130	5400	12600
131	16200	27000
132	9000	18900
133	12600	19800
134	12600	19800
135	9000	19800
136	19800	27000
137	19800	27000
138	23400	30600
139	5400	11700
140	5400	12600
141	18000	41400
142	5400	12600
143	23400	30600
144	12600	19800
145	16200	23400
146	19800	27000
147	7200	30600
148	12600	19800
149	19800	27000
150	19800	27000
151	7200	30600
152	12600	19800
153	7200	30600
154	19800	27000
155	16200	23400
156	16200	26100
157	7200	30600
158	5400	12600
159	16200	27000
160	7200	30600
161	18000	41400
162	12600	19800
163	16200	27000
164	16200	27000
165	12600	19800
166	19800	27000
167	5400	12600
168	7200	30600
169	16200	27000
170	7200	29700
171	19800	27000
172	7200	30600
173	9000	19800
174	23400	30600
175	9000	19800
176	7200	30600
177	5400	12600
178	5400	12600
179	19800	27000
180	16200	27000
181	5400	12600
182	12600	19800
183	12600	19800
184	23400	30600
185	7200	30600
186	12600	19800
187	16200	27000
188	9000	19800
189	5400	12600
190	16200	27000
191	7200	30600
192	5400	12600
193	23400	30600
194	16200	27000
195	12600	19800
196	9000	19800
197	12600	19800
198	12600	19800
199	7200	30600
200	12600	19800
201	12600	19800
202	23400	30600
203	19800	27000
204	23400	30600
205	16200	23400
206	5400	12600
207	23400	30600
208	5400	12600
209	16200	26100
210	5400	12600
211	12600	19800
212	19800	27000
213	9000	19800
214	5400	12600
215	5400	12600
216	16200	23400
217	19800	27000
218	19800	27000
219	16200	27000
220	23400	29700
221	19800	27000
222	5400	12600
223	23400	29700
224	7200	29700
225	5400	12600
226	9000	18900
227	23400	30600
228	5400	12600
229	16200	27000
230	7200	30600
231	16200	27000
232	5400	12600
233	16200	27000
234	16200	27000
235	5400	12600
236	16200	27000
237	5400	12600
238	16200	27000
239	7200	30600
240	12600	19800
241	5400	12600
242	19800	27000
243	23400	30600
244	19800	27000
245	7200	30600
246	12600	19800
247	7200	30600
248	16200	23400
249	7200	30600
250	23400	30600
251	7200	30600
252	23400	30600
253	12600	19800
254	5400	12600
255	7200	30600
256	5400	12600
257	19800	27000
258	5400	12600
259	12600	19800
260	16200	27000
261	16200	27000
262	5400	12600
263	9000	19800
264	23400	30600
265	12600	19800
266	5400	12600
267	12600	18840
268	12600	19800
269	16200	27000
270	16200	27000
271	16200	27000
272	19800	27000
273	23400	30600
274	23400	30600
275	12600	19800
276	16200	23400
277	19800	27000
278	16200	27000
279	9000	19800
280	23400	30600
281	5400	12600
282	23400	30600
283	19800	27000
284	19800	27000
285	23400	30600
286	23400	30600
287	12600	19800
288	5400	12600
289	16200	27000
290	23400	30600
291	23400	30600
292	16200	27000
293	5400	11700
294	7200	30600
295	19800	27000
296	12600	19800
297	23400	30600
298	5400	12600
299	5400	12600
300	16200	23400
301	16200	23400
302	16200	23400
303	23400	30600
304	19800	27000
305	12600	19800
306	16200	27000
307	12600	19800
308	23400	30600
309	23400	30600
310	19800	27000
311	16200	23400
312	18000	41400
313	12600	19800
314	19800	27000
315	7200	30600
316	7200	30600
317	9000	19800
318	7200	30600
319	9000	19800
320	19800	27000
321	16200	27000
322	7200	30600
323	7200	30600
324	19800	27000
325	23400	30600
326	9000	19800
327	16200	27000
328	12600	19800
329	12600	19800
330	9000	15300
331	12600	19800
332	16200	26100
333	12600	19800
334	12600	19800
335	12600	19800
336	9000	19800
337	12600	19800
338	16200	27000
339	16200	25200
340	19800	27000
341	9000	18900
342	9000	19800
343	5400	12600
344	12600	19800
345	7200	30600
346	16200	27000
347	7200	30600
348	12600	19800
349	23400	30600
350	7200	30600
351	5400	12600
352	16200	23400
353	23400	30600
354	12600	19800
355	23400	30600
356	12600	19800
357	23400	30600
358	12600	19800
359	7200	30600
360	7200	30600
361	18000	40500
362	12600	19800
363	23400	30600
364	16200	27000
365	9000	19800
366	12600	19800
367	7200	30600
368	12600	19800
369	7200	30600
370	9000	18900
371	5400	12600
372	7200	30600
373	7200	30600
374	19800	27000
375	12600	19800
376	19800	27000
377	19800	27000
378	19800	27000
379	7200	30600
380	7200	30600
381	19800	27000
382	12600	19800
383	16200	27000
384	16200	23400
385	23400	29700
386	16200	27000
387	5400	12600
388	12600	19800
389	7200	30600
390	5400	12600
391	9000	15300
392	5400	12600
393	16200	25200
394	7200	30600
395	12600	19800
396	23400	30600
397	16200	26100
398	12600	19800
399	7200	30600
400	12600	19800
401	19800	27000
402	16200	25200
403	19800	27000
404	18000	41400
405	16200	27000
406	9000	19800
407	19800	27000
408	16200	27000
409	19800	27000
410	16200	27000
411	16200	27000
412	12600	19800
413	9000	19800
414	12600	19800
415	23400	30600
416	23400	30600
417	9000	19800
418	19800	27000
419	7200	29700
420	12600	19800
421	16200	27000
422	12600	19800
423	7200	30600
424	12600	19800
425	23400	30600
426	9000	19800
427	19800	27000
428	16200	27000
429	23400	30600
430	12600	19800
431	16200	23400
432	12600	19800
433	12600	19800
434	23400	30600
435	19800	27000
436	19800	27000
437	16200	25200
438	23400	29700
439	7200	30600
440	7200	30600
441	12600	19800
442	12600	19800
443	12600	19800
444	16200	23400
445	19800	27000
446	7200	30600
447	18000	41400
448	23400	30600
449	12600	19800
450	23400	29700
451	7200	30600
452	12600	19800
453	16200	27000
454	12600	19800
455	12600	19800
456	12600	19800
457	7200	30600
458	12600	19800
459	16200	23400
460	9000	15300
461	16200	25200
462	23400	29700
463	7200	30600
464	19800	27000
465	19800	27000
466	18000	41400
467	23400	30600
468	12600	19800
469	19800	27000
470	12600	18840
471	12600	19800
472	12600	19800
473	23400	30600
474	19800	27000
475	16200	27000
476	12600	19800
477	12600	19800
478	23400	30600
479	12600	19800
480	19800	27000
481	19800	27000
482	23400	30600
483	9000	19800
484	12600	19800
485	7200	30600
486	23400	30600
487	7200	30600
488	23400	30600
489	23400	30600
490	12600	19800
491	12600	19800
492	23400	30600
493	19800	27000
494	9000	19800
495	23400	30600
496	16200	27000
497	12600	19800
498	7200	30600
499	23400	30600
500	16200	25200
501	16200	27000
502	12600	19800
503	19800	27000
504	12600	19800
505	16200	27000
506	12600	19800
507	7200	30600
508	16200	23400
509	9000	19800
510	7200	29700
511	16200	27000
512	7200	30600
513	7200	30600
514	9000	18900
515	12600	19800
516	16200	23400
517	12600	19800
518	16200	23400
519	19800	27000
520	16200	23400
521	23400	30600
522	7200	30600
523	23400	30600
524	12600	19800
525	12600	19800
526	23400	30600
527	16200	23400
528	23400	30600
529	9000	19800
530	9000	16200
531	23400	30600
532	12600	19800
533	19800	27000
534	23400	30600
535	7200	30600
536	16200	27000
537	12600	19800
538	23400	30600
539	23400	30600
540	12600	19800
541	19800	27000
542	7200	30600
543	7200	30600
544	12600	19800
545	23400	30600
546	9000	19800
547	12600	19800
548	16200	27000
549	7200	29700
550	19800	27000
551	19800	27000
552	16200	27000
553	16200	23400
554	9000	16200
555	12600	19800
556	9000	19800
557	7200	30600
558	19800	27000
559	16200	25200
560	7200	30600
561	23400	30600
562	19800	27000
563	19800	27000
564	23400	30600
565	23400	30600
566	12600	19800
567	16200	25200
568	7200	30600
569	19800	27000
570	9000	19800
571	12600	19800
572	12600	19800
573	12600	19800
574	7200	30600
575	16200	23400
576	9000	19800
577	16200	25200
578	12600	19800
579	7200	30600
580	16200	25200
581	7200	30600
582	16200	27000
583	7200	30600
584	7200	30600
585	9000	19800
586	16200	23400
587	23400	30600
588	23400	30600
589	16200	27000
590	12600	19800
591	19800	27000
592	23400	30600
593	16200	27000
594	18000	41400
595	12600	19800
596	9000	19800
597	16200	26100
598	7200	30600
599	7200	30600
600	16200	23400
601	18000	40500
602	9000	19800
603	23400	30600
604	23400	30600
605	23400	30600
606	19800	27000
607	12600	19800
608	16200	23400
609	12600	19800
610	23400	30600
611	9000	19800
612	12600	19800
613	12600	19800
614	23400	30600
615	23400	30600
616	19800	27000
617	16200	27000
618	7200	30600
619	23400	30600
620	7200	30600
621	12600	19800
622	23400	30600
623	9000	19800
624	7200	30600
625	19800	27000
626	23400	30600
627	12600	19800
628	19800	27000
629	9000	19800
630	23400	30600
631	7200	30600
632	19800	27000
633	12600	19800
634	18000	41400
635	16200	27000
636	9000	19800
637	23400	30600
638	12600	19800
639	16200	27000
640	16200	27000
641	12600	19800
642	7200	29700
643	16200	23400
644	23400	30600
645	12600	19800
646	23400	30600
647	23400	30600
648	19800	27000
649	16200	27000
650	7200	30600
651	16200	23400
652	19800	27000
653	23400	30600
654	16200	27000
655	7200	30600
656	16200	23400
657	23400	30600
658	19800	27000
659	19800	27000
660	16200	27000
661	7200	30600
662	19800	27000
663	19800	27000
664	18000	41400
665	9000	19800
666	16200	27000
667	16200	27000
668	7200	30600
669	7200	30600
670	16200	27000
671	12600	19800
672	7200	30600
673	16200	27000
674	19800	27000
675	9000	19800
676	19800	27000
677	16200	23400
678	9000	19800
679	12600	19800
680	16200	23400
681	7200	30600
682	23400	30600
683	7200	30600
684	12600	19800
685	19800	27000
686	19800	27000
687	19800	27000
688	12600	19800
689	9000	19800
690	16200	27000
691	12600	19800
692	16200	27000
693	16200	27000
694	7200	29700
695	18000	41400
696	23400	30600
697	9000	19800
698	23400	30600
699	12600	19800
700	18000	41400
701	12600	19800
702	12600	19800
703	23400	30600
704	12600	19800
705	7200	30600
706	16200	27000
707	12600	19800
708	19800	27000
709	19800	27000
710	7200	30600
711	19800	27000
712	23400	30600
713	19800	27000
714	19800	27000
715	23400	30600
716	16200	23400
717	19800	27000
718	16200	27000
719	23400	30600
720	7200	29700
721	7200	30600
722	16200	27000
723	7200	30600
724	19800	27000
725	7200	30600
726	23400	30600
727	7200	30600
728	7200	29700
729	23400	30600
730	16200	23400
731	16200	27000
732	7200	29700
733	23400	30600
734	23400	30600
735	16200	27000
736	19800	27000
737	16200	27000
738	16200	27000
739	18000	41400
740	23400	30600
741	7200	30600
742	23400	30600
743	7200	30600
744	16200	27000
745	7200	30600
746	19800	27000
747	23400	30600
748	16200	26100
749	19800	27000
750	23400	30600
751	19800	27000
752	23400	30600
753	16200	27000
754	23400	30600
755	7200	30600
756	19800	27000
757	16200	23400
758	16200	26100
759	19800	27000
760	19800	27000
761	23400	30600
762	19800	27000
763	7200	30600
764	19800	27000
765	19800	27000
766	23400	30600
767	16200	23400
768	23400	30600
769	16200	27000
770	23400	30600
771	19800	27000
772	7200	30600
773	7200	30600
774	16200	27000
775	23400	30600
776	16200	25200
777	16200	27000
778	19800	27000
779	16200	27000
780	23400	30600
781	16200	25200
782	23400	30600
783	7200	29700
784	23400	30600
785	23400	30600
786	16200	23400
787	7200	30600
788	19800	27000
789	19800	27000
790	16200	25200
791	7200	30600
792	7200	30600
793	23400	30600
794	7200	29700
795	7200	30600
796	7200	29700
797	7200	30600
798	19800	27000
799	16200	25200
800	16200	27000
801	7200	30600
802	16200	23400
803	7200	30600
804	16200	27000
805	23400	30600
806	7200	29700
807	16200	27000
808	23400	30600
809	23400	30600
810	23400	30600
811	19800	27000
812	7200	30600
813	19800	27000
814	23400	30600
815	18000	40500
816	23400	30600
817	16200	27000
818	16200	23400
819	16200	27000
820	23400	30600
821	7200	30600
822	23400	30600
823	16200	23400
824	19800	27000
825	19800	27000
826	7200	30600
827	7200	30600
828	18000	41400
829	19800	27000
830	16200	26100
831	7200	30600
832	19800	27000
833	7200	30600
834	19800	27000
835	16200	27000
836	19800	27000
837	23400	30600
838	19800	27000
839	16200	27000
840	16200	27000
841	7200	30600
842	19800	27000
843	23400	30600
844	7200	29700
845	23400	30600
846	16200	27000
847	16200	27000
848	19800	27000
849	16200	27000
850	23400	30600
851	7200	30600
852	16200	27000
853	23400	30600
854	23400	30600
855	7200	30600
856	16200	27000
857	16200	27000
858	23400	30600
859	23400	30600
860	7200	30600
861	16200	27000
862	7200	30600
863	19800	27000
864	19800	27000
865	23400	30600
866	7200	30600
867	16200	25200
868	23400	30600
869	19800	27000
870	16200	27000
871	19800	27000
872	19800	27000
873	23400	29700
874	23400	30600
875	16200	27000
876	19800	27000
877	23400	30600
878	16200	27000
879	7200	30600
RELEASE_TIME_SECTION
1	0
2	5400
3	5400
4	5400
5	5400
6	5400
7	5400
8	5400
9	5400
10	5400
11	5400
12	5400
13	5400
14	5400
15	5400
16	5400
17	5400
18	5400
19	5400
20	5400
21	5400
22	5400
23	5400
24	5400
25	5400
26	5400
27	5400
28	5400
29	5400
30	5400
31	5400
32	5400
33	5400
34	5400
35	5400
36	5400
37	5400
38	5400
39	5400
40	5400
41	5400
42	5400
43	5400
44	5400
45	5400
46	5400
47	5400
48	5400
49	5400
50	5400
51	5400
52	5400
53	5400
54	5400
55	5400
56	5400
57	5400
58	5400
59	5400
60	5400
61	5400
62	5400
63	5400
64	5400
65	5400
66	5400
67	5400
68	5400
69	5400
70	5400
71	5400
72	5400
73	5400
74	5400
75	5400
76	5400
77	5400
78	5400
79	5400
80	5400
81	5400
82	5400
83	5400
84	5400
85	5400
86	5400
87	5400
88	5400
89	5400
90	5400
91	5400
92	5400
93	5400
94	5400
95	5400
96	5400
97	5400
98	5400
99	5400
100	5400
101	5400
102	7200
103	7200
104	7200
105	7200
106	7200
107	7200
108	7200
109	7200
110	7200
111	7200
112	7200
113	7200
114	7200
115	7200
116	7200
117	7200
118	7200
119	7200
120	7200
121	7200
122	7200
123	7200
124	7200
125	7200
126	7200
127	7200
128	7200
129	7200
130	7200
131	7200
132	7200
133	7200
134	7200
135	7200
136	7200
137	7200
138	7200
139	7200
140	7200
141	7200
142	7200
143	7200
144	7200
145	7200
146	7200
147	7200
148	7200
149	7200
150	7200
151	7200
152	7200
153	7200
154	7200
155	7200
156	7200
157	7200
158	7200
159	7200
160	7200
161	7200
162	7200
163	7200
164	7200
165	7200
166	7200
167	7200
168	7200
169	7200
170	7200
171	7200
172	7200
173	7200
174	7200
175	7200
176	7200
177	7200
178	7200
179	7200
180	7200
181	7200
182	7200
183	7200
184	7200
185	7200
186	7200
187	7200
188	7200
189	7200
190	7200
191	7200
192	7200
193	7200
194	7200
195	7200
196	7200
197	7200
198	7200
199	7200
200	7200
201	7200
202	9000
203	9000
204	9000
205	9000
206	9000
207	9000
208	9000
209	9000
210	9000
211	9000
212	9000
213	9000
214	9000
215	9000
216	9000
217	9000
218	9000
219	9000
220	9000
221	9000
222	9000
223	9000
224	9000
225	9000
226	9000
227	9000
228	9000
229	9000
230	9000
231	9000
232	9000
233	9000
234	9000
235	9000
236	9000
237	9000
238	9000
239	9000
240	9000
241	9000
242	9000
243	9000
244	9000
245	9000
246	9000
247	9000
248	9000
249	9000
250	9000
251	9000
252	9000
253	9000
254	9000
255	9000
256	9000
257	9000
258	9000
259	9000
260	9000
261	9000
262	9000
263	9000
264	9000
265	9000
266	9000
267	9000
268	9000
269	9000
270	9000
271	9000
272	9000
273	9000
274	9000
275	9000
276	9000
277	9000
278	9000
279	9000
280	9000
281	9000
282	9000
283	9000
284	9000
285	9000
286	9000
287	9000
288	9000
289	9000
290	9000
291	9000
292	9000
293	9000
294	9000
295	9000
296	9000
297	9000
298	9000
299	9000
300	9000
301	9000
302	10800
303	10800
304	10800
305	10800
306	10800
307	10800
308	10800
309	10800
310	10800
311	10800
312	10800
313	10800
314	10800
315	10800
316	10800
317	10800
318	10800
319	10800
320	10800
321	10800
322	10800
323	10800
324	10800
325	10800
326	10800
327	10800
328	10800
329	10800
330	10800
331	10800
332	10800
333	10800
334	10800
335	10800
336	10800
337	10800
338	10800
339	10800
340	10800
341	10800
342	10800
343	10800
344	10800
345	10800
346	10800
347	10800
348	10800
349	10800
350	10800
351	10800
352	10800
353	10800
354	10800
355	10800
356	10800
357	10800
358	10800
359	10800
360	10800
361	10800
362	10800
363	10800
364	10800
365	10800
366	10800
367	10800
368	10800
369	10800
370	10800
371	10800
372	10800
373	10800
374	10800
375	10800
376	10800
377	10800
378	10800
379	10800
380	10800
381	10800
382	10800
383	10800
384	10800
385	10800
386	10800
387	10800
388	10800
389	10800
390	10800
391	10800
392	10800
393	10800
394	10800
395	10800
396	12600
397	12600
398	12600
399	12600
400	12600
401	12600
402	12600
403	12600
404	12600
405	12600
406	12600
407	12600
408	12600
409	12600
410	12600
411	12600
412	12600
413	12600
414	12600
415	12600
416	12600
417	12600
418	12600
419	12600
420	12600
421	12600
422	12600
423	12600
424	12600
425	12600
426	12600
427	12600
428	12600
429	12600
430	12600
431	12600
432	12600
433	12600
434	12600
435	12600
436	12600
437	12600
438	12600
439	12600
440	12600
441	12600
442	12600
443	12600
444	12600
445	12600
446	12600
447	12600
448	12600
449	12600
450	12600
451	12600
452	12600
453	12600
454	12600
455	12600
456	12600
457	12600
458	12600
459	12600
460	12600
461	12600
462	12600
463	12600
464	12600
465	12600
466	12600
467	12600
468	12600
469	12600
470	12600
471	12600
472	12600
473	12600
474	12600
475	12600
476	12600
477	12600
478	12600
479	14400
480	14400
481	14400
482	14400
483	14400
484	14400
485	14400
486	14400
487	14400
488	14400
489	14400
490	14400
491	14400
492	14400
493	14400
494	14400
495	14400
496	14400
497	14400
498	14400
499	14400
500	14400
501	14400
502	14400
503	14400
504	14400
505	14400
506	14400
507	14400
508	14400
509	14400
510	14400
511	14400
512	14400
513	14400
514	14400
515	14400
516	14400
517	14400
518	14400
519	14400
520	14400
521	14400
522	14400
523	14400
524	14400
525	14400
526	14400
527	14400
528	14400
529	14400
530	14400
531	14400
532	14400
533	14400
534	14400
535	14400
536	14400
537	14400
538	14400
539	14400
540	14400
541	14400
542	14400
543	14400
544	14400
545	14400
546	14400
547	14400
548	14400
549	14400
550	14400
551	14400
552	14400
553	14400
554	14400
555	14400
556	14400
557	14400
558	14400
559	14400
560	14400
561	14400
562	14400
563	16200
564	16200
565	16200
566	16200
567	16200
568	16200
569	16200
570	16200
571	16200
572	16200
573	16200
574	16200
575	16200
576	16200
577	16200
578	16200
579	16200
580	16200
581	16200
582	16200
583	16200
584	16200
585	16200
586	16200
587	16200
588	16200
589	16200
590	16200
591	16200
592	16200
593	16200
594	16200
595	16200
596	16200
597	16200
598	16200
599	16200
600	16200
601	16200
602	16200
603	16200
604	16200
605	16200
606	16200
607	16200
608	16200
609	16200
610	16200
611	16200
612	16200
613	16200
614	16200
615	16200
616	16200
617	16200
618	16200
619	16200
620	16200
621	16200
622	16200
623	16200
624	16200
625	16200
626	16200
627	16200
628	16200
629	16200
630	16200
631	16200
632	16200
633	16200
634	16200
635	16200
636	16200
637	16200
638	16200
639	16200
640	16200
641	16200
642	16200
643	16200
644	16200
645	16200
646	18000
647	18000
648	18000
649	18000
650	18000
651	18000
652	18000
653	18000
654	18000
655	18000
656	18000
657	18000
658	18000
659	18000
660	18000
661	18000
662	18000
663	18000
664	18000
665	18000
666	18000
667	18000
668	18000
669	18000
670	18000
671	18000
672	18000
673	18000
674	18000
675	18000
676	18000
677	18000
678	18000
679	18000
680	18000
681	18000
682	18000
683	18000
684	18000
685	18000
686	18000
687	18000
688	18000
689	18000
690	18000
691	18000
692	18000
693	18000
694	18000
695	18000
696	18000
697	18000
698	18000
699	18000
700	18000
701	18000
702	18000
703	18000
704	18000
705	18000
706	18000
707	18000
708	18000
709	18000
710	18000
711	18000
712	18000
713	18000
714	18000
715	18000
716	18000
717	18000
718	19800
719	19800
720	19800
721	19800
722	19800
723	19800
724	19800
725	19800
726	19800
727	19800
728	19800
729	19800
730	19800
731	19800
732	19800
733	19800
734	19800
735	19800
736	19800
737	19800
738	19800
739	19800
740	19800
741	19800
742	19800
743	19800
744	19800
745	19800
746	19800
747	19800
748	19800
749	19800
750	19800
751	19800
752	19800
753	19800
754	19800
755	19800
756	19800
757	19800
758	19800
759	19800
760	19800
761	19800
762	19800
763	19800
764	19800
765	19800
766	19800
767	19800
768	19800
769	19800
770	19800
771	19800
772	19800
773	19800
774	21600
775	21600
776	21600
777	21600
778	21600
779	21600
780	21600
781	21600
782	21600
783	21600
784	21600
785	21600
786	21600
787	21600
788	21600
789	21600
790	21600
791	21600
792	21600
793	21600
794	21600
795	21600
796	21600
797	21600
798	21600
799	21600
800	21600
801	21600
802	21600
803	21600
804	21600
805	21600
806	21600
807	21600
808	21600
809	21600
810	21600
811	21600
812	21600
813	21600
814	21600
815	21600
816	21600
817	21600
818	21600
819	21600
820	21600
821	21600
822	21600
823	21600
824	21600
825	21600
826	21600
827	23400
828	23400
829	23400
830	23400
831	23400
832	23400
833	23400
834	23400
835	23400
836	23400
837	23400
838	23400
839	23400
840	23400
841	23400
842	23400
843	23400
844	23400
845	23400
846	23400
847	23400
848	23400
849	23400
850	23400
851	23400
852	23400
853	23400
854	23400
855	23400
856	23400
857	23400
858	23400
859	23400
860	23400
861	23400
862	23400
863	23400
864	23400
865	23400
866	23400
867	23400
868	23400
869	23400
870	23400
871	23400
872	23400
873	23400
874	23400
875	23400
876	23400
877	23400
878	23400
879	23400
EOF
