NAME : ORTEC-VRPTW-ASYM-e92a0b44-d1-n889
TYPE : VRPTW-RT
DIMENSION : 890
EDGE_WEIGHT_TYPE : EUC_2D
CAPACITY : 145
NODE_COORD_SECTION
1	0	4141
2	1918	2917
3	775	3626
4	885	3421
5	1374	2853
6	433	5129
7	1199	4809
8	507	4909
9	1456	1645
10	465	5307
11	645	4291
12	1698	1576
13	1169	4743
14	1370	1652
15	1627	3015
16	1519	3441
17	1415	3258
18	1838	1419
19	1400	1652
20	871	3481
21	1235	4129
22	553	4995
23	1633	2618
24	1411	1702
25	429	4317
26	1923	2836
27	1783	2971
28	660	4136
29	1515	3589
30	1554	3287
31	1415	3258
32	1176	3821
33	260	5098
34	967	5065
35	1715	3088
36	1149	3435
37	626	5503
38	1835	3638
39	271	5125
40	930	3305
41	1633	1527
42	679	4905
43	1266	3467
44	1521	1124
45	1372	3975
46	1538	1568
47	477	4429
48	1181	3345
49	1221	3194
50	386	5017
51	1842	2654
52	1132	3635
53	739	4734
54	421	4821
55	1228	3508
56	1115	3811
57	1135	3683
58	1841	1546
59	883	3637
60	1179	4145
61	1698	1576
62	127	5032
63	322	4778
64	1013	3525
65	1963	2714
66	1615	1480
67	1083	4030
68	1349	1684
69	547	4619
70	1081	3600
71	1181	3345
72	1630	1275
73	1542	3671
74	1633	1527
75	1854	1522
76	1046	3778
77	1085	3451
78	1754	3711
79	1060	3546
80	396	4553
81	1830	3148
82	1146	3512
83	420	5093
84	1406	3427
85	1420	1041
86	1046	3778
87	936	3533
88	1370	1652
89	487	5011
90	1227	3557
91	501	5144
92	518	4532
93	1439	3531
94	1577	1451
95	1674	1614
96	410	5054
97	1459	3004
98	1393	3887
99	812	4001
100	1630	1275
101	1696	3167
102	1059	3897
103	1572	1306
104	119	4971
105	1564	3805
106	1823	3091
107	1411	1702
108	1349	1684
109	116	5237
110	1698	3002
111	1698	1131
112	1768	1638
113	931	4990
114	1111	3708
115	989	4058
116	1359	3630
117	1754	3711
118	858	3338
119	1435	2959
120	1567	2984
121	1003	3729
122	553	5029
123	260	5098
124	1606	2952
125	1963	2714
126	1254	4838
127	840	4203
128	771	3429
129	913	3518
130	1374	2853
131	1359	3630
132	1828	1262
133	1923	2836
134	389	4288
135	1004	4090
136	1103	4640
137	1691	534
138	1585	2962
139	1169	4743
140	1083	4030
141	1554	3287
142	1245	3787
143	1518	3570
144	553	4995
145	930	4373
146	936	3533
147	1754	3711
148	1661	3797
149	1382	3946
150	1101	4925
151	1130	3679
152	1146	3512
153	951	3621
154	753	4528
155	917	3325
156	1199	4809
157	457	5159
158	1566	2623
159	1146	3512
160	1660	2958
161	1828	1262
162	1311	4678
163	1745	1400
164	1084	4920
165	421	4821
166	1003	3729
167	997	3419
168	322	4778
169	1231	3495
170	541	5338
171	460	5210
172	1221	3635
173	1698	1131
174	1577	1451
175	1567	2915
176	489	4525
177	1483	3409
178	1336	3760
179	1355	4742
180	496	4686
181	1187	3408
182	1370	1652
183	1642	3807
184	386	5017
185	989	4058
186	1054	4894
187	1552	4527
188	1221	3194
189	930	3305
190	1696	3167
191	645	4291
192	1549	913
193	679	4243
194	1132	3635
195	1074	4627
196	1854	1522
197	1169	4743
198	1968	2853
199	1374	3474
200	1106	3390
201	918	4013
202	1546	3536
203	1315	3472
204	1134	4871
205	1175	3827
206	753	4528
207	1078	4994
208	455	4249
209	1521	1124
210	1235	4129
211	1420	1041
212	1466	4406
213	630	4250
214	127	5032
215	1577	1451
216	1100	3198
217	585	4531
218	469	5539
219	1586	1563
220	1801	3091
221	548	4458
222	1236	3535
223	632	5385
224	393	4782
225	897	3793
226	1061	3762
227	1135	3683
228	524	4256
229	457	4438
230	477	4429
231	1111	3947
232	338	5351
233	1063	3703
234	129	5000
235	1236	3535
236	907	4365
237	1085	3451
238	704	4354
239	1838	1419
240	920	4973
241	1660	2958
242	1254	3563
243	1446	1005
244	495	4820
245	1674	1614
246	1430	3659
247	1236	3535
248	1638	1448
249	1435	3550
250	1115	4065
251	1698	1131
252	1370	1652
253	524	4256
254	1190	4813
255	1411	1702
256	553	5029
257	1227	3557
258	1696	3167
259	907	4365
260	943	3984
261	321	4758
262	465	5307
263	899	3283
264	1816	1111
265	1813	1269
266	1003	3729
267	1402	4690
268	1828	1262
269	548	4458
270	1552	4527
271	947	3551
272	1219	4633
273	436	4386
274	1603	1516
275	408	5374
276	393	4782
277	559	4649
278	421	4821
279	1263	4147
280	1370	1652
281	969	3315
282	1331	3558
283	969	3315
284	465	5307
285	116	5237
286	1100	3198
287	1519	3441
288	1190	4813
289	1411	1702
290	943	3984
291	396	4553
292	1359	3630
293	1016	3805
294	1004	4090
295	1854	1522
296	297	5144
297	1734	800
298	926	3729
299	1160	3921
300	1828	1262
301	582	5464
302	896	3612
303	1626	1668
304	471	4139
305	547	4619
306	989	4058
307	668	3359
308	930	4373
309	1525	919
310	897	3793
311	322	4778
312	458	4542
313	548	4458
314	909	3234
315	467	4800
316	1111	3947
317	477	4429
318	127	5032
319	1626	1668
320	493	5185
321	1642	3807
322	1332	3642
323	753	5110
324	1545	1647
325	1060	3546
326	1718	1070
327	1661	3797
328	431	5242
329	1689	1550
330	1459	3004
331	1164	3721
332	1545	1647
333	1238	3666
334	952	3797
335	457	4438
336	1103	4640
337	1208	3605
338	455	4249
339	1221	3635
340	940	3749
341	1613	2759
342	477	4429
343	795	3964
344	857	3207
345	567	5357
346	1608	3724
347	607	4986
348	1423	1615
349	1841	1546
350	940	3749
351	1162	4032
352	1347	3610
353	1355	3490
354	133	4946
355	1406	3427
356	1660	2958
357	1158	3824
358	1518	3570
359	469	4677
360	1184	3648
361	1393	3887
362	660	5538
363	1838	1419
364	1175	3827
365	386	5017
366	1084	4920
367	668	3841
368	1417	3187
369	1608	3402
370	1613	2759
371	930	4373
372	1129	3362
373	1512	3571
374	1181	3345
375	1519	3441
376	1702	1439
377	1203	4696
378	603	4872
379	469	5539
380	974	3525
381	947	3551
382	442	4881
383	747	3420
384	605	4649
385	471	4139
386	1115	3811
387	1776	3089
388	378	5227
389	1070	4291
390	343	4655
391	931	4990
392	430	4401
393	1231	3495
394	1923	2836
395	1564	3805
396	1179	4145
397	1699	2909
398	133	4946
399	1630	1275
400	495	4820
401	1061	3762
402	1129	4958
403	896	3612
404	427	5219
405	116	5237
406	239	4933
407	322	4778
408	1162	4859
409	669	4345
410	507	4909
411	997	3419
412	1841	1546
413	1263	4147
414	741	5428
415	1103	4640
416	1839	2824
417	1549	913
418	1446	1750
419	1241	3910
420	1684	1570
421	471	4139
422	645	4291
423	1204	3568
424	1631	2693
425	585	4531
426	1034	3166
427	1332	3642
428	997	3179
429	239	4933
430	1792	2635
431	1130	3679
432	1518	3562
433	318	5286
434	1613	2759
435	1783	3273
436	558	5505
437	351	4868
438	1530	2919
439	1435	3550
440	628	4575
441	458	4542
442	1043	3839
443	1439	3531
444	1709	1411
445	858	3338
446	1577	4021
447	1661	3797
448	421	4821
449	1372	3975
450	763	4237
451	1400	3708
452	1590	2816
453	679	4905
454	2035	2840
455	784	4366
456	930	3305
457	1868	2991
458	747	4096
459	1674	1614
460	1584	1635
461	1515	3589
462	429	4317
463	1684	1570
464	1828	1262
465	1390	3581
466	1812	2968
467	1631	2693
468	693	4490
469	936	3547
470	1581	1112
471	1355	3490
472	1765	3116
473	1109	3733
474	791	3580
475	540	5070
476	541	5338
477	1254	3268
478	1132	3635
479	455	4676
480	1549	913
481	457	5104
482	904	3636
483	1176	4100
484	985	3539
485	239	4933
486	1202	3559
487	1332	3642
488	1627	3015
489	630	4447
490	1016	4986
491	917	3325
492	1208	3605
493	1755	1381
494	917	3325
495	741	5428
496	509	5251
497	936	3547
498	931	4990
499	1765	3116
500	1271	3443
501	1415	3258
502	1627	3015
503	1430	3659
504	1577	1582
505	1430	3659
506	1221	3194
507	1115	4699
508	951	5210
509	1199	4809
510	1402	3441
511	1399	1474
512	1522	3785
513	1033	3741
514	507	4909
515	1661	3797
516	1079	3663
517	1126	3926
518	763	4237
519	645	4291
520	1078	4994
521	421	4821
522	434	5353
523	904	3636
524	913	3518
525	936	3547
526	784	4366
527	1016	3805
528	430	4401
529	1545	2967
530	501	5144
531	1081	3600
532	1264	3666
533	1828	1262
534	496	4686
535	1538	1568
536	459	5322
537	429	4317
538	832	5063
539	1417	3187
540	1813	1269
541	997	3419
542	343	4655
543	496	4686
544	1370	1652
545	1034	3166
546	1545	1647
547	649	4831
548	386	5017
549	637	4794
550	1400	1652
551	871	3481
552	338	5351
553	1608	3724
554	1604	1366
555	668	3841
556	1199	4809
557	1435	3550
558	1638	1448
559	1130	3679
560	539	4641
561	969	3456
562	997	3179
563	871	3481
564	438	4593
565	1473	2970
566	1698	1576
567	791	3580
568	541	5338
569	567	5357
570	1799	3062
571	907	4365
572	1203	4696
573	434	5353
574	605	4649
575	1100	3198
576	539	4641
577	969	3315
578	1013	3525
579	1699	2909
580	1423	1615
581	1466	4406
582	1627	3015
583	477	4429
584	943	3984
585	1221	3635
586	536	4460
587	981	5197
588	200	5438
589	1299	4580
590	343	4655
591	1446	1750
592	1525	919
593	1755	1381
594	1162	4859
595	343	4933
596	660	4136
597	544	5505
598	679	4243
599	632	5385
600	433	5129
601	457	5159
602	1027	3540
603	216	5455
604	607	4986
605	1828	1262
606	1374	2853
607	1109	3565
608	567	5357
609	969	3315
610	1187	3408
611	318	5286
612	1585	2962
613	918	4013
614	1677	589
615	457	5126
616	1459	3004
617	969	3456
618	1299	4580
619	1638	1448
620	1382	3946
621	1820	2670
622	1818	551
623	936	3547
624	1347	3610
625	445	4887
626	1390	3581
627	1028	3838
628	540	5070
629	1828	1262
630	1577	1451
631	1374	2853
632	1109	3565
633	1034	3166
634	679	4243
635	1525	919
636	396	4553
637	391	5139
638	493	5185
639	1028	3838
640	1199	4809
641	1684	1570
642	1111	3947
643	1542	4577
644	507	4909
645	1084	4920
646	1446	1005
647	1004	4090
648	1552	4527
649	129	5000
650	1603	1516
651	129	5000
652	997	3419
653	1061	3762
654	1066	5144
655	489	4525
656	1035	3632
657	1035	3632
658	997	3179
659	1431	4679
660	784	4366
661	1786	3168
662	1085	3451
663	1162	4032
664	1659	3831
665	70	4910
666	1715	3088
667	1162	4032
668	547	4619
669	1698	1576
670	1830	3148
671	1812	2968
672	1545	2967
673	941	4299
674	1227	3557
675	981	5197
676	1228	3508
677	547	4619
678	979	3217
679	704	4354
680	544	5505
681	1546	3536
682	1718	1070
683	1745	1400
684	1084	3796
685	1016	4986
686	574	5156
687	1254	4838
688	116	5237
689	457	5126
690	926	3729
691	1266	3467
692	503	5108
693	1079	3663
694	524	4256
695	1393	3887
696	1074	4627
697	1431	4679
698	1126	3926
699	979	3217
700	1374	3474
701	1176	3821
702	1035	3632
703	1263	4147
704	1263	4147
705	1066	3682
706	429	4317
707	1581	1112
708	1199	3473
709	476	5181
710	1016	3805
711	558	5505
712	431	5242
713	1661	3797
714	1698	3002
715	1521	1124
716	1336	3760
717	1910	997
718	436	4386
719	1168	3315
720	1022	4898
721	771	3429
722	1439	3531
723	393	4782
724	396	4553
725	1033	3741
726	457	5104
727	1626	1668
728	1751	966
729	660	5538
730	1792	2635
731	1081	3600
732	1208	3605
733	1328	3551
734	393	4782
735	1723	1404
736	1838	1419
737	489	4525
738	127	5032
739	1236	3535
740	1311	4678
741	439	5154
742	1515	3589
743	1063	3703
744	434	5353
745	1515	3589
746	1446	1005
747	1613	2656
748	1070	4291
749	775	3626
750	1411	1702
751	1349	1684
752	1577	1451
753	1284	3528
754	459	5322
755	1466	4406
756	553	4995
757	1354	3616
758	812	4001
759	1061	3762
760	410	5054
761	763	4237
762	1077	3759
763	907	4365
764	1419	2849
765	1586	1563
766	981	5197
767	1078	3205
768	1173	4840
769	1263	4147
770	995	5008
771	617	4865
772	1372	3180
773	1718	1070
774	1577	4021
775	1106	3390
776	1633	1527
777	1522	3590
778	603	4872
779	1833	2705
780	1924	2716
781	1129	4958
782	1638	1445
783	997	3179
784	1126	3926
785	1060	4035
786	840	4203
787	1274	3710
788	1400	3708
789	632	5385
790	812	4001
791	980	4992
792	1149	3435
793	1168	3315
794	1149	3435
795	1714	2653
796	1456	1645
797	977	3267
798	1835	3638
799	1028	3838
800	420	5093
801	1296	3488
802	711	4363
803	445	4887
804	907	4365
805	914	3181
806	558	5505
807	1792	2635
808	914	3181
809	1783	2971
810	1577	1451
811	1420	1041
812	574	5156
813	1109	3565
814	1176	4100
815	871	3262
816	518	4532
817	1724	2686
818	871	3262
819	1659	3831
820	1271	4889
821	1367	3574
822	1271	3443
823	1169	4743
824	1078	4994
825	1254	3563
826	438	4593
827	645	4291
828	979	3217
829	144	5025
830	427	5219
831	1660	2958
832	1584	1635
833	1078	3205
834	445	4887
835	282	4858
836	394	5437
837	747	4096
838	420	5093
839	1459	3004
840	1613	2759
841	1170	3715
842	1033	3741
843	1542	3671
844	540	5070
845	1004	4090
846	1431	4679
847	985	3539
848	1659	3831
849	547	4619
850	1768	1638
851	1126	3826
852	951	5210
853	1483	3409
854	129	5000
855	1169	4743
856	1910	997
857	1066	3682
858	1111	3947
859	1254	3563
860	1149	3435
861	1033	3741
862	410	5054
863	1439	3531
864	1127	3511
865	430	4401
866	1659	2706
867	1597	1424
868	1525	3230
869	885	3421
870	1412	3660
871	351	4868
872	1253	3591
873	1699	2909
874	431	5242
875	1238	3672
876	660	5538
877	1162	4032
878	1133	3352
879	711	4363
880	343	4933
881	582	5464
882	433	5129
883	1545	2967
884	1816	1111
885	1204	3568
886	457	4438
887	1512	3571
888	1630	1275
889	582	5464
890	129	5000
DEMAND_SECTION
1	0
2	13
3	8
4	6
5	4
6	3
7	19
8	7
9	5
10	10
11	5
12	11
13	6
14	7
15	4
16	7
17	4
18	6
19	8
20	6
21	5
22	8
23	5
24	4
25	6
26	7
27	5
28	4
29	5
30	9
31	7
32	7
33	3
34	3
35	4
36	3
37	9
38	8
39	2
40	7
41	9
42	11
43	4
44	5
45	4
46	6
47	4
48	12
49	5
50	8
51	13
52	4
53	8
54	4
55	6
56	8
57	5
58	8
59	8
60	4
61	7
62	19
63	4
64	8
65	5
66	9
67	4
68	17
69	6
70	4
71	7
72	7
73	13
74	6
75	5
76	4
77	3
78	3
79	6
80	4
81	10
82	12
83	8
84	13
85	5
86	2
87	5
88	4
89	8
90	5
91	7
92	8
93	4
94	8
95	6
96	5
97	7
98	5
99	7
100	8
101	7
102	4
103	5
104	4
105	13
106	3
107	8
108	9
109	7
110	3
111	4
112	9
113	4
114	4
115	4
116	5
117	6
118	4
119	4
120	4
121	6
122	6
123	5
124	4
125	9
126	4
127	13
128	5
129	7
130	5
131	7
132	3
133	6
134	8
135	4
136	11
137	4
138	9
139	6
140	2
141	8
142	4
143	3
144	7
145	4
146	6
147	3
148	4
149	8
150	9
151	5
152	4
153	7
154	4
155	10
156	6
157	5
158	5
159	9
160	3
161	5
162	3
163	6
164	7
165	14
166	6
167	3
168	3
169	2
170	5
171	20
172	17
173	8
174	4
175	5
176	11
177	3
178	4
179	6
180	5
181	12
182	7
183	8
184	10
185	8
186	7
187	3
188	7
189	5
190	2
191	4
192	11
193	8
194	5
195	3
196	9
197	8
198	6
199	5
200	17
201	7
202	5
203	3
204	4
205	4
206	4
207	8
208	10
209	10
210	5
211	8
212	3
213	5
214	6
215	8
216	7
217	10
218	6
219	5
220	6
221	7
222	6
223	7
224	6
225	5
226	8
227	5
228	4
229	6
230	3
231	5
232	11
233	4
234	4
235	7
236	6
237	5
238	4
239	6
240	8
241	8
242	8
243	11
244	6
245	8
246	10
247	5
248	14
249	8
250	7
251	5
252	6
253	8
254	6
255	5
256	4
257	7
258	3
259	3
260	3
261	4
262	7
263	2
264	14
265	4
266	4
267	6
268	12
269	9
270	5
271	4
272	6
273	14
274	8
275	7
276	5
277	3
278	5
279	4
280	12
281	4
282	10
283	5
284	11
285	6
286	5
287	8
288	7
289	5
290	7
291	3
292	9
293	4
294	3
295	4
296	11
297	5
298	4
299	5
300	7
301	3
302	7
303	7
304	6
305	6
306	5
307	3
308	5
309	4
310	9
311	6
312	5
313	14
314	8
315	4
316	5
317	9
318	7
319	5
320	4
321	4
322	3
323	8
324	6
325	6
326	7
327	2
328	4
329	4
330	9
331	3
332	3
333	8
334	14
335	4
336	6
337	4
338	19
339	5
340	7
341	5
342	8
343	8
344	5
345	4
346	10
347	5
348	5
349	3
350	10
351	5
352	8
353	5
354	7
355	2
356	5
357	6
358	5
359	7
360	5
361	9
362	5
363	8
364	4
365	7
366	5
367	5
368	6
369	8
370	9
371	5
372	8
373	9
374	4
375	2
376	7
377	4
378	8
379	3
380	5
381	4
382	4
383	8
384	6
385	7
386	5
387	4
388	9
389	6
390	11
391	4
392	2
393	5
394	5
395	7
396	8
397	5
398	7
399	13
400	4
401	8
402	4
403	9
404	7
405	5
406	6
407	5
408	6
409	4
410	9
411	5
412	8
413	4
414	10
415	8
416	8
417	4
418	5
419	4
420	5
421	4
422	5
423	4
424	11
425	4
426	3
427	5
428	5
429	5
430	7
431	7
432	8
433	11
434	3
435	8
436	8
437	5
438	4
439	4
440	5
441	6
442	3
443	6
444	10
445	7
446	8
447	6
448	4
449	6
450	1
451	6
452	8
453	6
454	9
455	5
456	4
457	6
458	7
459	5
460	6
461	7
462	3
463	10
464	3
465	8
466	4
467	20
468	4
469	5
470	2
471	8
472	3
473	6
474	5
475	9
476	9
477	3
478	3
479	9
480	8
481	6
482	5
483	7
484	4
485	4
486	4
487	5
488	17
489	10
490	4
491	3
492	3
493	3
494	5
495	4
496	12
497	4
498	19
499	4
500	4
501	5
502	5
503	9
504	5
505	8
506	6
507	6
508	4
509	8
510	13
511	6
512	5
513	8
514	9
515	20
516	4
517	4
518	5
519	4
520	8
521	9
522	10
523	6
524	6
525	5
526	5
527	5
528	16
529	7
530	7
531	4
532	4
533	9
534	3
535	5
536	5
537	8
538	6
539	12
540	6
541	3
542	9
543	4
544	3
545	6
546	3
547	3
548	8
549	7
550	6
551	5
552	2
553	6
554	7
555	12
556	11
557	10
558	5
559	6
560	5
561	4
562	4
563	11
564	6
565	7
566	6
567	5
568	13
569	6
570	8
571	4
572	6
573	4
574	8
575	4
576	3
577	6
578	7
579	6
580	5
581	7
582	5
583	13
584	4
585	7
586	5
587	5
588	5
589	9
590	8
591	4
592	5
593	3
594	11
595	7
596	3
597	4
598	3
599	6
600	5
601	3
602	5
603	5
604	6
605	9
606	8
607	8
608	8
609	6
610	3
611	6
612	4
613	5
614	3
615	37
616	3
617	3
618	4
619	5
620	8
621	3
622	2
623	8
624	6
625	6
626	4
627	11
628	3
629	7
630	4
631	6
632	8
633	7
634	9
635	6
636	9
637	9
638	6
639	6
640	3
641	6
642	5
643	4
644	6
645	7
646	8
647	10
648	6
649	10
650	4
651	11
652	6
653	5
654	9
655	5
656	6
657	16
658	9
659	3
660	9
661	5
662	3
663	5
664	4
665	5
666	7
667	9
668	6
669	7
670	4
671	7
672	6
673	8
674	6
675	7
676	10
677	4
678	4
679	10
680	7
681	7
682	7
683	7
684	6
685	8
686	10
687	8
688	4
689	8
690	5
691	4
692	7
693	3
694	7
695	3
696	4
697	8
698	7
699	4
700	7
701	8
702	4
703	13
704	13
705	4
706	8
707	11
708	6
709	5
710	9
711	7
712	8
713	5
714	6
715	3
716	19
717	6
718	6
719	4
720	5
721	7
722	5
723	7
724	6
725	9
726	4
727	5
728	7
729	6
730	6
731	12
732	7
733	7
734	17
735	6
736	6
737	9
738	6
739	5
740	4
741	11
742	4
743	9
744	6
745	4
746	7
747	3
748	4
749	8
750	11
751	4
752	4
753	11
754	5
755	19
756	4
757	8
758	4
759	5
760	11
761	5
762	4
763	3
764	9
765	5
766	5
767	4
768	6
769	6
770	9
771	6
772	3
773	4
774	6
775	4
776	6
777	6
778	7
779	6
780	9
781	5
782	13
783	2
784	9
785	8
786	13
787	4
788	6
789	6
790	4
791	7
792	3
793	10
794	17
795	8
796	6
797	8
798	9
799	3
800	4
801	5
802	3
803	11
804	13
805	5
806	3
807	4
808	3
809	7
810	9
811	6
812	8
813	5
814	5
815	4
816	13
817	4
818	20
819	5
820	4
821	5
822	9
823	5
824	3
825	9
826	2
827	10
828	4
829	4
830	12
831	3
832	7
833	6
834	6
835	4
836	13
837	10
838	3
839	5
840	5
841	5
842	9
843	7
844	5
845	4
846	11
847	5
848	8
849	8
850	8
851	9
852	6
853	12
854	6
855	4
856	4
857	9
858	4
859	6
860	11
861	3
862	8
863	4
864	11
865	5
866	6
867	7
868	4
869	3
870	7
871	6
872	6
873	6
874	5
875	2
876	13
877	4
878	5
879	5
880	9
881	3
882	3
883	4
884	12
885	10
886	7
887	9
888	8
889	6
890	5
DEPOT_SECTION
1
-1
SERVICE_TIME_SECTION
1	0
2	720
3	480
4	600
5	660
6	840
7	960
8	960
9	840
10	420
11	660
12	480
13	360
14	780
15	360
16	540
17	600
18	600
19	480
20	600
21	1020
22	540
23	480
24	420
25	420
26	360
27	240
28	600
29	780
30	840
31	240
32	480
33	960
34	780
35	1500
36	480
37	600
38	840
39	600
40	900
41	480
42	360
43	600
44	720
45	600
46	360
47	600
48	660
49	600
50	240
51	360
52	1500
53	360
54	660
55	300
56	660
57	720
58	540
59	780
60	420
61	600
62	660
63	540
64	420
65	600
66	720
67	960
68	420
69	840
70	420
71	540
72	540
73	240
74	660
75	780
76	420
77	780
78	1080
79	720
80	540
81	1080
82	540
83	780
84	480
85	660
86	360
87	420
88	660
89	660
90	660
91	540
92	1140
93	840
94	540
95	300
96	420
97	420
98	420
99	1020
100	420
101	360
102	840
103	660
104	840
105	300
106	660
107	360
108	840
109	840
110	480
111	780
112	600
113	720
114	660
115	540
116	900
117	1140
118	420
119	780
120	1440
121	360
122	540
123	540
124	900
125	660
126	360
127	540
128	660
129	1020
130	480
131	720
132	900
133	360
134	1200
135	540
136	480
137	600
138	420
139	360
140	780
141	960
142	1260
143	900
144	360
145	300
146	600
147	420
148	780
149	900
150	1260
151	300
152	540
153	360
154	780
155	1020
156	540
157	720
158	300
159	720
160	540
161	780
162	660
163	780
164	780
165	780
166	480
167	480
168	720
169	1380
170	600
171	480
172	480
173	540
174	360
175	780
176	780
177	360
178	360
179	420
180	300
181	900
182	600
183	600
184	840
185	840
186	480
187	600
188	300
189	900
190	600
191	420
192	600
193	1200
194	480
195	600
196	480
197	480
198	540
199	780
200	480
201	780
202	540
203	540
204	600
205	540
206	300
207	660
208	540
209	960
210	540
211	840
212	1020
213	660
214	720
215	600
216	780
217	1500
218	780
219	300
220	720
221	780
222	420
223	660
224	660
225	840
226	960
227	600
228	300
229	540
230	480
231	540
232	540
233	1020
234	660
235	720
236	660
237	240
238	480
239	360
240	300
241	480
242	780
243	420
244	900
245	960
246	660
247	780
248	1500
249	540
250	540
251	900
252	1320
253	300
254	720
255	660
256	420
257	660
258	480
259	780
260	540
261	540
262	780
263	660
264	360
265	420
266	1500
267	300
268	900
269	600
270	840
271	420
272	540
273	600
274	660
275	1080
276	480
277	480
278	540
279	1020
280	420
281	420
282	420
283	660
284	480
285	600
286	480
287	840
288	600
289	1140
290	300
291	300
292	600
293	420
294	780
295	840
296	540
297	600
298	240
299	360
300	780
301	420
302	480
303	600
304	240
305	420
306	660
307	840
308	600
309	360
310	360
311	780
312	720
313	600
314	660
315	1080
316	780
317	480
318	660
319	780
320	540
321	360
322	780
323	420
324	420
325	540
326	540
327	1080
328	300
329	540
330	420
331	540
332	480
333	780
334	660
335	540
336	900
337	840
338	240
339	540
340	780
341	780
342	900
343	480
344	420
345	600
346	540
347	360
348	420
349	780
350	420
351	600
352	240
353	540
354	780
355	660
356	480
357	600
358	780
359	480
360	660
361	540
362	660
363	600
364	360
365	480
366	540
367	780
368	360
369	780
370	1500
371	540
372	420
373	720
374	600
375	1200
376	720
377	1080
378	420
379	360
380	1440
381	420
382	780
383	780
384	660
385	480
386	1020
387	720
388	600
389	720
390	300
391	660
392	900
393	480
394	300
395	300
396	600
397	720
398	420
399	600
400	300
401	360
402	540
403	540
404	480
405	900
406	780
407	840
408	1140
409	300
410	240
411	1140
412	900
413	360
414	420
415	1440
416	360
417	480
418	600
419	960
420	420
421	480
422	660
423	660
424	660
425	2280
426	540
427	420
428	300
429	360
430	420
431	420
432	420
433	900
434	420
435	540
436	1080
437	540
438	540
439	840
440	780
441	540
442	360
443	660
444	540
445	360
446	780
447	660
448	300
449	480
450	300
451	540
452	840
453	480
454	600
455	780
456	540
457	360
458	660
459	480
460	840
461	960
462	660
463	420
464	480
465	720
466	720
467	660
468	420
469	720
470	840
471	480
472	1260
473	480
474	1080
475	300
476	660
477	600
478	600
479	660
480	600
481	300
482	420
483	720
484	840
485	780
486	420
487	960
488	480
489	540
490	720
491	900
492	480
493	540
494	780
495	900
496	900
497	840
498	480
499	420
500	360
501	600
502	900
503	540
504	1500
505	600
506	660
507	360
508	600
509	540
510	420
511	780
512	600
513	540
514	960
515	1020
516	360
517	480
518	240
519	360
520	300
521	420
522	300
523	420
524	900
525	720
526	420
527	660
528	360
529	360
530	420
531	960
532	1140
533	1200
534	720
535	660
536	300
537	660
538	600
539	600
540	660
541	1140
542	660
543	360
544	480
545	360
546	540
547	600
548	360
549	360
550	600
551	540
552	660
553	300
554	480
555	480
556	1200
557	780
558	780
559	720
560	900
561	540
562	360
563	780
564	600
565	600
566	780
567	660
568	600
569	360
570	360
571	660
572	480
573	720
574	420
575	420
576	300
577	240
578	660
579	540
580	780
581	420
582	1320
583	720
584	480
585	360
586	480
587	360
588	600
589	1080
590	480
591	480
592	600
593	360
594	360
595	360
596	660
597	480
598	420
599	1140
600	420
601	540
602	540
603	840
604	360
605	300
606	480
607	360
608	540
609	300
610	840
611	1140
612	900
613	540
614	420
615	540
616	600
617	660
618	600
619	300
620	660
621	480
622	360
623	660
624	780
625	540
626	360
627	600
628	300
629	600
630	960
631	360
632	1140
633	960
634	660
635	960
636	900
637	300
638	360
639	540
640	960
641	360
642	660
643	420
644	660
645	840
646	540
647	1020
648	540
649	840
650	780
651	720
652	300
653	2280
654	960
655	1020
656	600
657	360
658	480
659	1260
660	960
661	780
662	300
663	900
664	780
665	480
666	540
667	480
668	360
669	480
670	540
671	780
672	780
673	660
674	660
675	660
676	480
677	840
678	780
679	300
680	780
681	780
682	480
683	480
684	420
685	420
686	300
687	600
688	900
689	600
690	600
691	540
692	840
693	360
694	480
695	480
696	240
697	960
698	780
699	480
700	900
701	360
702	1260
703	900
704	720
705	660
706	300
707	1140
708	540
709	660
710	540
711	540
712	900
713	480
714	540
715	720
716	480
717	300
718	840
719	300
720	480
721	300
722	540
723	300
724	480
725	660
726	360
727	480
728	240
729	480
730	780
731	900
732	360
733	540
734	360
735	900
736	840
737	360
738	840
739	780
740	360
741	660
742	840
743	660
744	540
745	480
746	420
747	540
748	540
749	480
750	360
751	900
752	780
753	780
754	360
755	540
756	540
757	720
758	600
759	780
760	540
761	780
762	360
763	540
764	720
765	300
766	480
767	480
768	780
769	360
770	420
771	480
772	540
773	900
774	360
775	540
776	480
777	480
778	720
779	540
780	540
781	420
782	600
783	660
784	840
785	1140
786	540
787	960
788	660
789	1080
790	540
791	660
792	780
793	240
794	600
795	300
796	900
797	480
798	540
799	360
800	480
801	660
802	660
803	360
804	540
805	360
806	660
807	480
808	660
809	420
810	540
811	840
812	360
813	840
814	720
815	960
816	420
817	360
818	780
819	360
820	600
821	600
822	360
823	720
824	480
825	360
826	540
827	420
828	2280
829	540
830	780
831	840
832	420
833	480
834	420
835	720
836	540
837	840
838	660
839	660
840	540
841	780
842	660
843	240
844	420
845	960
846	660
847	660
848	600
849	660
850	720
851	900
852	480
853	720
854	600
855	1140
856	300
857	600
858	1260
859	480
860	600
861	660
862	480
863	600
864	480
865	1260
866	840
867	420
868	660
869	660
870	780
871	780
872	480
873	540
874	480
875	840
876	240
877	780
878	660
879	660
880	420
881	600
882	720
883	360
884	840
885	300
886	900
887	1020
888	660
889	360
890	300
TIME_WINDOW_SECTION
1	0	45000
2	23400	30600
3	7200	30600
4	16200	23400
5	5400	12600
6	7200	30600
7	7200	29700
8	12600	19800
9	7200	30600
10	9000	16200
11	19800	27000
12	19800	27000
13	19800	27000
14	7200	30600
15	5400	12600
16	23400	30600
17	7200	29700
18	12600	19800
19	7200	30600
20	12600	19800
21	16200	23400
22	23400	30600
23	12600	19800
24	5400	12600
25	5400	12600
26	12600	19800
27	7200	30600
28	12600	19800
29	23400	30600
30	23400	29700
31	9000	16200
32	12600	19800
33	9000	16200
34	19800	27000
35	5400	12600
36	12600	19800
37	9000	16200
38	23400	30600
39	19800	27000
40	7200	30600
41	23400	30600
42	9000	16200
43	16200	23400
44	16200	23400
45	23400	30600
46	19800	27000
47	19800	27000
48	19800	27000
49	5400	12600
50	5400	12600
51	19800	27000
52	23400	30600
53	7200	30600
54	9000	16200
55	16200	23400
56	5400	12600
57	7200	30600
58	16200	23400
59	16200	23400
60	16200	23400
61	9000	16200
62	5400	12600
63	12600	19800
64	12600	19800
65	9000	16200
66	19800	27000
67	7200	30600
68	7200	30600
69	5400	12600
70	7200	29700
71	12600	19800
72	19800	27000
73	5400	12600
74	12600	19800
75	7200	30600
76	19800	27000
77	9000	16200
78	5400	12600
79	5400	12600
80	16200	23400
81	16200	23400
82	5400	12600
83	23400	30600
84	5400	12600
85	12600	19800
86	23400	30600
87	7200	30600
88	7200	30600
89	16200	23400
90	7200	30600
91	9000	16200
92	23400	30600
93	19800	27000
94	12600	19800
95	7200	30600
96	12600	19800
97	12600	19800
98	19800	27000
99	19800	27000
100	16200	23400
101	5400	12600
102	23400	30600
103	23400	30600
104	7200	30600
105	19800	27000
106	19800	27000
107	7200	30600
108	19800	27000
109	19800	27000
110	16200	23400
111	12600	19800
112	19800	27000
113	7200	30600
114	7200	30600
115	7200	29700
116	16200	23400
117	16200	23400
118	5400	12600
119	9000	16200
120	16200	23400
121	7200	30600
122	19800	27000
123	16200	23400
124	5400	12600
125	12600	19800
126	23400	30600
127	9000	15300
128	12600	19800
129	19800	27000
130	12600	19800
131	16200	23400
132	19800	27000
133	23400	30600
134	19800	27000
135	7200	30600
136	23400	30600
137	5400	12600
138	19800	27000
139	19800	27000
140	12600	19800
141	19800	27000
142	23400	30600
143	5400	12600
144	12600	19800
145	12600	19800
146	5400	12600
147	9000	16200
148	12600	19800
149	16200	23400
150	16200	23400
151	12600	19800
152	12600	19800
153	9000	16200
154	16200	23400
155	12600	19800
156	16200	23400
157	12600	19800
158	5400	11700
159	7200	30600
160	19800	27000
161	12600	19800
162	12600	19800
163	23400	30600
164	7200	30600
165	19800	26100
166	9000	16200
167	7200	30600
168	5400	12600
169	16200	23400
170	9000	16200
171	16200	23400
172	16200	23400
173	16200	23400
174	9000	16200
175	23400	30600
176	19800	27000
177	12600	19800
178	16200	23400
179	23400	30600
180	12600	19800
181	19800	27000
182	12600	19800
183	12600	19800
184	7200	30600
185	7200	29700
186	7200	30600
187	16200	23400
188	7200	30600
189	16200	23400
190	9000	16200
191	12600	19800
192	23400	30600
193	16200	23400
194	9000	16200
195	16200	23400
196	12600	19800
197	7200	30600
198	12600	19800
199	12600	19800
200	7200	30600
201	5400	12600
202	5400	12600
203	7200	30600
204	19800	27000
205	12600	19800
206	12600	18900
207	5400	12600
208	12600	19800
209	9000	16200
210	23400	30600
211	5400	12600
212	12600	19800
213	16200	22500
214	7200	30600
215	19800	27000
216	12600	19800
217	5400	12600
218	16200	23400
219	5400	12600
220	7200	30600
221	7200	29700
222	19800	27000
223	23400	30600
224	9000	16200
225	23400	30600
226	7200	30600
227	5400	12600
228	19800	27000
229	7200	30600
230	7200	30600
231	7200	30600
232	19800	27000
233	23400	30600
234	16200	23400
235	12600	18900
236	23400	30600
237	16200	23400
238	9000	16200
239	7200	30600
240	7200	30600
241	5400	12600
242	19800	27000
243	23400	30600
244	5400	12600
245	16200	23400
246	19800	27000
247	23400	30600
248	16200	23400
249	5400	12600
250	5400	12600
251	9000	16200
252	19800	26100
253	12600	19800
254	12600	19800
255	12600	19800
256	5400	12600
257	12600	19800
258	5400	12600
259	23400	30600
260	23400	30600
261	19800	27000
262	12600	19800
263	12600	19800
264	5400	12600
265	9000	16200
266	12600	19800
267	23400	30600
268	9000	15300
269	23400	30600
270	12600	19800
271	19800	27000
272	5400	12600
273	19800	27000
274	23400	30600
275	5400	12600
276	9000	16200
277	5400	12600
278	16200	23400
279	12600	19800
280	16200	23400
281	16200	23400
282	9000	16200
283	16200	23400
284	7200	30600
285	16200	23400
286	23400	30600
287	5400	12600
288	16200	23400
289	12600	19800
290	7200	30600
291	12600	19800
292	23400	29700
293	23400	30600
294	12600	19800
295	5400	12600
296	5400	12600
297	23400	30600
298	5400	12600
299	16200	23400
300	7200	30600
301	12600	19800
302	12600	19800
303	16200	23400
304	23400	30600
305	19800	27000
306	12600	19800
307	5400	12600
308	5400	12600
309	19800	27000
310	5400	12600
311	12600	19800
312	23400	30600
313	19800	27000
314	12600	19800
315	16200	23400
316	19800	27000
317	5400	12600
318	9000	16200
319	9000	16200
320	23400	30600
321	23400	30600
322	12600	19800
323	5400	12600
324	7200	30600
325	12600	19800
326	19800	27000
327	16200	23400
328	16200	23400
329	12600	19800
330	7200	30600
331	5400	12600
332	19800	27000
333	12600	19800
334	16200	23400
335	16200	23400
336	16200	23400
337	16200	22500
338	23400	30600
339	16200	23400
340	19800	27000
341	16200	23400
342	19800	27000
343	5400	12600
344	12600	19800
345	12600	18900
346	23400	30600
347	9000	16200
348	7200	30600
349	7200	30600
350	9000	16200
351	7200	30600
352	9000	16200
353	19800	27000
354	12600	19800
355	12600	19800
356	23400	30600
357	12600	19800
358	5400	12600
359	9000	16200
360	7200	29700
361	7200	30600
362	19800	27000
363	16200	23400
364	9000	16200
365	19800	27000
366	12600	19800
367	9000	16200
368	16200	23400
369	9000	16200
370	7200	30600
371	19800	27000
372	16200	23400
373	9000	16200
374	7200	30600
375	16200	23400
376	12600	19800
377	16200	23400
378	19800	27000
379	5400	12600
380	9000	16200
381	19800	27000
382	12600	19800
383	5400	12600
384	5400	12600
385	16200	23400
386	5400	12600
387	23400	30600
388	12600	19800
389	16200	22500
390	9000	16200
391	23400	30600
392	12600	19800
393	16200	23400
394	19800	27000
395	12600	19800
396	12600	19800
397	7200	30600
398	12600	19800
399	16200	23400
400	23400	30600
401	16200	23400
402	12600	18900
403	12600	19800
404	16200	23400
405	12600	19800
406	7200	30600
407	19800	27000
408	7200	30600
409	12600	19800
410	19800	27000
411	12600	19800
412	23400	30600
413	12600	19800
414	16200	23400
415	12600	19800
416	16200	23400
417	16200	23400
418	7200	30600
419	23400	30600
420	7200	30600
421	16200	23400
422	7200	30600
423	12600	19800
424	19800	27000
425	7200	30600
426	7200	30600
427	12600	19800
428	12600	19800
429	12600	19800
430	16200	23400
431	12600	19800
432	12600	19800
433	7200	30600
434	23400	30600
435	7200	30600
436	19800	27000
437	12600	19800
438	16200	23400
439	12600	19800
440	16200	23400
441	9000	16200
442	9000	16200
443	19800	26100
444	16200	23400
445	7200	30600
446	12600	19800
447	23400	30600
448	12600	19800
449	7200	30600
450	23400	29700
451	16200	23400
452	16200	23400
453	23400	30600
454	19800	27000
455	23400	30600
456	7200	30600
457	12600	19800
458	23400	30600
459	19800	27000
460	16200	23400
461	12600	19800
462	7200	30600
463	9000	16200
464	16200	23400
465	12600	19800
466	16200	23400
467	12600	19800
468	16200	23400
469	19800	27000
470	12600	19800
471	19800	27000
472	7200	30600
473	16200	22500
474	23400	30600
475	23400	30600
476	16200	23400
477	23400	30600
478	19800	27000
479	9000	16200
480	12600	19800
481	9000	16200
482	16200	23400
483	23400	30600
484	12600	19800
485	7200	30600
486	9000	16200
487	19800	27000
488	12600	19800
489	16200	23400
490	23400	30600
491	23400	30600
492	12600	19800
493	16200	23400
494	16200	23400
495	19800	27000
496	16200	23400
497	23400	30600
498	23400	30600
499	12600	19800
500	7200	30600
501	16200	23400
502	16200	23400
503	9000	16200
504	19800	27000
505	19800	27000
506	9000	16200
507	12600	19800
508	16200	23400
509	16200	23400
510	12600	19800
511	23400	30600
512	23400	30600
513	7200	29700
514	7200	30600
515	12600	19800
516	19800	27000
517	7200	30600
518	16200	23400
519	19800	27000
520	12600	19800
521	9000	16200
522	16200	23400
523	12600	19800
524	23400	30600
525	12600	19800
526	7200	30600
527	16200	23400
528	12600	19800
529	7200	30600
530	7200	30600
531	23400	30600
532	16200	23400
533	23400	30600
534	9000	16200
535	23400	30600
536	12600	19800
537	12600	19800
538	23400	30600
539	7200	30600
540	7200	30600
541	7200	30600
542	19800	27000
543	19800	27000
544	7200	30600
545	12600	19800
546	23400	29700
547	23400	30600
548	19800	27000
549	16200	23400
550	23400	30600
551	16200	23400
552	7200	30600
553	9000	16200
554	16200	23400
555	19800	27000
556	16200	23400
557	12600	19800
558	16200	23400
559	12600	19800
560	12600	19800
561	16200	23400
562	12600	19800
563	23400	30600
564	16200	23400
565	7200	30600
566	12600	18900
567	23400	30600
568	16200	23400
569	7200	30600
570	7200	30600
571	12600	19800
572	9000	16200
573	23400	30600
574	12600	19800
575	16200	23400
576	16200	23400
577	7200	29700
578	12600	19800
579	19800	27000
580	16200	23400
581	16200	23400
582	23400	30600
583	19800	27000
584	7200	30600
585	12600	19800
586	12600	19800
587	12600	19800
588	19800	27000
589	19800	27000
590	7200	30600
591	12600	19800
592	23400	30600
593	7200	29700
594	23400	30600
595	12600	18900
596	12600	19800
597	16200	23400
598	19800	27000
599	16200	23400
600	23400	30600
601	12600	18900
602	7200	30600
603	23400	30600
604	16200	23400
605	23400	30600
606	19800	27000
607	7200	30600
608	19800	27000
609	23400	30600
610	7200	30600
611	23400	30600
612	12600	19800
613	16200	23400
614	7200	30600
615	12600	19800
616	16200	23400
617	7200	30600
618	12600	19800
619	19800	27000
620	12600	19800
621	23400	30600
622	7200	30600
623	23400	30600
624	12600	19800
625	23400	30600
626	7200	30600
627	12600	19800
628	19800	26100
629	19800	26100
630	23400	30600
631	23400	30600
632	7200	30600
633	16200	23400
634	19800	27000
635	23400	30600
636	23400	30600
637	12600	19800
638	16200	23400
639	19800	27000
640	19800	27000
641	23400	30600
642	12600	19800
643	7200	30600
644	7200	30600
645	12600	19800
646	7200	30600
647	19800	27000
648	23400	30600
649	19800	27000
650	16200	23400
651	16200	23400
652	16200	23400
653	12600	19800
654	16200	23400
655	19800	27000
656	7200	30600
657	23400	30600
658	19800	27000
659	7200	30600
660	12600	19800
661	7200	30600
662	16200	23400
663	7200	30600
664	12600	19800
665	23400	30600
666	7200	30600
667	12600	19800
668	16200	23400
669	19800	27000
670	23400	30600
671	16200	23400
672	16200	23400
673	12600	19800
674	19800	27000
675	16200	23400
676	19800	27000
677	16200	23400
678	12600	19800
679	16200	23400
680	19800	27000
681	7200	30600
682	23400	30600
683	7200	30600
684	19800	27000
685	23400	30600
686	7200	30600
687	16200	23400
688	16200	22500
689	7200	30600
690	12600	19800
691	23400	30600
692	16200	23400
693	19800	27000
694	23400	30600
695	7200	30600
696	7200	30600
697	12600	19800
698	23400	30600
699	19800	27000
700	19800	27000
701	23400	30600
702	23400	30600
703	12600	19800
704	7200	30600
705	19800	27000
706	7200	30600
707	23400	30600
708	7200	30600
709	16200	23400
710	12600	19800
711	12600	19800
712	19800	27000
713	12600	19800
714	7200	30600
715	7200	30600
716	19800	27000
717	7200	30600
718	16200	23400
719	7200	30600
720	19800	27000
721	19800	27000
722	23400	30600
723	23400	30600
724	23400	30600
725	16200	23400
726	7200	30600
727	7200	30600
728	19800	27000
729	19800	27000
730	16200	23400
731	7200	30600
732	23400	30600
733	16200	23400
734	16200	23400
735	7200	30600
736	7200	30600
737	16200	23400
738	19800	27000
739	16200	23400
740	7200	30600
741	23400	30600
742	7200	30600
743	23400	30600
744	23400	30600
745	16200	23400
746	23400	30600
747	16200	23400
748	23400	30600
749	16200	23400
750	7200	30600
751	7200	30600
752	23400	30600
753	16200	23400
754	16200	23400
755	23400	29700
756	16200	23400
757	16200	23400
758	7200	30600
759	23400	30600
760	16200	23400
761	16200	23400
762	19800	27000
763	7200	30600
764	16200	23400
765	23400	30600
766	16200	23400
767	23400	30600
768	23400	29700
769	7200	30600
770	7200	30600
771	16200	23400
772	23400	30600
773	19800	27000
774	19800	27000
775	19800	27000
776	16200	23400
777	16200	23400
778	19800	27000
779	19800	27000
780	16200	23400
781	7200	30600
782	19800	27000
783	7200	30600
784	19800	27000
785	16200	23400
786	23400	30600
787	19800	27000
788	7200	30600
789	23400	30600
790	7200	30600
791	19800	27000
792	7200	30600
793	16200	23400
794	19800	27000
795	19800	27000
796	23400	30600
797	19800	27000
798	23400	30600
799	7200	30600
800	19800	27000
801	16200	23400
802	23400	30600
803	19800	27000
804	23400	29700
805	16200	23400
806	7200	30600
807	23400	30600
808	16200	23400
809	23400	30600
810	19800	27000
811	23400	30600
812	19800	27000
813	19800	27000
814	23400	30600
815	16200	23400
816	7200	30600
817	19800	27000
818	16200	23400
819	23400	30600
820	7200	30600
821	19800	27000
822	19800	27000
823	16200	23400
824	16200	23400
825	23400	30600
826	19800	27000
827	7200	30600
828	7200	30600
829	23400	30600
830	23400	30600
831	7200	29700
832	19800	27000
833	19800	27000
834	7200	30600
835	23400	30600
836	7200	30600
837	23400	30600
838	7200	30600
839	7200	30600
840	19800	27000
841	7200	30600
842	7200	30600
843	7200	30600
844	19800	27000
845	7200	30600
846	7200	30600
847	7200	30600
848	23400	30600
849	7200	30600
850	19800	27000
851	7200	30600
852	23400	30600
853	7200	30600
854	7200	30600
855	23400	30600
856	23400	30600
857	23400	30600
858	19800	27000
859	23400	30600
860	7200	30600
861	23400	30600
862	19800	27000
863	7200	30600
864	7200	30600
865	23400	30600
866	19800	27000
867	23400	30600
868	23400	30600
869	19800	27000
870	7200	30600
871	7200	30600
872	7200	30600
873	23400	30600
874	23400	30600
875	7200	29700
876	23400	30600
877	7200	30600
878	23400	30600
879	23400	30600
880	19800	27000
881	23400	30600
882	7200	30600
883	19800	27000
884	7200	30600
885	23400	30600
886	23400	30600
887	23400	30600
888	7200	30600
889	19800	27000
890	19800	27000
RELEASE_TIME_SECTION
1	0
2	5400
3	5400
4	5400
5	5400
6	5400
7	5400
8	5400
9	5400
10	5400
11	5400
12	5400
13	5400
14	5400
15	5400
16	5400
17	5400
18	5400
19	5400
20	5400
21	5400
22	5400
23	5400
24	5400
25	5400
26	5400
27	5400
28	5400
29	5400
30	5400
31	5400
32	5400
33	5400
34	5400
35	5400
36	5400
37	5400
38	5400
39	5400
40	5400
41	5400
42	5400
43	5400
44	5400
45	5400
46	5400
47	5400
48	5400
49	5400
50	5400
51	5400
52	5400
53	5400
54	5400
55	5400
56	5400
57	5400
58	5400
59	5400
60	5400
61	5400
62	5400
63	5400
64	5400
65	5400
66	5400
67	5400
68	5400
69	5400
70	5400
71	5400
72	5400
73	5400
74	5400
75	5400
76	5400
77	5400
78	5400
79	5400
80	5400
81	5400
82	5400
83	5400
84	5400
85	5400
86	5400
87	5400
88	5400
89	5400
90	5400
91	5400
92	5400
93	5400
94	5400
95	5400
96	5400
97	5400
98	5400
99	5400
100	5400
101	5400
102	7200
103	7200
104	7200
105	7200
106	7200
107	7200
108	7200
109	7200
110	7200
111	7200
112	7200
113	7200
114	7200
115	7200
116	7200
117	7200
118	7200
119	7200
120	7200
121	7200
122	7200
123	7200
124	7200
125	7200
126	7200
127	7200
128	7200
129	7200
130	7200
131	7200
132	7200
133	7200
134	7200
135	7200
136	7200
137	7200
138	7200
139	7200
140	7200
141	7200
142	7200
143	7200
144	7200
145	7200
146	7200
147	7200
148	7200
149	7200
150	7200
151	7200
152	7200
153	7200
154	7200
155	7200
156	7200
157	7200
158	7200
159	7200
160	7200
161	7200
162	7200
163	7200
164	7200
165	7200
166	7200
167	7200
168	7200
169	7200
170	7200
171	7200
172	7200
173	7200
174	7200
175	7200
176	7200
177	7200
178	7200
179	7200
180	7200
181	7200
182	7200
183	7200
184	7200
185	7200
186	7200
187	7200
188	7200
189	7200
190	7200
191	7200
192	7200
193	7200
194	7200
195	7200
196	7200
197	7200
198	7200
199	7200
200	7200
201	7200
202	9000
203	9000
204	9000
205	9000
206	9000
207	9000
208	9000
209	9000
210	9000
211	9000
212	9000
213	9000
214	9000
215	9000
216	9000
217	9000
218	9000
219	9000
220	9000
221	9000
222	9000
223	9000
224	9000
225	9000
226	9000
227	9000
228	9000
229	9000
230	9000
231	9000
232	9000
233	9000
234	9000
235	9000
236	9000
237	9000
238	9000
239	9000
240	9000
241	9000
242	9000
243	9000
244	9000
245	9000
246	9000
247	9000
248	9000
249	9000
250	9000
251	9000
252	9000
253	9000
254	9000
255	9000
256	9000
257	9000
258	9000
259	9000
260	9000
261	9000
262	9000
263	9000
264	9000
265	9000
266	9000
267	9000
268	9000
269	9000
270	9000
271	9000
272	9000
273	9000
274	9000
275	9000
276	9000
277	9000
278	9000
279	9000
280	9000
281	9000
282	9000
283	9000
284	9000
285	9000
286	9000
287	9000
288	9000
289	9000
290	9000
291	9000
292	9000
293	9000
294	9000
295	9000
296	9000
297	9000
298	9000
299	9000
300	9000
301	9000
302	10800
303	10800
304	10800
305	10800
306	10800
307	10800
308	10800
309	10800
310	10800
311	10800
312	10800
313	10800
314	10800
315	10800
316	10800
317	10800
318	10800
319	10800
320	10800
321	10800
322	10800
323	10800
324	10800
325	10800
326	10800
327	10800
328	10800
329	10800
330	10800
331	10800
332	10800
333	10800
334	10800
335	10800
336	10800
337	10800
338	10800
339	10800
340	10800
341	10800
342	10800
343	10800
344	10800
345	10800
346	10800
347	10800
348	10800
349	10800
350	10800
351	10800
352	10800
353	10800
354	10800
355	10800
356	10800
357	10800
358	10800
359	10800
360	10800
361	10800
362	10800
363	10800
364	10800
365	10800
366	10800
367	10800
368	10800
369	10800
370	10800
371	10800
372	10800
373	10800
374	10800
375	10800
376	10800
377	10800
378	10800
379	10800
380	10800
381	10800
382	10800
383	10800
384	10800
385	10800
386	10800
387	10800
388	10800
389	10800
390	10800
391	10800
392	10800
393	10800
394	10800
395	10800
396	10800
397	10800
398	10800
399	10800
400	12600
401	12600
402	12600
403	12600
404	12600
405	12600
406	12600
407	12600
408	12600
409	12600
410	12600
411	12600
412	12600
413	12600
414	12600
415	12600
416	12600
417	12600
418	12600
419	12600
420	12600
421	12600
422	12600
423	12600
424	12600
425	12600
426	12600
427	12600
428	12600
429	12600
430	12600
431	12600
432	12600
433	12600
434	12600
435	12600
436	12600
437	12600
438	12600
439	12600
440	12600
441	12600
442	12600
443	12600
444	12600
445	12600
446	12600
447	12600
448	12600
449	12600
450	12600
451	12600
452	12600
453	12600
454	12600
455	12600
456	12600
457	12600
458	12600
459	12600
460	12600
461	12600
462	12600
463	12600
464	12600
465	12600
466	12600
467	12600
468	12600
469	12600
470	12600
471	12600
472	12600
473	12600
474	12600
475	12600
476	12600
477	12600
478	12600
479	12600
480	12600
481	12600
482	12600
483	12600
484	12600
485	12600
486	12600
487	12600
488	12600
489	12600
490	12600
491	12600
492	14400
493	14400
494	14400
495	14400
496	14400
497	14400
498	14400
499	14400
500	14400
501	14400
502	14400
503	14400
504	14400
505	14400
506	14400
507	14400
508	14400
509	14400
510	14400
511	14400
512	14400
513	14400
514	14400
515	14400
516	14400
517	14400
518	14400
519	14400
520	14400
521	14400
522	14400
523	14400
524	14400
525	14400
526	14400
527	14400
528	14400
529	14400
530	14400
531	14400
532	14400
533	14400
534	14400
535	14400
536	14400
537	14400
538	14400
539	14400
540	14400
541	14400
542	14400
543	14400
544	14400
545	14400
546	14400
547	14400
548	14400
549	14400
550	14400
551	14400
552	14400
553	14400
554	14400
555	14400
556	14400
557	14400
558	14400
559	14400
560	14400
561	14400
562	14400
563	14400
564	14400
565	14400
566	14400
567	14400
568	14400
569	14400
570	14400
571	14400
572	14400
573	16200
574	16200
575	16200
576	16200
577	16200
578	16200
579	16200
580	16200
581	16200
582	16200
583	16200
584	16200
585	16200
586	16200
587	16200
588	16200
589	16200
590	16200
591	16200
592	16200
593	16200
594	16200
595	16200
596	16200
597	16200
598	16200
599	16200
600	16200
601	16200
602	16200
603	16200
604	16200
605	16200
606	16200
607	16200
608	16200
609	16200
610	16200
611	16200
612	16200
613	16200
614	16200
615	16200
616	16200
617	16200
618	16200
619	16200
620	16200
621	16200
622	16200
623	16200
624	16200
625	16200
626	16200
627	16200
628	16200
629	16200
630	16200
631	16200
632	16200
633	16200
634	16200
635	16200
636	16200
637	16200
638	16200
639	16200
640	16200
641	16200
642	16200
643	16200
644	16200
645	16200
646	18000
647	18000
648	18000
649	18000
650	18000
651	18000
652	18000
653	18000
654	18000
655	18000
656	18000
657	18000
658	18000
659	18000
660	18000
661	18000
662	18000
663	18000
664	18000
665	18000
666	18000
667	18000
668	18000
669	18000
670	18000
671	18000
672	18000
673	18000
674	18000
675	18000
676	18000
677	18000
678	18000
679	18000
680	18000
681	18000
682	18000
683	18000
684	18000
685	18000
686	18000
687	18000
688	18000
689	18000
690	18000
691	18000
692	18000
693	18000
694	18000
695	18000
696	18000
697	18000
698	18000
699	18000
700	18000
701	18000
702	18000
703	18000
704	18000
705	18000
706	18000
707	18000
708	18000
709	18000
710	18000
711	18000
712	18000
713	18000
714	18000
715	18000
716	18000
717	18000
718	18000
719	18000
720	19800
721	19800
722	19800
723	19800
724	19800
725	19800
726	19800
727	19800
728	19800
729	19800
730	19800
731	19800
732	19800
733	19800
734	19800
735	19800
736	19800
737	19800
738	19800
739	19800
740	19800
741	19800
742	19800
743	19800
744	19800
745	19800
746	19800
747	19800
748	19800
749	19800
750	19800
751	19800
752	19800
753	19800
754	19800
755	19800
756	19800
757	19800
758	19800
759	19800
760	19800
761	19800
762	19800
763	19800
764	19800
765	19800
766	19800
767	19800
768	19800
769	19800
770	19800
771	19800
772	19800
773	19800
774	19800
775	19800
776	19800
777	19800
778	19800
779	19800
780	19800
781	19800
782	19800
783	19800
784	19800
785	21600
786	21600
787	21600
788	21600
789	21600
790	21600
791	21600
792	21600
793	21600
794	21600
795	21600
796	21600
797	21600
798	21600
799	21600
800	21600
801	21600
802	21600
803	21600
804	21600
805	21600
806	21600
807	21600
808	21600
809	21600
810	21600
811	21600
812	21600
813	21600
814	21600
815	21600
816	21600
817	21600
818	21600
819	21600
820	21600
821	21600
822	21600
823	21600
824	21600
825	21600
826	21600
827	21600
828	21600
829	21600
830	21600
831	21600
832	21600
833	23400
834	23400
835	23400
836	23400
837	23400
838	23400
839	23400
840	23400
841	23400
842	23400
843	23400
844	23400
845	23400
846	23400
847	23400
848	23400
849	23400
850	23400
851	23400
852	23400
853	23400
854	23400
855	23400
856	23400
857	23400
858	23400
859	23400
860	23400
861	23400
862	23400
863	23400
864	23400
865	23400
866	23400
867	23400
868	23400
869	23400
870	23400
871	23400
872	23400
873	23400
874	23400
875	23400
876	23400
877	23400
878	23400
879	23400
880	23400
881	23400
882	23400
883	23400
884	23400
885	23400
886	23400
887	23400
888	23400
889	23400
890	23400
EOF
