NAME : ORTEC-VRPTW-ASYM-3eea4ee3-d1-n876
TYPE : VRPTW-RT
DIMENSION : 877
EDGE_WEIGHT_TYPE : EUC_2D
CAPACITY : 160
NODE_COORD_SECTION
1	2927	2169
2	1453	790
3	5115	3329
4	4295	3528
5	4376	2585
6	5103	4651
7	4834	2474
8	4491	2435
9	6412	4156
10	4602	3286
11	4756	2817
12	2069	840
13	1292	642
14	2132	1295
15	3009	681
16	4507	3536
17	1975	642
18	5077	3370
19	2785	1009
20	5695	3339
21	3019	2359
22	3224	1795
23	4067	2555
24	3309	1677
25	4469	4196
26	8365	5137
27	4141	2556
28	4127	3455
29	1644	682
30	5338	4152
31	1975	642
32	2699	768
33	2699	988
34	2727	1941
35	3089	681
36	3865	2976
37	1454	642
38	5570	3306
39	1998	983
40	1674	841
41	3985	2020
42	3311	1765
43	3828	1768
44	2812	1671
45	3957	3159
46	5034	4323
47	3309	1677
48	3900	1301
49	1900	1358
50	2721	1834
51	6012	3886
52	4832	3066
53	3247	785
54	4884	3827
55	4908	4356
56	2588	892
57	2323	1044
58	4770	2538
59	4304	3356
60	3350	1840
61	2069	840
62	1447	434
63	4677	4880
64	6116	3713
65	3520	2986
66	1754	971
67	2796	1540
68	5548	3223
69	4497	2255
70	5686	3929
71	3900	1301
72	1679	1019
73	7467	4848
74	3985	2020
75	5486	3803
76	4270	2713
77	4508	2361
78	3053	490
79	4070	3353
80	5664	3824
81	2110	1293
82	3309	1677
83	3478	1655
84	1720	619
85	4246	3295
86	4270	2713
87	1944	562
88	2132	1295
89	2814	1593
90	3043	1686
91	1161	347
92	4837	4312
93	2645	1067
94	2982	2300
95	2690	1069
96	3451	3116
97	1877	580
98	4519	2720
99	3811	2934
100	4770	2538
101	4149	3355
102	3616	3025
103	4246	3295
104	4432	4373
105	4859	4317
106	5574	3791
107	3309	1677
108	5548	3223
109	1631	364
110	2180	1155
111	1659	977
112	5084	3507
113	4948	3857
114	5201	3444
115	4364	3491
116	3600	2754
117	3053	490
118	3940	3230
119	2953	2067
120	3719	2958
121	3957	3082
122	1560	275
123	2699	988
124	3719	2899
125	3520	2986
126	1667	414
127	7924	5054
128	3015	1186
129	6409	4112
130	4376	2585
131	3600	2754
132	2871	1816
133	8365	5137
134	2323	1044
135	2410	815
136	4035	3097
137	3431	2474
138	1782	998
139	1292	642
140	2796	1540
141	5338	4152
142	8199	5201
143	3748	2909
144	3224	1795
145	4059	3186
146	2985	2357
147	4491	2435
148	1703	880
149	4426	2511
150	3609	1706
151	3822	2943
152	3309	1677
153	2668	1693
154	6239	4273
155	3896	2090
156	4834	2474
157	2756	778
158	6187	3794
159	5388	3784
160	2110	1293
161	2871	1816
162	1478	709
163	4400	2235
164	3762	2332
165	4493	2738
166	3957	3082
167	3273	2462
168	4677	4880
169	4329	3346
170	3605	2919
171	1831	1303
172	8226	4870
173	5548	3223
174	2982	2300
175	5174	3380
176	2905	2362
177	3980	2416
178	5672	3360
179	4858	4372
180	1485	979
181	6764	3716
182	2132	1295
183	1605	920
184	1720	619
185	4364	3491
186	5217	3156
187	4432	4373
188	1900	1358
189	1674	841
190	4149	3355
191	4756	2817
192	2770	1607
193	4948	3857
194	4832	3066
195	3609	826
196	5486	3803
197	3748	2909
198	5201	3444
199	7924	5054
200	4297	2598
201	4149	3355
202	5084	3507
203	1744	1195
204	3459	1544
205	2576	960
206	4974	2961
207	5514	3374
208	4469	4196
209	3019	2359
210	1637	755
211	5664	3824
212	4294	3581
213	1447	434
214	5281	4326
215	3258	1612
216	3560	2752
217	4544	2141
218	4602	3286
219	5170	3579
220	3441	1856
221	3986	2353
222	3980	3277
223	3878	3174
224	4873	2954
225	2129	693
226	2323	1044
227	5010	3450
228	3796	2171
229	1508	485
230	3904	2949
231	1781	1243
232	3733	1955
233	2156	915
234	4252	3573
235	1478	709
236	4508	2361
237	2814	1593
238	5077	3370
239	2415	1937
240	2110	1293
241	4974	2961
242	3905	2149
243	6239	4273
244	2690	1069
245	4499	2879
246	4252	3573
247	7349	4926
248	4248	3167
249	2696	1398
250	1659	977
251	2132	1295
252	3980	2992
253	3828	1768
254	3309	1677
255	4791	4381
256	3043	1686
257	4149	3355
258	2367	910
259	3216	2447
260	1877	580
261	4602	3286
262	4395	2437
263	4938	2957
264	2646	709
265	3957	3082
266	4364	3506
267	2871	1816
268	3441	1856
269	3424	2785
270	2742	1594
271	5214	3498
272	1456	833
273	3043	1771
274	4884	3827
275	3878	3174
276	2772	661
277	4493	2738
278	3153	1621
279	2132	1295
280	4364	3506
281	5214	3498
282	4364	3506
283	4602	3286
284	1631	364
285	3258	1612
286	5080	4476
287	3828	1768
288	3309	1677
289	3216	2447
290	5664	3824
291	3600	2754
292	2824	1328
293	2410	815
294	5486	3803
295	4252	3573
296	4064	3339
297	6409	4112
298	2721	1834
299	2871	1816
300	8258	5049
301	2970	1444
302	2812	1671
303	3227	1530
304	4497	2255
305	4364	3491
306	2594	1076
307	4059	3186
308	3609	826
309	4873	2954
310	2415	1937
311	3441	1856
312	3520	2986
313	8271	5180
314	3904	2949
315	1508	485
316	1447	434
317	2812	1671
318	1554	465
319	1605	920
320	1590	765
321	2237	1206
322	3055	2276
323	4770	2538
324	4070	3353
325	4784	4551
326	1703	880
327	3853	2661
328	3441	1856
329	3822	2943
330	4770	2538
331	3350	1840
332	3015	1186
333	3796	2171
334	4035	3097
335	1405	239
336	8226	4870
337	3600	1698
338	2620	1581
339	1508	485
340	3306	1674
341	4682	4131
342	4028	3096
343	4376	3408
344	1384	889
345	3055	2276
346	4728	2856
347	3600	1698
348	4779	2757
349	2756	778
350	4498	3629
351	1735	929
352	1720	619
353	5410	3207
354	1292	642
355	3748	2909
356	1661	796
357	4519	2720
358	3769	2895
359	5077	3370
360	2576	960
361	2721	1834
362	3762	2332
363	5661	3625
364	2767	1607
365	5366	3136
366	2620	1581
367	4059	3186
368	2742	1594
369	1621	926
370	3900	1301
371	5080	4476
372	1913	635
373	3457	922
374	3605	2919
375	4544	2141
376	4120	2995
377	2905	2362
378	8271	5180
379	3115	2082
380	8407	5339
381	6549	4244
382	3980	2416
383	1762	674
384	1781	1243
385	8407	5339
386	1754	971
387	1782	998
388	1554	465
389	4329	3346
390	4859	4317
391	5025	4516
392	1560	275
393	1735	929
394	1679	1019
395	6239	4273
396	4141	2556
397	4369	3393
398	1744	1195
399	1631	364
400	4217	3479
401	4677	4880
402	2953	2067
403	2020	1236
404	1511	1190
405	4491	2435
406	4369	3393
407	4770	2538
408	3153	1621
409	3166	2532
410	3153	1621
411	2571	881
412	3085	2276
413	3865	2976
414	1605	920
415	3227	1530
416	5141	3360
417	4756	2817
418	3630	1750
419	2376	1037
420	3560	2752
421	5941	3477
422	1590	765
423	3144	1524
424	4217	3479
425	3311	1765
426	2833	1102
427	1821	630
428	4248	3167
429	3987	2182
430	2620	1581
431	5201	3444
432	3064	2014
433	3796	2171
434	4519	2720
435	3072	2435
436	4248	3167
437	2754	898
438	2415	1937
439	2113	802
440	2645	1067
441	4923	2753
442	3940	3230
443	5827	3440
444	1703	880
445	4493	2738
446	3957	3159
447	2261	928
448	1186	597
449	4493	2738
450	3311	1765
451	2822	2271
452	3766	2253
453	1674	841
454	3409	1926
455	2690	1069
456	4784	2709
457	1644	682
458	2211	1229
459	1511	1190
460	2871	1816
461	4952	4495
462	6549	4244
463	5220	2998
464	2928	1852
465	5827	3440
466	1301	545
467	4498	3629
468	5025	4516
469	5338	4152
470	5279	4403
471	1674	841
472	3605	2919
473	5547	3314
474	4832	3066
475	2770	1607
476	4064	3358
477	5053	2985
478	1953	1006
479	2668	1693
480	8226	4870
481	1590	765
482	3009	681
483	1661	796
484	3144	1524
485	3896	2090
486	1340	794
487	1405	239
488	1301	545
489	2912	610
490	3623	2882
491	3166	2532
492	1620	988
493	5827	3440
494	1782	998
495	5025	4516
496	1453	790
497	1975	642
498	3009	681
499	4499	2879
500	4519	2720
501	4499	2879
502	5281	4326
503	1900	1358
504	2833	1102
505	5835	4199
506	4834	2474
507	4498	3629
508	4127	3455
509	2982	2300
510	1658	1146
511	4491	2435
512	6653	4375
513	4300	3331
514	3187	770
515	4493	2738
516	4507	3536
517	5053	2985
518	1292	642
519	6409	4112
520	4370	3409
521	4426	2511
522	1988	1333
523	2824	1328
524	2824	1328
525	3853	2661
526	1161	347
527	5686	3929
528	2796	1540
529	4732	2455
530	2871	1816
531	1485	979
532	5034	4323
533	2571	881
534	2211	1229
535	1456	833
536	2767	1607
537	2646	709
538	4369	3393
539	1956	647
540	1485	979
541	2132	1295
542	4770	2538
543	2721	1834
544	4035	3097
545	5103	4651
546	2785	1009
547	3306	1674
548	1781	1243
549	2796	1540
550	2770	1607
551	4834	2474
552	2704	2251
553	4859	4317
554	1821	630
555	2727	1941
556	1944	562
557	3144	1524
558	3306	1674
559	4304	3356
560	1175	417
561	2069	840
562	5279	4403
563	3605	2919
564	4028	3096
565	2367	910
566	2415	1937
567	3457	922
568	5141	3360
569	5103	4651
570	8407	5339
571	3258	1612
572	2727	1941
573	4364	3506
574	6116	3713
575	2871	1816
576	3055	2276
577	5664	3824
578	3009	681
579	2069	840
580	1508	485
581	5214	3498
582	1292	642
583	8226	4870
584	1877	580
585	4357	1708
586	5813	3876
587	4297	2598
588	1454	642
589	1956	647
590	2180	1155
591	2912	610
592	3009	681
593	3043	1771
594	1644	682
595	2953	2067
596	1821	630
597	4485	3442
598	4127	3455
599	4963	4626
600	4948	3857
601	3980	3277
602	5103	4651
603	2756	778
604	5510	3780
605	3600	2754
606	5141	3360
607	1384	889
608	4204	2284
609	3227	1530
610	4499	2879
611	1742	285
612	4028	3096
613	4364	3506
614	6764	3716
615	3987	2182
616	1782	998
617	4149	3355
618	1637	755
619	4064	3358
620	1877	580
621	1944	562
622	1454	642
623	4859	4317
624	2708	882
625	4963	4626
626	4249	2320
627	5827	3440
628	4952	4495
629	3106	1850
630	3451	3116
631	1674	841
632	2871	1816
633	5281	4326
634	4376	2585
635	1742	285
636	5217	3156
637	3492	2658
638	3043	1771
639	5941	3477
640	3072	2435
641	4948	3857
642	2180	1155
643	5214	3498
644	3657	2167
645	1301	545
646	1554	465
647	3106	1850
648	4844	2796
649	3457	922
650	4834	2474
651	1605	920
652	3904	2949
653	3616	3025
654	3762	2332
655	3905	2149
656	2410	815
657	4432	4373
658	2156	915
659	3033	2193
660	2156	915
661	4369	3393
662	2129	693
663	4024	3250
664	5279	4403
665	3043	1686
666	3043	1686
667	2261	928
668	3144	1524
669	1821	630
670	2132	1295
671	3217	670
672	1703	880
673	4508	2361
674	1605	920
675	5835	4199
676	4149	3355
677	4640	2824
678	3089	681
679	4249	2320
680	2069	840
681	2110	1293
682	6549	4244
683	3853	2661
684	5813	3876
685	2824	1328
686	4497	2255
687	3766	2253
688	2814	1593
689	5084	3507
690	4784	4551
691	3424	2785
692	3144	1524
693	4844	2796
694	1631	364
695	3451	3116
696	4246	3295
697	6409	4112
698	1776	1203
699	3227	1530
700	3980	2992
701	3609	826
702	3273	2462
703	3187	770
704	2699	768
705	3043	1686
706	2690	1069
707	3153	1621
708	6113	3831
709	2129	693
710	1301	545
711	3762	2332
712	1631	364
713	3630	1750
714	2824	1328
715	3796	2171
716	3072	2435
717	6653	4375
718	4469	4196
719	4629	2892
720	2822	2271
721	5170	3579
722	3657	2167
723	1913	635
724	2792	1753
725	2323	1044
726	2812	1671
727	4204	2284
728	4364	3491
729	5686	3929
730	1405	239
731	3878	3174
732	3431	2474
733	5077	3370
734	1447	434
735	4858	4372
736	3986	2353
737	4732	2455
738	1998	983
739	4028	3096
740	3733	1955
741	5141	3360
742	1478	709
743	3187	770
744	8407	5339
745	2180	1155
746	3309	1677
747	3216	2447
748	2936	802
749	3033	2193
750	3702	2217
751	2571	881
752	3105	1758
753	3811	2934
754	2129	693
755	4370	3409
756	1754	971
757	5745	3781
758	1478	709
759	6653	4375
760	4602	3286
761	5813	3876
762	4629	2892
763	5194	2849
764	2419	1853
765	4219	1478
766	2150	1313
767	1776	1203
768	3605	2919
769	5827	3440
770	1186	597
771	4426	2511
772	5695	3339
773	4019	3305
774	8119	5045
775	1590	765
776	3853	2661
777	3980	3277
778	3187	770
779	3811	2934
780	2020	1236
781	3865	2976
782	4395	2419
783	2576	960
784	2742	1594
785	1637	755
786	2982	2300
787	4011	3229
788	4728	2856
789	4064	3339
790	5570	3306
791	1454	642
792	3106	1850
793	4923	2753
794	4019	3305
795	4146	3370
796	6037	4205
797	2772	661
798	1478	709
799	2708	882
800	1776	1203
801	3796	2171
802	3033	2193
803	3938	2291
804	8199	5201
805	5281	4326
806	2594	1076
807	1485	979
808	1953	1006
809	2822	2271
810	4837	4312
811	2069	840
812	4248	3167
813	1667	414
814	3258	1612
815	1453	790
816	2824	1328
817	4295	3528
818	4974	2961
819	2594	1076
820	2407	1841
821	1511	1190
822	1511	1190
823	5672	3360
824	4784	2709
825	4629	2892
826	4300	3331
827	2211	1229
828	4019	3305
829	2873	1729
830	3227	1530
831	2970	1444
832	2833	1102
833	2410	815
834	3822	2943
835	3459	1544
836	2668	1693
837	3409	1926
838	3980	2416
839	2156	915
840	2796	1540
841	2770	1607
842	1292	642
843	4629	2892
844	5686	3929
845	2129	693
846	3904	2949
847	5201	3444
848	4974	2961
849	3865	2976
850	3957	3082
851	4682	4131
852	3451	3116
853	2020	1236
854	1658	1146
855	4295	3528
856	4467	2555
857	1953	1006
858	3853	2661
859	5388	3784
860	3409	1926
861	3492	2658
862	2699	768
863	2871	1816
864	3072	2435
865	3769	2895
866	4019	3305
867	4485	3442
868	5103	4651
869	2905	2362
870	5174	3380
871	3853	2661
872	2736	1974
873	1744	1195
874	1621	926
875	4115	2589
876	2696	1398
877	2699	988
DEMAND_SECTION
1	0
2	5
3	10
4	8
5	3
6	8
7	11
8	3
9	6
10	12
11	7
12	3
13	4
14	3
15	4
16	7
17	9
18	8
19	10
20	3
21	5
22	5
23	4
24	5
25	2
26	5
27	7
28	8
29	12
30	4
31	5
32	9
33	5
34	4
35	5
36	6
37	8
38	5
39	6
40	6
41	8
42	3
43	4
44	9
45	5
46	8
47	12
48	3
49	4
50	4
51	5
52	6
53	5
54	9
55	11
56	10
57	9
58	5
59	5
60	5
61	5
62	11
63	6
64	7
65	8
66	4
67	10
68	7
69	4
70	8
71	5
72	7
73	5
74	11
75	4
76	17
77	4
78	8
79	4
80	10
81	7
82	11
83	8
84	3
85	6
86	16
87	4
88	4
89	5
90	4
91	3
92	10
93	5
94	7
95	6
96	6
97	6
98	4
99	7
100	4
101	4
102	6
103	4
104	10
105	6
106	7
107	10
108	10
109	8
110	9
111	6
112	14
113	17
114	8
115	9
116	13
117	7
118	6
119	5
120	5
121	3
122	11
123	4
124	6
125	5
126	3
127	9
128	4
129	8
130	4
131	9
132	6
133	8
134	4
135	3
136	7
137	8
138	7
139	5
140	11
141	5
142	11
143	4
144	4
145	5
146	5
147	4
148	9
149	5
150	8
151	12
152	9
153	5
154	6
155	7
156	5
157	4
158	9
159	6
160	11
161	6
162	5
163	4
164	6
165	6
166	4
167	5
168	9
169	16
170	4
171	14
172	9
173	11
174	8
175	4
176	5
177	9
178	10
179	10
180	7
181	9
182	7
183	12
184	30
185	4
186	3
187	8
188	7
189	3
190	7
191	2
192	6
193	3
194	4
195	4
196	10
197	6
198	2
199	10
200	9
201	10
202	8
203	11
204	5
205	12
206	7
207	2
208	4
209	6
210	12
211	5
212	7
213	17
214	5
215	14
216	6
217	5
218	4
219	5
220	4
221	6
222	5
223	6
224	8
225	11
226	10
227	5
228	5
229	4
230	4
231	6
232	10
233	3
234	8
235	9
236	6
237	7
238	5
239	5
240	5
241	4
242	8
243	4
244	6
245	3
246	9
247	5
248	13
249	5
250	4
251	7
252	4
253	8
254	4
255	9
256	4
257	4
258	8
259	9
260	5
261	9
262	11
263	17
264	5
265	4
266	11
267	6
268	3
269	7
270	9
271	6
272	6
273	3
274	4
275	8
276	5
277	5
278	15
279	11
280	5
281	5
282	9
283	5
284	4
285	4
286	5
287	6
288	5
289	12
290	3
291	10
292	7
293	4
294	5
295	7
296	5
297	3
298	6
299	5
300	4
301	7
302	8
303	8
304	13
305	9
306	7
307	6
308	5
309	5
310	4
311	5
312	4
313	9
314	5
315	6
316	7
317	4
318	3
319	10
320	7
321	7
322	9
323	4
324	6
325	11
326	6
327	6
328	9
329	7
330	8
331	8
332	17
333	5
334	7
335	9
336	7
337	10
338	5
339	5
340	6
341	4
342	6
343	10
344	5
345	5
346	3
347	3
348	7
349	4
350	4
351	13
352	11
353	5
354	11
355	4
356	10
357	8
358	4
359	5
360	7
361	4
362	5
363	5
364	9
365	9
366	7
367	4
368	11
369	7
370	5
371	3
372	7
373	9
374	5
375	5
376	7
377	12
378	10
379	3
380	9
381	7
382	3
383	6
384	6
385	3
386	3
387	5
388	6
389	4
390	5
391	5
392	8
393	11
394	5
395	3
396	7
397	6
398	7
399	6
400	8
401	4
402	5
403	4
404	10
405	4
406	5
407	4
408	3
409	3
410	8
411	5
412	4
413	5
414	12
415	11
416	3
417	7
418	5
419	12
420	6
421	6
422	5
423	9
424	9
425	3
426	4
427	12
428	7
429	10
430	6
431	2
432	4
433	3
434	5
435	4
436	9
437	7
438	4
439	5
440	6
441	2
442	5
443	6
444	4
445	7
446	5
447	4
448	5
449	15
450	3
451	8
452	7
453	6
454	5
455	6
456	5
457	7
458	9
459	8
460	4
461	13
462	3
463	14
464	4
465	11
466	6
467	7
468	4
469	6
470	7
471	6
472	6
473	6
474	4
475	5
476	3
477	6
478	13
479	5
480	2
481	6
482	6
483	10
484	6
485	4
486	5
487	12
488	3
489	12
490	9
491	5
492	9
493	4
494	10
495	6
496	6
497	4
498	5
499	8
500	5
501	12
502	5
503	7
504	11
505	5
506	5
507	3
508	4
509	7
510	10
511	6
512	12
513	5
514	17
515	6
516	9
517	11
518	5
519	7
520	6
521	5
522	12
523	6
524	7
525	3
526	3
527	7
528	6
529	5
530	6
531	4
532	6
533	4
534	4
535	4
536	9
537	8
538	7
539	5
540	6
541	4
542	4
543	13
544	6
545	5
546	3
547	4
548	11
549	8
550	4
551	3
552	8
553	5
554	3
555	10
556	7
557	4
558	6
559	4
560	13
561	7
562	6
563	5
564	4
565	9
566	5
567	4
568	8
569	4
570	8
571	4
572	10
573	6
574	4
575	7
576	11
577	3
578	6
579	11
580	6
581	11
582	4
583	8
584	12
585	4
586	9
587	3
588	10
589	11
590	1
591	9
592	4
593	10
594	6
595	6
596	4
597	4
598	5
599	4
600	4
601	17
602	6
603	9
604	4
605	5
606	5
607	5
608	11
609	6
610	9
611	5
612	5
613	3
614	8
615	17
616	10
617	8
618	5
619	17
620	10
621	5
622	6
623	6
624	7
625	4
626	4
627	4
628	9
629	8
630	4
631	9
632	9
633	5
634	6
635	3
636	8
637	12
638	8
639	7
640	3
641	6
642	5
643	6
644	4
645	4
646	13
647	7
648	5
649	10
650	12
651	6
652	6
653	17
654	2
655	10
656	5
657	11
658	8
659	12
660	6
661	5
662	6
663	12
664	6
665	6
666	7
667	4
668	14
669	12
670	4
671	3
672	10
673	8
674	4
675	4
676	3
677	5
678	4
679	6
680	4
681	10
682	6
683	5
684	3
685	4
686	8
687	8
688	9
689	7
690	3
691	4
692	7
693	3
694	6
695	5
696	4
697	11
698	9
699	10
700	4
701	5
702	14
703	6
704	13
705	5
706	11
707	8
708	4
709	9
710	8
711	8
712	9
713	7
714	8
715	5
716	4
717	14
718	4
719	4
720	4
721	5
722	6
723	5
724	11
725	6
726	8
727	6
728	5
729	3
730	5
731	7
732	8
733	6
734	5
735	11
736	6
737	5
738	14
739	6
740	4
741	5
742	8
743	5
744	5
745	4
746	3
747	4
748	5
749	8
750	3
751	1
752	5
753	5
754	3
755	7
756	9
757	3
758	3
759	6
760	11
761	6
762	7
763	10
764	7
765	8
766	15
767	8
768	4
769	6
770	6
771	9
772	12
773	8
774	8
775	8
776	13
777	4
778	5
779	10
780	4
781	5
782	7
783	5
784	9
785	6
786	7
787	4
788	10
789	4
790	8
791	6
792	10
793	12
794	10
795	14
796	8
797	8
798	8
799	6
800	5
801	4
802	10
803	3
804	10
805	5
806	6
807	4
808	3
809	9
810	6
811	7
812	8
813	5
814	3
815	10
816	10
817	5
818	7
819	4
820	6
821	7
822	6
823	8
824	6
825	5
826	9
827	13
828	5
829	8
830	8
831	14
832	8
833	5
834	9
835	8
836	10
837	7
838	4
839	8
840	7
841	4
842	6
843	10
844	6
845	3
846	5
847	6
848	7
849	17
850	4
851	6
852	5
853	11
854	5
855	4
856	6
857	9
858	5
859	4
860	11
861	6
862	5
863	5
864	8
865	6
866	5
867	8
868	4
869	6
870	5
871	7
872	7
873	5
874	5
875	9
876	3
877	6
DEPOT_SECTION
1
-1
SERVICE_TIME_SECTION
1	0
2	420
3	540
4	480
5	540
6	660
7	540
8	540
9	420
10	780
11	540
12	300
13	420
14	660
15	660
16	480
17	660
18	420
19	480
20	780
21	480
22	720
23	840
24	420
25	420
26	480
27	480
28	600
29	480
30	480
31	480
32	540
33	360
34	720
35	600
36	360
37	960
38	600
39	360
40	1200
41	420
42	660
43	360
44	720
45	480
46	420
47	480
48	480
49	420
50	600
51	360
52	600
53	420
54	540
55	540
56	360
57	240
58	600
59	840
60	420
61	480
62	720
63	240
64	480
65	360
66	360
67	480
68	240
69	540
70	540
71	420
72	540
73	540
74	600
75	480
76	900
77	480
78	420
79	360
80	600
81	420
82	360
83	900
84	780
85	780
86	660
87	420
88	360
89	780
90	780
91	720
92	420
93	720
94	660
95	600
96	960
97	420
98	540
99	480
100	540
101	480
102	300
103	540
104	720
105	900
106	960
107	480
108	780
109	780
110	300
111	480
112	600
113	660
114	720
115	660
116	660
117	1320
118	480
119	660
120	360
121	480
122	600
123	540
124	780
125	540
126	540
127	720
128	1320
129	780
130	600
131	360
132	720
133	720
134	600
135	480
136	660
137	660
138	420
139	480
140	720
141	660
142	660
143	480
144	540
145	660
146	720
147	240
148	540
149	600
150	420
151	360
152	240
153	240
154	540
155	660
156	780
157	660
158	360
159	420
160	840
161	360
162	420
163	720
164	600
165	900
166	300
167	660
168	1920
169	1200
170	780
171	480
172	540
173	420
174	480
175	480
176	360
177	420
178	480
179	420
180	660
181	480
182	540
183	720
184	600
185	300
186	780
187	480
188	660
189	1020
190	720
191	420
192	480
193	540
194	480
195	480
196	300
197	780
198	240
199	660
200	540
201	480
202	720
203	600
204	540
205	780
206	360
207	360
208	240
209	300
210	360
211	300
212	540
213	900
214	960
215	720
216	600
217	660
218	420
219	720
220	600
221	420
222	720
223	720
224	480
225	300
226	720
227	840
228	600
229	660
230	780
231	720
232	600
233	420
234	660
235	300
236	540
237	540
238	780
239	660
240	660
241	660
242	480
243	480
244	420
245	480
246	420
247	600
248	480
249	900
250	300
251	840
252	660
253	720
254	540
255	780
256	600
257	480
258	540
259	480
260	420
261	540
262	360
263	780
264	240
265	600
266	720
267	660
268	360
269	660
270	420
271	480
272	240
273	540
274	600
275	720
276	420
277	300
278	660
279	540
280	300
281	420
282	540
283	720
284	420
285	600
286	480
287	420
288	600
289	480
290	480
291	480
292	360
293	660
294	840
295	780
296	480
297	540
298	720
299	600
300	540
301	480
302	360
303	780
304	420
305	360
306	300
307	780
308	660
309	360
310	540
311	480
312	840
313	540
314	420
315	600
316	420
317	780
318	720
319	420
320	480
321	300
322	480
323	720
324	360
325	720
326	600
327	660
328	300
329	780
330	300
331	240
332	720
333	420
334	1020
335	1080
336	240
337	420
338	480
339	780
340	420
341	480
342	420
343	480
344	420
345	420
346	420
347	540
348	420
349	780
350	660
351	420
352	840
353	780
354	660
355	660
356	660
357	660
358	480
359	600
360	780
361	660
362	660
363	480
364	480
365	420
366	600
367	480
368	480
369	1920
370	480
371	360
372	660
373	720
374	420
375	720
376	360
377	420
378	480
379	600
380	540
381	720
382	660
383	660
384	420
385	360
386	660
387	360
388	420
389	600
390	360
391	960
392	720
393	540
394	480
395	1260
396	360
397	600
398	300
399	480
400	420
401	720
402	420
403	300
404	600
405	600
406	600
407	600
408	420
409	540
410	360
411	600
412	420
413	540
414	540
415	660
416	540
417	540
418	540
419	480
420	720
421	780
422	480
423	360
424	660
425	600
426	660
427	420
428	540
429	480
430	300
431	480
432	600
433	720
434	840
435	600
436	480
437	720
438	420
439	360
440	720
441	600
442	360
443	480
444	540
445	780
446	1020
447	720
448	240
449	600
450	420
451	720
452	480
453	300
454	600
455	780
456	300
457	240
458	840
459	480
460	720
461	420
462	420
463	540
464	540
465	420
466	420
467	240
468	660
469	840
470	600
471	360
472	300
473	360
474	480
475	600
476	660
477	600
478	360
479	720
480	780
481	600
482	780
483	300
484	360
485	1200
486	300
487	600
488	300
489	660
490	240
491	420
492	600
493	960
494	480
495	300
496	720
497	720
498	480
499	480
500	420
501	360
502	660
503	780
504	600
505	480
506	600
507	540
508	420
509	420
510	360
511	300
512	300
513	420
514	1020
515	480
516	660
517	420
518	540
519	480
520	660
521	660
522	360
523	1320
524	360
525	720
526	300
527	240
528	1020
529	900
530	600
531	300
532	480
533	360
534	540
535	480
536	660
537	480
538	1320
539	480
540	780
541	420
542	660
543	420
544	780
545	720
546	540
547	480
548	360
549	1260
550	1020
551	600
552	480
553	840
554	300
555	840
556	480
557	420
558	240
559	480
560	600
561	420
562	240
563	840
564	600
565	660
566	720
567	540
568	360
569	240
570	360
571	300
572	480
573	780
574	840
575	600
576	900
577	780
578	840
579	480
580	420
581	600
582	540
583	600
584	360
585	420
586	480
587	300
588	600
589	840
590	420
591	720
592	480
593	540
594	900
595	600
596	660
597	600
598	360
599	720
600	420
601	420
602	720
603	540
604	960
605	420
606	480
607	600
608	420
609	660
610	420
611	540
612	840
613	840
614	600
615	1320
616	480
617	780
618	360
619	300
620	420
621	540
622	420
623	660
624	360
625	420
626	600
627	840
628	540
629	900
630	1920
631	660
632	540
633	300
634	480
635	360
636	480
637	600
638	1320
639	720
640	540
641	600
642	300
643	840
644	420
645	1260
646	360
647	480
648	780
649	600
650	540
651	600
652	840
653	360
654	900
655	300
656	360
657	660
658	420
659	540
660	660
661	780
662	720
663	660
664	420
665	600
666	660
667	240
668	1020
669	600
670	660
671	420
672	480
673	660
674	780
675	300
676	780
677	720
678	600
679	720
680	300
681	600
682	660
683	720
684	600
685	360
686	480
687	660
688	660
689	300
690	540
691	600
692	360
693	420
694	600
695	480
696	420
697	300
698	360
699	420
700	540
701	480
702	360
703	720
704	480
705	300
706	420
707	660
708	480
709	240
710	360
711	420
712	300
713	780
714	480
715	240
716	420
717	480
718	660
719	480
720	600
721	480
722	420
723	420
724	660
725	840
726	840
727	600
728	780
729	600
730	540
731	600
732	660
733	420
734	420
735	480
736	480
737	420
738	660
739	1260
740	720
741	840
742	300
743	660
744	480
745	360
746	780
747	360
748	480
749	300
750	360
751	540
752	900
753	240
754	660
755	540
756	360
757	480
758	420
759	480
760	780
761	780
762	600
763	720
764	480
765	660
766	480
767	780
768	780
769	300
770	780
771	360
772	360
773	540
774	240
775	420
776	300
777	480
778	480
779	480
780	1920
781	720
782	600
783	600
784	660
785	540
786	240
787	360
788	540
789	600
790	720
791	420
792	420
793	600
794	840
795	660
796	600
797	420
798	360
799	600
800	960
801	720
802	420
803	480
804	660
805	480
806	540
807	720
808	360
809	420
810	960
811	720
812	600
813	660
814	780
815	420
816	360
817	660
818	540
819	480
820	480
821	900
822	360
823	660
824	540
825	660
826	240
827	540
828	360
829	780
830	540
831	360
832	240
833	300
834	780
835	540
836	720
837	360
838	360
839	660
840	360
841	480
842	480
843	360
844	600
845	300
846	420
847	660
848	480
849	420
850	1320
851	1020
852	420
853	300
854	780
855	540
856	720
857	480
858	480
859	420
860	360
861	720
862	720
863	420
864	1020
865	420
866	360
867	420
868	720
869	360
870	540
871	480
872	900
873	480
874	420
875	420
876	480
877	480
TIME_WINDOW_SECTION
1	0	45000
2	9000	19800
3	7200	30600
4	23400	30600
5	16200	27000
6	12600	18840
7	5400	12600
8	7200	30600
9	12600	19800
10	7200	29700
11	16200	27000
12	9000	19800
13	16200	27000
14	23400	30600
15	23400	30600
16	9000	19800
17	7200	30600
18	12600	19800
19	23400	30600
20	7200	30600
21	19800	27000
22	7200	30600
23	5400	12600
24	5400	12600
25	23400	29700
26	12600	19800
27	5400	12600
28	7200	30600
29	12600	19800
30	19800	27000
31	16200	27000
32	12600	19800
33	7200	29700
34	12600	19800
35	19800	27000
36	23400	30600
37	12600	19800
38	19800	27000
39	16200	27000
40	23400	30600
41	12600	19800
42	23400	30600
43	19800	27000
44	16200	27000
45	5400	12600
46	19800	27000
47	5400	12600
48	12600	19800
49	7200	30600
50	16200	27000
51	23400	29700
52	19800	27000
53	16200	27000
54	12600	19800
55	12600	19800
56	5400	12600
57	5400	12600
58	7200	30600
59	12600	19800
60	16200	23400
61	9000	19800
62	19800	27000
63	23400	30600
64	19800	27000
65	23400	29700
66	16200	27000
67	7200	30600
68	12600	19800
69	7200	30600
70	5400	12600
71	5400	12600
72	23400	30600
73	16200	27000
74	5400	12600
75	23400	30600
76	12600	19800
77	16200	23400
78	9000	19800
79	5400	12600
80	12600	19800
81	5400	12600
82	9000	16200
83	5400	12600
84	5400	12600
85	18000	41400
86	23400	30600
87	16200	27000
88	19800	27000
89	9000	19800
90	16200	25200
91	5400	12600
92	16200	23400
93	5400	12600
94	9000	19800
95	12600	19800
96	19800	26100
97	12600	19800
98	9000	15300
99	19800	27000
100	16200	26100
101	19800	27000
102	19800	27000
103	19800	27000
104	23400	30600
105	23400	30600
106	23400	30600
107	12600	19800
108	16200	27000
109	12600	18900
110	12600	19800
111	19800	27000
112	23400	30600
113	5400	12600
114	16200	27000
115	19800	27000
116	9000	16200
117	16200	27000
118	16200	27000
119	5400	12600
120	16200	27000
121	16200	23400
122	12600	19800
123	5400	12600
124	16200	23400
125	16200	25200
126	19800	27000
127	7200	30600
128	12600	19800
129	12600	19800
130	5400	11700
131	16200	27000
132	23400	30600
133	16200	27000
134	16200	27000
135	16200	27000
136	12600	19800
137	5400	12600
138	12600	19800
139	19800	27000
140	12600	19800
141	16200	27000
142	12600	19800
143	19800	27000
144	23400	30600
145	5400	12600
146	19800	27000
147	5400	12600
148	19800	27000
149	16200	23400
150	16200	27000
151	16200	27000
152	12600	19800
153	16200	23400
154	19800	27000
155	9000	19800
156	19800	27000
157	16200	27000
158	16200	27000
159	5400	12600
160	16200	26100
161	16200	27000
162	5400	12600
163	19800	27000
164	23400	30600
165	16200	27000
166	23400	30600
167	12600	19800
168	16200	23400
169	12600	19800
170	9000	19800
171	9000	19800
172	23400	30600
173	12600	19800
174	23400	30600
175	5400	12600
176	9000	19800
177	16200	25200
178	12600	19800
179	16200	27000
180	7200	30600
181	7200	29700
182	23400	30600
183	19800	27000
184	12600	19800
185	12600	19800
186	23400	30600
187	12600	19800
188	16200	27000
189	19800	27000
190	12600	19800
191	5400	12600
192	19800	27000
193	12600	19800
194	5400	12600
195	19800	27000
196	9000	18900
197	16200	23400
198	23400	30600
199	16200	23400
200	9000	19800
201	19800	27000
202	9000	16200
203	23400	30600
204	12600	18900
205	9000	19800
206	19800	27000
207	7200	30600
208	9000	15300
209	9000	16200
210	9000	19800
211	9000	19800
212	7200	29700
213	5400	12600
214	12600	19800
215	5400	12600
216	7200	30600
217	16200	27000
218	12600	19800
219	16200	27000
220	5400	12600
221	5400	12600
222	9000	19800
223	5400	12600
224	19800	27000
225	19800	27000
226	23400	29700
227	5400	12600
228	23400	30600
229	12600	19800
230	16200	23400
231	12600	19800
232	19800	27000
233	19800	27000
234	16200	23400
235	9000	19800
236	12600	19800
237	5400	12600
238	16200	27000
239	12600	19800
240	23400	30600
241	12600	19800
242	12600	19800
243	12600	19800
244	12600	19800
245	19800	27000
246	19800	27000
247	19800	27000
248	16200	23400
249	9000	16200
250	12600	19800
251	5400	12600
252	7200	30600
253	23400	30600
254	16200	27000
255	7200	30600
256	12600	19800
257	5400	12600
258	5400	12600
259	5400	12600
260	5400	12600
261	12600	19800
262	9000	19800
263	5400	12600
264	16200	27000
265	5400	12600
266	23400	30600
267	7200	30600
268	7200	29700
269	9000	16200
270	23400	30600
271	12600	19800
272	19800	27000
273	16200	27000
274	16200	27000
275	19800	27000
276	16200	27000
277	16200	23400
278	7200	30600
279	23400	30600
280	9000	19800
281	23400	29700
282	19800	27000
283	16200	27000
284	12600	19800
285	12600	19800
286	16200	27000
287	5400	12600
288	9000	16200
289	19800	27000
290	9000	16200
291	12600	19800
292	16200	26100
293	5400	12600
294	12600	19800
295	16200	27000
296	23400	30600
297	12600	19800
298	19800	27000
299	19800	27000
300	9000	19800
301	12600	19800
302	9000	19800
303	7200	30600
304	9000	19800
305	7200	30600
306	19800	27000
307	19800	27000
308	16200	23400
309	12600	19800
310	16200	27000
311	19800	27000
312	7200	30600
313	12600	19800
314	16200	27000
315	16200	23400
316	12600	19800
317	16200	27000
318	12600	19800
319	9000	19800
320	19800	27000
321	9000	16200
322	16200	27000
323	7200	30600
324	7200	30600
325	12600	18900
326	16200	27000
327	12600	19800
328	19800	26100
329	5400	12600
330	16200	27000
331	5400	11700
332	19800	27000
333	19800	27000
334	5400	12600
335	16200	23400
336	12600	19800
337	16200	27000
338	16200	27000
339	12600	19800
340	19800	27000
341	9000	19800
342	19800	27000
343	12600	19800
344	12600	19800
345	12600	19800
346	23400	30600
347	12600	19800
348	16200	27000
349	19800	27000
350	23400	30600
351	5400	12600
352	9000	19800
353	23400	30600
354	19800	27000
355	16200	27000
356	16200	27000
357	5400	12600
358	19800	27000
359	23400	29700
360	5400	12600
361	23400	30600
362	23400	30600
363	9000	19800
364	12600	19800
365	7200	30600
366	12600	19800
367	23400	30600
368	16200	27000
369	12600	19800
370	19800	27000
371	19800	27000
372	23400	30600
373	23400	30600
374	12600	19800
375	16200	27000
376	23400	30600
377	5400	12600
378	7200	29700
379	12600	19800
380	12600	19800
381	16200	27000
382	9000	16200
383	9000	19800
384	5400	12600
385	16200	27000
386	9000	19800
387	23400	30600
388	7200	30600
389	19800	27000
390	12600	19800
391	23400	30600
392	16200	23400
393	5400	12600
394	19800	27000
395	16200	27000
396	19800	27000
397	19800	27000
398	23400	30600
399	16200	25200
400	9000	19800
401	23400	30600
402	23400	30600
403	12600	19800
404	23400	30600
405	16200	27000
406	16200	27000
407	19800	26100
408	7200	30600
409	16200	27000
410	12600	19800
411	19800	27000
412	9000	19800
413	16200	26100
414	19800	27000
415	19800	27000
416	23400	30600
417	16200	23400
418	12600	19800
419	9000	19800
420	23400	30600
421	16200	27000
422	7200	30600
423	7200	30600
424	19800	26100
425	23400	29700
426	12600	19800
427	12600	19800
428	19800	27000
429	23400	30600
430	7200	30600
431	7200	30600
432	19800	27000
433	19800	27000
434	23400	29700
435	16200	27000
436	7200	30600
437	19800	27000
438	16200	23400
439	16200	25200
440	16200	27000
441	7200	30600
442	16200	27000
443	12600	19800
444	9000	19800
445	9000	19800
446	23400	30600
447	12600	19800
448	16200	27000
449	12600	19800
450	12600	19800
451	7200	30600
452	12600	19800
453	16200	27000
454	12600	19800
455	19800	27000
456	19800	27000
457	16200	27000
458	16200	27000
459	16200	27000
460	12600	19800
461	19800	26100
462	12600	19800
463	19800	26100
464	9000	16200
465	19800	27000
466	16200	27000
467	9000	15300
468	23400	30600
469	16200	27000
470	19800	27000
471	19800	27000
472	19800	27000
473	19800	27000
474	16200	27000
475	23400	30600
476	16200	27000
477	19800	27000
478	23400	30600
479	12600	19800
480	23400	29700
481	12600	19800
482	9000	19800
483	12600	19800
484	19800	27000
485	19800	27000
486	16200	23400
487	19800	26100
488	12600	19800
489	16200	23400
490	12600	19800
491	7200	30600
492	23400	30600
493	23400	30600
494	19800	27000
495	16200	25200
496	9000	19800
497	7200	30600
498	12600	19800
499	12600	19800
500	19800	27000
501	16200	27000
502	16200	25200
503	23400	29700
504	12600	19800
505	9000	19800
506	12600	19800
507	12600	19800
508	23400	30600
509	7200	29700
510	19800	27000
511	16200	23400
512	12600	19800
513	12600	19800
514	16200	23400
515	12600	19800
516	12600	19800
517	16200	23400
518	19800	27000
519	12600	19800
520	7200	30600
521	23400	30600
522	19800	27000
523	12600	18900
524	19800	27000
525	23400	30600
526	23400	30600
527	16200	27000
528	19800	27000
529	16200	27000
530	19800	26100
531	12600	19800
532	19800	27000
533	19800	27000
534	16200	27000
535	23400	30600
536	12600	19800
537	12600	19800
538	16200	27000
539	16200	27000
540	7200	29700
541	23400	30600
542	12600	19800
543	16200	27000
544	19800	27000
545	19800	27000
546	23400	30600
547	23400	30600
548	19800	27000
549	16200	27000
550	12600	19800
551	16200	23400
552	19800	27000
553	19800	27000
554	9000	19800
555	9000	18900
556	19800	27000
557	16200	25200
558	19800	27000
559	16200	23400
560	12600	19800
561	19800	27000
562	16200	23400
563	7200	30600
564	23400	30600
565	16200	25200
566	12600	19800
567	23400	30600
568	7200	30600
569	12600	19800
570	23400	30600
571	23400	30600
572	12600	19800
573	16200	27000
574	12600	19800
575	16200	27000
576	12600	19800
577	12600	19800
578	19800	27000
579	16200	27000
580	7200	30600
581	12600	19800
582	12600	19800
583	16200	27000
584	16200	26100
585	12600	19800
586	19800	27000
587	23400	30600
588	23400	30600
589	16200	23400
590	16200	27000
591	23400	30600
592	12600	18900
593	16200	23400
594	19800	27000
595	16200	23400
596	16200	27000
597	16200	27000
598	7200	29700
599	7200	30600
600	16200	27000
601	16200	27000
602	16200	27000
603	16200	23400
604	7200	30600
605	19800	27000
606	19800	26100
607	19800	27000
608	23400	30600
609	19800	27000
610	23400	30600
611	19800	27000
612	16200	27000
613	7200	30600
614	16200	27000
615	12600	19800
616	9000	19800
617	9000	19800
618	23400	30600
619	9000	19800
620	23400	30600
621	16200	23400
622	7200	29700
623	7200	29700
624	16200	25200
625	16200	27000
626	19800	27000
627	12600	19800
628	12600	19800
629	19800	27000
630	16200	27000
631	23400	30600
632	16200	27000
633	9000	19800
634	16200	27000
635	23400	30600
636	19800	27000
637	12600	19800
638	12600	19800
639	7200	30600
640	19800	27000
641	9000	19800
642	16200	27000
643	7200	30600
644	16200	27000
645	19800	27000
646	7200	30600
647	12600	19800
648	12600	19800
649	7200	30600
650	16200	27000
651	7200	29700
652	7200	30600
653	23400	29700
654	23400	30600
655	23400	30600
656	19800	27000
657	16200	23400
658	7200	29700
659	16200	25200
660	7200	30600
661	19800	27000
662	7200	30600
663	16200	27000
664	16200	23400
665	23400	30600
666	12600	19800
667	12600	19800
668	16200	27000
669	16200	23400
670	16200	27000
671	19800	27000
672	16200	27000
673	12600	19800
674	23400	30600
675	16200	26100
676	7200	30600
677	19800	27000
678	23400	30600
679	16200	27000
680	16200	27000
681	7200	30600
682	19800	27000
683	12600	19800
684	19800	27000
685	16200	27000
686	19800	27000
687	12600	19800
688	7200	30600
689	23400	30600
690	16200	25200
691	19800	27000
692	19800	27000
693	16200	27000
694	23400	30600
695	7200	30600
696	19800	27000
697	19800	27000
698	23400	30600
699	12600	19800
700	16200	27000
701	23400	30600
702	9000	19800
703	16200	27000
704	16200	27000
705	19800	27000
706	19800	26100
707	12600	19800
708	16200	27000
709	16200	23400
710	19800	27000
711	9000	19800
712	19800	27000
713	9000	19800
714	7200	29700
715	23400	30600
716	12600	19800
717	23400	30600
718	19800	27000
719	19800	27000
720	7200	30600
721	19800	27000
722	7200	30600
723	7200	30600
724	23400	30600
725	18000	41400
726	16200	27000
727	19800	27000
728	16200	25200
729	16200	27000
730	23400	30600
731	16200	27000
732	19800	27000
733	16200	27000
734	23400	29700
735	16200	27000
736	19800	27000
737	19800	27000
738	19800	27000
739	16200	27000
740	19800	27000
741	23400	30600
742	7200	30600
743	19800	27000
744	23400	30600
745	19800	27000
746	23400	30600
747	16200	27000
748	16200	25200
749	16200	23400
750	16200	25200
751	16200	27000
752	16200	27000
753	23400	30600
754	16200	27000
755	16200	27000
756	16200	23400
757	23400	30600
758	19800	27000
759	19800	27000
760	19800	27000
761	19800	27000
762	19800	27000
763	19800	26100
764	7200	29700
765	19800	27000
766	7200	29700
767	7200	30600
768	16200	27000
769	7200	30600
770	16200	25200
771	19800	27000
772	23400	30600
773	23400	30600
774	23400	30600
775	7200	30600
776	19800	27000
777	23400	30600
778	16200	27000
779	7200	30600
780	16200	27000
781	7200	30600
782	19800	27000
783	19800	27000
784	23400	30600
785	16200	27000
786	16200	23400
787	23400	29700
788	16200	27000
789	16200	27000
790	19800	27000
791	16200	27000
792	23400	30600
793	19800	27000
794	16200	27000
795	23400	30600
796	19800	27000
797	23400	30600
798	19800	27000
799	19800	27000
800	23400	30600
801	16200	27000
802	19800	27000
803	16200	27000
804	23400	30600
805	16200	27000
806	23400	29700
807	16200	25200
808	23400	30600
809	16200	23400
810	16200	27000
811	23400	29700
812	16200	27000
813	7200	30600
814	16200	27000
815	23400	30600
816	16200	27000
817	19800	27000
818	19800	26100
819	16200	27000
820	19800	27000
821	19800	27000
822	16200	27000
823	7200	30600
824	19800	27000
825	19800	27000
826	23400	30600
827	7200	30600
828	23400	30600
829	16200	27000
830	16200	26100
831	16200	27000
832	19800	27000
833	16200	27000
834	16200	26100
835	16200	27000
836	7200	30600
837	7200	30600
838	16200	27000
839	23400	30600
840	19800	27000
841	7200	30600
842	16200	27000
843	16200	27000
844	23400	30600
845	16200	26100
846	19800	27000
847	7200	30600
848	23400	30600
849	19800	27000
850	16200	26100
851	19800	27000
852	19800	27000
853	19800	27000
854	19800	27000
855	23400	30600
856	16200	27000
857	19800	27000
858	16200	27000
859	16200	27000
860	18000	41400
861	16200	27000
862	16200	27000
863	19800	27000
864	23400	30600
865	23400	30600
866	16200	27000
867	19800	27000
868	23400	29700
869	7200	30600
870	7200	29700
871	23400	30600
872	19800	27000
873	23400	30600
874	16200	27000
875	7200	30600
876	16200	26100
877	23400	30600
RELEASE_TIME_SECTION
1	0
2	5400
3	5400
4	5400
5	5400
6	5400
7	5400
8	5400
9	5400
10	5400
11	5400
12	5400
13	5400
14	5400
15	5400
16	5400
17	5400
18	5400
19	5400
20	5400
21	5400
22	5400
23	5400
24	5400
25	5400
26	5400
27	5400
28	5400
29	5400
30	5400
31	5400
32	5400
33	5400
34	5400
35	5400
36	5400
37	5400
38	5400
39	5400
40	5400
41	5400
42	5400
43	5400
44	5400
45	5400
46	5400
47	5400
48	5400
49	5400
50	5400
51	5400
52	5400
53	5400
54	5400
55	5400
56	5400
57	5400
58	5400
59	5400
60	5400
61	5400
62	5400
63	5400
64	5400
65	5400
66	5400
67	5400
68	5400
69	5400
70	5400
71	5400
72	5400
73	5400
74	5400
75	5400
76	5400
77	5400
78	5400
79	5400
80	5400
81	5400
82	5400
83	5400
84	5400
85	5400
86	5400
87	5400
88	5400
89	5400
90	5400
91	5400
92	5400
93	5400
94	5400
95	5400
96	5400
97	5400
98	5400
99	5400
100	5400
101	5400
102	7200
103	7200
104	7200
105	7200
106	7200
107	7200
108	7200
109	7200
110	7200
111	7200
112	7200
113	7200
114	7200
115	7200
116	7200
117	7200
118	7200
119	7200
120	7200
121	7200
122	7200
123	7200
124	7200
125	7200
126	7200
127	7200
128	7200
129	7200
130	7200
131	7200
132	7200
133	7200
134	7200
135	7200
136	7200
137	7200
138	7200
139	7200
140	7200
141	7200
142	7200
143	7200
144	7200
145	7200
146	7200
147	7200
148	7200
149	7200
150	7200
151	7200
152	7200
153	7200
154	7200
155	7200
156	7200
157	7200
158	7200
159	7200
160	7200
161	7200
162	7200
163	7200
164	7200
165	7200
166	7200
167	7200
168	7200
169	7200
170	7200
171	7200
172	7200
173	7200
174	7200
175	7200
176	7200
177	7200
178	7200
179	7200
180	7200
181	7200
182	7200
183	7200
184	7200
185	7200
186	7200
187	7200
188	7200
189	7200
190	7200
191	7200
192	7200
193	7200
194	7200
195	7200
196	7200
197	7200
198	7200
199	7200
200	7200
201	7200
202	9000
203	9000
204	9000
205	9000
206	9000
207	9000
208	9000
209	9000
210	9000
211	9000
212	9000
213	9000
214	9000
215	9000
216	9000
217	9000
218	9000
219	9000
220	9000
221	9000
222	9000
223	9000
224	9000
225	9000
226	9000
227	9000
228	9000
229	9000
230	9000
231	9000
232	9000
233	9000
234	9000
235	9000
236	9000
237	9000
238	9000
239	9000
240	9000
241	9000
242	9000
243	9000
244	9000
245	9000
246	9000
247	9000
248	9000
249	9000
250	9000
251	9000
252	9000
253	9000
254	9000
255	9000
256	9000
257	9000
258	9000
259	9000
260	9000
261	9000
262	9000
263	9000
264	9000
265	9000
266	9000
267	9000
268	9000
269	9000
270	9000
271	9000
272	9000
273	9000
274	9000
275	9000
276	9000
277	9000
278	9000
279	9000
280	9000
281	9000
282	9000
283	9000
284	9000
285	9000
286	9000
287	9000
288	9000
289	9000
290	9000
291	9000
292	9000
293	9000
294	9000
295	9000
296	9000
297	9000
298	9000
299	9000
300	9000
301	10800
302	10800
303	10800
304	10800
305	10800
306	10800
307	10800
308	10800
309	10800
310	10800
311	10800
312	10800
313	10800
314	10800
315	10800
316	10800
317	10800
318	10800
319	10800
320	10800
321	10800
322	10800
323	10800
324	10800
325	10800
326	10800
327	10800
328	10800
329	10800
330	10800
331	10800
332	10800
333	10800
334	10800
335	10800
336	10800
337	10800
338	10800
339	10800
340	10800
341	10800
342	10800
343	10800
344	10800
345	10800
346	10800
347	10800
348	10800
349	10800
350	10800
351	10800
352	10800
353	10800
354	10800
355	10800
356	10800
357	10800
358	10800
359	10800
360	10800
361	10800
362	10800
363	10800
364	10800
365	10800
366	10800
367	10800
368	10800
369	10800
370	10800
371	10800
372	10800
373	10800
374	10800
375	10800
376	10800
377	10800
378	10800
379	10800
380	10800
381	10800
382	10800
383	10800
384	10800
385	10800
386	10800
387	10800
388	10800
389	10800
390	10800
391	10800
392	10800
393	10800
394	10800
395	12600
396	12600
397	12600
398	12600
399	12600
400	12600
401	12600
402	12600
403	12600
404	12600
405	12600
406	12600
407	12600
408	12600
409	12600
410	12600
411	12600
412	12600
413	12600
414	12600
415	12600
416	12600
417	12600
418	12600
419	12600
420	12600
421	12600
422	12600
423	12600
424	12600
425	12600
426	12600
427	12600
428	12600
429	12600
430	12600
431	12600
432	12600
433	12600
434	12600
435	12600
436	12600
437	12600
438	12600
439	12600
440	12600
441	12600
442	12600
443	12600
444	12600
445	12600
446	12600
447	12600
448	12600
449	12600
450	12600
451	12600
452	12600
453	12600
454	12600
455	12600
456	12600
457	12600
458	12600
459	12600
460	12600
461	12600
462	12600
463	12600
464	12600
465	12600
466	12600
467	12600
468	12600
469	12600
470	12600
471	12600
472	12600
473	12600
474	12600
475	12600
476	12600
477	12600
478	12600
479	12600
480	12600
481	12600
482	12600
483	12600
484	12600
485	12600
486	12600
487	14400
488	14400
489	14400
490	14400
491	14400
492	14400
493	14400
494	14400
495	14400
496	14400
497	14400
498	14400
499	14400
500	14400
501	14400
502	14400
503	14400
504	14400
505	14400
506	14400
507	14400
508	14400
509	14400
510	14400
511	14400
512	14400
513	14400
514	14400
515	14400
516	14400
517	14400
518	14400
519	14400
520	14400
521	14400
522	14400
523	14400
524	14400
525	14400
526	14400
527	14400
528	14400
529	14400
530	14400
531	14400
532	14400
533	14400
534	14400
535	14400
536	14400
537	14400
538	14400
539	14400
540	14400
541	14400
542	14400
543	14400
544	14400
545	14400
546	14400
547	14400
548	14400
549	14400
550	14400
551	14400
552	14400
553	14400
554	14400
555	14400
556	14400
557	14400
558	14400
559	14400
560	14400
561	14400
562	14400
563	14400
564	14400
565	14400
566	14400
567	14400
568	16200
569	16200
570	16200
571	16200
572	16200
573	16200
574	16200
575	16200
576	16200
577	16200
578	16200
579	16200
580	16200
581	16200
582	16200
583	16200
584	16200
585	16200
586	16200
587	16200
588	16200
589	16200
590	16200
591	16200
592	16200
593	16200
594	16200
595	16200
596	16200
597	16200
598	16200
599	16200
600	16200
601	16200
602	16200
603	16200
604	16200
605	16200
606	16200
607	16200
608	16200
609	16200
610	16200
611	16200
612	16200
613	16200
614	16200
615	16200
616	16200
617	16200
618	16200
619	16200
620	16200
621	16200
622	16200
623	16200
624	16200
625	16200
626	16200
627	16200
628	16200
629	16200
630	16200
631	16200
632	16200
633	16200
634	16200
635	16200
636	16200
637	16200
638	16200
639	16200
640	16200
641	16200
642	16200
643	16200
644	16200
645	16200
646	16200
647	16200
648	16200
649	16200
650	16200
651	16200
652	16200
653	16200
654	16200
655	18000
656	18000
657	18000
658	18000
659	18000
660	18000
661	18000
662	18000
663	18000
664	18000
665	18000
666	18000
667	18000
668	18000
669	18000
670	18000
671	18000
672	18000
673	18000
674	18000
675	18000
676	18000
677	18000
678	18000
679	18000
680	18000
681	18000
682	18000
683	18000
684	18000
685	18000
686	18000
687	18000
688	18000
689	18000
690	18000
691	18000
692	18000
693	18000
694	18000
695	18000
696	18000
697	18000
698	18000
699	18000
700	18000
701	18000
702	18000
703	18000
704	18000
705	18000
706	18000
707	18000
708	18000
709	18000
710	18000
711	18000
712	18000
713	18000
714	18000
715	18000
716	18000
717	18000
718	18000
719	18000
720	18000
721	18000
722	18000
723	19800
724	19800
725	19800
726	19800
727	19800
728	19800
729	19800
730	19800
731	19800
732	19800
733	19800
734	19800
735	19800
736	19800
737	19800
738	19800
739	19800
740	19800
741	19800
742	19800
743	19800
744	19800
745	19800
746	19800
747	19800
748	19800
749	19800
750	19800
751	19800
752	19800
753	19800
754	19800
755	19800
756	19800
757	19800
758	19800
759	19800
760	19800
761	19800
762	19800
763	19800
764	19800
765	19800
766	19800
767	19800
768	19800
769	19800
770	19800
771	19800
772	21600
773	21600
774	21600
775	21600
776	21600
777	21600
778	21600
779	21600
780	21600
781	21600
782	21600
783	21600
784	21600
785	21600
786	21600
787	21600
788	21600
789	21600
790	21600
791	21600
792	21600
793	21600
794	21600
795	21600
796	21600
797	21600
798	21600
799	21600
800	21600
801	21600
802	21600
803	21600
804	21600
805	21600
806	21600
807	21600
808	21600
809	21600
810	21600
811	21600
812	21600
813	21600
814	21600
815	21600
816	21600
817	21600
818	21600
819	21600
820	21600
821	21600
822	21600
823	21600
824	21600
825	23400
826	23400
827	23400
828	23400
829	23400
830	23400
831	23400
832	23400
833	23400
834	23400
835	23400
836	23400
837	23400
838	23400
839	23400
840	23400
841	23400
842	23400
843	23400
844	23400
845	23400
846	23400
847	23400
848	23400
849	23400
850	23400
851	23400
852	23400
853	23400
854	23400
855	23400
856	23400
857	23400
858	23400
859	23400
860	23400
861	23400
862	23400
863	23400
864	23400
865	23400
866	23400
867	23400
868	23400
869	23400
870	23400
871	23400
872	23400
873	23400
874	23400
875	23400
876	23400
877	23400
EOF
