NAME : ORTEC-VRPTW-ASYM-7d333c6d-d1-n1024
TYPE : VRPTW-RT
DIMENSION : 1025
EDGE_WEIGHT_TYPE : EUC_2D
CAPACITY : 135
NODE_COORD_SECTION
1	2525	3721
2	3875	5584
3	2064	4062
4	4032	3693
5	3489	3359
6	1771	3227
7	2692	3251
8	4024	4927
9	1722	2119
10	129	1573
11	1354	1617
12	2007	3109
13	1839	3518
14	1622	1123
15	1786	3356
16	3010	2700
17	1024	1660
18	2114	3676
19	1214	2754
20	1735	2865
21	1169	2954
22	301	0
23	3867	5321
24	1472	2387
25	1903	3043
26	1677	3517
27	2601	3269
28	4008	3786
29	1946	3862
30	3090	3467
31	1024	1660
32	3100	2826
33	129	1573
34	3813	4643
35	926	2579
36	1906	2915
37	1214	2754
38	700	1719
39	4119	3935
40	1289	2150
41	1795	3057
42	4122	5556
43	3222	2838
44	1314	2323
45	731	2689
46	684	1933
47	1472	2387
48	1069	2841
49	1316	1865
50	2859	2811
51	1522	2310
52	3090	3467
53	473	2617
54	1441	2035
55	706	1427
56	1531	1929
57	848	2761
58	874	1684
59	2942	3356
60	1691	1708
61	2007	3109
62	2717	3565
63	698	3048
64	3112	2961
65	326	649
66	1189	1688
67	356	2158
68	1017	1312
69	2226	3391
70	4076	5336
71	1069	2841
72	2111	2706
73	1771	3227
74	1795	3057
75	3901	3632
76	2320	3362
77	3590	4679
78	1790	2895
79	2358	2833
80	1965	3677
81	438	1567
82	2265	3596
83	1914	3053
84	2859	2811
85	1624	2812
86	2226	3391
87	1592	2333
88	1622	1123
89	3648	3832
90	761	2060
91	2757	3033
92	1705	3421
93	3590	4679
94	626	1883
95	1727	2708
96	2354	3610
97	3197	3503
98	3788	3397
99	2101	3069
100	764	1200
101	2352	3707
102	2356	3859
103	1624	2812
104	3809	4511
105	2395	2888
106	1208	2318
107	2265	3596
108	1017	1312
109	584	1952
110	2183	2670
111	1017	1312
112	2690	4260
113	883	1784
114	3109	2987
115	1047	2797
116	2932	3042
117	1790	2895
118	507	2477
119	1313	2426
120	4008	3786
121	2360	4028
122	1705	2042
123	129	1573
124	1664	2958
125	326	649
126	988	1407
127	1621	2254
128	1197	2110
129	2353	3710
130	3489	3359
131	2932	3042
132	638	2166
133	1677	3517
134	848	2761
135	1189	1688
136	407	1510
137	3849	5555
138	3776	5386
139	1839	3518
140	356	2158
141	3090	3467
142	3422	3495
143	3009	2807
144	301	0
145	1857	1532
146	1592	2333
147	1790	2895
148	1857	1532
149	1633	1679
150	1396	1850
151	2703	3073
152	2265	3596
153	2204	3948
154	3523	5091
155	847	1376
156	2692	3251
157	478	351
158	1212	1460
159	2265	3596
160	438	1567
161	638	2166
162	1527	2563
163	2380	3149
164	1879	3000
165	1441	2035
166	2360	4028
167	2035	4100
168	698	3048
169	1752	3057
170	1727	2708
171	681	1331
172	2047	4233
173	1017	1312
174	626	1883
175	524	1494
176	2246	3792
177	3168	2907
178	1903	1662
179	1322	2230
180	4086	5773
181	2767	4204
182	1622	1123
183	3687	4761
184	2859	2811
185	1047	2797
186	3808	3370
187	927	778
188	1316	1865
189	1289	2150
190	2352	3707
191	1354	1617
192	1802	3575
193	883	1784
194	3090	3467
195	4075	5516
196	3901	3632
197	1839	3518
198	3109	2987
199	3631	3319
200	1909	3032
201	2517	4063
202	801	1185
203	3698	3681
204	1289	2077
205	1874	3505
206	725	982
207	1906	2502
208	320	1092
209	1314	2323
210	2358	2833
211	1824	3201
212	1965	3677
213	2767	4204
214	3675	5170
215	626	1883
216	2111	2706
217	0	2907
218	847	1376
219	2243	4527
220	3781	3744
221	122	872
222	684	1769
223	3741	3451
224	1001	1372
225	2320	3362
226	1881	3289
227	848	2761
228	4259	3790
229	3787	5423
230	1472	2387
231	725	982
232	531	2612
233	2517	4063
234	301	0
235	1730	2950
236	1527	2563
237	3590	4679
238	3648	3832
239	2114	3676
240	2427	2925
241	438	1567
242	1906	2502
243	860	1968
244	3523	5091
245	1727	2708
246	1506	3131
247	684	1769
248	2395	2888
249	1946	4268
250	2825	3701
251	1017	1312
252	1622	1123
253	4259	3790
254	3222	2838
255	2265	3596
256	533	1753
257	761	2060
258	2352	3707
259	1527	2563
260	1770	3141
261	603	2768
262	129	1573
263	1278	1599
264	2751	3204
265	3182	2844
266	2360	4028
267	2328	3959
268	638	2166
269	922	2858
270	1218	1332
271	1596	3068
272	1752	3057
273	1163	1593
274	3929	5390
275	1098	2868
276	3182	2844
277	786	1780
278	1441	2035
279	982	1785
280	1622	1123
281	2714	3498
282	3027	2496
283	2714	3498
284	2243	4527
285	524	1494
286	2111	2706
287	3010	2700
288	3222	2838
289	1472	2387
290	1770	3141
291	1965	3677
292	2932	3042
293	2717	3565
294	1189	1688
295	3901	3632
296	1730	2950
297	3782	5325
298	2353	3710
299	1212	1460
300	638	2166
301	683	1570
302	3197	3503
303	684	1933
304	1234	2119
305	2226	3391
306	1047	2797
307	1846	3257
308	731	2689
309	2183	2670
310	2354	3610
311	698	3048
312	2427	2925
313	122	872
314	326	649
315	3772	3347
316	725	982
317	1472	2387
318	3675	5170
319	684	1933
320	1772	3421
321	3687	4761
322	732	2096
323	1795	3057
324	2204	3976
325	764	1200
326	2358	2833
327	3721	4410
328	1857	1532
329	4076	4275
330	922	2858
331	3197	3503
332	2703	3073
333	764	1200
334	1540	1685
335	1197	2110
336	1914	3053
337	407	1510
338	2413	4891
339	3834	4406
340	2047	4233
341	2526	3843
342	1437	2340
343	1472	2387
344	1735	2865
345	1886	3343
346	1307	2216
347	3734	4467
348	4160	4607
349	2204	3976
350	874	1684
351	2526	3843
352	1540	1685
353	1725	3249
354	698	3048
355	2859	2811
356	438	1567
357	1839	3518
358	3009	2807
359	3422	3495
360	2731	4617
361	3788	3397
362	723	1718
363	2114	3676
364	1874	3505
365	2859	2811
366	1879	3000
367	1037	1882
368	1540	2402
369	3109	2987
370	3884	5623
371	731	2689
372	1596	3068
373	2665	3432
374	1069	2841
375	3010	2700
376	1098	2868
377	3730	5460
378	417	1878
379	847	1376
380	3774	4805
381	1596	3068
382	3667	4488
383	4048	5482
384	4012	3809
385	1234	2119
386	1531	1929
387	1210	1295
388	531	2612
389	4012	3809
390	1983	3436
391	1289	2710
392	883	1784
393	1774	3512
394	1752	3057
395	1677	3517
396	2395	2888
397	1691	1708
398	1705	2042
399	698	3048
400	764	1200
401	3523	5091
402	1881	3289
403	4032	3693
404	4060	5500
405	3698	3681
406	584	1952
407	3168	2907
408	698	3048
409	1313	2426
410	3717	5201
411	3370	2935
412	4024	4927
413	2035	4100
414	874	1684
415	982	1785
416	1705	3421
417	982	1785
418	4088	6316
419	1802	3575
420	572	1659
421	1906	2915
422	3687	4761
423	1364	2236
424	1354	1617
425	4011	3361
426	641	1812
427	1722	2119
428	0	2907
429	1507	2233
430	732	2096
431	3168	2907
432	2377	2929
433	3631	3319
434	2703	3073
435	3621	4297
436	1802	3575
437	3884	5623
438	3109	2987
439	2406	2648
440	4093	5796
441	1946	4268
442	2749	5218
443	3734	4467
444	1570	2081
445	3590	4679
446	1734	3170
447	507	2477
448	1396	1850
449	4026	5022
450	1857	1532
451	1441	2035
452	731	2689
453	1998	3025
454	4123	4242
455	4122	5556
456	1614	3166
457	1289	2150
458	1578	3286
459	1651	3101
460	1727	2708
461	1838	2437
462	1946	3862
463	1903	3043
464	3370	2935
465	638	2166
466	1568	3008
467	3743	3474
468	1722	2119
469	2942	3048
470	4026	5022
471	503	2701
472	1725	3249
473	1691	1708
474	2591	4607
475	3062	2940
476	1289	2150
477	417	1878
478	761	2060
479	1770	3141
480	1802	3575
481	4123	4242
482	1256	1850
483	2204	3948
484	3168	2907
485	3992	4075
486	732	2096
487	1889	3487
488	2731	4617
489	915	1495
490	847	1376
491	1472	2986
492	4076	5336
493	2413	4891
494	503	2701
495	1027	1670
496	1210	1295
497	1568	3008
498	847	1376
499	4026	5022
500	883	1784
501	1691	1708
502	3875	5584
503	2839	2548
504	1889	3487
505	1506	3131
506	1144	2485
507	3788	3397
508	1506	3131
509	1506	3131
510	1316	1865
511	3631	3319
512	3808	3370
513	584	1952
514	1977	4265
515	1367	1432
516	1540	2402
517	3792	5389
518	4024	4927
519	1577	2521
520	3009	2807
521	1221	2917
522	1354	1617
523	1906	2502
524	1441	2035
525	3010	2700
526	1364	2236
527	1256	1850
528	1839	3518
529	2353	3710
530	1879	3000
531	4026	5022
532	3721	4410
533	1633	1679
534	2608	3278
535	2717	3565
536	2717	3565
537	1774	3512
538	4076	4275
539	2757	3033
540	4076	5336
541	356	2158
542	2020	3534
543	3772	3347
544	638	2166
545	4086	5773
546	943	1968
547	4088	6316
548	1903	3043
549	1163	1593
550	1540	2402
551	3182	2844
552	2035	4100
553	1983	3436
554	4086	5773
555	1622	1123
556	1507	2233
557	874	1684
558	3935	5228
559	2859	2811
560	407	1510
561	1214	2754
562	531	2612
563	1965	2912
564	356	2158
565	1256	2384
566	1037	1882
567	2692	3251
568	1946	4268
569	2395	2888
570	2703	3073
571	3813	4643
572	1857	3120
573	915	1495
574	1735	2865
575	2942	3356
576	3809	4511
577	4048	5482
578	2007	3109
579	3062	2940
580	417	1878
581	1307	2216
582	3781	3744
583	3849	5555
584	4160	4607
585	2111	2706
586	3813	4643
587	2714	3498
588	3112	2961
589	2204	3976
590	1965	3677
591	1889	3487
592	572	1659
593	3027	2496
594	883	1784
595	1770	3141
596	2047	4233
597	1664	1832
598	1924	2959
599	1909	3032
600	4264	3747
601	1983	3436
602	572	1659
603	2183	2670
604	1786	3356
605	922	2858
606	2069	3179
607	2007	3109
608	3790	5565
609	4008	3786
610	1825	2026
611	1889	3487
612	1982	1913
613	1965	2912
614	2932	3042
615	1364	2236
616	4160	4607
617	638	2166
618	1734	3170
619	1234	2119
620	3489	3359
621	3648	3832
622	760	1779
623	1307	2216
624	2328	3959
625	2767	4204
626	1802	3575
627	3776	5386
628	2517	4063
629	1823	2406
630	1824	3201
631	4123	4242
632	3197	3503
633	1857	3120
634	4264	3747
635	1790	2895
636	1322	2230
637	1825	2026
638	641	1812
639	4026	5022
640	478	351
641	846	2697
642	3506	2979
643	2354	3610
644	638	2166
645	524	1494
646	626	1883
647	3489	3359
648	760	1779
649	706	1427
650	3929	5390
651	1507	2233
652	2183	2670
653	1752	3057
654	943	1968
655	1772	3421
656	3506	2979
657	2751	3204
658	3730	5460
659	2692	3251
660	725	982
661	3809	4511
662	4024	4927
663	1879	3000
664	860	1968
665	1622	1910
666	927	778
667	1651	3101
668	3929	5390
669	2377	2929
670	1651	3101
671	2035	4100
672	1881	3289
673	1221	2917
674	626	1883
675	3062	2940
676	3717	5201
677	3717	5201
678	320	1092
679	3638	3710
680	3808	3370
681	1622	1123
682	2608	3278
683	3741	3451
684	1857	1532
685	3667	4488
686	3687	4761
687	786	1780
688	641	1812
689	1540	1685
690	2226	3391
691	2007	3109
692	438	1567
693	3743	3474
694	4076	4275
695	122	872
696	761	2060
697	1924	2959
698	2717	3565
699	2933	4362
700	1846	3257
701	1614	3166
702	3648	3832
703	1825	2026
704	801	1185
705	3721	4410
706	2380	3149
707	1758	2614
708	988	1407
709	584	1952
710	1824	3201
711	2354	3610
712	1624	2812
713	2353	3710
714	2069	3179
715	1234	2119
716	2496	2440
717	584	1952
718	4075	5516
719	2035	4100
720	1614	3166
721	1727	2708
722	982	1785
723	2601	3269
724	926	2579
725	1903	3043
726	503	2701
727	1879	3000
728	584	1952
729	2933	4362
730	846	2697
731	3787	5423
732	4093	5796
733	1577	2521
734	1314	2323
735	1903	1662
736	2173	2751
737	1163	1593
738	1088	2696
739	1874	3505
740	1544	2395
741	1144	2485
742	3776	5386
743	2471	2668
744	3182	2844
745	1965	3677
746	3849	5555
747	1144	2485
748	1946	3862
749	2360	4028
750	1825	2026
751	2204	3948
752	761	2060
753	2377	2929
754	2413	4891
755	1001	1372
756	3782	5325
757	2114	3676
758	3675	5170
759	1322	2230
760	684	1769
761	3772	3347
762	3730	5460
763	1946	3862
764	1307	2216
765	1730	2950
766	2517	4063
767	1364	2236
768	1946	3862
769	684	1933
770	2356	3859
771	2183	2670
772	3929	5390
773	1256	2384
774	2427	2925
775	626	1883
776	2377	2929
777	575	1925
778	4088	6316
779	4123	4242
780	1965	3677
781	3117	2723
782	1881	3289
783	3950	3886
784	1189	1688
785	1998	3025
786	1527	2563
787	1924	2959
788	2173	2751
789	2427	2925
790	2111	2706
791	2353	3000
792	3935	5228
793	1786	3356
794	3721	4410
795	1667	2015
796	1396	1850
797	1333	2007
798	3009	2807
799	1795	3057
800	2069	3179
801	417	1878
802	1633	1679
803	1730	2950
804	4032	3693
805	1484	2930
806	3638	3710
807	1965	2912
808	1621	2254
809	1088	2696
810	3242	3021
811	4076	4275
812	1982	1913
813	1772	3421
814	2356	3859
815	3717	5201
816	700	1719
817	1906	2915
818	1363	2169
819	1874	3505
820	1596	3068
821	1824	3201
822	2496	2440
823	1691	1708
824	2471	2668
825	1906	2915
826	1718	3498
827	3620	3442
828	473	2617
829	356	2158
830	533	1753
831	3782	5325
832	3506	2979
833	700	1719
834	3620	3442
835	1527	2563
836	1088	2696
837	1088	2696
838	3787	5423
839	4049	5412
840	3422	3495
841	626	1883
842	1664	2958
843	1824	3201
844	4086	5773
845	1540	2402
846	760	1779
847	2406	2648
848	1088	2696
849	3790	5565
850	3620	3442
851	1621	2254
852	129	1573
853	1088	2696
854	2007	3109
855	3621	4297
856	3698	3681
857	2111	2706
858	684	1933
859	1531	1929
860	681	1331
861	1906	2502
862	2942	3356
863	1354	1617
864	4049	5412
865	1846	3257
866	3370	2935
867	1531	2392
868	3370	2935
869	2173	2751
870	4201	5692
871	1876	3375
872	564	1378
873	1651	3101
874	1903	3043
875	2360	4028
876	1234	2119
877	1825	2026
878	1367	1432
879	969	2783
880	3631	3319
881	1189	1688
882	2204	3948
883	3109	2987
884	3103	2904
885	2690	4260
886	2471	2668
887	1531	1929
888	1651	3101
889	1839	3518
890	2173	2751
891	3009	2807
892	1881	3289
893	301	0
894	725	982
895	3109	2987
896	1906	2502
897	1906	2915
898	2360	4028
899	2354	3610
900	2471	2668
901	1774	3512
902	2717	3565
903	1289	2077
904	575	1925
905	2406	2648
906	4076	4275
907	1906	2502
908	2265	3596
909	706	1427
910	723	1718
911	1544	2395
912	3790	5565
913	1596	3068
914	4076	4275
915	2751	3204
916	3621	4297
917	3698	3681
918	3787	5423
919	2692	3251
920	3935	5228
921	3980	4684
922	129	1573
923	4267	3698
924	2859	2811
925	3109	2987
926	4122	5556
927	3901	3632
928	1097	1705
929	684	1933
930	1705	2042
931	1977	4265
932	1544	2395
933	760	1779
934	1097	1705
935	1734	3170
936	1667	2015
937	1946	3862
938	4123	4242
939	760	1779
940	575	1925
941	478	351
942	3242	3021
943	2933	4362
944	2717	3565
945	3787	5423
946	3489	3359
947	3901	3632
948	3594	4978
949	3631	3319
950	3813	4643
951	1903	1662
952	764	1200
953	524	1494
954	1909	3032
955	1795	3057
956	3631	3319
957	1363	2169
958	4060	5500
959	2377	2929
960	1507	2233
961	4076	4275
962	3717	5201
963	3590	4679
964	2173	2751
965	1727	2708
966	1857	3120
967	3717	5201
968	3675	5170
969	1790	2895
970	2665	3432
971	3950	3886
972	2517	4063
973	4048	5482
974	1144	2485
975	1802	3575
976	1881	3289
977	3743	3474
978	1027	1670
979	2942	3048
980	2035	4100
981	1705	3421
982	1770	3141
983	1097	1705
984	3730	5460
985	1946	3862
986	2749	5218
987	2406	2648
988	1484	2930
989	4119	3935
990	4086	5773
991	2320	3362
992	764	1200
993	2942	3048
994	3901	3632
995	1544	2395
996	1690	3194
997	1527	2563
998	3090	3467
999	3901	3632
1000	1965	2912
1001	3370	2935
1002	503	2701
1003	1857	1532
1004	1846	3257
1005	2517	4063
1006	2714	3498
1007	1396	1850
1008	1771	3227
1009	1592	2333
1010	846	2697
1011	1983	3436
1012	4086	5773
1013	1307	2216
1014	4024	4927
1015	848	2761
1016	1210	1295
1017	1441	2035
1018	1441	2035
1019	638	2166
1020	3370	2935
1021	1664	2958
1022	3992	4075
1023	0	2907
1024	1772	3421
1025	2352	3707
DEMAND_SECTION
1	0
2	7
3	5
4	5
5	6
6	6
7	4
8	3
9	5
10	5
11	4
12	4
13	10
14	8
15	6
16	4
17	7
18	4
19	5
20	7
21	7
22	10
23	6
24	7
25	7
26	13
27	12
28	5
29	5
30	4
31	6
32	4
33	4
34	5
35	7
36	8
37	5
38	7
39	6
40	7
41	5
42	6
43	5
44	5
45	4
46	7
47	5
48	3
49	4
50	11
51	4
52	9
53	5
54	4
55	3
56	7
57	5
58	8
59	8
60	3
61	3
62	4
63	9
64	8
65	7
66	7
67	4
68	5
69	4
70	4
71	3
72	5
73	7
74	3
75	3
76	6
77	7
78	8
79	4
80	9
81	3
82	10
83	3
84	6
85	3
86	5
87	8
88	4
89	9
90	3
91	10
92	5
93	5
94	4
95	5
96	3
97	7
98	6
99	5
100	8
101	5
102	4
103	5
104	9
105	4
106	4
107	5
108	3
109	8
110	5
111	10
112	6
113	6
114	4
115	8
116	4
117	4
118	9
119	9
120	6
121	4
122	4
123	5
124	4
125	9
126	6
127	4
128	6
129	4
130	6
131	9
132	4
133	11
134	4
135	6
136	5
137	6
138	6
139	6
140	8
141	5
142	6
143	4
144	4
145	9
146	5
147	5
148	7
149	3
150	5
151	6
152	4
153	5
154	4
155	6
156	9
157	9
158	5
159	4
160	6
161	4
162	6
163	4
164	5
165	6
166	7
167	4
168	7
169	5
170	4
171	3
172	7
173	9
174	3
175	6
176	8
177	4
178	3
179	4
180	4
181	4
182	6
183	4
184	9
185	8
186	10
187	6
188	4
189	4
190	8
191	5
192	7
193	5
194	6
195	3
196	3
197	5
198	5
199	3
200	7
201	8
202	7
203	10
204	3
205	7
206	6
207	4
208	3
209	5
210	4
211	4
212	9
213	9
214	3
215	10
216	13
217	5
218	7
219	5
220	4
221	4
222	5
223	7
224	5
225	6
226	9
227	4
228	4
229	7
230	12
231	6
232	4
233	9
234	7
235	4
236	4
237	8
238	6
239	7
240	3
241	10
242	9
243	3
244	4
245	5
246	6
247	9
248	5
249	4
250	7
251	14
252	3
253	11
254	5
255	6
256	4
257	4
258	7
259	6
260	5
261	9
262	4
263	8
264	5
265	4
266	5
267	5
268	8
269	4
270	4
271	6
272	8
273	6
274	5
275	14
276	3
277	4
278	15
279	3
280	10
281	3
282	6
283	10
284	4
285	6
286	7
287	6
288	5
289	3
290	9
291	10
292	4
293	9
294	3
295	6
296	5
297	4
298	6
299	10
300	8
301	7
302	12
303	6
304	8
305	4
306	10
307	6
308	4
309	8
310	4
311	5
312	5
313	6
314	8
315	7
316	6
317	6
318	12
319	4
320	7
321	6
322	6
323	8
324	3
325	4
326	5
327	5
328	6
329	5
330	6
331	5
332	3
333	6
334	3
335	9
336	6
337	4
338	6
339	4
340	12
341	6
342	8
343	8
344	5
345	4
346	3
347	5
348	8
349	3
350	12
351	3
352	4
353	4
354	6
355	8
356	3
357	4
358	6
359	6
360	3
361	5
362	7
363	9
364	4
365	8
366	7
367	6
368	9
369	3
370	6
371	6
372	6
373	3
374	6
375	8
376	5
377	4
378	10
379	3
380	4
381	4
382	5
383	3
384	9
385	10
386	4
387	9
388	6
389	3
390	8
391	7
392	6
393	3
394	3
395	3
396	6
397	3
398	8
399	4
400	4
401	6
402	4
403	7
404	3
405	6
406	4
407	5
408	7
409	7
410	7
411	6
412	7
413	3
414	3
415	3
416	3
417	3
418	3
419	7
420	5
421	4
422	5
423	4
424	12
425	5
426	5
427	3
428	10
429	4
430	8
431	4
432	3
433	5
434	8
435	4
436	4
437	4
438	7
439	15
440	4
441	9
442	9
443	4
444	4
445	5
446	3
447	3
448	5
449	7
450	4
451	6
452	6
453	4
454	7
455	7
456	4
457	9
458	9
459	8
460	4
461	9
462	4
463	7
464	3
465	3
466	4
467	9
468	8
469	5
470	7
471	6
472	8
473	12
474	9
475	4
476	8
477	8
478	7
479	13
480	7
481	8
482	4
483	4
484	11
485	5
486	10
487	3
488	7
489	9
490	7
491	4
492	13
493	4
494	7
495	4
496	9
497	7
498	7
499	5
500	13
501	10
502	9
503	5
504	8
505	6
506	6
507	9
508	8
509	8
510	7
511	5
512	8
513	6
514	7
515	5
516	12
517	4
518	6
519	8
520	3
521	9
522	9
523	7
524	7
525	11
526	5
527	4
528	5
529	6
530	12
531	7
532	9
533	3
534	5
535	3
536	4
537	6
538	3
539	5
540	5
541	4
542	7
543	8
544	8
545	3
546	4
547	3
548	6
549	5
550	4
551	4
552	8
553	4
554	4
555	3
556	4
557	6
558	7
559	4
560	5
561	7
562	8
563	12
564	5
565	4
566	4
567	8
568	3
569	9
570	4
571	4
572	6
573	6
574	7
575	7
576	4
577	3
578	4
579	3
580	4
581	10
582	5
583	4
584	6
585	3
586	8
587	3
588	4
589	4
590	3
591	4
592	10
593	6
594	6
595	5
596	15
597	6
598	10
599	4
600	5
601	9
602	9
603	7
604	7
605	7
606	10
607	3
608	6
609	6
610	3
611	7
612	3
613	7
614	8
615	6
616	4
617	3
618	3
619	5
620	4
621	5
622	8
623	5
624	4
625	4
626	3
627	3
628	15
629	3
630	8
631	3
632	4
633	16
634	9
635	5
636	5
637	7
638	5
639	3
640	5
641	7
642	7
643	4
644	5
645	3
646	4
647	4
648	4
649	6
650	7
651	5
652	7
653	4
654	4
655	4
656	4
657	3
658	3
659	4
660	7
661	5
662	4
663	5
664	7
665	6
666	3
667	3
668	6
669	4
670	7
671	8
672	4
673	7
674	8
675	6
676	3
677	4
678	4
679	6
680	7
681	7
682	5
683	4
684	7
685	4
686	6
687	6
688	5
689	8
690	6
691	6
692	4
693	5
694	4
695	8
696	4
697	10
698	6
699	3
700	8
701	4
702	4
703	4
704	13
705	8
706	15
707	3
708	7
709	3
710	7
711	7
712	4
713	4
714	4
715	9
716	5
717	5
718	8
719	8
720	11
721	6
722	8
723	4
724	6
725	5
726	3
727	5
728	4
729	4
730	5
731	6
732	8
733	3
734	4
735	13
736	5
737	4
738	3
739	13
740	9
741	8
742	4
743	5
744	5
745	3
746	4
747	6
748	7
749	6
750	6
751	6
752	5
753	7
754	4
755	7
756	4
757	9
758	4
759	4
760	4
761	11
762	5
763	8
764	4
765	6
766	11
767	4
768	7
769	5
770	6
771	5
772	5
773	3
774	6
775	4
776	5
777	3
778	7
779	12
780	4
781	8
782	4
783	5
784	7
785	4
786	4
787	8
788	6
789	5
790	4
791	4
792	6
793	5
794	7
795	8
796	4
797	7
798	5
799	5
800	4
801	5
802	7
803	7
804	4
805	4
806	4
807	5
808	4
809	13
810	6
811	9
812	4
813	6
814	3
815	12
816	6
817	7
818	3
819	6
820	4
821	10
822	16
823	6
824	3
825	6
826	3
827	10
828	7
829	4
830	6
831	4
832	8
833	6
834	8
835	6
836	3
837	3
838	3
839	8
840	5
841	7
842	5
843	5
844	4
845	8
846	8
847	12
848	4
849	4
850	9
851	7
852	6
853	3
854	4
855	5
856	13
857	8
858	7
859	3
860	6
861	3
862	5
863	3
864	3
865	4
866	5
867	4
868	8
869	6
870	4
871	3
872	4
873	9
874	8
875	7
876	4
877	7
878	8
879	7
880	4
881	6
882	9
883	7
884	3
885	4
886	9
887	7
888	6
889	9
890	7
891	3
892	5
893	9
894	9
895	11
896	7
897	9
898	4
899	3
900	5
901	6
902	6
903	5
904	7
905	4
906	9
907	5
908	3
909	8
910	4
911	14
912	6
913	5
914	6
915	4
916	4
917	7
918	8
919	7
920	10
921	5
922	5
923	6
924	7
925	8
926	4
927	7
928	7
929	4
930	7
931	8
932	3
933	3
934	10
935	5
936	7
937	3
938	5
939	4
940	6
941	4
942	7
943	5
944	4
945	6
946	8
947	5
948	9
949	5
950	5
951	9
952	4
953	8
954	8
955	3
956	4
957	14
958	9
959	5
960	4
961	6
962	5
963	7
964	4
965	9
966	3
967	4
968	10
969	4
970	8
971	9
972	6
973	4
974	7
975	9
976	6
977	10
978	9
979	3
980	6
981	5
982	13
983	4
984	10
985	3
986	5
987	4
988	4
989	6
990	9
991	11
992	9
993	7
994	3
995	6
996	6
997	14
998	6
999	6
1000	6
1001	8
1002	5
1003	5
1004	7
1005	5
1006	9
1007	7
1008	7
1009	3
1010	6
1011	5
1012	7
1013	7
1014	10
1015	3
1016	9
1017	5
1018	7
1019	14
1020	10
1021	4
1022	6
1023	10
1024	5
1025	9
DEPOT_SECTION
1
-1
SERVICE_TIME_SECTION
1	0
2	480
3	540
4	420
5	300
6	660
7	780
8	720
9	540
10	300
11	540
12	600
13	420
14	720
15	420
16	480
17	480
18	360
19	420
20	720
21	300
22	420
23	240
24	240
25	240
26	480
27	420
28	360
29	480
30	360
31	480
32	480
33	360
34	660
35	420
36	420
37	300
38	600
39	480
40	360
41	420
42	720
43	300
44	600
45	600
46	240
47	480
48	660
49	840
50	420
51	480
52	420
53	300
54	540
55	420
56	360
57	480
58	840
59	480
60	960
61	240
62	420
63	780
64	600
65	360
66	240
67	240
68	660
69	660
70	540
71	360
72	360
73	720
74	720
75	660
76	540
77	300
78	600
79	300
80	720
81	600
82	240
83	240
84	300
85	300
86	480
87	660
88	360
89	900
90	300
91	720
92	360
93	600
94	360
95	480
96	600
97	600
98	540
99	480
100	360
101	420
102	660
103	480
104	360
105	480
106	300
107	420
108	360
109	360
110	540
111	240
112	300
113	600
114	720
115	360
116	480
117	600
118	480
119	300
120	600
121	240
122	360
123	360
124	660
125	240
126	780
127	420
128	600
129	540
130	360
131	420
132	240
133	660
134	480
135	240
136	420
137	600
138	660
139	660
140	660
141	720
142	480
143	300
144	540
145	660
146	480
147	540
148	240
149	420
150	480
151	540
152	240
153	360
154	480
155	720
156	660
157	360
158	540
159	240
160	240
161	420
162	1020
163	420
164	360
165	240
166	780
167	420
168	780
169	480
170	720
171	1020
172	480
173	360
174	840
175	720
176	480
177	540
178	420
179	420
180	540
181	600
182	780
183	480
184	720
185	660
186	360
187	240
188	660
189	540
190	540
191	420
192	420
193	480
194	360
195	240
196	600
197	360
198	780
199	240
200	600
201	600
202	720
203	360
204	780
205	720
206	480
207	360
208	660
209	540
210	720
211	360
212	480
213	420
214	480
215	300
216	420
217	420
218	540
219	480
220	600
221	600
222	600
223	420
224	420
225	600
226	660
227	300
228	480
229	240
230	420
231	540
232	720
233	420
234	1020
235	660
236	240
237	720
238	660
239	420
240	660
241	660
242	360
243	360
244	300
245	780
246	360
247	420
248	420
249	720
250	240
251	420
252	720
253	480
254	420
255	1380
256	480
257	480
258	420
259	600
260	720
261	420
262	360
263	480
264	840
265	660
266	420
267	420
268	480
269	240
270	300
271	240
272	420
273	540
274	240
275	660
276	660
277	660
278	360
279	420
280	540
281	360
282	600
283	1380
284	660
285	780
286	1200
287	600
288	480
289	480
290	660
291	420
292	360
293	540
294	360
295	720
296	540
297	420
298	720
299	360
300	540
301	420
302	780
303	360
304	540
305	600
306	360
307	420
308	480
309	240
310	420
311	240
312	660
313	240
314	540
315	360
316	420
317	720
318	240
319	240
320	540
321	240
322	480
323	480
324	600
325	540
326	540
327	600
328	660
329	300
330	420
331	480
332	420
333	480
334	240
335	900
336	420
337	540
338	540
339	600
340	480
341	300
342	420
343	660
344	780
345	540
346	540
347	720
348	420
349	240
350	300
351	600
352	480
353	960
354	420
355	1380
356	240
357	480
358	660
359	420
360	480
361	360
362	360
363	720
364	240
365	420
366	960
367	360
368	240
369	660
370	420
371	360
372	360
373	780
374	360
375	540
376	420
377	420
378	240
379	780
380	240
381	240
382	660
383	660
384	300
385	720
386	420
387	360
388	660
389	600
390	420
391	720
392	600
393	780
394	360
395	480
396	420
397	300
398	420
399	420
400	600
401	540
402	300
403	720
404	540
405	540
406	600
407	300
408	420
409	960
410	360
411	480
412	480
413	960
414	600
415	240
416	300
417	600
418	960
419	420
420	660
421	720
422	540
423	660
424	1380
425	360
426	660
427	240
428	300
429	540
430	720
431	420
432	360
433	660
434	420
435	600
436	600
437	360
438	360
439	240
440	360
441	360
442	540
443	540
444	300
445	780
446	720
447	420
448	300
449	240
450	240
451	540
452	360
453	420
454	360
455	240
456	300
457	720
458	480
459	480
460	660
461	420
462	720
463	660
464	420
465	360
466	540
467	240
468	540
469	540
470	420
471	360
472	600
473	480
474	720
475	660
476	360
477	540
478	240
479	300
480	720
481	660
482	360
483	600
484	660
485	240
486	780
487	480
488	780
489	420
490	360
491	660
492	240
493	360
494	780
495	960
496	720
497	540
498	360
499	600
500	600
501	420
502	780
503	360
504	360
505	720
506	420
507	420
508	300
509	720
510	780
511	600
512	360
513	480
514	720
515	660
516	660
517	600
518	540
519	480
520	420
521	780
522	420
523	480
524	540
525	300
526	540
527	420
528	420
529	300
530	660
531	900
532	480
533	420
534	240
535	600
536	540
537	360
538	540
539	360
540	540
541	540
542	600
543	480
544	480
545	720
546	480
547	480
548	480
549	240
550	480
551	480
552	600
553	600
554	420
555	240
556	840
557	480
558	780
559	480
560	660
561	600
562	600
563	360
564	540
565	360
566	480
567	300
568	480
569	360
570	660
571	420
572	480
573	420
574	240
575	360
576	240
577	360
578	420
579	780
580	360
581	540
582	300
583	480
584	240
585	420
586	360
587	240
588	720
589	300
590	300
591	720
592	480
593	480
594	240
595	840
596	540
597	240
598	240
599	420
600	660
601	720
602	660
603	660
604	240
605	240
606	480
607	420
608	600
609	480
610	420
611	540
612	540
613	300
614	540
615	300
616	480
617	660
618	360
619	240
620	300
621	720
622	420
623	480
624	420
625	600
626	600
627	600
628	420
629	540
630	600
631	480
632	360
633	540
634	480
635	480
636	240
637	660
638	540
639	1380
640	660
641	480
642	480
643	780
644	780
645	720
646	420
647	420
648	420
649	360
650	600
651	240
652	540
653	480
654	540
655	300
656	840
657	480
658	780
659	780
660	720
661	360
662	600
663	600
664	360
665	540
666	240
667	540
668	540
669	420
670	600
671	540
672	540
673	540
674	480
675	720
676	240
677	420
678	540
679	360
680	540
681	480
682	600
683	660
684	240
685	960
686	240
687	600
688	420
689	780
690	600
691	540
692	600
693	720
694	660
695	480
696	480
697	720
698	360
699	600
700	420
701	720
702	420
703	480
704	360
705	480
706	480
707	480
708	720
709	600
710	660
711	780
712	420
713	300
714	480
715	600
716	420
717	300
718	240
719	600
720	480
721	240
722	540
723	480
724	780
725	480
726	420
727	420
728	720
729	240
730	780
731	780
732	240
733	420
734	360
735	360
736	660
737	420
738	540
739	420
740	300
741	660
742	240
743	1380
744	480
745	240
746	660
747	360
748	420
749	240
750	540
751	360
752	360
753	300
754	540
755	600
756	360
757	420
758	360
759	420
760	420
761	420
762	540
763	420
764	480
765	660
766	720
767	240
768	420
769	780
770	480
771	240
772	360
773	1200
774	600
775	780
776	600
777	420
778	360
779	360
780	960
781	540
782	660
783	420
784	420
785	600
786	540
787	300
788	720
789	420
790	720
791	780
792	480
793	240
794	600
795	420
796	780
797	420
798	360
799	780
800	840
801	240
802	660
803	540
804	360
805	540
806	720
807	480
808	360
809	780
810	720
811	420
812	600
813	600
814	720
815	780
816	660
817	420
818	1200
819	540
820	540
821	360
822	540
823	420
824	360
825	660
826	540
827	660
828	480
829	480
830	420
831	660
832	540
833	360
834	600
835	540
836	780
837	480
838	780
839	300
840	660
841	600
842	480
843	720
844	720
845	600
846	720
847	300
848	780
849	600
850	420
851	840
852	480
853	360
854	480
855	540
856	240
857	540
858	420
859	420
860	300
861	420
862	420
863	300
864	420
865	420
866	480
867	600
868	300
869	660
870	420
871	480
872	480
873	360
874	420
875	480
876	600
877	720
878	240
879	780
880	540
881	300
882	360
883	780
884	300
885	300
886	240
887	480
888	600
889	480
890	540
891	420
892	300
893	540
894	480
895	600
896	600
897	360
898	600
899	420
900	360
901	720
902	420
903	420
904	660
905	660
906	420
907	360
908	540
909	420
910	600
911	540
912	360
913	600
914	780
915	420
916	540
917	480
918	240
919	600
920	660
921	600
922	420
923	300
924	420
925	420
926	420
927	360
928	480
929	240
930	600
931	360
932	300
933	600
934	240
935	300
936	540
937	720
938	360
939	780
940	360
941	660
942	840
943	660
944	300
945	420
946	900
947	660
948	480
949	300
950	480
951	420
952	900
953	360
954	240
955	600
956	240
957	480
958	240
959	600
960	360
961	600
962	300
963	420
964	600
965	660
966	660
967	360
968	300
969	660
970	780
971	540
972	300
973	360
974	540
975	720
976	720
977	240
978	600
979	420
980	300
981	720
982	480
983	300
984	240
985	720
986	480
987	660
988	420
989	600
990	1380
991	480
992	240
993	600
994	300
995	660
996	600
997	600
998	780
999	360
1000	660
1001	360
1002	420
1003	240
1004	240
1005	360
1006	300
1007	360
1008	240
1009	360
1010	540
1011	660
1012	420
1013	480
1014	360
1015	480
1016	480
1017	420
1018	480
1019	480
1020	540
1021	660
1022	240
1023	780
1024	600
1025	360
TIME_WINDOW_SECTION
1	0	45000
2	15600	26700
3	19200	26700
4	12000	19500
5	4800	12300
6	10200	29700
7	8400	19500
8	4800	12300
9	8400	19500
10	4800	12300
11	19200	26700
12	15600	24900
13	10200	30300
14	17400	37500
15	15600	26700
16	22800	30300
17	22800	30300
18	15600	23100
19	12000	19500
20	8400	19500
21	10200	29700
22	8400	19500
23	12000	19500
24	10200	30300
25	15600	23100
26	22800	30300
27	4800	12300
28	22800	30300
29	19200	26700
30	10200	30300
31	19200	26700
32	8400	19500
33	10200	30300
34	10200	30300
35	15600	23100
36	8400	15900
37	19200	26700
38	19200	26700
39	12000	18900
40	4800	12300
41	12000	19500
42	15600	26700
43	22800	29700
44	10200	30300
45	19200	26700
46	4800	12300
47	22800	30300
48	19200	26700
49	19200	26700
50	4800	12300
51	10200	29700
52	19200	26700
53	10200	30300
54	22800	30300
55	15600	24900
56	10200	30300
57	10200	30300
58	12000	19500
59	15600	22500
60	26400	37500
61	22800	30300
62	19200	26700
63	8400	15900
64	15600	26700
65	10200	29700
66	12000	19500
67	4800	11700
68	12000	19500
69	8400	19500
70	4800	12300
71	12000	19500
72	10200	30300
73	8400	15900
74	19200	26700
75	4800	12300
76	8400	19500
77	22800	30300
78	19200	26700
79	15600	26700
80	10200	30300
81	4800	12300
82	12000	19500
83	19200	26700
84	22800	30300
85	12000	19500
86	19200	26700
87	8400	19500
88	15600	26700
89	12000	19500
90	10200	30300
91	8400	19500
92	8400	15900
93	10200	30300
94	12000	19500
95	10200	30300
96	19200	26700
97	8400	19500
98	15600	26100
99	10200	30300
100	15600	26700
101	15600	23100
102	4800	12300
103	15600	26700
104	8400	19500
105	15600	26700
106	12000	19500
107	8400	19500
108	10200	30300
109	10200	30300
110	22800	30300
111	19200	26700
112	8400	15900
113	12000	19500
114	8400	19500
115	8400	19500
116	12000	19500
117	10200	29700
118	10200	30300
119	8400	15900
120	4800	12300
121	19200	26700
122	10200	30300
123	4800	12300
124	15600	26700
125	8400	15900
126	12000	19500
127	22800	30300
128	4800	12300
129	10200	30300
130	15600	23100
131	10200	30300
132	15600	26700
133	22800	30300
134	22800	30300
135	15600	26700
136	19200	26700
137	15600	26700
138	8400	19500
139	15600	26700
140	12000	19500
141	15600	24900
142	12000	19500
143	12000	19500
144	19200	26700
145	17400	37500
146	15600	23100
147	15600	26700
148	10200	30300
149	10200	30300
150	4800	12300
151	15600	23100
152	26400	37500
153	8400	19500
154	10200	30300
155	12000	19500
156	8400	15900
157	10200	30300
158	22800	30300
159	8400	19500
160	10200	30300
161	4800	12300
162	12000	19500
163	22800	30300
164	22800	30300
165	10200	30300
166	15600	26700
167	15600	26700
168	4800	12300
169	19200	26700
170	10200	30300
171	12000	19500
172	15600	26700
173	10200	30300
174	15600	26700
175	15600	23100
176	4800	12300
177	8400	19500
178	22800	30300
179	8400	19500
180	4800	12300
181	10200	30300
182	8400	15900
183	10200	30300
184	10200	30300
185	22800	30300
186	15600	26700
187	19200	26700
188	8400	19500
189	8400	19500
190	10200	30300
191	10200	30300
192	12000	19500
193	10200	30300
194	8400	19500
195	8400	19500
196	19200	26700
197	22800	30300
198	19200	26700
199	12000	19500
200	10200	30300
201	4800	12300
202	8400	15900
203	4800	12300
204	10200	30300
205	12000	19500
206	4800	12300
207	12000	19500
208	8400	18900
209	15600	26100
210	10200	29700
211	10200	30300
212	10200	30300
213	12000	19500
214	4800	11700
215	10200	30300
216	10200	30300
217	15600	23100
218	15600	24900
219	22800	30300
220	15600	24900
221	8400	19500
222	19200	26700
223	22800	30300
224	10200	30300
225	19200	26700
226	10200	29700
227	4800	12300
228	8400	19500
229	4800	12300
230	15600	23100
231	19200	26700
232	12000	19500
233	10200	30300
234	8400	19500
235	4800	12300
236	15600	26700
237	22800	30300
238	8400	19500
239	8400	19500
240	10200	30300
241	19200	26700
242	19200	26700
243	10200	29700
244	22800	30300
245	10200	30300
246	8400	15900
247	4800	11700
248	10200	29700
249	4800	12300
250	8400	15900
251	4800	12300
252	19200	26700
253	22800	30300
254	8400	15900
255	15600	23100
256	4800	12300
257	15600	23100
258	4800	12300
259	15600	23100
260	15600	26700
261	4800	12300
262	8400	19500
263	10200	30300
264	10200	30300
265	10200	30300
266	4800	12300
267	4800	11700
268	22800	30300
269	8400	15900
270	22800	30300
271	4800	12300
272	22800	30300
273	22800	30300
274	8400	15900
275	8400	15900
276	10200	30300
277	12000	18900
278	12000	19500
279	22800	30300
280	12000	19500
281	19200	26700
282	10200	29700
283	4800	12300
284	8400	19500
285	4800	12300
286	10200	29700
287	12000	19500
288	4800	12300
289	22800	30300
290	19200	26700
291	22800	30300
292	4800	12300
293	15600	26700
294	10200	30300
295	12000	19500
296	8400	15900
297	19200	26700
298	12000	19500
299	8400	19500
300	22800	29700
301	12000	19500
302	8400	19500
303	19200	26700
304	8400	19500
305	10200	30300
306	4800	12300
307	15600	23100
308	15600	26700
309	15600	26100
310	22800	30300
311	17400	37500
312	4800	12300
313	10200	30300
314	10200	30300
315	10200	30300
316	12000	19500
317	12000	19500
318	4800	12300
319	8400	19500
320	19200	26700
321	15600	26700
322	15600	26700
323	8400	19500
324	10200	30300
325	22800	30300
326	15600	23100
327	10200	30300
328	10200	30300
329	19200	26700
330	19200	26700
331	8400	15900
332	15600	26700
333	12000	18900
334	15600	23100
335	4800	12300
336	15600	24900
337	22800	30300
338	15600	26700
339	15600	23100
340	4800	12300
341	22800	30300
342	10200	30300
343	10200	30300
344	15600	23100
345	22800	30300
346	8400	15900
347	10200	30300
348	19200	26700
349	4800	12300
350	22800	30300
351	4800	12300
352	10200	30300
353	10200	30300
354	22800	30300
355	12000	19500
356	4800	12300
357	15600	26700
358	10200	30300
359	19200	26700
360	17400	36900
361	10200	30300
362	12000	19500
363	10200	30300
364	10200	30300
365	12000	19500
366	10200	30300
367	22800	30300
368	19200	26700
369	19200	26700
370	10200	30300
371	10200	30300
372	10200	29700
373	4800	12300
374	10200	29700
375	4800	12300
376	17400	37500
377	8400	15900
378	10200	30300
379	4800	12300
380	15600	26700
381	10200	30300
382	8400	15900
383	19200	26700
384	10200	30300
385	4800	12300
386	8400	15900
387	22800	30300
388	17400	37500
389	12000	19500
390	10200	30300
391	15600	26700
392	8400	15900
393	8400	18900
394	19200	26700
395	12000	18900
396	15600	26100
397	19200	26700
398	22800	30300
399	12000	19500
400	8400	19500
401	8400	15900
402	8400	15900
403	19200	26700
404	22800	30300
405	10200	30300
406	8400	19500
407	22800	30300
408	15600	26700
409	10200	30300
410	12000	19500
411	15600	23100
412	15600	24900
413	8400	18900
414	8400	19500
415	22800	30300
416	4800	12300
417	8400	19500
418	22800	29700
419	19200	26700
420	22800	30300
421	15600	26700
422	15600	23100
423	10200	30300
424	10200	29700
425	19200	26700
426	22800	30300
427	8400	19500
428	8400	19500
429	12000	19500
430	15600	26700
431	19200	26700
432	10200	30300
433	12000	19500
434	15600	23100
435	10200	29700
436	15600	26700
437	8400	19500
438	4800	12300
439	15600	23100
440	10200	30300
441	22800	30300
442	22800	30300
443	12000	19500
444	15600	24900
445	10200	30300
446	19200	26700
447	19200	26700
448	15600	23100
449	12000	19500
450	22800	30300
451	12000	19500
452	17400	37500
453	19200	26700
454	10200	30300
455	10200	30300
456	4800	12300
457	10200	30300
458	8400	15900
459	10200	30300
460	10200	29700
461	19200	26700
462	12000	19500
463	10200	30300
464	19200	26700
465	10200	30300
466	19200	26700
467	19200	26700
468	19200	26700
469	12000	19500
470	10200	30300
471	12000	19500
472	12000	18900
473	19200	26700
474	12000	19500
475	12000	19500
476	22800	30300
477	22800	29700
478	15600	24900
479	4800	12300
480	4800	12300
481	8400	19500
482	8400	19500
483	8400	15900
484	10200	30300
485	10200	29700
486	12000	19500
487	10200	30300
488	19200	26700
489	19200	26700
490	19200	26700
491	15600	26700
492	19200	26700
493	19200	26700
494	15600	26700
495	10200	30300
496	10200	29700
497	19200	26700
498	22800	30300
499	22800	30300
500	12000	19500
501	8400	19500
502	12000	19500
503	19200	26700
504	10200	30300
505	19200	26700
506	22800	30300
507	19200	26700
508	12000	19500
509	8400	19500
510	10200	29700
511	8400	15900
512	8400	19500
513	15600	26100
514	19200	26700
515	8400	15900
516	10200	30300
517	8400	19500
518	22800	30300
519	26400	37500
520	19200	26700
521	19200	26700
522	8400	19500
523	19200	26700
524	12000	19500
525	17400	37500
526	12000	19500
527	8400	19500
528	8400	15900
529	22800	30300
530	15600	23100
531	17400	37500
532	10200	30300
533	19200	26700
534	22800	29700
535	10200	30300
536	15600	26700
537	22800	30300
538	15600	26700
539	12000	19500
540	22800	30300
541	12000	19500
542	22800	30300
543	12000	19500
544	22800	30300
545	10200	30300
546	8400	15900
547	12000	19500
548	8400	18900
549	8400	15900
550	12000	19500
551	10200	30300
552	12000	19500
553	12000	18900
554	10200	30300
555	17400	37500
556	15600	23100
557	10200	29700
558	10200	29700
559	19200	26700
560	8400	19500
561	19200	26700
562	10200	30300
563	8400	15900
564	8400	19500
565	15600	22500
566	19200	26700
567	12000	19500
568	12000	19500
569	19200	26700
570	19200	26700
571	19200	26700
572	10200	29700
573	8400	19500
574	12000	19500
575	26400	37500
576	10200	29700
577	8400	15900
578	8400	15900
579	19200	26700
580	12000	19500
581	19200	26700
582	12000	19500
583	8400	19500
584	10200	30300
585	15600	26700
586	22800	30300
587	17400	36900
588	10200	30300
589	15600	26700
590	22800	30300
591	19200	26700
592	8400	19500
593	19200	26700
594	10200	30300
595	8400	15900
596	12000	19500
597	10200	30300
598	15600	23100
599	10200	30300
600	15600	23100
601	19200	26700
602	19200	26700
603	22800	30300
604	10200	30300
605	12000	19500
606	22800	30300
607	10200	30300
608	12000	19500
609	8400	15900
610	19200	26700
611	19200	26700
612	10200	30300
613	19200	26700
614	12000	19500
615	22800	30300
616	15600	24900
617	22800	30300
618	10200	30300
619	10200	30300
620	12000	19500
621	19200	26700
622	19200	26700
623	19200	26700
624	19200	26700
625	15600	23100
626	12000	19500
627	10200	30300
628	19200	26700
629	8400	15900
630	8400	15900
631	22800	30300
632	10200	30300
633	22800	30300
634	10200	30300
635	8400	15900
636	8400	19500
637	15600	23100
638	22800	30300
639	19200	26700
640	15600	23100
641	15600	26700
642	22800	30300
643	10200	30300
644	10200	30300
645	10200	30300
646	22800	30300
647	10200	30300
648	8400	19500
649	10200	29700
650	12000	19500
651	10200	30300
652	12000	19500
653	22800	30300
654	10200	29700
655	10200	30300
656	19200	26700
657	10200	29700
658	22800	30300
659	15600	24900
660	22800	30300
661	8400	19500
662	10200	30300
663	12000	19500
664	19200	26700
665	10200	29700
666	10200	30300
667	12000	19500
668	12000	19500
669	10200	30300
670	10200	30300
671	10200	29700
672	15600	23100
673	10200	30300
674	10200	30300
675	12000	19500
676	19200	26700
677	19200	26700
678	26400	37500
679	12000	18900
680	26400	37500
681	26400	37500
682	15600	23100
683	19200	26700
684	10200	30300
685	15600	26700
686	22800	30300
687	10200	30300
688	12000	19500
689	15600	22500
690	12000	19500
691	12000	18900
692	8400	19500
693	8400	19500
694	12000	19500
695	19200	26700
696	19200	26700
697	10200	30300
698	12000	19500
699	8400	19500
700	12000	19500
701	15600	22500
702	19200	26700
703	10200	30300
704	15600	26700
705	26400	37500
706	15600	23100
707	10200	29700
708	22800	30300
709	15600	26700
710	10200	29700
711	15600	23100
712	10200	30300
713	17400	37500
714	15600	26700
715	15600	26700
716	10200	30300
717	10200	29700
718	15600	26700
719	12000	19500
720	10200	30300
721	19200	26700
722	15600	24900
723	10200	30300
724	15600	23100
725	22800	30300
726	19200	26700
727	8400	19500
728	19200	26700
729	15600	23100
730	12000	19500
731	19200	26700
732	12000	19500
733	10200	30300
734	19200	26700
735	12000	19500
736	8400	19500
737	19200	26700
738	10200	30300
739	15600	26700
740	15600	23100
741	15600	23100
742	15600	26700
743	19200	26700
744	22800	30300
745	19200	26700
746	22800	30300
747	22800	30300
748	12000	19500
749	22800	30300
750	10200	30300
751	19200	26700
752	10200	30300
753	12000	19500
754	19200	26700
755	10200	30300
756	10200	29700
757	8400	19500
758	10200	29700
759	10200	30300
760	10200	29700
761	19200	26700
762	15600	26700
763	22800	30300
764	10200	30300
765	10200	30300
766	10200	30300
767	22800	30300
768	22800	30300
769	10200	30300
770	10200	30300
771	12000	19500
772	10200	29700
773	15600	24900
774	15600	23100
775	19200	26700
776	12000	19500
777	10200	30300
778	22800	30300
779	10200	29700
780	10200	29700
781	10200	30300
782	12000	19500
783	15600	23100
784	15600	23100
785	15600	22500
786	22800	29700
787	19200	26700
788	12000	19500
789	12000	19500
790	15600	26700
791	15600	23100
792	15600	26700
793	12000	19500
794	12000	19500
795	10200	30300
796	15600	26100
797	19200	26700
798	12000	19500
799	22800	30300
800	10200	30300
801	22800	30300
802	15600	26700
803	19200	26700
804	15600	24900
805	10200	30300
806	8400	19500
807	15600	22500
808	15600	26100
809	22800	30300
810	15600	23100
811	10200	30300
812	19200	26700
813	10200	30300
814	19200	26700
815	10200	29700
816	10200	30300
817	10200	30300
818	10200	30300
819	15600	23100
820	19200	26700
821	22800	30300
822	19200	26700
823	15600	23100
824	15600	26700
825	19200	26700
826	10200	30300
827	10200	30300
828	19200	26700
829	22800	30300
830	19200	26700
831	10200	30300
832	19200	26700
833	15600	26700
834	10200	29700
835	15600	26100
836	19200	26700
837	19200	26700
838	19200	26700
839	10200	30300
840	19200	26700
841	15600	24900
842	10200	30300
843	22800	30300
844	15600	24900
845	17400	37500
846	19200	26700
847	19200	26700
848	10200	30300
849	15600	24900
850	22800	30300
851	22800	30300
852	19200	26700
853	10200	30300
854	10200	29700
855	15600	23100
856	10200	29700
857	15600	23100
858	19200	26700
859	10200	30300
860	22800	30300
861	22800	30300
862	10200	30300
863	10200	30300
864	19200	26700
865	10200	30300
866	15600	23100
867	22800	30300
868	19200	26700
869	10200	30300
870	10200	30300
871	10200	30300
872	10200	29700
873	10200	30300
874	22800	30300
875	19200	26700
876	10200	30300
877	10200	30300
878	22800	30300
879	22800	30300
880	10200	30300
881	10200	30300
882	22800	30300
883	19200	26700
884	10200	30300
885	10200	30300
886	22800	30300
887	15600	24900
888	19200	26700
889	22800	30300
890	19200	26700
891	10200	29700
892	10200	30300
893	22800	30300
894	10200	30300
895	19200	26700
896	19200	26700
897	19200	26700
898	15600	26700
899	10200	30300
900	19200	26700
901	15600	24900
902	10200	30300
903	10200	30300
904	15600	24900
905	22800	30300
906	22800	30300
907	26400	37500
908	17400	36900
909	15600	26700
910	19200	26700
911	19200	26700
912	10200	30300
913	15600	23100
914	10200	30300
915	10200	30300
916	10200	29700
917	15600	23100
918	22800	30300
919	10200	30300
920	19200	26700
921	19200	26700
922	10200	29700
923	10200	30300
924	10200	30300
925	10200	30300
926	10200	30300
927	19200	26700
928	22800	30300
929	15600	26700
930	10200	30300
931	10200	30300
932	19200	26700
933	10200	29700
934	10200	30300
935	17400	37500
936	10200	30300
937	15600	26700
938	22800	30300
939	10200	30300
940	10200	30300
941	10200	30300
942	10200	30300
943	10200	29700
944	15600	26700
945	22800	30300
946	22800	30300
947	10200	30300
948	19200	26700
949	10200	30300
950	10200	30300
951	10200	29700
952	19200	26700
953	22800	30300
954	10200	30300
955	15600	24900
956	10200	30300
957	19200	26700
958	15600	26100
959	10200	30300
960	19200	26700
961	22800	30300
962	19200	26700
963	19200	26700
964	15600	26700
965	10200	30300
966	19200	26700
967	19200	26700
968	22800	30300
969	22800	30300
970	19200	26700
971	22800	30300
972	15600	26700
973	10200	29700
974	22800	30300
975	22800	30300
976	10200	30300
977	10200	29700
978	10200	30300
979	10200	30300
980	15600	26700
981	10200	30300
982	10200	30300
983	26400	37500
984	10200	30300
985	10200	30300
986	10200	30300
987	19200	26700
988	19200	26700
989	17400	37500
990	10200	30300
991	26400	37500
992	10200	29700
993	17400	36900
994	22800	30300
995	10200	29700
996	10200	30300
997	10200	30300
998	19200	26700
999	22800	30300
1000	22800	30300
1001	19200	26700
1002	22800	30300
1003	17400	37500
1004	22800	30300
1005	19200	26700
1006	22800	30300
1007	10200	30300
1008	22800	30300
1009	22800	30300
1010	10200	29700
1011	10200	30300
1012	10200	30300
1013	22800	30300
1014	22800	30300
1015	22800	30300
1016	22800	30300
1017	10200	30300
1018	22800	30300
1019	10200	29700
1020	10200	30300
1021	19200	26700
1022	10200	30300
1023	10200	30300
1024	22800	30300
1025	22800	30300
RELEASE_TIME_SECTION
1	0
2	3600
3	3600
4	3600
5	3600
6	3600
7	3600
8	3600
9	3600
10	3600
11	3600
12	3600
13	3600
14	3600
15	3600
16	3600
17	3600
18	3600
19	3600
20	3600
21	3600
22	3600
23	3600
24	3600
25	3600
26	3600
27	3600
28	3600
29	3600
30	3600
31	3600
32	3600
33	3600
34	3600
35	3600
36	3600
37	3600
38	3600
39	3600
40	3600
41	3600
42	3600
43	3600
44	3600
45	3600
46	3600
47	3600
48	3600
49	3600
50	3600
51	3600
52	3600
53	3600
54	3600
55	3600
56	3600
57	3600
58	3600
59	3600
60	3600
61	3600
62	3600
63	3600
64	3600
65	3600
66	3600
67	3600
68	3600
69	3600
70	3600
71	3600
72	3600
73	3600
74	3600
75	3600
76	3600
77	3600
78	3600
79	3600
80	3600
81	3600
82	3600
83	3600
84	3600
85	3600
86	3600
87	3600
88	3600
89	3600
90	3600
91	3600
92	3600
93	3600
94	3600
95	3600
96	3600
97	3600
98	3600
99	3600
100	3600
101	3600
102	5400
103	5400
104	5400
105	5400
106	5400
107	5400
108	5400
109	5400
110	5400
111	5400
112	5400
113	5400
114	5400
115	5400
116	5400
117	5400
118	5400
119	5400
120	5400
121	5400
122	5400
123	5400
124	5400
125	5400
126	5400
127	5400
128	5400
129	5400
130	5400
131	5400
132	5400
133	5400
134	5400
135	5400
136	5400
137	5400
138	5400
139	5400
140	5400
141	5400
142	5400
143	5400
144	5400
145	5400
146	5400
147	5400
148	5400
149	5400
150	5400
151	5400
152	5400
153	5400
154	5400
155	5400
156	5400
157	5400
158	5400
159	5400
160	5400
161	5400
162	5400
163	5400
164	5400
165	5400
166	5400
167	5400
168	5400
169	5400
170	5400
171	5400
172	5400
173	5400
174	5400
175	5400
176	5400
177	5400
178	5400
179	5400
180	5400
181	5400
182	5400
183	5400
184	5400
185	5400
186	5400
187	5400
188	5400
189	5400
190	5400
191	5400
192	5400
193	5400
194	5400
195	5400
196	5400
197	5400
198	5400
199	5400
200	5400
201	5400
202	7200
203	7200
204	7200
205	7200
206	7200
207	7200
208	7200
209	7200
210	7200
211	7200
212	7200
213	7200
214	7200
215	7200
216	7200
217	7200
218	7200
219	7200
220	7200
221	7200
222	7200
223	7200
224	7200
225	7200
226	7200
227	7200
228	7200
229	7200
230	7200
231	7200
232	7200
233	7200
234	7200
235	7200
236	7200
237	7200
238	7200
239	7200
240	7200
241	7200
242	7200
243	7200
244	7200
245	7200
246	7200
247	7200
248	7200
249	7200
250	7200
251	7200
252	7200
253	7200
254	7200
255	7200
256	7200
257	7200
258	7200
259	7200
260	7200
261	7200
262	7200
263	7200
264	7200
265	7200
266	7200
267	7200
268	7200
269	7200
270	7200
271	7200
272	7200
273	7200
274	7200
275	7200
276	7200
277	7200
278	7200
279	7200
280	7200
281	7200
282	7200
283	7200
284	7200
285	7200
286	7200
287	7200
288	7200
289	7200
290	7200
291	7200
292	7200
293	7200
294	7200
295	7200
296	7200
297	7200
298	7200
299	7200
300	7200
301	7200
302	9000
303	9000
304	9000
305	9000
306	9000
307	9000
308	9000
309	9000
310	9000
311	9000
312	9000
313	9000
314	9000
315	9000
316	9000
317	9000
318	9000
319	9000
320	9000
321	9000
322	9000
323	9000
324	9000
325	9000
326	9000
327	9000
328	9000
329	9000
330	9000
331	9000
332	9000
333	9000
334	9000
335	9000
336	9000
337	9000
338	9000
339	9000
340	9000
341	9000
342	9000
343	9000
344	9000
345	9000
346	9000
347	9000
348	9000
349	9000
350	9000
351	9000
352	9000
353	9000
354	9000
355	9000
356	9000
357	9000
358	9000
359	9000
360	9000
361	9000
362	9000
363	9000
364	9000
365	9000
366	9000
367	9000
368	9000
369	9000
370	9000
371	9000
372	9000
373	9000
374	9000
375	9000
376	9000
377	9000
378	9000
379	9000
380	9000
381	9000
382	9000
383	9000
384	9000
385	9000
386	9000
387	9000
388	9000
389	9000
390	9000
391	9000
392	9000
393	9000
394	9000
395	9000
396	9000
397	9000
398	9000
399	9000
400	9000
401	10800
402	10800
403	10800
404	10800
405	10800
406	10800
407	10800
408	10800
409	10800
410	10800
411	10800
412	10800
413	10800
414	10800
415	10800
416	10800
417	10800
418	10800
419	10800
420	10800
421	10800
422	10800
423	10800
424	10800
425	10800
426	10800
427	10800
428	10800
429	10800
430	10800
431	10800
432	10800
433	10800
434	10800
435	10800
436	10800
437	10800
438	10800
439	10800
440	10800
441	10800
442	10800
443	10800
444	10800
445	10800
446	10800
447	10800
448	10800
449	10800
450	10800
451	10800
452	10800
453	10800
454	10800
455	10800
456	10800
457	10800
458	10800
459	10800
460	10800
461	10800
462	10800
463	10800
464	10800
465	10800
466	10800
467	10800
468	10800
469	10800
470	10800
471	10800
472	10800
473	10800
474	10800
475	10800
476	10800
477	10800
478	10800
479	10800
480	10800
481	10800
482	10800
483	10800
484	10800
485	10800
486	10800
487	10800
488	10800
489	10800
490	10800
491	10800
492	10800
493	12600
494	12600
495	12600
496	12600
497	12600
498	12600
499	12600
500	12600
501	12600
502	12600
503	12600
504	12600
505	12600
506	12600
507	12600
508	12600
509	12600
510	12600
511	12600
512	12600
513	12600
514	12600
515	12600
516	12600
517	12600
518	12600
519	12600
520	12600
521	12600
522	12600
523	12600
524	12600
525	12600
526	12600
527	12600
528	12600
529	12600
530	12600
531	12600
532	12600
533	12600
534	12600
535	12600
536	12600
537	12600
538	12600
539	12600
540	12600
541	12600
542	12600
543	12600
544	12600
545	12600
546	12600
547	12600
548	12600
549	12600
550	12600
551	12600
552	12600
553	12600
554	12600
555	12600
556	12600
557	12600
558	12600
559	12600
560	12600
561	12600
562	12600
563	12600
564	12600
565	12600
566	12600
567	12600
568	12600
569	12600
570	12600
571	12600
572	12600
573	12600
574	12600
575	12600
576	12600
577	12600
578	12600
579	12600
580	12600
581	12600
582	12600
583	14400
584	14400
585	14400
586	14400
587	14400
588	14400
589	14400
590	14400
591	14400
592	14400
593	14400
594	14400
595	14400
596	14400
597	14400
598	14400
599	14400
600	14400
601	14400
602	14400
603	14400
604	14400
605	14400
606	14400
607	14400
608	14400
609	14400
610	14400
611	14400
612	14400
613	14400
614	14400
615	14400
616	14400
617	14400
618	14400
619	14400
620	14400
621	14400
622	14400
623	14400
624	14400
625	14400
626	14400
627	14400
628	14400
629	14400
630	14400
631	14400
632	14400
633	14400
634	14400
635	14400
636	14400
637	14400
638	14400
639	14400
640	14400
641	14400
642	14400
643	14400
644	14400
645	14400
646	14400
647	14400
648	14400
649	14400
650	14400
651	14400
652	14400
653	14400
654	14400
655	14400
656	14400
657	14400
658	14400
659	14400
660	14400
661	14400
662	14400
663	14400
664	16200
665	16200
666	16200
667	16200
668	16200
669	16200
670	16200
671	16200
672	16200
673	16200
674	16200
675	16200
676	16200
677	16200
678	16200
679	16200
680	16200
681	16200
682	16200
683	16200
684	16200
685	16200
686	16200
687	16200
688	16200
689	16200
690	16200
691	16200
692	16200
693	16200
694	16200
695	16200
696	16200
697	16200
698	16200
699	16200
700	16200
701	16200
702	16200
703	16200
704	16200
705	16200
706	16200
707	16200
708	16200
709	16200
710	16200
711	16200
712	16200
713	16200
714	16200
715	16200
716	16200
717	16200
718	16200
719	16200
720	16200
721	16200
722	16200
723	16200
724	16200
725	16200
726	16200
727	16200
728	16200
729	16200
730	16200
731	16200
732	16200
733	16200
734	16200
735	16200
736	16200
737	16200
738	16200
739	16200
740	16200
741	18000
742	18000
743	18000
744	18000
745	18000
746	18000
747	18000
748	18000
749	18000
750	18000
751	18000
752	18000
753	18000
754	18000
755	18000
756	18000
757	18000
758	18000
759	18000
760	18000
761	18000
762	18000
763	18000
764	18000
765	18000
766	18000
767	18000
768	18000
769	18000
770	18000
771	18000
772	18000
773	18000
774	18000
775	18000
776	18000
777	18000
778	18000
779	18000
780	18000
781	18000
782	18000
783	18000
784	18000
785	18000
786	18000
787	18000
788	18000
789	18000
790	18000
791	18000
792	18000
793	18000
794	18000
795	18000
796	18000
797	18000
798	18000
799	18000
800	18000
801	18000
802	18000
803	18000
804	18000
805	18000
806	18000
807	19800
808	19800
809	19800
810	19800
811	19800
812	19800
813	19800
814	19800
815	19800
816	19800
817	19800
818	19800
819	19800
820	19800
821	19800
822	19800
823	19800
824	19800
825	19800
826	19800
827	19800
828	19800
829	19800
830	19800
831	19800
832	19800
833	19800
834	19800
835	19800
836	19800
837	19800
838	19800
839	19800
840	19800
841	19800
842	19800
843	19800
844	19800
845	19800
846	19800
847	19800
848	19800
849	19800
850	19800
851	19800
852	19800
853	19800
854	19800
855	19800
856	19800
857	19800
858	19800
859	19800
860	19800
861	19800
862	19800
863	19800
864	19800
865	19800
866	19800
867	19800
868	19800
869	21600
870	21600
871	21600
872	21600
873	21600
874	21600
875	21600
876	21600
877	21600
878	21600
879	21600
880	21600
881	21600
882	21600
883	21600
884	21600
885	21600
886	21600
887	21600
888	21600
889	21600
890	21600
891	21600
892	21600
893	21600
894	21600
895	21600
896	21600
897	21600
898	21600
899	21600
900	21600
901	21600
902	21600
903	21600
904	21600
905	21600
906	21600
907	21600
908	21600
909	21600
910	21600
911	21600
912	21600
913	21600
914	21600
915	21600
916	21600
917	21600
918	21600
919	21600
920	21600
921	21600
922	21600
923	21600
924	21600
925	21600
926	23400
927	23400
928	23400
929	23400
930	23400
931	23400
932	23400
933	23400
934	23400
935	23400
936	23400
937	23400
938	23400
939	23400
940	23400
941	23400
942	23400
943	23400
944	23400
945	23400
946	23400
947	23400
948	23400
949	23400
950	23400
951	23400
952	23400
953	23400
954	23400
955	23400
956	23400
957	23400
958	23400
959	23400
960	23400
961	23400
962	23400
963	23400
964	23400
965	23400
966	23400
967	23400
968	23400
969	23400
970	23400
971	23400
972	23400
973	23400
974	23400
975	23400
976	23400
977	23400
978	25200
979	25200
980	25200
981	25200
982	25200
983	25200
984	25200
985	25200
986	25200
987	25200
988	25200
989	25200
990	25200
991	25200
992	25200
993	25200
994	25200
995	25200
996	25200
997	25200
998	25200
999	25200
1000	25200
1001	25200
1002	25200
1003	25200
1004	25200
1005	25200
1006	25200
1007	25200
1008	25200
1009	25200
1010	25200
1011	25200
1012	25200
1013	25200
1014	25200
1015	25200
1016	25200
1017	25200
1018	25200
1019	25200
1020	25200
1021	25200
1022	25200
1023	25200
1024	25200
1025	25200
EOF
