NAME : ORTEC-VRPTW-ASYM-9faccacb-d1-n1005
TYPE : VRPTW-RT
DIMENSION : 1006
EDGE_WEIGHT_TYPE : EUC_2D
CAPACITY : 145
NODE_COORD_SECTION
1	123	4677
2	672	5102
3	1121	5734
4	410	6253
5	2174	3263
6	2104	3277
7	2226	4045
8	2120	4157
9	1618	5443
10	1905	3119
11	1343	4362
12	731	5437
13	1550	4390
14	1137	4042
15	2017	3570
16	107	5836
17	845	4860
18	1616	4155
19	551	4823
20	737	6178
21	1425	4287
22	2068	4379
23	1428	4374
24	1418	3683
25	966	4686
26	1336	3684
27	2206	3693
28	1222	3965
29	706	5852
30	633	5404
31	845	4860
32	2436	3464
33	1905	3119
34	1605	5522
35	1320	4375
36	1313	5601
37	1322	3769
38	626	4870
39	526	5886
40	2193	3165
41	2348	3394
42	622	5665
43	781	4833
44	1309	5691
45	1406	5480
46	331	5584
47	1418	3683
48	1256	3883
49	940	4164
50	1191	5889
51	1021	4050
52	633	5404
53	2256	3595
54	825	4996
55	1571	4033
56	1420	4084
57	1521	4718
58	2203	3618
59	1128	4124
60	1675	4395
61	762	5614
62	768	4941
63	1112	4491
64	2307	3503
65	1900	5107
66	2529	3190
67	1891	3702
68	574	5388
69	1259	4345
70	1430	4433
71	1256	3883
72	593	6395
73	0	5893
74	2348	3394
75	2545	3318
76	1335	4294
77	901	5025
78	2242	4006
79	331	5944
80	1770	3168
81	2109	3209
82	996	5054
83	1219	3893
84	573	4798
85	771	6015
86	1335	4294
87	1256	3912
88	475	6030
89	2150	3274
90	944	6080
91	1214	5114
92	779	4856
93	901	5025
94	1206	5913
95	550	5777
96	1154	4314
97	2278	3336
98	1928	4182
99	1828	5418
100	593	6395
101	535	5195
102	1476	4539
103	1132	4449
104	1014	4482
105	1796	3994
106	706	6254
107	1418	3683
108	657	5406
109	646	5987
110	2001	3700
111	574	5388
112	1528	4336
113	1153	3894
114	1466	4576
115	2052	3250
116	1199	5679
117	2242	4006
118	1137	4042
119	355	6240
120	1222	3965
121	1251	4542
122	1200	4389
123	655	6234
124	1243	4224
125	1900	5107
126	583	4878
127	2057	4181
128	1265	4780
129	640	5016
130	2174	3263
131	1199	5679
132	1132	4449
133	1336	3684
134	1641	4501
135	2407	3532
136	2174	3218
137	1841	3538
138	648	5031
139	1550	4390
140	1891	3702
141	1318	4272
142	1738	4131
143	1446	4270
144	1911	3695
145	1359	5814
146	1256	3912
147	2120	4157
148	1012	6093
149	1846	4480
150	700	5642
151	1417	4283
152	996	5054
153	1616	4155
154	1480	4086
155	421	6020
156	189	5928
157	1191	5926
158	670	4963
159	996	5054
160	940	5557
161	1132	4449
162	1485	4637
163	882	5344
164	1608	4471
165	825	4996
166	1251	4542
167	331	6260
168	1128	4124
169	1268	4322
170	2078	3559
171	1173	5807
172	1442	5333
173	574	5388
174	1206	5913
175	1425	4717
176	1285	4057
177	1513	4149
178	1617	4270
179	713	5952
180	419	6171
181	1564	4099
182	1137	4042
183	1868	4104
184	573	4798
185	2052	3250
186	1622	4051
187	1014	4482
188	731	5437
189	2493	3276
190	535	5195
191	1343	4362
192	654	5312
193	1153	3894
194	633	5404
195	1962	3731
196	2545	3318
197	1550	4390
198	2118	3829
199	1868	4341
200	1011	4774
201	201	5634
202	1638	4323
203	1992	3268
204	535	4933
205	1419	4067
206	944	4822
207	1705	4569
208	1831	4158
209	966	4686
210	1425	4287
211	799	6157
212	1770	3168
213	1441	4254
214	768	4941
215	1195	5892
216	2319	3616
217	659	5580
218	423	6100
219	1880	4071
220	1440	4471
221	2015	3560
222	1431	4159
223	1441	4587
224	945	3940
225	1328	4123
226	2206	3693
227	1521	4718
228	1325	3737
229	1425	3864
230	1139	4160
231	944	4822
232	2314	3384
233	410	5829
234	2068	4379
235	1431	4159
236	1485	4637
237	1354	5673
238	2165	3314
239	2280	3390
240	1679	3436
241	940	5557
242	801	4871
243	1293	3770
244	1480	4086
245	2078	3559
246	2151	3170
247	1431	4159
248	1796	3994
249	1692	3982
250	1557	4807
251	574	5388
252	1137	4042
253	667	6300
254	1853	4145
255	1418	3683
256	700	5957
257	944	6080
258	535	5195
259	885	4468
260	2014	3847
261	1253	4118
262	1905	3119
263	2433	3324
264	1407	5624
265	1038	4518
266	1251	4542
267	2157	3637
268	1132	4449
269	2015	3560
270	1536	3994
271	1308	4001
272	1644	4107
273	496	5185
274	657	5406
275	481	5994
276	1038	4518
277	1299	5630
278	825	4996
279	550	5777
280	475	6030
281	2083	3456
282	1550	4218
283	2083	3456
284	1905	3119
285	646	5987
286	2319	3616
287	107	5836
288	781	4833
289	1418	3683
290	529	5904
291	1770	3168
292	1199	5679
293	768	4941
294	2407	3532
295	2453	3266
296	1478	4104
297	1264	3783
298	640	5016
299	1191	5889
300	1132	4449
301	1790	3507
302	1313	4240
303	1309	5691
304	193	5806
305	1259	4345
306	2052	3250
307	751	5821
308	1406	5480
309	1962	3731
310	1328	4123
311	1128	4124
312	1077	4895
313	2015	3560
314	1900	5107
315	944	4822
316	1139	4160
317	768	4941
318	1309	5691
319	1163	5868
320	1868	4104
321	2460	3477
322	676	4991
323	2203	3618
324	331	5944
325	1895	3486
326	1012	6093
327	2312	3481
328	2121	3222
329	2278	3336
330	1417	4283
331	593	6395
332	1152	5087
333	1265	4780
334	854	4839
335	2174	3218
336	1365	4183
337	1831	4158
338	1442	5333
339	1546	3917
340	660	6246
341	1139	4160
342	1468	5393
343	717	4836
344	634	6129
345	1843	4177
346	2055	3505
347	676	4991
348	2203	3618
349	1546	3917
350	303	5879
351	2104	4581
352	1047	4906
353	1112	4491
354	573	4798
355	940	5557
356	1550	4390
357	1446	4270
358	544	5585
359	1511	4218
360	1928	4182
361	604	5727
362	2280	3390
363	1419	4067
364	1191	5889
365	1853	4145
366	1214	5661
367	1476	4744
368	2118	3829
369	660	6246
370	1359	5814
371	1308	4001
372	1406	4752
373	1256	3883
374	107	5836
375	548	5904
376	2014	3847
377	638	5253
378	423	6100
379	1652	5501
380	1285	4057
381	1797	3630
382	607	6216
383	807	5894
384	193	5806
385	1513	4149
386	1304	4345
387	2314	3384
388	807	5894
389	2502	3246
390	2312	3513
391	648	5031
392	1163	5868
393	1268	4322
394	1336	3684
395	1796	3994
396	1675	4395
397	1200	4389
398	1112	4491
399	593	6395
400	1480	4086
401	2206	3693
402	410	6253
403	1992	3268
404	1009	4974
405	1112	4491
406	421	6020
407	944	6080
408	488	6149
409	2120	4157
410	331	6260
411	2203	3618
412	550	5777
413	1721	3510
414	2174	3218
415	1219	3893
416	654	5312
417	1271	4043
418	1313	5601
419	1868	4104
420	193	5806
421	1892	3435
422	1441	4254
423	600	5096
424	659	5580
425	2236	3553
426	1573	4111
427	2182	3296
428	1009	4974
429	693	5993
430	1597	4074
431	1356	4844
432	1786	3779
433	660	6246
434	2118	3829
435	2109	3209
436	1608	3969
437	1692	3982
438	631	4753
439	1077	4895
440	1833	3905
441	901	5025
442	1884	5352
443	1137	4042
444	1437	5433
445	1468	5393
446	1012	6093
447	825	4996
448	1406	5480
449	1404	5579
450	1573	4111
451	1518	3696
452	622	5665
453	1794	5283
454	1315	4334
455	2493	3276
456	1464	4422
457	2078	3559
458	740	5100
459	1741	4268
460	846	4512
461	488	6149
462	1132	4449
463	1273	4094
464	2312	4141
465	1618	5443
466	409	5282
467	1468	5393
468	609	6257
469	1047	4906
470	1617	4270
471	1318	4272
472	831	5247
473	2078	3559
474	1359	4286
475	529	5904
476	855	4829
477	1608	3969
478	1009	4974
479	1442	5333
480	1573	4111
481	2017	3570
482	1511	4218
483	2182	3296
484	423	6100
485	1358	4415
486	1352	4335
487	1365	4183
488	1291	5697
489	1060	4857
490	679	5350
491	1886	3857
492	421	6020
493	1721	3510
494	2409	3645
495	1468	5393
496	648	5031
497	672	5102
498	1556	5547
499	2017	3570
500	548	5904
501	1928	4182
502	2151	3170
503	1195	5892
504	940	4164
505	1597	4074
506	1997	4051
507	562	6068
508	1864	3459
509	1206	5913
510	1868	4104
511	1257	4147
512	2120	4157
513	590	5829
514	1024	4777
515	1732	4049
516	1705	4569
517	107	5836
518	855	4829
519	1468	4439
520	640	5016
521	1608	4471
522	1468	5393
523	1923	3543
524	1846	4480
525	1251	4279
526	1352	4335
527	768	4941
528	1163	5868
529	2312	3481
530	1214	5114
531	1430	4433
532	1891	3702
533	1485	4637
534	1132	4449
535	419	6171
536	331	5584
537	1340	3941
538	846	4512
539	686	6181
540	1476	4744
541	1038	4518
542	2502	3246
543	419	6171
544	475	6030
545	2312	4141
546	2203	3618
547	573	4798
548	2174	3218
549	551	4823
550	737	6178
551	2314	3384
552	1205	4438
553	1891	3702
554	686	5304
555	2226	4045
556	1692	3982
557	1796	3994
558	1356	4844
559	1605	5522
560	1074	4016
561	294	6153
562	1256	4473
563	607	6216
564	762	5614
565	831	5247
566	634	6129
567	1563	4363
568	885	4468
569	2014	3847
570	1892	3435
571	807	5894
572	2319	3616
573	1605	5522
574	2083	3456
575	947	5001
576	1200	4389
577	676	4991
578	1770	3168
579	2017	3570
580	1139	4160
581	1550	4218
582	648	5031
583	529	5904
584	1442	5333
585	2278	3336
586	1976	4340
587	1126	5756
588	1159	3857
589	1322	3769
590	2502	3246
591	1271	4043
592	2001	3700
593	686	6181
594	1121	4054
595	1741	4268
596	762	5614
597	421	6020
598	1356	4844
599	977	5541
600	1864	3459
601	2166	3493
602	1153	3894
603	1441	4587
604	2104	3277
605	1191	5926
606	1205	4438
607	1892	3435
608	2055	3505
609	1132	4449
610	1884	5352
611	724	6260
612	2150	3274
613	1407	4075
614	634	6129
615	1564	4099
616	648	5031
617	201	5634
618	1286	3719
619	799	6157
620	634	6129
621	2278	3336
622	1074	4016
623	1322	3769
624	1796	3994
625	2242	4006
626	713	5952
627	2166	3493
628	600	5096
629	1468	5393
630	2104	4581
631	1437	4618
632	1886	3857
633	1154	4314
634	2193	3165
635	646	5987
636	2174	3263
637	1407	4075
638	657	5406
639	2236	3553
640	2173	3264
641	1153	3894
642	2001	3700
643	1644	4107
644	1770	3168
645	609	6257
646	1163	5868
647	1550	4218
648	431	6228
649	526	5886
650	488	6149
651	944	4822
652	1256	4473
653	2120	4157
654	1476	4539
655	1853	4145
656	1293	3770
657	1014	4482
658	2068	4379
659	2121	3222
660	693	5993
661	2068	4379
662	331	6260
663	1349	4352
664	1024	4777
665	1425	4717
666	1195	5892
667	489	5853
668	831	5247
669	1090	4456
670	944	6080
671	944	6080
672	1404	5579
673	2182	3296
674	2226	4045
675	475	6030
676	1315	4334
677	1449	4844
678	901	5025
679	1467	4658
680	1152	5087
681	1868	4104
682	201	5634
683	600	5096
684	1152	5087
685	731	5437
686	940	5557
687	2312	4141
688	717	4836
689	2015	3560
690	1633	4335
691	1352	4335
692	751	5821
693	1315	4334
694	2150	3274
695	1407	5624
696	1638	4323
697	1895	3486
698	882	5344
699	431	6228
700	646	5987
701	799	6157
702	1154	4314
703	771	6015
704	640	5016
705	781	4833
706	724	6260
707	1638	4323
708	345	5712
709	667	6300
710	1928	4182
711	562	6068
712	1962	3731
713	331	6260
714	1024	4777
715	1868	4341
716	550	5777
717	550	5777
718	1349	4352
719	846	4512
720	609	6257
721	1608	4471
722	2196	3837
723	768	4941
724	1425	3864
725	2312	3481
726	590	5829
727	831	5247
728	966	4686
729	1449	4844
730	496	5185
731	1440	4471
732	673	6071
733	548	5904
734	546	5330
735	901	5025
736	673	6071
737	1841	3538
738	1251	4542
739	1641	4501
740	634	6129
741	1616	4155
742	634	6129
743	877	4171
744	1359	4286
745	604	5727
746	808	4757
747	693	5993
748	1365	4183
749	1264	3783
750	2280	3390
751	1285	4057
752	713	5952
753	526	5886
754	706	5852
755	1407	5624
756	779	4856
757	1892	3435
758	706	5852
759	1024	4777
760	807	5894
761	2001	3700
762	1801	3675
763	1418	3683
764	657	5406
765	697	5154
766	1206	5913
767	1653	4687
768	1340	3941
769	1770	3168
770	1911	3695
771	1349	4352
772	1923	3543
773	1154	4314
774	2529	3190
775	1732	4049
776	1288	4323
777	885	4468
778	590	5829
779	1633	4335
780	584	5940
781	1679	3436
782	2001	4064
783	550	5777
784	2027	4383
785	1904	3596
786	1121	4054
787	1895	3486
788	1126	5756
789	1437	5433
790	1011	4774
791	2348	3394
792	781	4833
793	638	5253
794	1468	5393
795	1846	4480
796	1421	4148
797	410	6253
798	2182	3296
799	1024	4777
800	1205	4438
801	1794	5283
802	1361	5704
803	1573	4111
804	717	4836
805	1476	4539
806	1828	5418
807	966	4686
808	1419	4067
809	1308	4001
810	799	6157
811	345	5712
812	1206	5913
813	717	4836
814	1675	4395
815	1313	5601
816	1253	4118
817	1891	3702
818	1264	3783
819	626	4870
820	597	6041
821	854	4839
822	940	4164
823	1531	4523
824	1437	4618
825	1885	3612
826	885	4468
827	1794	5283
828	1741	4268
829	1425	3864
830	693	5993
831	597	6041
832	1738	4131
833	2312	3513
834	799	6157
835	431	6228
836	419	6171
837	1476	4744
838	1407	4075
839	1622	4051
840	2360	3440
841	1885	3612
842	2057	4181
843	2360	3440
844	1786	3779
845	583	4878
846	1309	5691
847	1420	4084
848	768	4941
849	336	6315
850	1705	4569
851	801	4871
852	1784	4043
853	488	6149
854	1358	4415
855	740	5100
856	1437	4618
857	877	4171
858	1644	4107
859	1638	4323
860	846	4512
861	2278	3336
862	660	6246
863	1251	4542
864	1313	4240
865	1206	5913
866	1340	3941
867	2193	3165
868	1121	5734
869	2104	4581
870	2118	3829
871	1259	4345
872	479	5382
873	686	5304
874	1550	4390
875	1349	4352
876	2118	3829
877	801	4871
878	1652	5501
879	2271	3449
880	1352	4335
881	2165	3314
882	801	4871
883	996	5054
884	1450	4086
885	2173	3264
886	604	5727
887	303	5879
888	667	6300
889	1531	4523
890	1633	4335
891	2104	3277
892	1425	4717
893	431	6228
894	2104	4581
895	854	4839
896	1406	4752
897	593	6395
898	189	5928
899	1904	3596
900	655	6234
901	1132	4449
902	1060	4857
903	1024	4777
904	762	5614
905	2319	3616
906	700	5957
907	667	6300
908	1407	4075
909	336	6315
910	1126	5756
911	706	5852
912	1868	4104
913	825	4996
914	546	5330
915	2196	3837
916	1644	4107
917	1352	4335
918	562	6068
919	1605	5522
920	1563	4363
921	303	5588
922	2083	3456
923	700	5642
924	1205	5833
925	1407	4075
926	1132	4449
927	2104	3277
928	1608	4471
929	2109	3209
930	1286	3719
931	693	5993
932	2236	3553
933	762	5614
934	1721	3510
935	944	6080
936	1354	5673
937	944	6080
938	1923	3543
939	201	5634
940	1201	3948
941	548	5904
942	1349	4352
943	1309	5691
944	940	4164
945	1652	5501
946	1738	4131
947	1304	4345
948	1721	3510
949	419	6171
950	882	5344
951	667	6300
952	2104	4581
953	526	5886
954	706	5852
955	496	5185
956	1328	4123
957	409	5282
958	2453	3266
959	1891	3702
960	294	6153
961	1291	5697
962	1770	3168
963	1012	6093
964	2017	3570
965	686	5304
966	2083	3456
967	1453	4159
968	2017	3570
969	419	6171
970	1060	4857
971	1521	4718
972	825	4996
973	1299	5630
974	1997	4051
975	1440	4471
976	1167	4782
977	1325	3737
978	679	5350
979	1675	4395
980	1358	4415
981	901	5025
982	640	5016
983	431	6228
984	1843	4177
985	1644	4107
986	1090	4456
987	1275	3863
988	1291	5697
989	1259	4345
990	535	5195
991	1271	4043
992	1442	5333
993	590	5829
994	496	5185
995	1738	4131
996	1232	4015
997	845	4860
998	1741	4268
999	1450	4086
1000	1268	4322
1001	1286	3719
1002	1521	4718
1003	550	5777
1004	1128	4124
1005	548	5904
1006	1349	4352
DEMAND_SECTION
1	0
2	6
3	25
4	4
5	6
6	6
7	5
8	8
9	5
10	4
11	8
12	6
13	3
14	6
15	2
16	7
17	3
18	5
19	6
20	5
21	7
22	7
23	7
24	4
25	5
26	6
27	7
28	4
29	5
30	4
31	10
32	7
33	14
34	16
35	6
36	4
37	6
38	4
39	6
40	10
41	6
42	18
43	7
44	8
45	7
46	5
47	5
48	8
49	12
50	5
51	11
52	6
53	14
54	5
55	4
56	8
57	8
58	10
59	10
60	11
61	5
62	5
63	4
64	7
65	7
66	7
67	19
68	8
69	11
70	11
71	5
72	5
73	14
74	7
75	3
76	5
77	5
78	7
79	8
80	11
81	3
82	6
83	7
84	6
85	5
86	4
87	6
88	5
89	5
90	6
91	10
92	6
93	8
94	5
95	8
96	5
97	4
98	4
99	4
100	4
101	8
102	4
103	16
104	6
105	8
106	4
107	3
108	6
109	5
110	6
111	7
112	6
113	5
114	12
115	3
116	9
117	6
118	5
119	2
120	3
121	4
122	7
123	8
124	14
125	10
126	13
127	3
128	4
129	2
130	3
131	7
132	5
133	14
134	10
135	13
136	5
137	3
138	2
139	5
140	4
141	9
142	7
143	4
144	5
145	4
146	3
147	16
148	3
149	4
150	14
151	8
152	9
153	8
154	4
155	6
156	2
157	10
158	7
159	16
160	8
161	8
162	6
163	5
164	4
165	4
166	14
167	14
168	4
169	9
170	5
171	4
172	8
173	4
174	3
175	4
176	8
177	8
178	7
179	5
180	5
181	8
182	7
183	8
184	4
185	4
186	10
187	5
188	4
189	4
190	6
191	3
192	6
193	7
194	7
195	10
196	4
197	6
198	3
199	7
200	8
201	4
202	7
203	6
204	3
205	7
206	2
207	5
208	4
209	4
210	5
211	8
212	10
213	7
214	4
215	7
216	6
217	4
218	10
219	16
220	4
221	4
222	8
223	5
224	6
225	10
226	4
227	2
228	3
229	18
230	4
231	5
232	6
233	7
234	4
235	2
236	9
237	4
238	7
239	10
240	7
241	7
242	6
243	7
244	5
245	6
246	6
247	1
248	2
249	5
250	5
251	9
252	4
253	5
254	4
255	7
256	5
257	5
258	5
259	5
260	4
261	4
262	6
263	4
264	8
265	4
266	3
267	8
268	3
269	4
270	5
271	5
272	3
273	4
274	7
275	4
276	11
277	14
278	2
279	6
280	6
281	11
282	4
283	7
284	3
285	9
286	12
287	10
288	4
289	5
290	4
291	5
292	6
293	2
294	6
295	3
296	5
297	7
298	4
299	7
300	2
301	9
302	6
303	10
304	14
305	5
306	7
307	7
308	5
309	4
310	6
311	10
312	8
313	3
314	4
315	3
316	4
317	6
318	11
319	4
320	8
321	5
322	4
323	7
324	4
325	8
326	6
327	5
328	6
329	6
330	5
331	5
332	6
333	6
334	5
335	5
336	13
337	5
338	7
339	4
340	5
341	10
342	6
343	3
344	10
345	7
346	5
347	6
348	5
349	6
350	5
351	5
352	9
353	4
354	4
355	8
356	2
357	5
358	10
359	7
360	6
361	4
362	5
363	5
364	5
365	7
366	11
367	4
368	4
369	2
370	10
371	9
372	6
373	6
374	6
375	4
376	13
377	7
378	4
379	5
380	7
381	7
382	4
383	4
384	4
385	4
386	5
387	4
388	7
389	8
390	18
391	5
392	5
393	3
394	7
395	10
396	5
397	6
398	4
399	11
400	6
401	5
402	5
403	9
404	8
405	12
406	4
407	7
408	8
409	7
410	6
411	4
412	9
413	5
414	9
415	5
416	7
417	3
418	6
419	5
420	8
421	5
422	6
423	4
424	13
425	7
426	5
427	7
428	8
429	4
430	12
431	3
432	5
433	5
434	5
435	8
436	2
437	4
438	7
439	7
440	5
441	4
442	4
443	10
444	5
445	7
446	7
447	5
448	6
449	9
450	5
451	6
452	5
453	6
454	4
455	6
456	8
457	7
458	4
459	2
460	9
461	6
462	5
463	5
464	4
465	4
466	7
467	5
468	6
469	5
470	4
471	8
472	5
473	4
474	9
475	5
476	5
477	4
478	8
479	3
480	7
481	4
482	4
483	5
484	5
485	11
486	7
487	7
488	5
489	7
490	4
491	4
492	3
493	6
494	1
495	7
496	5
497	5
498	8
499	5
500	5
501	2
502	4
503	3
504	5
505	8
506	5
507	6
508	4
509	7
510	5
511	25
512	4
513	4
514	3
515	5
516	4
517	6
518	2
519	9
520	4
521	5
522	4
523	8
524	5
525	5
526	5
527	4
528	4
529	4
530	3
531	5
532	5
533	4
534	4
535	6
536	5
537	3
538	5
539	3
540	8
541	5
542	6
543	10
544	8
545	8
546	3
547	5
548	8
549	5
550	3
551	4
552	5
553	4
554	4
555	8
556	6
557	8
558	9
559	2
560	5
561	4
562	5
563	10
564	5
565	5
566	4
567	14
568	6
569	8
570	11
571	6
572	9
573	4
574	3
575	5
576	6
577	4
578	8
579	5
580	8
581	5
582	7
583	4
584	6
585	4
586	5
587	7
588	7
589	3
590	4
591	4
592	6
593	4
594	9
595	7
596	10
597	7
598	4
599	7
600	10
601	4
602	5
603	4
604	5
605	4
606	4
607	11
608	5
609	7
610	4
611	6
612	7
613	10
614	14
615	8
616	7
617	6
618	10
619	8
620	5
621	4
622	6
623	10
624	10
625	6
626	5
627	5
628	10
629	7
630	6
631	10
632	3
633	4
634	8
635	6
636	5
637	5
638	5
639	7
640	6
641	7
642	10
643	5
644	7
645	4
646	5
647	5
648	4
649	10
650	4
651	10
652	5
653	8
654	5
655	10
656	8
657	7
658	6
659	13
660	8
661	7
662	3
663	5
664	9
665	5
666	4
667	4
668	8
669	5
670	4
671	4
672	10
673	6
674	2
675	9
676	6
677	4
678	10
679	4
680	5
681	3
682	4
683	12
684	5
685	7
686	8
687	5
688	4
689	4
690	10
691	5
692	4
693	3
694	6
695	4
696	4
697	6
698	6
699	6
700	5
701	8
702	7
703	9
704	8
705	5
706	7
707	14
708	4
709	8
710	10
711	14
712	4
713	6
714	4
715	3
716	5
717	5
718	5
719	7
720	7
721	6
722	4
723	6
724	10
725	4
726	4
727	8
728	6
729	5
730	5
731	6
732	5
733	5
734	4
735	8
736	4
737	7
738	5
739	7
740	5
741	6
742	6
743	12
744	7
745	6
746	2
747	18
748	4
749	5
750	8
751	4
752	4
753	6
754	5
755	1
756	10
757	4
758	7
759	10
760	7
761	4
762	6
763	6
764	3
765	4
766	12
767	6
768	6
769	5
770	10
771	7
772	8
773	8
774	9
775	10
776	4
777	8
778	6
779	4
780	7
781	8
782	4
783	4
784	4
785	4
786	14
787	3
788	4
789	9
790	4
791	5
792	5
793	3
794	8
795	4
796	4
797	8
798	10
799	7
800	7
801	5
802	14
803	5
804	4
805	5
806	7
807	5
808	4
809	5
810	7
811	6
812	5
813	10
814	6
815	15
816	9
817	6
818	5
819	4
820	4
821	3
822	3
823	4
824	7
825	14
826	5
827	8
828	5
829	10
830	7
831	3
832	25
833	4
834	7
835	10
836	9
837	4
838	6
839	5
840	6
841	6
842	5
843	7
844	11
845	4
846	6
847	8
848	4
849	3
850	5
851	6
852	13
853	5
854	7
855	6
856	6
857	5
858	4
859	7
860	5
861	7
862	7
863	2
864	3
865	7
866	3
867	4
868	7
869	7
870	4
871	5
872	5
873	7
874	6
875	7
876	6
877	4
878	7
879	3
880	10
881	6
882	15
883	7
884	3
885	15
886	8
887	3
888	9
889	11
890	5
891	7
892	6
893	8
894	2
895	5
896	6
897	6
898	9
899	7
900	3
901	6
902	5
903	4
904	7
905	15
906	9
907	3
908	7
909	4
910	12
911	11
912	5
913	6
914	5
915	8
916	4
917	4
918	7
919	6
920	8
921	5
922	5
923	4
924	11
925	8
926	6
927	7
928	5
929	9
930	6
931	5
932	5
933	4
934	9
935	3
936	6
937	5
938	4
939	6
940	4
941	4
942	9
943	3
944	7
945	6
946	14
947	8
948	7
949	4
950	3
951	6
952	6
953	4
954	6
955	7
956	5
957	6
958	5
959	6
960	6
961	7
962	9
963	4
964	11
965	10
966	3
967	6
968	5
969	6
970	8
971	5
972	8
973	7
974	3
975	11
976	7
977	2
978	6
979	9
980	6
981	2
982	3
983	5
984	10
985	5
986	10
987	7
988	9
989	4
990	8
991	5
992	12
993	3
994	5
995	3
996	10
997	8
998	7
999	7
1000	5
1001	5
1002	3
1003	3
1004	3
1005	3
1006	18
DEPOT_SECTION
1
-1
SERVICE_TIME_SECTION
1	0
2	780
3	720
4	540
5	1500
6	540
7	660
8	660
9	660
10	480
11	720
12	840
13	900
14	480
15	420
16	480
17	1020
18	540
19	780
20	960
21	540
22	780
23	360
24	360
25	960
26	780
27	480
28	900
29	420
30	600
31	420
32	720
33	720
34	780
35	720
36	1200
37	720
38	480
39	360
40	420
41	1200
42	600
43	660
44	540
45	180
46	720
47	780
48	420
49	600
50	720
51	360
52	720
53	600
54	720
55	420
56	360
57	540
58	240
59	540
60	840
61	600
62	720
63	600
64	600
65	360
66	720
67	360
68	540
69	360
70	840
71	240
72	420
73	300
74	360
75	420
76	720
77	900
78	660
79	1140
80	300
81	660
82	540
83	720
84	420
85	480
86	240
87	780
88	540
89	720
90	480
91	420
92	540
93	780
94	660
95	300
96	660
97	300
98	600
99	420
100	420
101	840
102	720
103	660
104	900
105	480
106	480
107	840
108	540
109	540
110	240
111	360
112	360
113	780
114	300
115	420
116	900
117	780
118	900
119	540
120	420
121	540
122	900
123	300
124	780
125	240
126	660
127	780
128	420
129	240
130	840
131	600
132	660
133	660
134	660
135	540
136	300
137	840
138	1140
139	420
140	780
141	540
142	540
143	480
144	420
145	660
146	840
147	600
148	240
149	600
150	360
151	840
152	900
153	1140
154	480
155	360
156	780
157	600
158	840
159	780
160	180
161	360
162	660
163	720
164	360
165	720
166	360
167	660
168	300
169	300
170	600
171	600
172	720
173	300
174	900
175	900
176	720
177	480
178	900
179	300
180	660
181	360
182	540
183	840
184	480
185	660
186	300
187	720
188	660
189	1020
190	720
191	300
192	540
193	1200
194	300
195	600
196	840
197	420
198	600
199	360
200	840
201	420
202	420
203	660
204	660
205	960
206	900
207	540
208	540
209	360
210	780
211	1140
212	480
213	480
214	480
215	720
216	720
217	720
218	720
219	1080
220	540
221	720
222	420
223	720
224	720
225	540
226	720
227	540
228	660
229	660
230	660
231	300
232	420
233	780
234	660
235	1140
236	720
237	420
238	780
239	1080
240	660
241	300
242	660
243	600
244	480
245	240
246	420
247	360
248	720
249	720
250	360
251	420
252	960
253	600
254	480
255	540
256	600
257	540
258	540
259	540
260	720
261	480
262	480
263	660
264	900
265	840
266	720
267	600
268	900
269	540
270	480
271	720
272	600
273	360
274	360
275	720
276	300
277	360
278	900
279	600
280	600
281	420
282	300
283	600
284	300
285	240
286	600
287	540
288	780
289	540
290	780
291	540
292	840
293	660
294	480
295	480
296	240
297	780
298	420
299	720
300	1080
301	480
302	360
303	360
304	840
305	300
306	540
307	660
308	600
309	720
310	1020
311	360
312	480
313	540
314	360
315	360
316	360
317	360
318	540
319	540
320	720
321	420
322	780
323	540
324	240
325	360
326	720
327	1260
328	300
329	660
330	780
331	360
332	480
333	720
334	480
335	1020
336	480
337	420
338	600
339	480
340	480
341	780
342	600
343	600
344	480
345	720
346	540
347	720
348	480
349	660
350	780
351	840
352	540
353	480
354	540
355	600
356	1020
357	480
358	360
359	420
360	660
361	600
362	780
363	480
364	300
365	540
366	600
367	840
368	480
369	720
370	900
371	360
372	300
373	360
374	540
375	600
376	660
377	360
378	420
379	420
380	960
381	420
382	600
383	1500
384	360
385	600
386	420
387	480
388	360
389	420
390	780
391	660
392	720
393	540
394	1080
395	600
396	720
397	300
398	480
399	600
400	540
401	600
402	300
403	240
404	480
405	540
406	420
407	900
408	300
409	360
410	420
411	660
412	720
413	840
414	600
415	420
416	1020
417	780
418	660
419	600
420	360
421	420
422	420
423	420
424	540
425	300
426	900
427	780
428	840
429	360
430	480
431	300
432	660
433	420
434	360
435	840
436	300
437	600
438	720
439	540
440	300
441	480
442	300
443	1020
444	540
445	840
446	360
447	360
448	480
449	600
450	480
451	720
452	300
453	540
454	900
455	600
456	540
457	300
458	660
459	540
460	420
461	660
462	420
463	540
464	780
465	480
466	600
467	660
468	480
469	480
470	240
471	720
472	720
473	840
474	900
475	1140
476	360
477	720
478	540
479	540
480	780
481	1020
482	480
483	660
484	420
485	300
486	360
487	840
488	480
489	540
490	540
491	1020
492	300
493	720
494	420
495	660
496	600
497	420
498	420
499	360
500	720
501	480
502	660
503	360
504	480
505	600
506	360
507	1080
508	960
509	480
510	780
511	600
512	240
513	480
514	480
515	840
516	540
517	540
518	300
519	540
520	480
521	540
522	540
523	1140
524	840
525	480
526	420
527	540
528	1020
529	540
530	420
531	360
532	1020
533	480
534	660
535	300
536	360
537	480
538	660
539	600
540	1020
541	600
542	540
543	1080
544	420
545	900
546	420
547	660
548	780
549	660
550	360
551	420
552	420
553	540
554	480
555	780
556	420
557	960
558	360
559	420
560	660
561	540
562	780
563	660
564	480
565	600
566	660
567	600
568	1440
569	780
570	660
571	780
572	780
573	720
574	840
575	480
576	660
577	720
578	780
579	960
580	780
581	540
582	780
583	900
584	480
585	960
586	420
587	540
588	300
589	720
590	720
591	300
592	960
593	660
594	900
595	660
596	840
597	300
598	900
599	540
600	660
601	780
602	420
603	540
604	540
605	600
606	600
607	480
608	540
609	780
610	540
611	600
612	360
613	1020
614	300
615	480
616	360
617	840
618	480
619	180
620	360
621	480
622	600
623	780
624	300
625	1440
626	660
627	420
628	660
629	540
630	780
631	420
632	420
633	360
634	420
635	960
636	840
637	540
638	420
639	360
640	660
641	780
642	240
643	660
644	540
645	540
646	300
647	360
648	600
649	600
650	420
651	480
652	840
653	420
654	600
655	540
656	900
657	360
658	1140
659	720
660	1020
661	780
662	360
663	540
664	480
665	600
666	720
667	780
668	420
669	420
670	660
671	420
672	360
673	480
674	360
675	240
676	240
677	1140
678	300
679	420
680	420
681	840
682	720
683	480
684	360
685	240
686	600
687	660
688	780
689	660
690	360
691	360
692	1020
693	900
694	420
695	720
696	420
697	720
698	420
699	240
700	660
701	960
702	360
703	660
704	540
705	420
706	360
707	1140
708	1020
709	1020
710	900
711	300
712	480
713	240
714	300
715	420
716	720
717	480
718	600
719	1080
720	540
721	1140
722	600
723	420
724	600
725	300
726	1140
727	600
728	420
729	600
730	540
731	780
732	480
733	360
734	360
735	600
736	360
737	660
738	360
739	300
740	420
741	300
742	1500
743	360
744	360
745	480
746	780
747	900
748	420
749	720
750	480
751	480
752	840
753	780
754	540
755	600
756	480
757	300
758	780
759	660
760	780
761	600
762	360
763	1080
764	420
765	900
766	600
767	360
768	780
769	540
770	300
771	480
772	1020
773	660
774	360
775	420
776	840
777	900
778	360
779	420
780	360
781	720
782	420
783	240
784	540
785	420
786	600
787	360
788	1140
789	480
790	360
791	600
792	900
793	900
794	540
795	540
796	900
797	960
798	240
799	780
800	540
801	360
802	540
803	360
804	720
805	420
806	720
807	1200
808	720
809	660
810	540
811	540
812	840
813	360
814	540
815	960
816	540
817	300
818	660
819	660
820	660
821	480
822	660
823	480
824	480
825	540
826	240
827	1260
828	660
829	480
830	420
831	720
832	360
833	360
834	540
835	480
836	360
837	780
838	480
839	720
840	240
841	840
842	240
843	540
844	660
845	840
846	600
847	360
848	1200
849	720
850	420
851	1020
852	480
853	720
854	840
855	1080
856	840
857	720
858	660
859	540
860	420
861	420
862	300
863	360
864	660
865	900
866	720
867	840
868	540
869	540
870	240
871	720
872	1200
873	540
874	540
875	540
876	600
877	480
878	360
879	600
880	780
881	480
882	660
883	900
884	780
885	480
886	420
887	240
888	660
889	420
890	600
891	480
892	240
893	540
894	720
895	600
896	360
897	720
898	540
899	420
900	360
901	600
902	600
903	360
904	240
905	480
906	480
907	1260
908	240
909	240
910	480
911	900
912	480
913	360
914	300
915	660
916	840
917	600
918	1500
919	480
920	780
921	600
922	840
923	900
924	900
925	660
926	360
927	780
928	480
929	300
930	600
931	600
932	360
933	840
934	180
935	660
936	360
937	600
938	420
939	480
940	600
941	240
942	540
943	300
944	360
945	240
946	840
947	240
948	480
949	660
950	600
951	420
952	840
953	720
954	900
955	600
956	660
957	660
958	840
959	720
960	420
961	540
962	1200
963	900
964	660
965	1080
966	1200
967	240
968	480
969	660
970	420
971	360
972	900
973	300
974	900
975	780
976	300
977	900
978	360
979	1020
980	420
981	720
982	300
983	540
984	900
985	540
986	540
987	660
988	300
989	480
990	840
991	660
992	600
993	720
994	1080
995	600
996	900
997	360
998	660
999	300
1000	600
1001	1500
1002	600
1003	1200
1004	840
1005	840
1006	300
TIME_WINDOW_SECTION
1	0	45000
2	7200	30600
3	19800	27000
4	19800	27000
5	16200	23400
6	7200	30600
7	23400	30600
8	16200	23400
9	19800	27000
10	23400	30600
11	16200	23400
12	5400	12600
13	5400	12600
14	7200	29700
15	12600	19800
16	7200	30600
17	7200	30600
18	7200	30600
19	23400	30600
20	5400	12600
21	23400	30600
22	23400	30600
23	23400	30600
24	7200	30600
25	23400	30600
26	12600	19800
27	23400	30600
28	19800	26100
29	19800	27000
30	16200	23400
31	12600	19800
32	16200	23400
33	23400	30600
34	12600	19800
35	5400	12600
36	7200	30600
37	12600	19800
38	12600	18900
39	7200	30600
40	9000	16200
41	5400	12600
42	9000	16200
43	23400	29700
44	5400	12600
45	5400	12600
46	23400	30600
47	23400	30600
48	19800	27000
49	16200	23400
50	9000	16200
51	12600	19800
52	12600	18900
53	16200	23400
54	12600	19800
55	23400	29700
56	12600	19800
57	7200	30600
58	5400	12600
59	30600	43200
60	7200	30600
61	12600	19800
62	5400	12600
63	23400	30600
64	19800	27000
65	9000	16200
66	23400	30600
67	19800	27000
68	23400	30600
69	19800	27000
70	5400	11700
71	19800	27000
72	12600	19800
73	12600	19800
74	5400	12600
75	19800	27000
76	16200	23400
77	7200	30600
78	23400	30600
79	19800	27000
80	7200	30600
81	23400	30600
82	5400	12600
83	5400	12600
84	19800	27000
85	9000	16200
86	12600	19800
87	9000	16200
88	19800	27000
89	7200	30600
90	23400	30600
91	7200	30600
92	23400	30600
93	16200	23400
94	12600	19800
95	5400	12600
96	19800	27000
97	12600	19800
98	16200	23400
99	12600	19800
100	16200	23400
101	23400	30600
102	5400	12600
103	16200	23400
104	23400	29700
105	23400	30600
106	5400	12600
107	7200	30600
108	7200	30600
109	12600	19800
110	19800	27000
111	12600	19800
112	5400	12600
113	19800	27000
114	9000	16200
115	12600	19800
116	9000	16200
117	19800	27000
118	23400	30600
119	19800	27000
120	23400	30600
121	5400	12600
122	9000	16200
123	19800	27000
124	16200	23400
125	19800	27000
126	23400	30600
127	7200	30600
128	16200	23400
129	12600	19800
130	19800	26100
131	12600	19800
132	19800	27000
133	23400	30600
134	23400	30600
135	23400	30600
136	19800	27000
137	12600	19800
138	16200	23400
139	19800	27000
140	19800	27000
141	23400	30600
142	16200	23400
143	16200	23400
144	19800	27000
145	7200	30600
146	5400	12600
147	23400	29700
148	7200	30600
149	23400	30600
150	12600	19800
151	16200	23400
152	16200	23400
153	7200	30600
154	16200	23400
155	12600	19800
156	16200	23400
157	16200	23400
158	19800	27000
159	23400	30600
160	19800	27000
161	12600	19800
162	19800	27000
163	16200	23400
164	16200	23400
165	9000	16200
166	9000	16200
167	16200	23400
168	5400	12600
169	23400	30600
170	19800	27000
171	7200	30600
172	16200	23400
173	19800	27000
174	16200	23400
175	7200	29700
176	19800	27000
177	5400	12600
178	12600	19800
179	23400	30600
180	12600	19800
181	12600	19800
182	7200	29700
183	7200	30600
184	12600	19800
185	5400	11700
186	5400	12600
187	23400	30600
188	9000	16200
189	30600	43200
190	5400	12600
191	16200	23400
192	16200	23400
193	16200	23400
194	7200	30600
195	16200	23400
196	30600	43200
197	7200	30600
198	19800	27000
199	5400	12600
200	16200	23400
201	23400	30600
202	23400	30600
203	19800	27000
204	12600	19800
205	19800	26100
206	7200	29700
207	23400	29700
208	12600	19800
209	5400	12600
210	23400	30600
211	12600	19800
212	7200	30600
213	16200	23400
214	5400	12600
215	9000	16200
216	7200	30600
217	7200	30600
218	23400	30600
219	7200	30600
220	5400	12600
221	12600	19800
222	5400	12600
223	7200	30600
224	16200	23400
225	12600	18900
226	19800	27000
227	23400	30600
228	7200	29700
229	9000	16200
230	19800	27000
231	5400	12600
232	23400	30600
233	23400	30600
234	23400	30600
235	5400	12600
236	7200	30600
237	19800	27000
238	7200	30600
239	5400	12600
240	7200	30600
241	12600	19800
242	19800	27000
243	5400	12600
244	19800	27000
245	5400	11700
246	9000	16200
247	9000	16200
248	16200	23400
249	5400	12600
250	23400	30600
251	9000	16200
252	23400	30600
253	12600	19800
254	19800	27000
255	23400	30600
256	12600	19800
257	16200	23400
258	12600	19800
259	7200	29700
260	19800	27000
261	19800	27000
262	19800	27000
263	12600	19800
264	7200	30600
265	23400	30600
266	5400	12600
267	7200	30600
268	7200	30600
269	12600	19800
270	19800	26100
271	16200	23400
272	9000	16200
273	12600	19800
274	19800	27000
275	9000	16200
276	16200	23400
277	7200	30600
278	19800	27000
279	19800	26100
280	19800	27000
281	12600	19800
282	9000	16200
283	9000	16200
284	23400	29700
285	5400	12600
286	9000	16200
287	7200	30600
288	19800	27000
289	19800	26100
290	12600	19800
291	16200	23400
292	23400	30600
293	16200	23400
294	16200	23400
295	23400	30600
296	9000	16200
297	23400	30600
298	23400	30600
299	16200	23400
300	16200	23400
301	12600	19800
302	12600	19800
303	7200	30600
304	23400	30600
305	5400	12600
306	23400	30600
307	23400	30600
308	23400	30600
309	16200	23400
310	19800	27000
311	7200	30600
312	7200	30600
313	16200	23400
314	16200	25200
315	23400	30600
316	5400	12600
317	9000	16200
318	7200	29700
319	23400	30600
320	7200	30600
321	19800	27000
322	9000	16200
323	23400	30600
324	12600	19800
325	12600	19800
326	12600	19800
327	19800	27000
328	19800	27000
329	23400	30600
330	12600	19800
331	16200	23400
332	19800	26100
333	16200	23400
334	16200	23400
335	16200	23400
336	19800	27000
337	7200	29700
338	19800	27000
339	23400	30600
340	12600	19800
341	9000	16200
342	5400	12600
343	12600	19800
344	12600	19800
345	5400	12600
346	19800	27000
347	16200	23400
348	16200	23400
349	9000	16200
350	16200	23400
351	7200	29700
352	16200	25200
353	5400	12600
354	12600	19800
355	23400	30600
356	19800	27000
357	12600	19800
358	12600	19800
359	23400	30600
360	7200	30600
361	23400	30600
362	7200	30600
363	19800	27000
364	5400	12600
365	19800	27000
366	12600	19800
367	19800	27000
368	19800	27000
369	5400	12600
370	12600	19800
371	19800	27000
372	9000	16200
373	19800	27000
374	5400	12600
375	7200	29700
376	23400	30600
377	12600	19800
378	9000	16200
379	9000	16200
380	16200	23400
381	16200	23400
382	5400	12600
383	12600	19800
384	12600	19800
385	23400	30600
386	19800	27000
387	7200	30600
388	7200	29700
389	16200	23400
390	12600	19800
391	7200	29700
392	12600	19800
393	23400	30600
394	16200	23400
395	16200	23400
396	19800	27000
397	23400	29700
398	23400	30600
399	30600	43200
400	19800	27000
401	16200	23400
402	16200	23400
403	12600	19800
404	19800	27000
405	23400	30600
406	16200	25200
407	12600	19800
408	16200	23400
409	23400	30600
410	12600	19800
411	23400	30600
412	19800	26100
413	23400	30600
414	16200	23400
415	23400	29700
416	23400	30600
417	19800	26100
418	16200	23400
419	16200	23400
420	16200	23400
421	12600	19800
422	9000	16200
423	12600	19800
424	23400	29700
425	12600	19800
426	16200	23400
427	23400	30600
428	19800	27000
429	9000	16200
430	12600	19800
431	7200	30600
432	16200	23400
433	23400	30600
434	12600	19800
435	9000	16200
436	12600	19800
437	19800	27000
438	16200	23400
439	23400	29700
440	19800	27000
441	7200	30600
442	7200	30600
443	16200	23400
444	19800	26100
445	12600	19800
446	7200	30600
447	23400	30600
448	7200	29700
449	23400	30600
450	23400	30600
451	7200	30600
452	19800	27000
453	19800	27000
454	16200	23400
455	9000	16200
456	19800	27000
457	9000	16200
458	9000	16200
459	12600	19800
460	9000	16200
461	23400	30600
462	7200	29700
463	7200	30600
464	23400	30600
465	19800	27000
466	9000	16200
467	16200	23400
468	12600	19800
469	16200	23400
470	12600	19800
471	12600	19800
472	19800	27000
473	23400	29700
474	23400	30600
475	12600	19800
476	12600	19800
477	7200	30600
478	7200	30600
479	9000	16200
480	23400	30600
481	7200	30600
482	19800	27000
483	12600	18900
484	9000	16200
485	16200	23400
486	23400	30600
487	7200	30600
488	9000	16200
489	23400	30600
490	9000	16200
491	23400	30600
492	16200	23400
493	19800	27000
494	23400	30600
495	23400	30600
496	16200	23400
497	19800	26100
498	19800	27000
499	7200	30600
500	16200	23400
501	12600	19800
502	23400	30600
503	23400	30600
504	12600	19800
505	16200	23400
506	12600	19800
507	16200	22500
508	12600	19800
509	12600	19800
510	12600	19800
511	12600	19800
512	7200	30600
513	16200	23400
514	23400	30600
515	19800	27000
516	12600	19800
517	12600	19800
518	19800	27000
519	9000	16200
520	12600	19800
521	19800	27000
522	7200	30600
523	16200	25200
524	23400	30600
525	16200	23400
526	19800	27000
527	23400	30600
528	23400	30600
529	16200	23400
530	9000	16200
531	23400	30600
532	16200	23400
533	23400	30600
534	23400	30600
535	9000	16200
536	12600	19800
537	16200	23400
538	12600	19800
539	12600	19800
540	23400	30600
541	7200	30600
542	16200	23400
543	12600	19800
544	7200	29700
545	16200	23400
546	19800	27000
547	16200	23400
548	16200	23400
549	19800	27000
550	23400	30600
551	16200	23400
552	23400	30600
553	7200	29700
554	30600	43200
555	19800	27000
556	16200	23400
557	23400	30600
558	7200	29700
559	30600	43200
560	19800	27000
561	7200	30600
562	23400	30600
563	23400	30600
564	12600	19800
565	9000	16200
566	12600	19800
567	19800	27000
568	19800	27000
569	23400	30600
570	23400	30600
571	12600	19800
572	16200	23400
573	19800	27000
574	23400	30600
575	16200	25200
576	16200	23400
577	16200	23400
578	19800	27000
579	12600	18900
580	19800	27000
581	19800	27000
582	12600	19800
583	19800	27000
584	12600	19800
585	12600	19800
586	16200	25200
587	23400	30600
588	12600	19800
589	12600	19800
590	23400	30600
591	23400	30600
592	19800	27000
593	19800	27000
594	12600	19800
595	16200	23400
596	7200	30600
597	23400	30600
598	12600	19800
599	7200	30600
600	16200	23400
601	7200	30600
602	16200	23400
603	7200	30600
604	7200	30600
605	7200	29700
606	16200	23400
607	16200	23400
608	16200	23400
609	16200	23400
610	19800	27000
611	16200	23400
612	23400	30600
613	12600	19800
614	16200	23400
615	19800	27000
616	16200	23400
617	7200	30600
618	23400	30600
619	23400	30600
620	12600	19800
621	16200	23400
622	7200	30600
623	16200	22500
624	23400	30600
625	19800	27000
626	23400	30600
627	23400	30600
628	23400	30600
629	16200	23400
630	16200	23400
631	19800	27000
632	16200	23400
633	16200	23400
634	16200	23400
635	7200	30600
636	19800	27000
637	23400	29700
638	23400	30600
639	16200	23400
640	19800	27000
641	19800	27000
642	16200	23400
643	7200	30600
644	12600	19800
645	12600	19800
646	23400	30600
647	19800	27000
648	23400	30600
649	7200	30600
650	12600	19800
651	19800	27000
652	23400	30600
653	7200	30600
654	23400	30600
655	7200	29700
656	12600	19800
657	23400	30600
658	19800	27000
659	23400	30600
660	23400	30600
661	16200	23400
662	16200	23400
663	12600	19800
664	7200	30600
665	12600	19800
666	16200	23400
667	19800	27000
668	23400	29700
669	19800	27000
670	30600	43200
671	23400	30600
672	23400	30600
673	7200	30600
674	23400	30600
675	7200	30600
676	12600	19800
677	16200	23400
678	19800	27000
679	19800	27000
680	23400	30600
681	7200	30600
682	12600	19800
683	23400	30600
684	30600	43200
685	7200	30600
686	23400	30600
687	16200	23400
688	19800	27000
689	30600	43200
690	16200	23400
691	12600	19800
692	19800	27000
693	30600	43200
694	7200	30600
695	12600	19800
696	16200	23400
697	19800	27000
698	16200	23400
699	19800	26100
700	19800	27000
701	7200	30600
702	7200	30600
703	12600	19800
704	12600	19800
705	12600	19800
706	16200	23400
707	19800	27000
708	23400	30600
709	12600	19800
710	19800	27000
711	23400	29700
712	16200	23400
713	12600	19800
714	19800	27000
715	7200	29700
716	19800	27000
717	23400	30600
718	16200	23400
719	23400	30600
720	19800	27000
721	23400	30600
722	16200	23400
723	16200	23400
724	19800	27000
725	23400	30600
726	19800	27000
727	19800	27000
728	16200	23400
729	12600	19800
730	7200	30600
731	19800	27000
732	7200	30600
733	7200	30600
734	23400	30600
735	7200	30600
736	7200	30600
737	23400	30600
738	19800	27000
739	16200	23400
740	16200	23400
741	23400	30600
742	16200	23400
743	19800	27000
744	16200	23400
745	19800	27000
746	23400	30600
747	19800	26100
748	23400	30600
749	23400	30600
750	23400	29700
751	19800	27000
752	23400	30600
753	16200	23400
754	23400	30600
755	19800	27000
756	7200	30600
757	23400	29700
758	19800	27000
759	16200	23400
760	19800	27000
761	16200	23400
762	23400	30600
763	23400	30600
764	19800	27000
765	19800	27000
766	16200	23400
767	23400	30600
768	19800	27000
769	19800	27000
770	19800	27000
771	7200	30600
772	23400	30600
773	7200	29700
774	16200	23400
775	30600	43200
776	7200	30600
777	16200	23400
778	16200	23400
779	23400	30600
780	23400	30600
781	19800	27000
782	23400	30600
783	19800	27000
784	19800	27000
785	16200	23400
786	23400	30600
787	19800	27000
788	23400	30600
789	16200	23400
790	19800	27000
791	19800	27000
792	16200	23400
793	23400	30600
794	19800	27000
795	19800	27000
796	19800	27000
797	23400	30600
798	19800	27000
799	19800	27000
800	30600	43200
801	23400	30600
802	23400	30600
803	19800	27000
804	23400	30600
805	23400	30600
806	19800	27000
807	16200	23400
808	16200	23400
809	19800	27000
810	19800	27000
811	7200	29700
812	19800	27000
813	23400	30600
814	7200	29700
815	23400	30600
816	23400	30600
817	7200	30600
818	16200	23400
819	23400	30600
820	7200	29700
821	19800	27000
822	16200	23400
823	16200	23400
824	19800	27000
825	19800	27000
826	16200	22500
827	7200	29700
828	7200	29700
829	16200	23400
830	19800	27000
831	7200	30600
832	19800	27000
833	19800	27000
834	7200	30600
835	19800	27000
836	19800	27000
837	7200	30600
838	16200	23400
839	30600	43200
840	19800	27000
841	23400	30600
842	7200	30600
843	7200	29700
844	23400	30600
845	19800	27000
846	7200	30600
847	7200	29700
848	23400	30600
849	19800	27000
850	19800	27000
851	23400	30600
852	16200	23400
853	23400	30600
854	30600	43200
855	23400	30600
856	19800	27000
857	19800	27000
858	7200	30600
859	7200	29700
860	19800	26100
861	23400	30600
862	19800	27000
863	23400	30600
864	23400	30600
865	19800	27000
866	7200	30600
867	19800	27000
868	23400	30600
869	19800	27000
870	7200	29700
871	7200	30600
872	23400	30600
873	23400	30600
874	23400	30600
875	19800	27000
876	7200	30600
877	19800	27000
878	19800	27000
879	19800	27000
880	23400	30600
881	19800	27000
882	7200	30600
883	7200	30600
884	23400	30600
885	7200	30600
886	19800	27000
887	19800	27000
888	23400	30600
889	19800	27000
890	19800	27000
891	19800	27000
892	23400	30600
893	23400	30600
894	23400	30600
895	7200	29700
896	19800	27000
897	23400	30600
898	19800	27000
899	7200	30600
900	19800	27000
901	19800	27000
902	23400	30600
903	7200	30600
904	19800	27000
905	23400	30600
906	19800	27000
907	7200	30600
908	23400	30600
909	23400	30600
910	7200	30600
911	19800	27000
912	23400	30600
913	23400	29700
914	19800	27000
915	23400	30600
916	23400	30600
917	23400	30600
918	23400	30600
919	7200	30600
920	23400	30600
921	23400	30600
922	30600	43200
923	7200	30600
924	23400	30600
925	23400	30600
926	19800	27000
927	23400	30600
928	19800	27000
929	23400	30600
930	23400	30600
931	7200	30600
932	30600	43200
933	23400	30600
934	23400	30600
935	19800	27000
936	23400	30600
937	19800	27000
938	23400	29700
939	23400	30600
940	19800	27000
941	19800	27000
942	7200	30600
943	23400	30600
944	23400	30600
945	23400	29700
946	23400	30600
947	23400	30600
948	7200	29700
949	7200	30600
950	23400	30600
951	23400	30600
952	23400	30600
953	23400	30600
954	7200	30600
955	23400	30600
956	23400	30600
957	23400	30600
958	23400	30600
959	23400	30600
960	7200	30600
961	7200	30600
962	23400	30600
963	7200	30600
964	7200	30600
965	23400	30600
966	23400	30600
967	23400	30600
968	23400	30600
969	7200	30600
970	23400	30600
971	23400	29700
972	7200	30600
973	23400	30600
974	7200	29700
975	23400	30600
976	23400	30600
977	7200	29700
978	23400	30600
979	7200	30600
980	23400	30600
981	7200	30600
982	23400	30600
983	23400	30600
984	23400	30600
985	23400	30600
986	23400	30600
987	7200	30600
988	23400	30600
989	23400	30600
990	23400	29700
991	23400	30600
992	7200	30600
993	23400	30600
994	23400	30600
995	23400	30600
996	7200	30600
997	23400	30600
998	7200	30600
999	7200	30600
1000	23400	30600
1001	23400	30600
1002	23400	30600
1003	23400	30600
1004	7200	30600
1005	23400	30600
1006	30600	43200
RELEASE_TIME_SECTION
1	0
2	5400
3	5400
4	5400
5	5400
6	5400
7	5400
8	5400
9	5400
10	5400
11	5400
12	5400
13	5400
14	5400
15	5400
16	5400
17	5400
18	5400
19	5400
20	5400
21	5400
22	5400
23	5400
24	5400
25	5400
26	5400
27	5400
28	5400
29	5400
30	5400
31	5400
32	5400
33	5400
34	5400
35	5400
36	5400
37	5400
38	5400
39	5400
40	5400
41	5400
42	5400
43	5400
44	5400
45	5400
46	5400
47	5400
48	5400
49	5400
50	5400
51	5400
52	5400
53	5400
54	5400
55	5400
56	5400
57	5400
58	5400
59	5400
60	5400
61	5400
62	5400
63	5400
64	5400
65	5400
66	5400
67	5400
68	5400
69	5400
70	5400
71	5400
72	5400
73	5400
74	5400
75	5400
76	5400
77	5400
78	5400
79	5400
80	5400
81	5400
82	5400
83	5400
84	5400
85	5400
86	5400
87	5400
88	5400
89	5400
90	5400
91	5400
92	5400
93	5400
94	5400
95	5400
96	5400
97	5400
98	5400
99	5400
100	5400
101	5400
102	7200
103	7200
104	7200
105	7200
106	7200
107	7200
108	7200
109	7200
110	7200
111	7200
112	7200
113	7200
114	7200
115	7200
116	7200
117	7200
118	7200
119	7200
120	7200
121	7200
122	7200
123	7200
124	7200
125	7200
126	7200
127	7200
128	7200
129	7200
130	7200
131	7200
132	7200
133	7200
134	7200
135	7200
136	7200
137	7200
138	7200
139	7200
140	7200
141	7200
142	7200
143	7200
144	7200
145	7200
146	7200
147	7200
148	7200
149	7200
150	7200
151	7200
152	7200
153	7200
154	7200
155	7200
156	7200
157	7200
158	7200
159	7200
160	7200
161	7200
162	7200
163	7200
164	7200
165	7200
166	7200
167	7200
168	7200
169	7200
170	7200
171	7200
172	7200
173	7200
174	7200
175	7200
176	7200
177	7200
178	7200
179	7200
180	7200
181	7200
182	7200
183	7200
184	7200
185	7200
186	7200
187	7200
188	7200
189	7200
190	7200
191	7200
192	7200
193	7200
194	7200
195	7200
196	7200
197	7200
198	7200
199	7200
200	7200
201	7200
202	9000
203	9000
204	9000
205	9000
206	9000
207	9000
208	9000
209	9000
210	9000
211	9000
212	9000
213	9000
214	9000
215	9000
216	9000
217	9000
218	9000
219	9000
220	9000
221	9000
222	9000
223	9000
224	9000
225	9000
226	9000
227	9000
228	9000
229	9000
230	9000
231	9000
232	9000
233	9000
234	9000
235	9000
236	9000
237	9000
238	9000
239	9000
240	9000
241	9000
242	9000
243	9000
244	9000
245	9000
246	9000
247	9000
248	9000
249	9000
250	9000
251	9000
252	9000
253	9000
254	9000
255	9000
256	9000
257	9000
258	9000
259	9000
260	9000
261	9000
262	9000
263	9000
264	9000
265	9000
266	9000
267	9000
268	9000
269	9000
270	9000
271	9000
272	9000
273	9000
274	9000
275	9000
276	9000
277	9000
278	9000
279	9000
280	9000
281	9000
282	9000
283	9000
284	9000
285	9000
286	9000
287	9000
288	9000
289	9000
290	9000
291	9000
292	9000
293	9000
294	9000
295	9000
296	9000
297	9000
298	9000
299	9000
300	9000
301	9000
302	10800
303	10800
304	10800
305	10800
306	10800
307	10800
308	10800
309	10800
310	10800
311	10800
312	10800
313	10800
314	10800
315	10800
316	10800
317	10800
318	10800
319	10800
320	10800
321	10800
322	10800
323	10800
324	10800
325	10800
326	10800
327	10800
328	10800
329	10800
330	10800
331	10800
332	10800
333	10800
334	10800
335	10800
336	10800
337	10800
338	10800
339	10800
340	10800
341	10800
342	10800
343	10800
344	10800
345	10800
346	10800
347	10800
348	10800
349	10800
350	10800
351	10800
352	10800
353	10800
354	10800
355	10800
356	10800
357	10800
358	10800
359	10800
360	10800
361	10800
362	10800
363	10800
364	10800
365	10800
366	10800
367	10800
368	10800
369	10800
370	10800
371	10800
372	10800
373	10800
374	10800
375	10800
376	10800
377	10800
378	10800
379	10800
380	10800
381	10800
382	10800
383	10800
384	10800
385	10800
386	10800
387	10800
388	10800
389	10800
390	10800
391	10800
392	10800
393	10800
394	10800
395	10800
396	10800
397	10800
398	10800
399	10800
400	12600
401	12600
402	12600
403	12600
404	12600
405	12600
406	12600
407	12600
408	12600
409	12600
410	12600
411	12600
412	12600
413	12600
414	12600
415	12600
416	12600
417	12600
418	12600
419	12600
420	12600
421	12600
422	12600
423	12600
424	12600
425	12600
426	12600
427	12600
428	12600
429	12600
430	12600
431	12600
432	12600
433	12600
434	12600
435	12600
436	12600
437	12600
438	12600
439	12600
440	12600
441	12600
442	12600
443	12600
444	12600
445	12600
446	12600
447	12600
448	12600
449	12600
450	12600
451	12600
452	12600
453	12600
454	12600
455	12600
456	12600
457	12600
458	12600
459	12600
460	12600
461	12600
462	12600
463	12600
464	12600
465	12600
466	12600
467	12600
468	12600
469	12600
470	12600
471	12600
472	12600
473	12600
474	12600
475	12600
476	12600
477	12600
478	12600
479	12600
480	12600
481	12600
482	12600
483	12600
484	12600
485	12600
486	12600
487	14400
488	14400
489	14400
490	14400
491	14400
492	14400
493	14400
494	14400
495	14400
496	14400
497	14400
498	14400
499	14400
500	14400
501	14400
502	14400
503	14400
504	14400
505	14400
506	14400
507	14400
508	14400
509	14400
510	14400
511	14400
512	14400
513	14400
514	14400
515	14400
516	14400
517	14400
518	14400
519	14400
520	14400
521	14400
522	14400
523	14400
524	14400
525	14400
526	14400
527	14400
528	14400
529	14400
530	14400
531	14400
532	14400
533	14400
534	14400
535	14400
536	14400
537	14400
538	14400
539	14400
540	14400
541	14400
542	14400
543	14400
544	14400
545	14400
546	14400
547	14400
548	14400
549	14400
550	14400
551	14400
552	14400
553	14400
554	14400
555	14400
556	14400
557	14400
558	14400
559	14400
560	14400
561	14400
562	14400
563	14400
564	14400
565	14400
566	14400
567	14400
568	14400
569	14400
570	16200
571	16200
572	16200
573	16200
574	16200
575	16200
576	16200
577	16200
578	16200
579	16200
580	16200
581	16200
582	16200
583	16200
584	16200
585	16200
586	16200
587	16200
588	16200
589	16200
590	16200
591	16200
592	16200
593	16200
594	16200
595	16200
596	16200
597	16200
598	16200
599	16200
600	16200
601	16200
602	16200
603	16200
604	16200
605	16200
606	16200
607	16200
608	16200
609	16200
610	16200
611	16200
612	16200
613	16200
614	16200
615	16200
616	16200
617	16200
618	16200
619	16200
620	16200
621	16200
622	16200
623	16200
624	16200
625	16200
626	16200
627	16200
628	16200
629	16200
630	16200
631	16200
632	16200
633	16200
634	16200
635	16200
636	16200
637	16200
638	16200
639	16200
640	16200
641	16200
642	16200
643	16200
644	16200
645	16200
646	16200
647	16200
648	16200
649	16200
650	16200
651	16200
652	16200
653	16200
654	16200
655	16200
656	18000
657	18000
658	18000
659	18000
660	18000
661	18000
662	18000
663	18000
664	18000
665	18000
666	18000
667	18000
668	18000
669	18000
670	18000
671	18000
672	18000
673	18000
674	18000
675	18000
676	18000
677	18000
678	18000
679	18000
680	18000
681	18000
682	18000
683	18000
684	18000
685	18000
686	18000
687	18000
688	18000
689	18000
690	18000
691	18000
692	18000
693	18000
694	18000
695	18000
696	18000
697	18000
698	18000
699	18000
700	18000
701	18000
702	18000
703	18000
704	18000
705	18000
706	18000
707	18000
708	18000
709	18000
710	18000
711	18000
712	18000
713	18000
714	18000
715	18000
716	18000
717	18000
718	18000
719	18000
720	18000
721	18000
722	18000
723	18000
724	18000
725	18000
726	18000
727	18000
728	18000
729	18000
730	18000
731	18000
732	18000
733	19800
734	19800
735	19800
736	19800
737	19800
738	19800
739	19800
740	19800
741	19800
742	19800
743	19800
744	19800
745	19800
746	19800
747	19800
748	19800
749	19800
750	19800
751	19800
752	19800
753	19800
754	19800
755	19800
756	19800
757	19800
758	19800
759	19800
760	19800
761	19800
762	19800
763	19800
764	19800
765	19800
766	19800
767	19800
768	19800
769	19800
770	19800
771	19800
772	19800
773	19800
774	19800
775	19800
776	19800
777	19800
778	19800
779	19800
780	19800
781	19800
782	19800
783	19800
784	19800
785	19800
786	19800
787	19800
788	19800
789	19800
790	19800
791	19800
792	19800
793	19800
794	19800
795	19800
796	19800
797	19800
798	19800
799	19800
800	21600
801	21600
802	21600
803	21600
804	21600
805	21600
806	21600
807	21600
808	21600
809	21600
810	21600
811	21600
812	21600
813	21600
814	21600
815	21600
816	21600
817	21600
818	21600
819	21600
820	21600
821	21600
822	21600
823	21600
824	21600
825	21600
826	21600
827	21600
828	21600
829	21600
830	21600
831	21600
832	21600
833	21600
834	21600
835	21600
836	21600
837	21600
838	21600
839	21600
840	21600
841	21600
842	21600
843	21600
844	21600
845	21600
846	21600
847	21600
848	21600
849	21600
850	21600
851	21600
852	21600
853	21600
854	21600
855	21600
856	23400
857	23400
858	23400
859	23400
860	23400
861	23400
862	23400
863	23400
864	23400
865	23400
866	23400
867	23400
868	23400
869	23400
870	23400
871	23400
872	23400
873	23400
874	23400
875	23400
876	23400
877	23400
878	23400
879	23400
880	23400
881	23400
882	23400
883	23400
884	23400
885	23400
886	23400
887	23400
888	23400
889	23400
890	23400
891	23400
892	23400
893	23400
894	23400
895	23400
896	23400
897	23400
898	23400
899	23400
900	23400
901	25200
902	25200
903	25200
904	25200
905	25200
906	25200
907	25200
908	25200
909	25200
910	25200
911	25200
912	25200
913	25200
914	25200
915	25200
916	25200
917	25200
918	25200
919	25200
920	25200
921	25200
922	25200
923	25200
924	25200
925	25200
926	25200
927	25200
928	25200
929	25200
930	25200
931	25200
932	25200
933	25200
934	25200
935	25200
936	25200
937	25200
938	25200
939	25200
940	25200
941	25200
942	25200
943	25200
944	27000
945	27000
946	27000
947	27000
948	27000
949	27000
950	27000
951	27000
952	27000
953	27000
954	27000
955	27000
956	27000
957	27000
958	27000
959	27000
960	27000
961	27000
962	27000
963	27000
964	27000
965	27000
966	27000
967	27000
968	27000
969	27000
970	27000
971	27000
972	27000
973	27000
974	27000
975	27000
976	27000
977	27000
978	27000
979	27000
980	28800
981	28800
982	28800
983	28800
984	28800
985	28800
986	28800
987	28800
988	28800
989	28800
990	28800
991	28800
992	28800
993	28800
994	28800
995	28800
996	28800
997	28800
998	28800
999	28800
1000	28800
1001	28800
1002	28800
1003	28800
1004	28800
1005	28800
1006	30600
EOF
