NAME : ORTEC-VRPTW-ASYM-6d6b508e-d1-n914
TYPE : VRPTW-RT
DIMENSION : 915
EDGE_WEIGHT_TYPE : EUC_2D
CAPACITY : 145
NODE_COORD_SECTION
1	5555	109
2	6812	522
3	7156	1264
4	4440	2558
5	7521	571
6	3908	2750
7	6981	1530
8	6142	983
9	7165	423
10	4127	2318
11	5456	1545
12	5036	1465
13	5028	2235
14	4759	1453
15	5137	1412
16	4741	2792
17	4659	2255
18	7216	1096
19	7439	720
20	7612	728
21	5486	1823
22	5820	734
23	4445	2645
24	4509	2763
25	5880	650
26	6918	718
27	5797	968
28	6857	714
29	5590	1671
30	6792	35
31	4659	2255
32	5370	1625
33	4127	2318
34	5002	2631
35	5799	983
36	7533	497
37	5773	1024
38	5064	1993
39	4504	1559
40	6390	691
41	4118	2919
42	4232	2871
43	7273	534
44	7443	680
45	7499	643
46	5191	1794
47	6090	1047
48	6405	368
49	5975	696
50	4041	2675
51	4994	1513
52	6792	35
53	5654	873
54	7380	648
55	4793	1802
56	5240	1615
57	5621	1711
58	7089	487
59	7228	584
60	5682	1696
61	5036	1465
62	6798	1638
63	5303	1410
64	4805	1630
65	7172	760
66	5021	1669
67	5803	1484
68	4862	1870
69	5217	1568
70	5370	1625
71	4679	1795
72	6920	458
73	7466	571
74	4118	2919
75	4788	1666
76	6547	1760
77	4277	3091
78	5100	2551
79	4536	2722
80	4539	1777
81	5443	1300
82	4509	2763
83	4343	2516
84	3870	2678
85	7041	489
86	5217	1568
87	5085	2115
88	4329	2478
89	4105	2643
90	4832	1894
91	4367	1799
92	3864	2789
93	4277	3091
94	4816	2238
95	5951	1525
96	4973	1731
97	4443	1878
98	5956	694
99	7073	459
100	6920	458
101	5246	1714
102	7106	78
103	7041	489
104	5261	1823
105	4625	2208
106	6834	0
107	4509	2763
108	4862	1870
109	4108	2284
110	4862	1438
111	6186	585
112	5935	1712
113	4895	1432
114	4219	2913
115	5561	1311
116	5002	2631
117	5289	2232
118	4759	1453
119	4235	2427
120	6261	706
121	4582	2323
122	7513	788
123	5265	1153
124	5870	839
125	7172	760
126	5535	1074
127	5413	2037
128	4819	1611
129	6885	363
130	7521	571
131	5002	2631
132	7466	746
133	7458	533
134	6091	670
135	5823	1608
136	3823	2496
137	5977	580
138	4455	2514
139	5028	2235
140	5803	1484
141	4750	1945
142	7414	202
143	4787	2331
144	5820	734
145	7002	177
146	5085	2115
147	5100	2551
148	6963	1305
149	5289	2232
150	5779	1528
151	6520	630
152	4509	2763
153	7216	1096
154	5250	2152
155	6642	2056
156	6981	1530
157	5005	2212
158	4874	2345
159	6753	179
160	5443	1300
161	7466	746
162	5586	2197
163	4558	2304
164	6888	1590
165	7380	648
166	4582	2323
167	6779	154
168	7228	584
169	4913	1517
170	6901	753
171	6972	1204
172	5198	1999
173	4862	1870
174	4816	2238
175	5586	1699
176	5062	1783
177	5388	1549
178	6481	1515
179	7163	672
180	4428	2263
181	5690	1683
182	4329	2478
183	6614	1809
184	3870	2678
185	5561	1311
186	5530	1899
187	5258	1588
188	5975	696
189	6390	691
190	4363	3027
191	5456	1545
192	5829	907
193	4895	1432
194	6792	35
195	6880	234
196	4788	1666
197	4975	2012
198	5555	1687
199	5064	2000
200	5902	621
201	4363	3027
202	5281	1630
203	4281	2452
204	4509	2659
205	4692	2858
206	5250	2152
207	5341	2175
208	4783	1962
209	7443	680
210	5486	1823
211	3974	2578
212	4539	1777
213	5222	1759
214	5311	1580
215	4816	2238
216	4692	2763
217	5246	1714
218	4620	1277
219	6767	626
220	5390	1630
221	4472	2294
222	5098	1563
223	4492	2824
224	6269	633
225	5183	1568
226	5797	968
227	6091	670
228	4855	1749
229	4360	2303
230	6090	1047
231	5250	2152
232	4534	1598
233	5798	987
234	5820	734
235	5409	1584
236	5586	2197
237	4543	2640
238	7128	1365
239	4791	1547
240	5025	2049
241	5443	1300
242	5341	2175
243	6420	824
244	4755	1840
245	5951	1525
246	7521	571
247	5409	1584
248	4625	2208
249	5037	2008
250	6852	1590
251	6186	585
252	4329	2478
253	4855	1749
254	7273	534
255	4509	2763
256	7036	582
257	4832	1894
258	4363	3027
259	6177	824
260	5268	2449
261	6146	403
262	4127	2318
263	4144	3081
264	6716	935
265	6494	662
266	4582	2323
267	7564	255
268	7466	746
269	4408	2303
270	4265	3032
271	5036	1791
272	5468	1589
273	4724	1563
274	7034	1278
275	4577	1710
276	6269	633
277	5781	765
278	4180	2452
279	5809	1639
280	4329	2478
281	5282	1457
282	4951	1914
283	5282	1457
284	4127	2318
285	4108	2284
286	4692	2763
287	6491	483
288	7273	534
289	4509	2763
290	5268	2449
291	4539	1777
292	5168	2100
293	6798	1638
294	5823	1608
295	4788	1666
296	5087	1761
297	7526	426
298	5196	1344
299	4041	2675
300	7466	746
301	5050	2164
302	5738	751
303	7443	680
304	7600	608
305	5217	1568
306	5561	1311
307	5820	1231
308	7499	643
309	4900	1725
310	5183	1568
311	7228	584
312	7089	1122
313	4472	2294
314	7172	760
315	6070	945
316	5250	2152
317	6090	1047
318	5311	1580
319	7443	680
320	6448	800
321	6614	1809
322	7003	1658
323	4372	2959
324	4813	1111
325	7089	487
326	4536	2722
327	7280	341
328	6963	1305
329	6249	600
330	4408	2303
331	4443	1878
332	6520	630
333	6920	458
334	5682	1696
335	4819	1611
336	4343	2516
337	3823	2496
338	5022	1485
339	5883	736
340	5198	1999
341	4278	3142
342	4027	2542
343	6090	1047
344	4683	1332
345	6203	528
346	6303	402
347	6799	539
348	7459	216
349	6873	1369
350	4620	2817
351	4278	3142
352	3790	2613
353	5005	2212
354	5621	2445
355	5303	1410
356	3870	2678
357	6991	453
358	5028	2235
359	4975	2012
360	4812	1781
361	5180	1583
362	5021	2082
363	6899	591
364	4791	1547
365	4692	2858
366	4041	2675
367	6888	1590
368	4083	3018
369	6423	1815
370	5555	1687
371	5946	1653
372	7002	177
373	5036	1791
374	7594	621
375	6405	368
376	6491	483
377	4577	1710
378	4525	2501
379	3960	2524
380	4620	1277
381	5077	1655
382	5036	1791
383	6816	634
384	7124	1005
385	6010	822
386	7600	608
387	5388	1549
388	5262	1083
389	4534	1598
390	6010	822
391	5418	1666
392	4537	2855
393	4895	1432
394	6448	800
395	4913	1517
396	6918	718
397	4625	2208
398	5682	1696
399	7513	788
400	5303	1410
401	6920	458
402	4755	1840
403	5797	968
404	5734	871
405	5738	751
406	4281	2452
407	4108	2284
408	4069	2594
409	5303	1410
410	6642	2056
411	4762	2324
412	5265	1153
413	6142	983
414	5734	871
415	7089	487
416	5809	1639
417	4047	2725
418	3823	2496
419	4569	2184
420	5829	907
421	5729	1024
422	5047	1825
423	6421	1147
424	7600	608
425	6260	929
426	5456	1545
427	6692	1535
428	7165	423
429	5246	1714
430	6992	1261
431	6724	1721
432	4069	2594
433	5053	2822
434	6520	630
435	4357	2319
436	5829	907
437	4027	2542
438	5555	1687
439	7119	251
440	4360	2303
441	5021	2082
442	7014	607
443	5037	2008
444	7089	1122
445	5262	1083
446	4277	3091
447	4876	1264
448	4759	1453
449	5779	1528
450	6060	590
451	6963	1305
452	4180	2452
453	7499	643
454	6724	1721
455	4180	2452
456	4232	2871
457	7197	1328
458	5343	1597
459	6390	691
460	4290	2953
461	5951	1525
462	7510	696
463	5590	1671
464	6344	720
465	6421	1147
466	7466	746
467	4653	2262
468	7165	423
469	3925	2726
470	4683	1332
471	6603	740
472	5621	2445
473	4810	2484
474	4750	1945
475	4813	1111
476	6689	1360
477	6901	753
478	6477	1702
479	6792	35
480	5268	2449
481	5829	907
482	4993	1210
483	4535	2390
484	5103	2459
485	4797	1681
486	4069	2594
487	5137	1412
488	5180	1583
489	4620	1277
490	6442	882
491	6573	1780
492	5022	1485
493	6603	740
494	4778	1341
495	4047	2725
496	4164	2252
497	4895	1432
498	4810	2484
499	6812	522
500	4659	2255
501	4664	2489
502	5137	1412
503	6823	716
504	5956	694
505	6823	716
506	6823	716
507	5975	696
508	5053	2822
509	3935	2666
510	4841	2044
511	6857	714
512	6614	1809
513	5457	1445
514	5100	2551
515	5651	738
516	4787	2331
517	4619	2703
518	6887	1340
519	5456	1545
520	7380	648
521	4741	2792
522	6515	1772
523	4535	2390
524	5028	2235
525	6885	363
526	6888	1590
527	4683	1332
528	7280	341
529	5289	2232
530	5343	1597
531	6798	1638
532	6798	1638
533	6448	800
534	6249	600
535	6918	718
536	5370	1625
537	5803	1484
538	5321	1759
539	5586	2197
540	7466	746
541	5191	1794
542	7479	460
543	6344	720
544	4724	1563
545	6614	1809
546	6494	662
547	5734	871
548	5418	1666
549	4329	2478
550	7124	1140
551	7089	487
552	4855	1270
553	3823	2496
554	7439	720
555	7612	728
556	4534	1598
557	5106	1944
558	6799	539
559	5818	1114
560	6981	1530
561	5037	2008
562	4625	2208
563	5722	1646
564	5230	1952
565	5085	2115
566	4374	2735
567	7612	728
568	5007	1635
569	6194	536
570	5036	1465
571	4813	1111
572	6901	753
573	6303	402
574	4410	2872
575	6177	824
576	7089	1122
577	4525	2501
578	6515	1772
579	6010	822
580	5230	1952
581	5282	1457
582	4805	1630
583	7513	788
584	6873	1369
585	5036	1465
586	6090	1047
587	4951	1914
588	4895	1432
589	5268	2449
590	5028	2235
591	6413	604
592	6877	1417
593	5902	621
594	5773	1024
595	5418	1666
596	5729	1024
597	4900	1725
598	5137	1412
599	7034	1278
600	5590	1671
601	5036	1465
602	6642	2056
603	5722	1646
604	6964	745
605	6857	714
606	4030	2589
607	4834	1530
608	5005	2212
609	5106	1944
610	6260	929
611	7017	437
612	7466	746
613	4928	1253
614	7490	635
615	7521	571
616	6303	402
617	4455	2514
618	4363	3027
619	5377	2488
620	3974	2578
621	4993	1210
622	5085	2115
623	5773	1024
624	4625	2208
625	5289	2232
626	3925	2968
627	4030	2589
628	6539	1641
629	4683	1332
630	6550	1559
631	5562	1691
632	4653	2262
633	5238	1596
634	4973	1731
635	6390	691
636	7466	746
637	5586	1699
638	4816	2238
639	7521	571
640	5097	1671
641	5530	1899
642	5014	1868
643	7034	1278
644	6992	1261
645	4834	1530
646	4900	1725
647	5468	1589
648	6225	1124
649	6448	800
650	5238	1596
651	4525	2501
652	6981	1530
653	6142	983
654	7106	78
655	6888	1590
656	6420	824
657	5823	1608
658	5258	1588
659	4775	2355
660	7159	567
661	4775	2355
662	6779	154
663	5305	1699
664	4741	2792
665	6765	1373
666	4816	2238
667	3752	2634
668	4862	1438
669	4907	2312
670	4762	2324
671	4762	2324
672	5722	1646
673	5530	1899
674	6481	1515
675	6963	1305
676	4277	3091
677	6070	945
678	3790	2613
679	4357	2319
680	6614	1809
681	5300	1130
682	4363	3027
683	4064	2646
684	5799	983
685	6539	1641
686	5217	1568
687	5443	1300
688	7124	1140
689	6203	528
690	4832	1894
691	4793	1802
692	5820	1231
693	5483	1347
694	4030	2589
695	5281	1630
696	7280	341
697	4973	1731
698	4265	3032
699	4076	2611
700	5535	1074
701	4108	2284
702	3974	2578
703	4973	1731
704	5196	1344
705	7490	635
706	4083	3018
707	4787	2331
708	5073	2020
709	5956	694
710	6880	234
711	6779	154
712	4619	2703
713	6545	755
714	5064	2000
715	5951	1525
716	5809	1639
717	5802	1092
718	5305	1699
719	5880	650
720	6603	740
721	7533	497
722	4108	2284
723	5042	1902
724	6798	1638
725	4360	2303
726	5651	738
727	4862	1438
728	5880	650
729	6481	1515
730	6230	2066
731	4724	1563
732	7197	1328
733	5390	1630
734	4822	1795
735	4577	1710
736	4455	2514
737	4819	1611
738	6494	662
739	4539	1777
740	6260	929
741	4582	2323
742	6091	670
743	6303	402
744	4030	2589
745	4993	1210
746	7443	680
747	4928	1253
748	6792	35
749	6899	591
750	7169	297
751	6230	2066
752	5370	1625
753	5022	1485
754	4902	2259
755	6269	633
756	5977	580
757	5311	1580
758	3925	2968
759	5409	1584
760	5586	2197
761	4504	1559
762	6303	402
763	4030	2589
764	5409	1584
765	5798	987
766	6964	745
767	6177	824
768	4455	2514
769	5590	1671
770	5191	1794
771	6010	822
772	4862	1438
773	7156	1264
774	4862	1870
775	4124	3105
776	7490	635
777	5025	2049
778	7159	567
779	7479	460
780	4180	2452
781	4539	1777
782	6899	591
783	5437	1407
784	5500	1098
785	4973	1731
786	5021	1669
787	5535	1074
788	6177	824
789	5651	738
790	6767	626
791	6877	1417
792	5930	943
793	4692	2763
794	5809	1639
795	5143	1993
796	4855	1270
797	5945	679
798	7280	341
799	6280	680
800	6477	1702
801	4118	2919
802	6816	634
803	4683	1332
804	6724	1721
805	4985	2688
806	5087	1761
807	5734	871
808	5139	1278
809	7435	523
810	4741	2792
811	7472	484
812	5237	1988
813	6724	1721
814	4619	2703
815	5168	2100
816	4762	2324
817	7533	497
818	4472	2294
819	5880	650
820	5036	1791
821	3974	2578
822	6203	528
823	5682	1696
824	5399	1667
825	4788	1666
826	6146	403
827	5062	1783
828	4620	2817
829	6799	539
830	7036	582
831	5064	1993
832	5773	1024
833	6151	589
834	4343	2516
835	6142	983
836	5562	1691
837	5781	765
838	7197	1328
839	5233	2307
840	4360	2303
841	7159	567
842	6151	589
843	4812	1781
844	4816	2238
845	4076	2611
846	4428	2263
847	6423	1815
848	5097	1671
849	4303	2051
850	5413	2037
851	6981	1530
852	4357	2319
853	4793	1818
854	4692	2763
855	5143	1993
856	7443	680
857	5332	1614
858	5028	2235
859	5240	1615
860	6798	1638
861	4440	2558
862	5341	2175
863	5820	1231
864	6545	755
865	6570	661
866	6765	1373
867	6421	1147
868	5443	1300
869	5562	1691
870	6056	776
871	5468	1589
872	4062	2832
873	6344	720
874	5237	1988
875	4343	2516
876	4027	2542
877	5738	751
878	5332	1817
879	6689	1360
880	4329	2478
881	6520	630
882	5483	1347
883	5935	1712
884	5399	1667
885	4975	2012
886	5305	1699
887	7073	459
888	5820	734
889	5341	2175
890	7533	497
891	4582	2323
892	6203	528
893	5399	1667
894	5077	1655
895	5457	1445
896	4440	2558
897	5021	2082
898	6249	600
899	6753	179
900	4775	2355
901	5370	1625
902	6899	591
903	4822	1795
904	6142	983
905	3908	2750
906	5036	1791
907	4076	2611
908	7594	621
909	4360	2303
910	6920	458
911	5050	2164
912	6981	1530
913	6852	1590
914	5820	734
915	4041	2675
DEMAND_SECTION
1	0
2	8
3	7
4	8
5	7
6	10
7	4
8	6
9	6
10	7
11	6
12	7
13	5
14	6
15	3
16	11
17	7
18	16
19	6
20	5
21	5
22	5
23	10
24	5
25	5
26	10
27	4
28	13
29	1
30	6
31	7
32	11
33	5
34	3
35	10
36	3
37	5
38	6
39	9
40	6
41	5
42	4
43	7
44	4
45	10
46	8
47	3
48	5
49	9
50	10
51	8
52	8
53	3
54	3
55	5
56	7
57	4
58	5
59	5
60	10
61	5
62	4
63	6
64	11
65	7
66	6
67	6
68	5
69	11
70	7
71	5
72	5
73	5
74	9
75	12
76	4
77	5
78	7
79	5
80	5
81	8
82	5
83	7
84	7
85	3
86	4
87	15
88	7
89	4
90	7
91	12
92	5
93	15
94	7
95	5
96	3
97	6
98	8
99	4
100	4
101	8
102	7
103	8
104	5
105	11
106	5
107	6
108	3
109	7
110	3
111	6
112	6
113	8
114	5
115	5
116	7
117	7
118	8
119	3
120	10
121	4
122	4
123	6
124	8
125	4
126	4
127	6
128	15
129	4
130	7
131	6
132	5
133	13
134	11
135	4
136	4
137	10
138	4
139	6
140	5
141	6
142	8
143	6
144	10
145	5
146	6
147	3
148	7
149	10
150	5
151	7
152	9
153	7
154	7
155	3
156	4
157	8
158	4
159	25
160	5
161	7
162	5
163	10
164	11
165	4
166	6
167	5
168	9
169	7
170	6
171	4
172	5
173	2
174	12
175	15
176	6
177	9
178	9
179	7
180	5
181	4
182	7
183	4
184	5
185	7
186	5
187	10
188	5
189	6
190	6
191	2
192	9
193	5
194	10
195	16
196	3
197	9
198	6
199	5
200	5
201	3
202	7
203	5
204	6
205	4
206	3
207	7
208	6
209	5
210	5
211	5
212	4
213	4
214	3
215	5
216	6
217	7
218	6
219	8
220	5
221	5
222	5
223	9
224	5
225	10
226	2
227	7
228	7
229	15
230	8
231	3
232	7
233	6
234	3
235	4
236	10
237	13
238	6
239	6
240	22
241	5
242	7
243	4
244	3
245	9
246	3
247	3
248	4
249	4
250	9
251	12
252	3
253	10
254	8
255	10
256	3
257	10
258	5
259	10
260	3
261	5
262	6
263	5
264	1
265	13
266	15
267	7
268	5
269	5
270	5
271	5
272	10
273	4
274	5
275	5
276	6
277	5
278	8
279	5
280	5
281	5
282	7
283	6
284	7
285	7
286	3
287	6
288	11
289	3
290	8
291	8
292	5
293	4
294	3
295	10
296	4
297	7
298	4
299	3
300	4
301	3
302	7
303	6
304	13
305	1
306	6
307	10
308	3
309	6
310	5
311	6
312	6
313	4
314	7
315	10
316	4
317	4
318	7
319	11
320	3
321	6
322	10
323	11
324	9
325	11
326	6
327	8
328	9
329	5
330	6
331	12
332	11
333	7
334	8
335	1
336	5
337	10
338	4
339	4
340	4
341	8
342	12
343	5
344	12
345	7
346	7
347	8
348	4
349	7
350	8
351	5
352	6
353	10
354	9
355	5
356	5
357	9
358	7
359	4
360	6
361	7
362	5
363	8
364	4
365	11
366	7
367	7
368	4
369	6
370	9
371	4
372	4
373	2
374	5
375	6
376	5
377	4
378	4
379	5
380	5
381	5
382	5
383	8
384	9
385	6
386	4
387	6
388	8
389	4
390	9
391	6
392	15
393	6
394	5
395	12
396	5
397	5
398	7
399	15
400	3
401	8
402	6
403	7
404	4
405	5
406	7
407	3
408	5
409	13
410	6
411	6
412	6
413	6
414	5
415	5
416	5
417	5
418	12
419	7
420	4
421	15
422	7
423	3
424	8
425	6
426	4
427	7
428	4
429	6
430	10
431	5
432	5
433	5
434	4
435	7
436	8
437	5
438	5
439	9
440	14
441	8
442	4
443	6
444	11
445	6
446	6
447	6
448	10
449	3
450	6
451	4
452	6
453	9
454	4
455	9
456	5
457	5
458	1
459	8
460	5
461	5
462	5
463	4
464	7
465	6
466	9
467	4
468	4
469	6
470	5
471	9
472	4
473	8
474	5
475	1
476	4
477	6
478	8
479	3
480	3
481	15
482	4
483	3
484	4
485	7
486	5
487	8
488	5
489	5
490	8
491	7
492	5
493	3
494	5
495	6
496	5
497	7
498	6
499	10
500	8
501	5
502	4
503	5
504	4
505	7
506	8
507	3
508	7
509	5
510	7
511	6
512	4
513	3
514	4
515	7
516	10
517	5
518	6
519	5
520	11
521	5
522	6
523	7
524	6
525	6
526	8
527	9
528	5
529	4
530	6
531	6
532	5
533	5
534	4
535	8
536	3
537	5
538	4
539	6
540	6
541	3
542	12
543	4
544	7
545	4
546	16
547	5
548	5
549	6
550	3
551	10
552	5
553	7
554	3
555	7
556	5
557	8
558	8
559	4
560	6
561	22
562	5
563	4
564	7
565	6
566	8
567	9
568	3
569	10
570	16
571	3
572	8
573	5
574	3
575	5
576	5
577	6
578	7
579	6
580	3
581	11
582	10
583	7
584	5
585	5
586	7
587	4
588	6
589	13
590	10
591	4
592	6
593	11
594	3
595	2
596	4
597	13
598	8
599	10
600	3
601	16
602	9
603	6
604	6
605	6
606	6
607	5
608	9
609	8
610	4
611	7
612	8
613	8
614	3
615	5
616	3
617	9
618	4
619	16
620	7
621	4
622	5
623	16
624	10
625	6
626	4
627	5
628	8
629	5
630	6
631	4
632	5
633	5
634	6
635	7
636	3
637	7
638	7
639	5
640	3
641	10
642	5
643	6
644	7
645	8
646	4
647	5
648	6
649	1
650	16
651	7
652	5
653	4
654	4
655	9
656	7
657	4
658	9
659	6
660	5
661	9
662	8
663	5
664	7
665	3
666	12
667	4
668	15
669	5
670	11
671	5
672	8
673	8
674	6
675	5
676	12
677	5
678	3
679	13
680	8
681	10
682	3
683	5
684	7
685	4
686	3
687	8
688	7
689	10
690	4
691	6
692	11
693	12
694	5
695	14
696	6
697	4
698	6
699	5
700	3
701	7
702	7
703	5
704	5
705	6
706	7
707	5
708	8
709	16
710	13
711	12
712	4
713	5
714	7
715	3
716	7
717	4
718	4
719	5
720	4
721	5
722	6
723	4
724	5
725	3
726	4
727	3
728	9
729	7
730	3
731	11
732	3
733	10
734	5
735	4
736	5
737	4
738	5
739	3
740	10
741	5
742	9
743	6
744	6
745	15
746	5
747	4
748	6
749	6
750	3
751	4
752	5
753	5
754	8
755	5
756	16
757	7
758	5
759	5
760	9
761	6
762	8
763	5
764	5
765	10
766	6
767	5
768	9
769	7
770	4
771	10
772	6
773	14
774	5
775	10
776	5
777	7
778	5
779	13
780	8
781	4
782	16
783	5
784	5
785	5
786	7
787	3
788	11
789	11
790	5
791	13
792	4
793	5
794	6
795	5
796	1
797	5
798	12
799	4
800	5
801	1
802	5
803	7
804	9
805	3
806	6
807	11
808	5
809	8
810	8
811	4
812	12
813	8
814	7
815	7
816	8
817	4
818	6
819	5
820	6
821	3
822	5
823	9
824	7
825	4
826	12
827	7
828	5
829	7
830	7
831	6
832	6
833	6
834	5
835	3
836	4
837	13
838	5
839	5
840	16
841	7
842	7
843	7
844	8
845	5
846	9
847	4
848	8
849	6
850	4
851	6
852	6
853	5
854	7
855	5
856	6
857	3
858	6
859	6
860	8
861	10
862	10
863	6
864	5
865	6
866	4
867	4
868	10
869	6
870	5
871	5
872	7
873	12
874	8
875	6
876	5
877	4
878	5
879	6
880	6
881	5
882	7
883	7
884	5
885	8
886	5
887	5
888	5
889	3
890	6
891	9
892	9
893	2
894	4
895	5
896	9
897	4
898	8
899	5
900	8
901	5
902	7
903	12
904	5
905	3
906	5
907	4
908	5
909	7
910	7
911	10
912	7
913	6
914	5
915	4
DEPOT_SECTION
1
-1
SERVICE_TIME_SECTION
1	0
2	960
3	660
4	1140
5	900
6	780
7	540
8	540
9	1260
10	600
11	540
12	780
13	420
14	300
15	720
16	660
17	900
18	780
19	780
20	480
21	660
22	300
23	600
24	300
25	720
26	660
27	660
28	960
29	780
30	780
31	720
32	900
33	600
34	660
35	660
36	300
37	600
38	420
39	780
40	660
41	300
42	300
43	540
44	720
45	420
46	720
47	660
48	600
49	780
50	660
51	780
52	660
53	660
54	540
55	660
56	840
57	360
58	780
59	720
60	1080
61	480
62	720
63	240
64	660
65	600
66	840
67	780
68	420
69	600
70	420
71	660
72	360
73	480
74	780
75	420
76	660
77	1380
78	480
79	1080
80	420
81	480
82	300
83	300
84	480
85	840
86	540
87	600
88	480
89	540
90	600
91	540
92	420
93	1140
94	480
95	840
96	960
97	1020
98	420
99	540
100	780
101	420
102	720
103	660
104	540
105	780
106	540
107	420
108	660
109	660
110	1020
111	600
112	840
113	660
114	900
115	660
116	480
117	1020
118	600
119	780
120	720
121	480
122	720
123	360
124	360
125	600
126	420
127	300
128	1020
129	420
130	480
131	540
132	540
133	780
134	360
135	840
136	240
137	540
138	420
139	600
140	660
141	660
142	720
143	300
144	780
145	720
146	840
147	600
148	600
149	480
150	780
151	660
152	780
153	480
154	300
155	660
156	660
157	240
158	780
159	720
160	420
161	660
162	300
163	420
164	660
165	300
166	600
167	840
168	300
169	660
170	480
171	660
172	900
173	360
174	780
175	360
176	360
177	780
178	540
179	240
180	1020
181	240
182	840
183	840
184	420
185	720
186	660
187	1260
188	720
189	600
190	840
191	360
192	1140
193	360
194	420
195	480
196	780
197	1140
198	240
199	480
200	780
201	420
202	540
203	480
204	540
205	960
206	840
207	480
208	480
209	600
210	540
211	300
212	780
213	660
214	300
215	600
216	420
217	660
218	540
219	480
220	660
221	360
222	1020
223	720
224	720
225	420
226	720
227	840
228	360
229	720
230	840
231	840
232	540
233	480
234	300
235	780
236	840
237	480
238	1320
239	540
240	720
241	720
242	840
243	780
244	300
245	720
246	480
247	480
248	660
249	300
250	300
251	660
252	660
253	840
254	720
255	720
256	660
257	840
258	240
259	600
260	300
261	600
262	660
263	840
264	480
265	840
266	660
267	1140
268	480
269	600
270	300
271	360
272	780
273	420
274	1380
275	420
276	660
277	780
278	960
279	660
280	420
281	600
282	1020
283	1020
284	660
285	720
286	720
287	420
288	480
289	420
290	660
291	720
292	600
293	360
294	840
295	420
296	420
297	660
298	480
299	600
300	600
301	660
302	600
303	600
304	1020
305	1020
306	480
307	720
308	660
309	720
310	600
311	600
312	780
313	300
314	540
315	420
316	480
317	660
318	300
319	360
320	840
321	720
322	780
323	600
324	240
325	540
326	300
327	540
328	480
329	660
330	420
331	720
332	1080
333	480
334	360
335	720
336	600
337	480
338	660
339	1020
340	360
341	660
342	360
343	360
344	660
345	540
346	420
347	300
348	420
349	720
350	660
351	600
352	480
353	780
354	720
355	540
356	720
357	540
358	900
359	960
360	720
361	960
362	480
363	300
364	780
365	660
366	240
367	720
368	420
369	480
370	660
371	660
372	840
373	780
374	300
375	1140
376	660
377	240
378	540
379	300
380	300
381	720
382	720
383	780
384	660
385	900
386	780
387	660
388	540
389	480
390	480
391	660
392	540
393	720
394	660
395	1140
396	480
397	360
398	600
399	240
400	660
401	660
402	720
403	600
404	420
405	840
406	1020
407	240
408	660
409	420
410	1080
411	960
412	900
413	420
414	480
415	720
416	720
417	420
418	540
419	480
420	780
421	900
422	540
423	420
424	720
425	420
426	720
427	600
428	780
429	720
430	840
431	600
432	240
433	960
434	240
435	600
436	240
437	600
438	1140
439	480
440	720
441	420
442	660
443	780
444	780
445	1080
446	540
447	600
448	600
449	780
450	480
451	1380
452	600
453	540
454	360
455	480
456	480
457	840
458	480
459	540
460	900
461	660
462	720
463	660
464	480
465	1260
466	1140
467	660
468	540
469	420
470	540
471	780
472	360
473	540
474	660
475	420
476	660
477	540
478	540
479	600
480	1080
481	780
482	660
483	480
484	840
485	720
486	660
487	540
488	780
489	480
490	600
491	720
492	480
493	780
494	720
495	720
496	480
497	720
498	360
499	300
500	840
501	480
502	1140
503	660
504	540
505	540
506	360
507	360
508	300
509	1140
510	900
511	840
512	900
513	540
514	1020
515	780
516	420
517	360
518	780
519	720
520	960
521	780
522	660
523	240
524	960
525	300
526	420
527	660
528	780
529	240
530	360
531	1020
532	660
533	600
534	600
535	600
536	600
537	480
538	1020
539	540
540	360
541	900
542	780
543	660
544	300
545	900
546	660
547	1020
548	660
549	480
550	480
551	720
552	420
553	660
554	600
555	1320
556	480
557	600
558	420
559	480
560	540
561	780
562	600
563	1260
564	480
565	480
566	420
567	360
568	960
569	1380
570	600
571	240
572	600
573	360
574	600
575	720
576	540
577	1320
578	720
579	660
580	420
581	780
582	420
583	480
584	300
585	480
586	960
587	420
588	720
589	480
590	660
591	480
592	480
593	420
594	420
595	300
596	660
597	600
598	600
599	600
600	420
601	600
602	780
603	360
604	420
605	840
606	360
607	780
608	420
609	240
610	300
611	480
612	660
613	420
614	720
615	660
616	660
617	240
618	1020
619	420
620	420
621	480
622	660
623	480
624	660
625	720
626	360
627	660
628	420
629	720
630	540
631	720
632	480
633	420
634	600
635	840
636	840
637	960
638	360
639	420
640	900
641	1260
642	300
643	1020
644	780
645	780
646	1020
647	360
648	420
649	1080
650	480
651	660
652	540
653	480
654	540
655	420
656	960
657	600
658	480
659	1260
660	1320
661	660
662	600
663	720
664	1020
665	300
666	900
667	720
668	540
669	540
670	720
671	720
672	420
673	600
674	420
675	1260
676	660
677	1080
678	480
679	660
680	780
681	1260
682	660
683	660
684	420
685	420
686	780
687	720
688	720
689	660
690	1080
691	840
692	360
693	300
694	360
695	600
696	900
697	1200
698	480
699	600
700	480
701	720
702	600
703	600
704	720
705	840
706	660
707	780
708	1320
709	720
710	660
711	480
712	840
713	1200
714	480
715	720
716	660
717	660
718	240
719	480
720	900
721	420
722	600
723	360
724	540
725	240
726	240
727	780
728	600
729	1080
730	660
731	420
732	300
733	1260
734	660
735	540
736	720
737	240
738	360
739	720
740	600
741	1380
742	660
743	1200
744	540
745	420
746	660
747	420
748	600
749	540
750	660
751	480
752	780
753	780
754	1800
755	300
756	1140
757	1140
758	420
759	360
760	600
761	780
762	900
763	660
764	1080
765	900
766	720
767	600
768	480
769	360
770	660
771	540
772	540
773	480
774	660
775	840
776	600
777	960
778	480
779	600
780	360
781	720
782	420
783	300
784	1320
785	300
786	1800
787	420
788	480
789	480
790	600
791	480
792	600
793	840
794	540
795	660
796	1200
797	720
798	240
799	240
800	1800
801	300
802	480
803	720
804	480
805	480
806	660
807	600
808	420
809	600
810	1140
811	1140
812	540
813	300
814	540
815	300
816	300
817	360
818	480
819	480
820	840
821	720
822	780
823	1140
824	720
825	480
826	720
827	1140
828	900
829	900
830	360
831	840
832	780
833	780
834	1020
835	420
836	540
837	720
838	840
839	540
840	540
841	300
842	420
843	780
844	840
845	780
846	780
847	1140
848	420
849	720
850	780
851	1140
852	420
853	540
854	840
855	600
856	480
857	600
858	1260
859	660
860	660
861	720
862	480
863	1260
864	720
865	660
866	600
867	840
868	480
869	840
870	360
871	360
872	660
873	660
874	840
875	780
876	660
877	780
878	420
879	420
880	420
881	600
882	420
883	1080
884	360
885	420
886	720
887	420
888	960
889	360
890	780
891	1020
892	780
893	960
894	780
895	360
896	420
897	780
898	1320
899	660
900	1080
901	900
902	1020
903	1260
904	480
905	240
906	840
907	420
908	900
909	840
910	540
911	480
912	420
913	900
914	660
915	540
TIME_WINDOW_SECTION
1	0	45000
2	19200	26700
3	6600	30300
4	19200	26700
5	22800	30300
6	22800	30300
7	6600	30300
8	12000	18900
9	19200	26700
10	15600	23100
11	6600	30300
12	22800	30300
13	6600	29700
14	15600	23100
15	19200	26700
16	19200	26700
17	12000	19500
18	22800	30300
19	12000	19500
20	15600	23100
21	15600	22500
22	19200	26700
23	22800	30300
24	6600	30300
25	6600	29700
26	19200	26700
27	6600	30300
28	22800	30300
29	17400	40500
30	8400	15900
31	4800	12300
32	15600	23100
33	15600	23100
34	15600	23100
35	12000	19500
36	19200	26700
37	12000	19500
38	4800	12300
39	4800	12300
40	12000	19500
41	4800	12300
42	19200	26700
43	8400	15900
44	6600	30300
45	12000	19500
46	19200	26700
47	12000	19500
48	12000	19500
49	19200	26100
50	4800	12300
51	19200	26700
52	4800	12300
53	12000	19500
54	19200	26700
55	6600	30300
56	6600	30300
57	6600	30300
58	15600	23100
59	4800	12300
60	4800	12300
61	15600	23100
62	19200	26700
63	19200	26700
64	19200	26700
65	4800	12300
66	22800	30300
67	6600	30300
68	12000	19500
69	15600	23100
70	12000	18900
71	15600	22500
72	22800	30300
73	15600	23100
74	19200	26700
75	19200	26700
76	19200	26700
77	19200	26700
78	4800	12300
79	6600	30300
80	19200	26700
81	22800	30300
82	22800	30300
83	15600	24900
84	22800	30300
85	19200	26700
86	12000	19500
87	4800	12300
88	19200	26700
89	22800	30300
90	15600	23100
91	6600	30300
92	6600	30300
93	12000	19500
94	6600	30300
95	22800	30300
96	19200	26700
97	19200	26700
98	8400	15900
99	15600	23100
100	22800	30300
101	6600	30300
102	15600	23100
103	19200	26700
104	19200	26700
105	8400	15900
106	8400	15900
107	6600	30300
108	4800	12300
109	22800	30300
110	22800	30300
111	12000	19500
112	19200	26700
113	22800	30300
114	22800	30300
115	19200	26700
116	22800	30300
117	8400	15900
118	6600	30300
119	12000	19500
120	15600	23100
121	6600	30300
122	12000	19500
123	15600	23100
124	15600	23100
125	15600	23100
126	12000	19500
127	4800	12300
128	12000	19500
129	19200	26700
130	4800	12300
131	17400	41100
132	15600	23100
133	19200	26100
134	22800	30300
135	4800	12300
136	17400	40500
137	12000	19500
138	12000	19500
139	19200	26700
140	22800	30300
141	12000	19500
142	4800	12300
143	15600	23100
144	19200	26700
145	6600	30300
146	12000	19500
147	8400	15900
148	15600	23100
149	12000	19500
150	4800	12300
151	6600	30300
152	12000	19500
153	6600	30300
154	8400	15900
155	4800	12300
156	22800	30300
157	12000	19500
158	22800	30300
159	22800	30300
160	15600	24900
161	4800	12300
162	15600	22500
163	22800	30300
164	6600	30300
165	22800	30300
166	19200	26700
167	15600	23100
168	19200	26700
169	22800	30300
170	22800	30300
171	22800	30300
172	8400	15300
173	22800	30300
174	4800	12300
175	6600	29700
176	22800	30300
177	15600	23100
178	6600	30300
179	19200	26700
180	19200	26700
181	22800	30300
182	6600	30300
183	15600	23100
184	12000	19500
185	8400	15900
186	22800	30300
187	22800	30300
188	22800	30300
189	12000	19500
190	4800	12300
191	12000	19500
192	19200	26700
193	6600	30300
194	6600	30300
195	19200	26100
196	8400	15900
197	15600	23100
198	19200	26700
199	12000	19500
200	8400	15900
201	12000	19500
202	15600	23100
203	19200	26700
204	22800	30300
205	4800	12300
206	19200	26700
207	8400	15900
208	8400	15900
209	8400	15900
210	12000	19500
211	19200	26700
212	6600	30300
213	22800	30300
214	19200	26700
215	15600	23100
216	6600	30300
217	22800	30300
218	22800	30300
219	12000	19500
220	12000	19500
221	19200	26700
222	15600	24900
223	19200	26700
224	12000	19500
225	8400	15900
226	15600	23100
227	6600	29700
228	19200	26700
229	12000	19500
230	19200	26700
231	6600	30300
232	19200	26700
233	12000	19500
234	22800	30300
235	19200	26700
236	19200	26700
237	22800	30300
238	6600	30300
239	22800	30300
240	22800	30300
241	19200	26700
242	12000	19500
243	22800	30300
244	4800	11700
245	19200	26700
246	19200	26700
247	4800	12300
248	15600	22500
249	19200	26700
250	15600	23100
251	12000	19500
252	12000	19500
253	8400	15900
254	19200	26700
255	6600	30300
256	15600	23100
257	6600	30300
258	19200	26700
259	6600	29700
260	15600	23100
261	22800	30300
262	12000	19500
263	17400	41100
264	6600	30300
265	19200	26700
266	6600	30300
267	4800	12300
268	4800	12300
269	4800	12300
270	4800	12300
271	22800	30300
272	12000	19500
273	8400	15900
274	12000	18900
275	12000	19500
276	12000	19500
277	12000	19500
278	19200	26700
279	22800	30300
280	19200	26700
281	6600	30300
282	4800	12300
283	4800	12300
284	8400	15900
285	4800	12300
286	22800	30300
287	4800	12300
288	15600	23100
289	4800	12300
290	8400	15900
291	4800	12300
292	4800	11700
293	22800	30300
294	12000	19500
295	12000	19500
296	12000	19500
297	15600	23100
298	4800	12300
299	12000	19500
300	19200	26700
301	4800	12300
302	19200	26700
303	15600	23100
304	19200	26700
305	12000	19500
306	4800	11700
307	6600	30300
308	19200	26700
309	4800	12300
310	4800	12300
311	6600	30300
312	22800	30300
313	15600	23100
314	19200	26700
315	19200	26700
316	22800	30300
317	15600	23100
318	12000	19500
319	8400	15900
320	17400	40500
321	19200	26700
322	19200	26700
323	22800	30300
324	15600	23100
325	4800	12300
326	19200	26700
327	22800	30300
328	17400	41100
329	22800	30300
330	19200	26700
331	22800	30300
332	19200	26700
333	8400	15900
334	4800	12300
335	19200	26700
336	22800	30300
337	4800	12300
338	15600	23100
339	6600	29700
340	15600	23100
341	22800	30300
342	17400	41100
343	12000	19500
344	12000	19500
345	15600	23100
346	19200	26700
347	8400	15900
348	19200	26700
349	6600	29700
350	6600	30300
351	12000	19500
352	12000	19500
353	8400	15900
354	22800	30300
355	22800	30300
356	4800	12300
357	6600	30300
358	19200	26700
359	19200	26700
360	22800	30300
361	12000	19500
362	6600	30300
363	8400	15300
364	4800	12300
365	22800	30300
366	19200	26700
367	15600	23100
368	19200	26700
369	22800	30300
370	6600	30300
371	22800	30300
372	12000	19500
373	15600	23100
374	19200	26700
375	15600	23100
376	12000	19500
377	15600	23100
378	6600	30300
379	15600	23100
380	4800	12300
381	19200	26700
382	12000	19500
383	6600	29700
384	6600	30300
385	19200	26700
386	4800	12300
387	15600	23100
388	15600	23100
389	6600	30300
390	6600	30300
391	8400	15900
392	19200	26700
393	15600	23100
394	8400	15900
395	19200	26700
396	8400	15900
397	4800	12300
398	19200	26700
399	6600	30300
400	22800	30300
401	12000	19500
402	15600	23100
403	22800	30300
404	19200	26700
405	22800	30300
406	22800	30300
407	15600	23100
408	8400	15900
409	8400	15900
410	22800	30300
411	6600	30300
412	22800	30300
413	12000	19500
414	8400	15900
415	22800	30300
416	22800	30300
417	15600	23100
418	15600	23100
419	8400	15900
420	6600	30300
421	22800	30300
422	22800	30300
423	12000	19500
424	19200	26700
425	4800	12300
426	22800	30300
427	15600	23100
428	12000	19500
429	8400	15900
430	19200	26700
431	15600	23100
432	19200	26700
433	19200	26700
434	22800	30300
435	22800	30300
436	22800	30300
437	19200	26700
438	15600	23100
439	19200	26700
440	19200	26700
441	12000	19500
442	6600	30300
443	8400	15900
444	6600	29700
445	22800	30300
446	22800	30300
447	19200	26700
448	15600	23100
449	19200	26700
450	6600	30300
451	19200	26700
452	6600	30300
453	15600	23100
454	22800	30300
455	19200	26700
456	15600	23100
457	6600	30300
458	12000	19500
459	15600	23100
460	12000	19500
461	15600	23100
462	19200	26700
463	6600	30300
464	15600	23100
465	19200	26700
466	12000	19500
467	19200	26700
468	19200	26700
469	22800	30300
470	15600	23100
471	6600	30300
472	8400	15900
473	12000	19500
474	6600	30300
475	15600	23100
476	22800	30300
477	8400	15900
478	8400	15900
479	12000	19500
480	19200	26700
481	19200	26700
482	8400	15900
483	19200	26700
484	6600	30300
485	12000	19500
486	12000	19500
487	6600	30300
488	22800	30300
489	15600	23100
490	15600	23100
491	15600	23100
492	19200	26700
493	6600	30300
494	12000	19500
495	6600	30300
496	12000	19500
497	15600	23100
498	15600	23100
499	22800	30300
500	19200	26700
501	12000	19500
502	19200	26700
503	12000	19500
504	12000	19500
505	19200	26100
506	15600	23100
507	19200	26700
508	12000	19500
509	22800	30300
510	12000	19500
511	12000	19500
512	6600	30300
513	19200	26700
514	15600	23100
515	12000	19500
516	15600	24900
517	12000	19500
518	15600	23100
519	12000	19500
520	12000	19500
521	6600	30300
522	22800	30300
523	12000	19500
524	12000	19500
525	22800	30300
526	15600	23100
527	6600	30300
528	19200	26700
529	6600	30300
530	12000	19500
531	19200	26700
532	19200	26700
533	12000	19500
534	15600	23100
535	12000	19500
536	19200	26100
537	15600	23100
538	6600	30300
539	15600	23100
540	8400	15900
541	8400	15900
542	19200	26700
543	8400	15900
544	15600	23100
545	12000	19500
546	22800	30300
547	15600	23100
548	8400	15900
549	6600	30300
550	12000	19500
551	6600	30300
552	6600	30300
553	19200	26100
554	12000	19500
555	12000	19500
556	22800	30300
557	15600	23100
558	8400	15900
559	15600	24900
560	19200	26700
561	19200	26700
562	19200	26700
563	22800	30300
564	22800	30300
565	8400	15900
566	15600	23100
567	12000	19500
568	8400	15900
569	22800	30300
570	19200	26700
571	12000	19500
572	15600	23100
573	12000	19500
574	22800	30300
575	15600	23100
576	22800	30300
577	19200	26700
578	19200	26700
579	19200	26700
580	22800	30300
581	12000	19500
582	12000	19500
583	6600	29700
584	12000	19500
585	22800	30300
586	6600	30300
587	19200	26700
588	6600	30300
589	19200	26700
590	19200	26700
591	12000	19500
592	6600	30300
593	12000	19500
594	19200	26700
595	12000	19500
596	12000	19500
597	15600	23100
598	22800	30300
599	6600	30300
600	15600	23100
601	6600	30300
602	6600	30300
603	15600	23100
604	19200	26700
605	6600	29700
606	19200	26700
607	6600	30300
608	19200	26700
609	6600	30300
610	22800	30300
611	22800	30300
612	22800	30300
613	22800	30300
614	12000	19500
615	19200	26700
616	6600	30300
617	22800	30300
618	6600	30300
619	22800	30300
620	19200	26700
621	15600	23100
622	15600	23100
623	15600	23100
624	22800	30300
625	12000	19500
626	15600	23100
627	6600	30300
628	22800	30300
629	12000	19500
630	12000	19500
631	6600	30300
632	6600	29700
633	19200	26700
634	22800	30300
635	12000	19500
636	22800	30300
637	6600	30300
638	12000	19500
639	15600	24900
640	19200	26700
641	19200	26700
642	22800	30300
643	12000	19500
644	12000	19500
645	22800	30300
646	19200	26700
647	12000	19500
648	8400	15900
649	12000	19500
650	12000	19500
651	12000	19500
652	22800	30300
653	12000	19500
654	6600	29700
655	15600	23100
656	19200	26700
657	15600	23100
658	12000	19500
659	6600	29700
660	15600	23100
661	12000	19500
662	15600	22500
663	19200	26700
664	6600	30300
665	15600	23100
666	12000	19500
667	15600	23100
668	6600	29700
669	15600	23100
670	22800	30300
671	17400	40500
672	19200	26700
673	6600	29700
674	22800	30300
675	15600	23100
676	15600	23100
677	6600	30300
678	6600	30300
679	12000	18900
680	12000	19500
681	15600	23100
682	12000	19500
683	6600	29700
684	12000	19500
685	15600	23100
686	22800	30300
687	19200	26700
688	12000	19500
689	22800	30300
690	15600	24900
691	12000	19500
692	15600	22500
693	12000	19500
694	22800	30300
695	15600	23100
696	12000	19500
697	12000	19500
698	19200	26700
699	22800	30300
700	22800	30300
701	15600	23100
702	22800	30300
703	22800	30300
704	19200	26700
705	12000	19500
706	12000	19500
707	22800	30300
708	12000	19500
709	19200	26700
710	15600	23100
711	6600	30300
712	15600	23100
713	12000	19500
714	15600	23100
715	19200	26700
716	22800	30300
717	19200	26700
718	12000	19500
719	22800	30300
720	15600	23100
721	6600	30300
722	15600	23100
723	22800	30300
724	6600	29700
725	19200	26700
726	15600	23100
727	12000	19500
728	22800	30300
729	15600	23100
730	19200	26700
731	6600	30300
732	6600	30300
733	19200	26700
734	22800	30300
735	22800	30300
736	6600	30300
737	22800	30300
738	22800	30300
739	15600	23100
740	15600	23100
741	22800	30300
742	19200	26700
743	15600	23100
744	19200	26100
745	6600	29700
746	19200	26700
747	12000	19500
748	22800	30300
749	22800	30300
750	15600	23100
751	22800	30300
752	19200	26700
753	15600	23100
754	15600	23100
755	17400	41100
756	15600	22500
757	19200	26700
758	19200	26700
759	22800	30300
760	22800	30300
761	19200	26700
762	15600	23100
763	19200	26700
764	12000	19500
765	6600	30300
766	22800	30300
767	19200	26700
768	22800	30300
769	6600	30300
770	22800	30300
771	15600	23100
772	15600	23100
773	22800	30300
774	15600	23100
775	22800	30300
776	22800	30300
777	6600	30300
778	15600	23100
779	22800	30300
780	22800	30300
781	6600	30300
782	22800	30300
783	17400	41100
784	15600	23100
785	6600	29700
786	6600	29700
787	19200	26700
788	19200	26700
789	22800	30300
790	15600	23100
791	19200	26700
792	15600	23100
793	19200	26700
794	19200	26700
795	19200	26700
796	12000	19500
797	12000	19500
798	6600	29700
799	15600	23100
800	19200	26700
801	6600	30300
802	19200	26700
803	15600	23100
804	15600	23100
805	22800	30300
806	22800	30300
807	22800	30300
808	15600	23100
809	19200	26700
810	22800	30300
811	6600	30300
812	19200	26700
813	6600	30300
814	19200	26700
815	6600	30300
816	15600	23100
817	22800	30300
818	19200	26700
819	15600	23100
820	19200	26700
821	22800	30300
822	6600	30300
823	6600	29700
824	19200	26700
825	15600	23100
826	6600	29700
827	19200	26700
828	6600	30300
829	22800	30300
830	22800	30300
831	15600	23100
832	22800	30300
833	19200	26700
834	15600	23100
835	22800	30300
836	19200	26700
837	15600	23100
838	22800	30300
839	6600	30300
840	15600	23100
841	15600	23100
842	19200	26700
843	19200	26700
844	22800	30300
845	15600	23100
846	22800	30300
847	6600	30300
848	6600	30300
849	22800	30300
850	19200	26700
851	15600	23100
852	6600	30300
853	6600	30300
854	22800	30300
855	22800	30300
856	15600	23100
857	19200	26700
858	15600	23100
859	19200	26700
860	15600	23100
861	15600	23100
862	22800	30300
863	19200	26700
864	6600	29700
865	19200	26700
866	22800	30300
867	19200	26700
868	19200	26700
869	19200	26700
870	19200	26700
871	15600	23100
872	22800	30300
873	22800	30300
874	19200	26700
875	22800	30300
876	22800	30300
877	15600	23100
878	6600	30300
879	22800	30300
880	6600	30300
881	22800	30300
882	6600	30300
883	19200	26700
884	6600	30300
885	19200	26100
886	15600	24900
887	6600	30300
888	19200	26700
889	6600	30300
890	22800	30300
891	19200	26700
892	19200	26700
893	6600	30300
894	19200	26700
895	15600	23100
896	22800	30300
897	22800	30300
898	6600	30300
899	22800	30300
900	22800	30300
901	22800	30300
902	15600	23100
903	6600	30300
904	15600	23100
905	19200	26700
906	19200	26700
907	22800	30300
908	22800	30300
909	6600	30300
910	22800	30300
911	22800	30300
912	19200	26700
913	19200	26700
914	22800	30300
915	19200	26700
RELEASE_TIME_SECTION
1	0
2	3600
3	3600
4	3600
5	3600
6	3600
7	3600
8	3600
9	3600
10	3600
11	3600
12	3600
13	3600
14	3600
15	3600
16	3600
17	3600
18	3600
19	3600
20	3600
21	3600
22	3600
23	3600
24	3600
25	3600
26	3600
27	3600
28	3600
29	3600
30	3600
31	3600
32	3600
33	3600
34	3600
35	3600
36	3600
37	3600
38	3600
39	3600
40	3600
41	3600
42	3600
43	3600
44	3600
45	3600
46	3600
47	3600
48	3600
49	3600
50	3600
51	3600
52	3600
53	3600
54	3600
55	3600
56	3600
57	3600
58	3600
59	3600
60	3600
61	3600
62	3600
63	3600
64	3600
65	3600
66	3600
67	3600
68	3600
69	3600
70	3600
71	3600
72	3600
73	3600
74	3600
75	3600
76	3600
77	3600
78	3600
79	3600
80	3600
81	3600
82	3600
83	3600
84	3600
85	3600
86	3600
87	3600
88	3600
89	3600
90	3600
91	3600
92	3600
93	3600
94	3600
95	3600
96	3600
97	3600
98	3600
99	3600
100	3600
101	3600
102	5400
103	5400
104	5400
105	5400
106	5400
107	5400
108	5400
109	5400
110	5400
111	5400
112	5400
113	5400
114	5400
115	5400
116	5400
117	5400
118	5400
119	5400
120	5400
121	5400
122	5400
123	5400
124	5400
125	5400
126	5400
127	5400
128	5400
129	5400
130	5400
131	5400
132	5400
133	5400
134	5400
135	5400
136	5400
137	5400
138	5400
139	5400
140	5400
141	5400
142	5400
143	5400
144	5400
145	5400
146	5400
147	5400
148	5400
149	5400
150	5400
151	5400
152	5400
153	5400
154	5400
155	5400
156	5400
157	5400
158	5400
159	5400
160	5400
161	5400
162	5400
163	5400
164	5400
165	5400
166	5400
167	5400
168	5400
169	5400
170	5400
171	5400
172	5400
173	5400
174	5400
175	5400
176	5400
177	5400
178	5400
179	5400
180	5400
181	5400
182	5400
183	5400
184	5400
185	5400
186	5400
187	5400
188	5400
189	5400
190	5400
191	5400
192	5400
193	5400
194	5400
195	5400
196	5400
197	5400
198	5400
199	5400
200	5400
201	5400
202	7200
203	7200
204	7200
205	7200
206	7200
207	7200
208	7200
209	7200
210	7200
211	7200
212	7200
213	7200
214	7200
215	7200
216	7200
217	7200
218	7200
219	7200
220	7200
221	7200
222	7200
223	7200
224	7200
225	7200
226	7200
227	7200
228	7200
229	7200
230	7200
231	7200
232	7200
233	7200
234	7200
235	7200
236	7200
237	7200
238	7200
239	7200
240	7200
241	7200
242	7200
243	7200
244	7200
245	7200
246	7200
247	7200
248	7200
249	7200
250	7200
251	7200
252	7200
253	7200
254	7200
255	7200
256	7200
257	7200
258	7200
259	7200
260	7200
261	7200
262	7200
263	7200
264	7200
265	7200
266	7200
267	7200
268	7200
269	7200
270	7200
271	7200
272	7200
273	7200
274	7200
275	7200
276	7200
277	7200
278	7200
279	7200
280	7200
281	7200
282	7200
283	7200
284	7200
285	7200
286	7200
287	7200
288	7200
289	7200
290	7200
291	7200
292	7200
293	7200
294	7200
295	7200
296	7200
297	7200
298	7200
299	7200
300	7200
301	7200
302	9000
303	9000
304	9000
305	9000
306	9000
307	9000
308	9000
309	9000
310	9000
311	9000
312	9000
313	9000
314	9000
315	9000
316	9000
317	9000
318	9000
319	9000
320	9000
321	9000
322	9000
323	9000
324	9000
325	9000
326	9000
327	9000
328	9000
329	9000
330	9000
331	9000
332	9000
333	9000
334	9000
335	9000
336	9000
337	9000
338	9000
339	9000
340	9000
341	9000
342	9000
343	9000
344	9000
345	9000
346	9000
347	9000
348	9000
349	9000
350	9000
351	9000
352	9000
353	9000
354	9000
355	9000
356	9000
357	9000
358	9000
359	9000
360	9000
361	9000
362	9000
363	9000
364	9000
365	9000
366	9000
367	9000
368	9000
369	9000
370	9000
371	9000
372	9000
373	9000
374	9000
375	9000
376	9000
377	9000
378	9000
379	9000
380	9000
381	9000
382	9000
383	9000
384	9000
385	9000
386	9000
387	9000
388	9000
389	9000
390	9000
391	9000
392	9000
393	9000
394	9000
395	9000
396	9000
397	9000
398	9000
399	9000
400	9000
401	9000
402	10800
403	10800
404	10800
405	10800
406	10800
407	10800
408	10800
409	10800
410	10800
411	10800
412	10800
413	10800
414	10800
415	10800
416	10800
417	10800
418	10800
419	10800
420	10800
421	10800
422	10800
423	10800
424	10800
425	10800
426	10800
427	10800
428	10800
429	10800
430	10800
431	10800
432	10800
433	10800
434	10800
435	10800
436	10800
437	10800
438	10800
439	10800
440	10800
441	10800
442	10800
443	10800
444	10800
445	10800
446	10800
447	10800
448	10800
449	10800
450	10800
451	10800
452	10800
453	10800
454	10800
455	10800
456	10800
457	10800
458	10800
459	10800
460	10800
461	10800
462	10800
463	10800
464	10800
465	10800
466	10800
467	10800
468	10800
469	10800
470	10800
471	10800
472	10800
473	10800
474	10800
475	10800
476	10800
477	10800
478	10800
479	10800
480	10800
481	10800
482	10800
483	10800
484	10800
485	10800
486	10800
487	10800
488	10800
489	10800
490	10800
491	10800
492	12600
493	12600
494	12600
495	12600
496	12600
497	12600
498	12600
499	12600
500	12600
501	12600
502	12600
503	12600
504	12600
505	12600
506	12600
507	12600
508	12600
509	12600
510	12600
511	12600
512	12600
513	12600
514	12600
515	12600
516	12600
517	12600
518	12600
519	12600
520	12600
521	12600
522	12600
523	12600
524	12600
525	12600
526	12600
527	12600
528	12600
529	12600
530	12600
531	12600
532	12600
533	12600
534	12600
535	12600
536	12600
537	12600
538	12600
539	12600
540	12600
541	12600
542	12600
543	12600
544	12600
545	12600
546	12600
547	12600
548	12600
549	12600
550	12600
551	12600
552	12600
553	12600
554	12600
555	12600
556	12600
557	12600
558	12600
559	12600
560	12600
561	12600
562	12600
563	12600
564	12600
565	12600
566	12600
567	12600
568	12600
569	12600
570	12600
571	12600
572	12600
573	12600
574	12600
575	12600
576	12600
577	12600
578	14400
579	14400
580	14400
581	14400
582	14400
583	14400
584	14400
585	14400
586	14400
587	14400
588	14400
589	14400
590	14400
591	14400
592	14400
593	14400
594	14400
595	14400
596	14400
597	14400
598	14400
599	14400
600	14400
601	14400
602	14400
603	14400
604	14400
605	14400
606	14400
607	14400
608	14400
609	14400
610	14400
611	14400
612	14400
613	14400
614	14400
615	14400
616	14400
617	14400
618	14400
619	14400
620	14400
621	14400
622	14400
623	14400
624	14400
625	14400
626	14400
627	14400
628	14400
629	14400
630	14400
631	14400
632	14400
633	14400
634	14400
635	14400
636	14400
637	14400
638	14400
639	14400
640	14400
641	14400
642	14400
643	14400
644	14400
645	14400
646	14400
647	14400
648	14400
649	14400
650	14400
651	14400
652	14400
653	14400
654	14400
655	14400
656	16200
657	16200
658	16200
659	16200
660	16200
661	16200
662	16200
663	16200
664	16200
665	16200
666	16200
667	16200
668	16200
669	16200
670	16200
671	16200
672	16200
673	16200
674	16200
675	16200
676	16200
677	16200
678	16200
679	16200
680	16200
681	16200
682	16200
683	16200
684	16200
685	16200
686	16200
687	16200
688	16200
689	16200
690	16200
691	16200
692	16200
693	16200
694	16200
695	16200
696	16200
697	16200
698	16200
699	16200
700	16200
701	16200
702	16200
703	16200
704	16200
705	16200
706	16200
707	16200
708	16200
709	16200
710	16200
711	16200
712	16200
713	16200
714	16200
715	16200
716	16200
717	16200
718	16200
719	16200
720	16200
721	16200
722	16200
723	16200
724	16200
725	16200
726	16200
727	16200
728	16200
729	16200
730	16200
731	16200
732	16200
733	16200
734	16200
735	18000
736	18000
737	18000
738	18000
739	18000
740	18000
741	18000
742	18000
743	18000
744	18000
745	18000
746	18000
747	18000
748	18000
749	18000
750	18000
751	18000
752	18000
753	18000
754	18000
755	18000
756	18000
757	18000
758	18000
759	18000
760	18000
761	18000
762	18000
763	18000
764	18000
765	18000
766	18000
767	18000
768	18000
769	18000
770	18000
771	18000
772	18000
773	18000
774	18000
775	18000
776	18000
777	18000
778	18000
779	18000
780	18000
781	18000
782	18000
783	18000
784	18000
785	18000
786	18000
787	18000
788	18000
789	18000
790	18000
791	18000
792	18000
793	18000
794	18000
795	18000
796	18000
797	18000
798	18000
799	18000
800	18000
801	18000
802	18000
803	18000
804	18000
805	18000
806	18000
807	18000
808	18000
809	18000
810	18000
811	19800
812	19800
813	19800
814	19800
815	19800
816	19800
817	19800
818	19800
819	19800
820	19800
821	19800
822	19800
823	19800
824	19800
825	19800
826	19800
827	19800
828	19800
829	19800
830	19800
831	19800
832	19800
833	19800
834	19800
835	19800
836	19800
837	19800
838	19800
839	19800
840	19800
841	19800
842	19800
843	19800
844	19800
845	19800
846	19800
847	19800
848	19800
849	19800
850	19800
851	19800
852	19800
853	19800
854	19800
855	19800
856	19800
857	19800
858	19800
859	19800
860	19800
861	19800
862	19800
863	19800
864	19800
865	19800
866	19800
867	19800
868	19800
869	21600
870	21600
871	21600
872	21600
873	21600
874	21600
875	21600
876	21600
877	21600
878	21600
879	21600
880	21600
881	21600
882	21600
883	21600
884	21600
885	21600
886	21600
887	21600
888	21600
889	21600
890	21600
891	21600
892	21600
893	21600
894	21600
895	21600
896	21600
897	21600
898	21600
899	21600
900	21600
901	21600
902	21600
903	21600
904	21600
905	21600
906	21600
907	21600
908	21600
909	21600
910	21600
911	21600
912	21600
913	21600
914	21600
915	21600
EOF
