NAME : ORTEC-VRPTW-ASYM-27e27157-d1-n995
TYPE : VRPTW-RT
DIMENSION : 996
EDGE_WEIGHT_TYPE : EUC_2D
CAPACITY : 145
NODE_COORD_SECTION
1	792	1565
2	443	547
3	357	1519
4	584	1342
5	643	354
6	1142	2876
7	470	5005
8	1006	3440
9	898	696
10	599	418
11	1427	2668
12	654	942
13	562	601
14	707	403
15	398	975
16	835	3568
17	830	999
18	528	4293
19	275	1208
20	922	2107
21	1149	2233
22	663	1054
23	721	2165
24	607	520
25	572	1281
26	1340	3077
27	649	2838
28	226	1136
29	424	4445
30	598	895
31	830	999
32	1018	3388
33	599	418
34	842	549
35	732	3696
36	720	454
37	574	424
38	835	3552
39	554	1106
40	977	3299
41	912	3350
42	924	3360
43	243	3832
44	759	2048
45	555	1505
46	0	3645
47	607	520
48	635	4579
49	678	365
50	517	584
51	768	647
52	598	895
53	313	948
54	302	1144
55	752	0
56	435	1199
57	806	2918
58	573	1156
59	936	3675
60	279	1582
61	654	942
62	621	3498
63	781	3936
64	993	2062
65	699	2108
66	304	1638
67	580	914
68	972	3497
69	782	159
70	995	2108
71	635	4579
72	541	4544
73	897	3066
74	641	381
75	1141	2723
76	847	264
77	260	1640
78	336	1590
79	282	1103
80	1004	3268
81	546	1611
82	680	220
83	1003	3392
84	618	793
85	658	656
86	847	264
87	957	2099
88	707	403
89	639	1253
90	303	1449
91	1340	3077
92	666	857
93	260	1640
94	1035	2138
95	1004	3921
96	70	3584
97	571	3470
98	745	3726
99	1054	3764
100	541	4544
101	793	530
102	325	1132
103	423	3627
104	779	3727
105	696	2834
106	411	325
107	680	220
108	972	3497
109	819	3625
110	723	3892
111	972	3497
112	348	2756
113	817	415
114	234	1129
115	621	3091
116	1366	2439
117	336	1590
118	699	1187
119	520	1103
120	226	1136
121	620	1177
122	548	1583
123	393	4830
124	649	342
125	465	690
126	766	579
127	623	4631
128	964	4034
129	448	892
130	643	354
131	1366	2439
132	423	3627
133	790	4966
134	716	648
135	515	495
136	1272	2490
137	700	3846
138	893	4184
139	562	601
140	580	914
141	879	4135
142	114	3449
143	1154	3293
144	857	3296
145	1012	3509
146	1101	3373
147	336	1590
148	695	206
149	532	1718
150	599	3664
151	408	842
152	680	220
153	528	4293
154	573	1305
155	950	2223
156	667	3100
157	843	907
158	840	3265
159	680	220
160	675	286
161	423	3627
162	862	1196
163	964	4034
164	1177	2395
165	302	1144
166	620	1177
167	507	1350
168	781	3936
169	707	3617
170	740	608
171	605	1933
172	259	3942
173	972	3497
174	1035	2138
175	811	3502
176	620	4313
177	516	506
178	523	5001
179	569	4586
180	775	1484
181	413	357
182	707	403
183	632	919
184	618	793
185	40	3516
186	625	2841
187	255	3824
188	678	365
189	977	3299
190	793	530
191	1427	2668
192	809	3578
193	817	415
194	598	895
195	324	1173
196	1015	1999
197	562	601
198	508	1173
199	623	4631
200	496	921
201	761	4950
202	857	2080
203	545	745
204	638	873
205	486	3043
206	573	1305
207	391	343
208	678	3545
209	759	2048
210	1149	2233
211	316	1653
212	1004	3268
213	413	357
214	697	346
215	1035	2138
216	463	533
217	608	337
218	950	2223
219	1216	3199
220	393	938
221	1107	2186
222	58	3567
223	655	794
224	550	613
225	696	1194
226	649	2838
227	806	2918
228	1077	3336
229	611	3004
230	607	520
231	573	1305
232	690	662
233	761	4950
234	663	1054
235	464	4816
236	862	1196
237	229	1068
238	583	290
239	528	4293
240	818	871
241	675	286
242	391	343
243	720	3897
244	601	899
245	1004	3921
246	643	354
247	464	4816
248	696	2834
249	826	1118
250	434	581
251	972	3497
252	707	403
253	1077	3336
254	243	3832
255	680	220
256	923	3193
257	303	1449
258	793	530
259	695	1218
260	766	4765
261	571	3470
262	599	418
263	489	2622
264	952	3227
265	587	4798
266	620	1177
267	653	1575
268	423	3627
269	332	1609
270	255	3824
271	642	4507
272	845	1146
273	775	1484
274	957	3411
275	475	1243
276	587	4798
277	816	3243
278	428	4458
279	1272	2490
280	707	403
281	850	1955
282	1003	3339
283	850	1955
284	599	418
285	819	3625
286	463	533
287	733	152
288	243	3832
289	607	520
290	1098	3925
291	1004	3268
292	1366	2439
293	621	3498
294	515	495
295	1141	2723
296	464	4816
297	1029	3365
298	448	892
299	517	584
300	423	3627
301	426	1081
302	1119	3006
303	0	3645
304	1068	3145
305	782	159
306	40	3516
307	287	1130
308	1012	3509
309	324	1173
310	696	1194
311	781	3936
312	766	4197
313	1107	2186
314	699	2108
315	740	372
316	573	1305
317	607	520
318	621	3498
319	0	3645
320	805	2467
321	658	182
322	839	3966
323	912	3350
324	731	257
325	573	1156
326	282	1103
327	596	716
328	695	206
329	932	3243
330	332	1609
331	571	3470
332	522	852
333	573	1156
334	279	1582
335	584	1492
336	1003	3392
337	1272	2490
338	603	547
339	678	3545
340	905	3945
341	650	2021
342	607	520
343	962	3798
344	873	2401
345	611	698
346	580	914
347	114	3835
348	731	257
349	463	313
350	905	3945
351	536	373
352	843	907
353	414	926
354	718	4084
355	618	793
356	675	286
357	562	601
358	1154	3293
359	114	3449
360	483	451
361	745	3726
362	754	1605
363	528	4293
364	486	3043
365	517	584
366	1177	2395
367	565	3871
368	632	919
369	508	1173
370	595	4341
371	1012	3509
372	642	4507
373	857	5035
374	733	152
375	475	1243
376	766	4765
377	615	1203
378	546	448
379	580	416
380	642	4507
381	740	372
382	524	607
383	1068	3145
384	516	506
385	779	3742
386	690	662
387	524	607
388	304	1638
389	571	1635
390	817	415
391	712	1918
392	707	3617
393	1340	3077
394	696	2834
395	279	1582
396	548	1583
397	718	4084
398	541	4544
399	601	899
400	1119	3006
401	545	745
402	558	822
403	692	353
404	781	3936
405	520	1103
406	361	977
407	393	4830
408	1006	3440
409	584	1342
410	573	1156
411	1272	2490
412	666	857
413	1272	2490
414	958	3514
415	809	3578
416	755	2004
417	720	454
418	658	182
419	1068	3145
420	685	868
421	438	794
422	630	1337
423	898	696
424	608	337
425	761	178
426	692	353
427	924	3360
428	727	415
429	408	842
430	809	3578
431	595	4341
432	234	1129
433	546	1611
434	611	3004
435	745	3726
436	641	381
437	826	1118
438	676	377
439	766	4197
440	779	3742
441	260	1640
442	572	762
443	699	1187
444	452	2854
445	763	1175
446	695	206
447	428	4458
448	555	1505
449	915	3583
450	428	4458
451	654	1289
452	428	335
453	977	3299
454	1293	2750
455	574	2205
456	1004	3921
457	928	1123
458	424	4445
459	572	1281
460	658	182
461	423	3627
462	730	1812
463	898	696
464	524	5117
465	763	1175
466	675	790
467	414	926
468	638	689
469	879	4135
470	105	3200
471	1019	3301
472	740	608
473	598	895
474	1098	3925
475	569	420
476	611	698
477	871	807
478	625	2841
479	357	1519
480	692	353
481	259	3942
482	839	3966
483	398	975
484	483	451
485	950	2223
486	108	3754
487	995	2108
488	603	547
489	675	790
490	521	1435
491	347	837
492	58	3567
493	950	2223
494	316	1653
495	525	682
496	763	1175
497	817	415
498	638	689
499	443	547
500	830	999
501	402	847
502	673	1340
503	491	620
504	475	1243
505	651	2825
506	491	620
507	491	620
508	678	365
509	727	415
510	748	4003
511	470	5005
512	558	822
513	745	472
514	632	919
515	792	1049
516	695	206
517	1154	3293
518	325	1132
519	399	1433
520	1427	2668
521	391	343
522	302	1144
523	835	3568
524	685	868
525	871	807
526	562	601
527	448	892
528	1177	2395
529	763	1175
530	767	4506
531	532	1718
532	443	1423
533	712	1918
534	932	3243
535	1340	3077
536	995	2108
537	580	914
538	726	134
539	862	1196
540	423	3627
541	775	1484
542	460	1397
543	958	3514
544	572	1281
545	1182	2359
546	587	4798
547	584	1342
548	735	171
549	775	1484
550	707	403
551	761	178
552	173	1571
553	618	793
554	1272	2490
555	1142	2876
556	275	1208
557	962	3798
558	625	175
559	1147	3233
560	580	914
561	569	420
562	605	4007
563	470	5005
564	826	1118
565	696	2834
566	408	842
567	842	549
568	957	2099
569	631	1505
570	936	3675
571	1147	3233
572	523	1504
573	654	942
574	105	3200
575	740	608
576	611	698
577	393	938
578	695	1218
579	766	4197
580	766	4765
581	685	868
582	1142	2876
583	524	607
584	842	549
585	850	1955
586	565	3871
587	548	1583
588	731	257
589	1004	3268
590	654	942
591	607	520
592	817	415
593	1098	3925
594	562	601
595	259	3942
596	571	3470
597	632	3947
598	728	216
599	496	921
600	574	424
601	755	2004
602	723	3892
603	521	1435
604	398	975
605	332	1609
606	424	4445
607	654	942
608	520	1103
609	745	472
610	673	1340
611	655	794
612	1142	2876
613	843	907
614	1147	3233
615	1366	2439
616	685	868
617	1201	2967
618	463	613
619	643	354
620	639	1253
621	584	1492
622	611	698
623	850	1955
624	601	899
625	809	3578
626	817	415
627	761	4950
628	465	690
629	316	1653
630	611	698
631	571	3470
632	574	424
633	696	2834
634	336	1590
635	569	4586
636	617	1417
637	630	1337
638	763	1175
639	843	907
640	730	1812
641	1003	3339
642	70	3584
643	977	3299
644	423	3627
645	819	3625
646	1035	2138
647	643	354
648	584	1492
649	470	5005
650	752	0
651	641	381
652	673	1340
653	723	3892
654	845	1146
655	1031	3235
656	1003	3339
657	627	4053
658	554	1106
659	470	5005
660	573	1305
661	1147	3233
662	1006	3440
663	40	3516
664	1177	2395
665	515	495
666	255	3824
667	663	1054
668	649	2838
669	1035	2138
670	762	1143
671	620	4313
672	361	977
673	361	977
674	1004	3526
675	637	4035
676	408	842
677	707	403
678	443	1423
679	740	372
680	536	373
681	697	3659
682	658	182
683	761	4950
684	521	1435
685	630	1337
686	654	942
687	546	1611
688	1068	3145
689	873	2401
690	1107	2186
691	303	1449
692	728	216
693	671	3922
694	287	1130
695	617	1417
696	857	2080
697	596	716
698	627	4053
699	1111	2538
700	463	613
701	565	3871
702	857	2080
703	535	361
704	1077	3336
705	651	2825
706	324	1173
707	325	1132
708	428	335
709	623	4631
710	1018	3388
711	361	977
712	1004	3921
713	571	1635
714	572	1281
715	1177	2395
716	558	822
717	611	3004
718	932	3243
719	105	3200
720	523	5001
721	1182	2359
722	525	682
723	393	938
724	1031	3235
725	964	4034
726	260	1640
727	587	4798
728	700	3846
729	380	1090
730	424	4445
731	620	1177
732	716	648
733	617	1417
734	528	4293
735	611	698
736	0	3645
737	754	1605
738	581	971
739	995	2108
740	528	4293
741	620	4313
742	569	4586
743	862	1196
744	424	4445
745	617	1417
746	761	4950
747	695	1218
748	424	4445
749	0	3645
750	325	1132
751	524	607
752	640	374
753	713	1715
754	463	613
755	581	971
756	958	3514
757	428	4458
758	385	1038
759	70	3584
760	304	1638
761	399	1433
762	728	216
763	650	1428
764	818	871
765	650	2021
766	541	4544
767	1272	2490
768	398	975
769	596	716
770	452	2854
771	453	708
772	1154	3293
773	912	3350
774	1111	2538
775	763	1175
776	978	3201
777	835	3568
778	500	1133
779	431	2506
780	525	682
781	922	2107
782	803	645
783	932	3243
784	805	2467
785	325	1132
786	835	3552
787	720	454
788	316	1653
789	840	3265
790	873	2401
791	279	1582
792	720	454
793	1015	1999
794	742	2320
795	402	847
796	923	3193
797	1029	3365
798	835	3552
799	574	424
800	546	448
801	1003	3392
802	572	762
803	803	645
804	816	3243
805	581	971
806	546	448
807	1035	2138
808	658	656
809	627	4053
810	775	1484
811	632	919
812	402	847
813	431	2506
814	470	5005
815	654	1289
816	766	579
817	463	533
818	0	3645
819	1018	3388
820	435	1199
821	621	3498
822	532	932
823	391	343
824	391	343
825	936	3675
826	750	4824
827	428	335
828	545	745
829	658	182
830	675	286
831	638	689
832	108	3754
833	650	1428
834	1201	2967
835	638	873
836	803	645
837	1003	3392
838	1293	2750
839	1068	3145
840	840	3265
841	891	1122
842	522	852
843	357	1519
844	348	2756
845	574	2205
846	562	601
847	650	1428
848	573	1305
849	508	1173
850	391	343
851	1177	2395
852	712	1918
853	650	2021
854	621	3498
855	532	932
856	745	3726
857	300	1692
858	680	220
859	574	2205
860	1018	3388
861	423	3627
862	641	381
863	726	134
864	754	1605
865	823	1183
866	642	4507
867	811	3502
868	952	3227
869	857	5035
870	541	4544
871	426	1081
872	599	418
873	1015	1999
874	423	3627
875	521	1435
876	325	1132
877	569	420
878	654	942
879	548	1583
880	1077	3336
881	584	1492
882	532	932
883	412	565
884	658	182
885	486	3043
886	697	346
887	649	2838
888	699	2108
889	300	1692
890	803	645
891	621	3498
892	558	822
893	842	549
894	599	3664
895	912	3350
896	978	3201
897	303	1449
898	584	1492
899	398	975
900	842	549
901	605	1933
902	1142	2876
903	275	1208
904	399	1433
905	912	3350
906	727	415
907	546	1611
908	438	794
909	932	3243
910	666	857
911	1004	3268
912	697	346
913	336	1590
914	620	1177
915	699	1187
916	523	1504
917	475	1243
918	460	1397
919	385	1038
920	572	762
921	1012	3509
922	347	837
923	595	4341
924	536	373
925	1098	3925
926	964	4034
927	532	932
928	843	907
929	554	1106
930	424	4445
931	275	1208
932	617	1417
933	775	1484
934	524	5117
935	517	584
936	580	914
937	1141	2723
938	695	206
939	398	975
940	897	3066
941	1101	3373
942	830	999
943	733	152
944	673	1340
945	635	4579
946	611	698
947	1006	3440
948	428	4458
949	768	647
950	393	938
951	259	3942
952	805	2467
953	279	1582
954	525	682
955	528	747
956	752	0
957	782	159
958	414	926
959	1019	3301
960	453	708
961	845	1146
962	620	4313
963	424	4445
964	654	1289
965	690	662
966	898	696
967	663	1054
968	716	648
969	475	1243
970	532	1718
971	259	3942
972	587	1493
973	1147	3233
974	826	1118
975	766	4197
976	1182	2359
977	732	3696
978	627	4053
979	752	0
980	727	415
981	574	2205
982	843	907
983	413	357
984	826	1118
985	546	1611
986	995	2108
987	1012	3509
988	393	938
989	762	1143
990	839	3966
991	857	5035
992	763	1175
993	275	1208
994	599	3664
995	323	1509
996	733	152
DEMAND_SECTION
1	0
2	6
3	9
4	6
5	3
6	12
7	5
8	14
9	10
10	6
11	8
12	5
13	3
14	6
15	7
16	4
17	7
18	3
19	6
20	8
21	4
22	8
23	10
24	4
25	4
26	5
27	7
28	11
29	5
30	4
31	4
32	4
33	8
34	6
35	7
36	8
37	14
38	10
39	4
40	11
41	14
42	6
43	4
44	7
45	7
46	4
47	4
48	7
49	6
50	5
51	5
52	8
53	7
54	6
55	4
56	4
57	7
58	4
59	4
60	5
61	10
62	5
63	8
64	6
65	4
66	13
67	8
68	6
69	6
70	7
71	10
72	4
73	4
74	6
75	3
76	6
77	4
78	4
79	8
80	10
81	6
82	7
83	4
84	3
85	7
86	4
87	9
88	9
89	14
90	3
91	5
92	6
93	14
94	3
95	6
96	7
97	7
98	10
99	9
100	6
101	5
102	6
103	6
104	9
105	6
106	5
107	6
108	6
109	9
110	9
111	13
112	5
113	7
114	6
115	5
116	19
117	9
118	6
119	6
120	19
121	4
122	8
123	4
124	4
125	7
126	7
127	6
128	7
129	5
130	10
131	8
132	8
133	5
134	5
135	7
136	6
137	19
138	4
139	5
140	5
141	5
142	6
143	7
144	4
145	7
146	8
147	6
148	7
149	8
150	6
151	4
152	5
153	6
154	6
155	5
156	6
157	8
158	7
159	4
160	5
161	5
162	6
163	9
164	2
165	11
166	10
167	8
168	2
169	4
170	11
171	7
172	11
173	6
174	5
175	10
176	6
177	2
178	6
179	6
180	5
181	8
182	5
183	3
184	4
185	9
186	5
187	4
188	2
189	5
190	6
191	8
192	6
193	7
194	5
195	7
196	6
197	4
198	8
199	7
200	11
201	4
202	4
203	7
204	8
205	6
206	7
207	3
208	9
209	4
210	13
211	3
212	6
213	7
214	6
215	5
216	5
217	4
218	4
219	6
220	5
221	2
222	6
223	8
224	6
225	10
226	6
227	5
228	6
229	8
230	12
231	7
232	5
233	13
234	4
235	5
236	5
237	8
238	8
239	4
240	8
241	8
242	6
243	15
244	9
245	4
246	5
247	14
248	5
249	3
250	8
251	4
252	6
253	5
254	6
255	5
256	6
257	4
258	4
259	7
260	5
261	7
262	8
263	5
264	14
265	5
266	8
267	5
268	8
269	5
270	5
271	11
272	8
273	11
274	7
275	4
276	9
277	8
278	8
279	4
280	7
281	5
282	6
283	7
284	6
285	5
286	5
287	3
288	2
289	12
290	8
291	4
292	13
293	5
294	11
295	19
296	5
297	8
298	3
299	2
300	4
301	6
302	5
303	7
304	5
305	5
306	7
307	7
308	8
309	3
310	4
311	6
312	4
313	11
314	9
315	7
316	19
317	11
318	5
319	6
320	4
321	13
322	7
323	6
324	8
325	6
326	7
327	5
328	4
329	7
330	8
331	7
332	7
333	4
334	2
335	6
336	9
337	3
338	7
339	5
340	6
341	8
342	4
343	7
344	10
345	6
346	6
347	9
348	8
349	4
350	5
351	5
352	5
353	4
354	7
355	5
356	8
357	5
358	10
359	4
360	8
361	14
362	10
363	14
364	8
365	9
366	8
367	7
368	2
369	8
370	4
371	10
372	5
373	7
374	6
375	9
376	7
377	5
378	3
379	5
380	5
381	8
382	2
383	7
384	5
385	6
386	11
387	6
388	12
389	8
390	5
391	7
392	3
393	8
394	4
395	5
396	9
397	3
398	5
399	3
400	5
401	5
402	8
403	9
404	5
405	10
406	13
407	13
408	13
409	8
410	5
411	6
412	5
413	2
414	5
415	6
416	2
417	9
418	4
419	6
420	11
421	14
422	6
423	15
424	13
425	7
426	11
427	10
428	4
429	7
430	13
431	6
432	4
433	3
434	7
435	5
436	4
437	8
438	8
439	6
440	5
441	7
442	9
443	6
444	7
445	3
446	8
447	5
448	4
449	5
450	6
451	6
452	5
453	8
454	3
455	4
456	4
457	4
458	7
459	9
460	6
461	6
462	3
463	4
464	4
465	8
466	4
467	11
468	12
469	3
470	5
471	11
472	9
473	6
474	4
475	8
476	6
477	8
478	7
479	9
480	10
481	5
482	2
483	10
484	5
485	4
486	5
487	5
488	5
489	6
490	5
491	2
492	7
493	5
494	5
495	7
496	4
497	5
498	13
499	7
500	6
501	6
502	9
503	6
504	4
505	5
506	4
507	5
508	6
509	5
510	9
511	3
512	6
513	5
514	12
515	9
516	4
517	5
518	9
519	4
520	10
521	10
522	4
523	6
524	6
525	5
526	5
527	6
528	4
529	2
530	3
531	5
532	5
533	5
534	10
535	5
536	7
537	8
538	6
539	3
540	9
541	11
542	8
543	3
544	14
545	4
546	3
547	9
548	5
549	5
550	6
551	8
552	11
553	3
554	6
555	8
556	6
557	3
558	5
559	4
560	6
561	2
562	8
563	6
564	6
565	8
566	4
567	5
568	5
569	5
570	6
571	5
572	6
573	5
574	7
575	5
576	3
577	7
578	9
579	4
580	4
581	4
582	5
583	3
584	4
585	5
586	4
587	9
588	8
589	14
590	7
591	6
592	8
593	11
594	4
595	5
596	6
597	10
598	7
599	7
600	2
601	7
602	7
603	8
604	5
605	5
606	2
607	7
608	8
609	6
610	4
611	6
612	4
613	8
614	10
615	5
616	7
617	5
618	7
619	4
620	5
621	4
622	7
623	7
624	9
625	6
626	6
627	5
628	7
629	6
630	6
631	13
632	7
633	6
634	6
635	6
636	4
637	8
638	4
639	12
640	6
641	4
642	4
643	13
644	3
645	8
646	9
647	10
648	7
649	8
650	9
651	5
652	6
653	6
654	13
655	8
656	5
657	14
658	6
659	5
660	7
661	7
662	8
663	6
664	6
665	7
666	6
667	6
668	4
669	4
670	6
671	7
672	10
673	5
674	5
675	5
676	8
677	6
678	14
679	5
680	8
681	5
682	5
683	8
684	2
685	6
686	6
687	13
688	4
689	5
690	4
691	9
692	5
693	9
694	6
695	2
696	2
697	12
698	5
699	6
700	10
701	8
702	8
703	6
704	5
705	7
706	5
707	6
708	10
709	2
710	3
711	5
712	7
713	4
714	7
715	6
716	6
717	7
718	9
719	8
720	5
721	8
722	11
723	7
724	10
725	5
726	4
727	4
728	7
729	5
730	9
731	6
732	6
733	8
734	9
735	14
736	9
737	9
738	6
739	8
740	3
741	4
742	8
743	4
744	9
745	7
746	5
747	6
748	5
749	5
750	6
751	7
752	6
753	8
754	4
755	6
756	5
757	4
758	7
759	6
760	9
761	5
762	8
763	8
764	4
765	9
766	8
767	4
768	6
769	8
770	5
771	5
772	4
773	5
774	3
775	6
776	5
777	6
778	2
779	5
780	5
781	5
782	5
783	19
784	7
785	5
786	7
787	6
788	13
789	3
790	8
791	4
792	3
793	5
794	4
795	5
796	4
797	4
798	4
799	6
800	9
801	9
802	5
803	13
804	5
805	6
806	6
807	6
808	5
809	4
810	4
811	6
812	9
813	5
814	12
815	8
816	4
817	12
818	3
819	2
820	7
821	6
822	6
823	7
824	7
825	8
826	4
827	9
828	8
829	11
830	7
831	3
832	5
833	7
834	13
835	9
836	5
837	11
838	9
839	5
840	4
841	8
842	5
843	7
844	3
845	9
846	6
847	6
848	6
849	4
850	4
851	5
852	7
853	5
854	11
855	4
856	8
857	3
858	4
859	7
860	7
861	5
862	3
863	6
864	6
865	6
866	6
867	13
868	8
869	4
870	6
871	5
872	8
873	4
874	6
875	8
876	4
877	6
878	6
879	6
880	7
881	6
882	5
883	5
884	6
885	8
886	5
887	8
888	8
889	4
890	4
891	4
892	4
893	6
894	11
895	4
896	5
897	5
898	7
899	4
900	7
901	6
902	7
903	8
904	6
905	4
906	5
907	4
908	6
909	11
910	9
911	5
912	7
913	7
914	6
915	8
916	7
917	6
918	9
919	5
920	7
921	4
922	7
923	11
924	5
925	5
926	3
927	2
928	6
929	9
930	5
931	7
932	10
933	7
934	3
935	4
936	7
937	8
938	6
939	7
940	10
941	9
942	2
943	3
944	6
945	6
946	9
947	7
948	6
949	5
950	6
951	10
952	4
953	5
954	4
955	7
956	7
957	6
958	2
959	9
960	5
961	3
962	8
963	10
964	4
965	4
966	6
967	6
968	4
969	4
970	6
971	5
972	10
973	8
974	6
975	5
976	3
977	5
978	6
979	4
980	3
981	4
982	7
983	7
984	4
985	9
986	14
987	12
988	5
989	8
990	5
991	8
992	9
993	10
994	4
995	7
996	6
DEPOT_SECTION
1
-1
SERVICE_TIME_SECTION
1	0
2	420
3	600
4	420
5	420
6	300
7	480
8	360
9	480
10	420
11	600
12	360
13	480
14	660
15	720
16	360
17	420
18	840
19	420
20	420
21	720
22	420
23	360
24	480
25	480
26	600
27	600
28	540
29	600
30	660
31	300
32	720
33	720
34	420
35	600
36	420
37	420
38	720
39	600
40	600
41	420
42	660
43	300
44	300
45	420
46	480
47	600
48	300
49	360
50	600
51	600
52	600
53	600
54	600
55	960
56	720
57	540
58	420
59	420
60	360
61	540
62	300
63	540
64	420
65	600
66	480
67	780
68	540
69	300
70	540
71	240
72	900
73	720
74	780
75	540
76	660
77	840
78	600
79	480
80	360
81	600
82	540
83	360
84	540
85	720
86	420
87	420
88	720
89	300
90	420
91	420
92	840
93	780
94	600
95	720
96	300
97	540
98	420
99	360
100	600
101	660
102	300
103	780
104	960
105	660
106	480
107	660
108	300
109	300
110	540
111	300
112	360
113	600
114	720
115	240
116	360
117	540
118	720
119	480
120	480
121	360
122	360
123	900
124	840
125	420
126	780
127	420
128	540
129	1200
130	420
131	420
132	240
133	420
134	540
135	600
136	480
137	300
138	480
139	600
140	420
141	420
142	420
143	300
144	360
145	540
146	420
147	240
148	420
149	540
150	600
151	780
152	660
153	480
154	360
155	480
156	840
157	600
158	780
159	1020
160	480
161	420
162	240
163	360
164	360
165	360
166	360
167	720
168	300
169	420
170	420
171	360
172	720
173	900
174	360
175	420
176	540
177	360
178	480
179	480
180	600
181	780
182	360
183	420
184	360
185	300
186	480
187	300
188	540
189	420
190	360
191	900
192	420
193	540
194	780
195	540
196	360
197	720
198	540
199	420
200	360
201	540
202	420
203	600
204	360
205	420
206	1020
207	720
208	1140
209	540
210	360
211	360
212	360
213	720
214	360
215	540
216	360
217	600
218	600
219	540
220	300
221	420
222	540
223	300
224	300
225	360
226	300
227	240
228	240
229	360
230	720
231	360
232	420
233	540
234	240
235	360
236	660
237	720
238	1080
239	420
240	420
241	600
242	480
243	600
244	540
245	300
246	300
247	420
248	600
249	840
250	300
251	360
252	360
253	1020
254	420
255	420
256	420
257	360
258	480
259	480
260	840
261	660
262	720
263	360
264	540
265	480
266	600
267	540
268	360
269	300
270	300
271	480
272	420
273	480
274	420
275	480
276	480
277	420
278	540
279	540
280	420
281	360
282	540
283	420
284	480
285	300
286	600
287	360
288	720
289	300
290	660
291	600
292	300
293	480
294	300
295	360
296	1200
297	420
298	720
299	420
300	480
301	720
302	780
303	600
304	360
305	540
306	720
307	300
308	420
309	720
310	420
311	300
312	360
313	540
314	720
315	600
316	420
317	360
318	480
319	480
320	360
321	420
322	360
323	600
324	480
325	360
326	540
327	360
328	480
329	540
330	600
331	300
332	840
333	480
334	780
335	300
336	300
337	420
338	540
339	300
340	360
341	240
342	840
343	600
344	780
345	300
346	840
347	360
348	480
349	600
350	480
351	720
352	360
353	600
354	660
355	420
356	720
357	420
358	420
359	600
360	420
361	600
362	600
363	480
364	720
365	420
366	600
367	360
368	360
369	600
370	600
371	480
372	600
373	300
374	480
375	600
376	900
377	480
378	360
379	480
380	480
381	600
382	420
383	780
384	540
385	600
386	720
387	660
388	240
389	360
390	420
391	1020
392	420
393	540
394	300
395	420
396	420
397	540
398	420
399	240
400	300
401	540
402	780
403	360
404	420
405	360
406	540
407	720
408	540
409	480
410	540
411	420
412	540
413	840
414	480
415	600
416	420
417	360
418	420
419	480
420	600
421	360
422	300
423	660
424	480
425	360
426	540
427	360
428	420
429	480
430	780
431	360
432	540
433	600
434	900
435	420
436	240
437	660
438	360
439	600
440	540
441	300
442	600
443	540
444	480
445	360
446	420
447	360
448	720
449	240
450	540
451	360
452	840
453	360
454	420
455	360
456	480
457	300
458	420
459	360
460	300
461	720
462	600
463	300
464	420
465	420
466	540
467	240
468	420
469	600
470	480
471	420
472	300
473	780
474	600
475	480
476	600
477	360
478	480
479	420
480	480
481	480
482	480
483	480
484	480
485	600
486	360
487	360
488	420
489	480
490	600
491	420
492	420
493	780
494	1020
495	540
496	660
497	600
498	240
499	360
500	420
501	600
502	300
503	360
504	600
505	660
506	300
507	480
508	780
509	660
510	300
511	360
512	600
513	780
514	420
515	840
516	420
517	360
518	720
519	360
520	300
521	240
522	780
523	480
524	780
525	480
526	420
527	300
528	540
529	600
530	420
531	540
532	540
533	540
534	600
535	360
536	240
537	420
538	540
539	660
540	540
541	360
542	420
543	540
544	780
545	540
546	480
547	540
548	600
549	420
550	540
551	360
552	480
553	480
554	840
555	420
556	480
557	300
558	600
559	720
560	240
561	720
562	480
563	480
564	600
565	300
566	720
567	360
568	300
569	480
570	360
571	840
572	600
573	660
574	600
575	360
576	540
577	540
578	480
579	240
580	420
581	480
582	480
583	420
584	840
585	360
586	240
587	600
588	360
589	420
590	300
591	420
592	360
593	540
594	720
595	240
596	480
597	540
598	360
599	600
600	480
601	480
602	720
603	420
604	780
605	420
606	420
607	480
608	420
609	360
610	720
611	840
612	360
613	1140
614	540
615	600
616	540
617	840
618	360
619	600
620	480
621	300
622	480
623	960
624	720
625	540
626	780
627	840
628	240
629	360
630	480
631	540
632	720
633	600
634	480
635	480
636	540
637	300
638	420
639	480
640	540
641	420
642	300
643	480
644	360
645	420
646	780
647	660
648	720
649	660
650	360
651	480
652	480
653	540
654	240
655	600
656	360
657	420
658	480
659	480
660	240
661	360
662	600
663	600
664	360
665	480
666	300
667	480
668	480
669	720
670	780
671	360
672	360
673	300
674	540
675	720
676	360
677	420
678	600
679	480
680	360
681	420
682	360
683	660
684	960
685	540
686	540
687	600
688	420
689	420
690	780
691	420
692	780
693	900
694	420
695	540
696	360
697	600
698	780
699	300
700	900
701	300
702	420
703	300
704	600
705	360
706	540
707	420
708	660
709	600
710	600
711	960
712	1020
713	360
714	480
715	480
716	360
717	540
718	300
719	420
720	420
721	420
722	240
723	660
724	600
725	420
726	420
727	240
728	420
729	300
730	780
731	420
732	480
733	420
734	780
735	1020
736	360
737	720
738	840
739	600
740	540
741	540
742	660
743	900
744	420
745	360
746	720
747	360
748	600
749	600
750	360
751	360
752	480
753	660
754	780
755	300
756	900
757	240
758	300
759	360
760	480
761	540
762	540
763	360
764	360
765	300
766	480
767	420
768	360
769	780
770	300
771	480
772	360
773	360
774	540
775	780
776	300
777	780
778	300
779	420
780	360
781	360
782	360
783	300
784	300
785	660
786	420
787	360
788	600
789	480
790	420
791	420
792	360
793	420
794	240
795	420
796	240
797	420
798	360
799	360
800	360
801	540
802	480
803	240
804	420
805	420
806	540
807	600
808	420
809	360
810	780
811	780
812	660
813	420
814	420
815	360
816	300
817	360
818	540
819	480
820	420
821	420
822	720
823	540
824	300
825	240
826	660
827	480
828	480
829	480
830	540
831	480
832	360
833	480
834	240
835	480
836	360
837	780
838	360
839	480
840	780
841	600
842	960
843	240
844	480
845	420
846	600
847	780
848	600
849	360
850	240
851	840
852	960
853	420
854	420
855	540
856	600
857	480
858	420
859	540
860	720
861	540
862	720
863	540
864	300
865	360
866	840
867	420
868	420
869	480
870	300
871	360
872	300
873	300
874	540
875	360
876	480
877	480
878	420
879	720
880	540
881	600
882	420
883	720
884	540
885	840
886	420
887	420
888	600
889	540
890	360
891	540
892	420
893	540
894	360
895	300
896	720
897	300
898	600
899	540
900	300
901	780
902	420
903	540
904	360
905	420
906	360
907	420
908	420
909	540
910	480
911	600
912	540
913	360
914	360
915	600
916	600
917	540
918	600
919	300
920	480
921	540
922	600
923	480
924	1020
925	420
926	600
927	540
928	600
929	1020
930	420
931	480
932	540
933	420
934	660
935	480
936	360
937	360
938	660
939	600
940	720
941	360
942	540
943	540
944	360
945	420
946	780
947	420
948	480
949	480
950	840
951	420
952	420
953	420
954	780
955	360
956	360
957	780
958	360
959	600
960	600
961	480
962	480
963	540
964	300
965	1200
966	600
967	600
968	900
969	540
970	360
971	420
972	600
973	300
974	360
975	300
976	480
977	480
978	480
979	900
980	300
981	360
982	360
983	660
984	600
985	600
986	360
987	420
988	600
989	480
990	600
991	540
992	360
993	480
994	360
995	360
996	540
TIME_WINDOW_SECTION
1	0	45000
2	16200	23400
3	19800	27000
4	23400	30600
5	16200	23400
6	14400	34200
7	19800	27000
8	14400	34200
9	12600	19800
10	23400	30600
11	12600	19800
12	7200	30600
13	27000	34200
14	12600	19800
15	12600	19800
16	12600	19800
17	27000	34200
18	16200	27000
19	5400	12600
20	9000	16200
21	5400	12600
22	23400	30600
23	16200	23400
24	12600	19800
25	16200	23400
26	9000	16200
27	12600	19800
28	12600	19800
29	9000	16200
30	16200	23400
31	16200	23400
32	14400	34200
33	12600	18900
34	19800	27000
35	16200	23400
36	12600	19800
37	19800	27000
38	5400	12600
39	23400	30600
40	9000	16200
41	9000	19800
42	16200	23400
43	27000	34200
44	16200	23400
45	12600	19800
46	30600	37800
47	27000	34200
48	23400	30600
49	27000	34200
50	7200	30600
51	12600	19800
52	5400	12600
53	7200	30600
54	5400	12600
55	7200	30600
56	12600	19800
57	12600	19800
58	19800	27000
59	16200	22500
60	14400	34200
61	16200	23400
62	5400	12600
63	12600	19800
64	9000	16200
65	12600	19800
66	23400	30600
67	16200	23400
68	5400	12600
69	19800	27000
70	14400	34200
71	12600	19800
72	7200	30600
73	23400	30600
74	16200	23400
75	19800	27000
76	5400	12600
77	5400	12600
78	16200	23400
79	30600	37800
80	14400	34200
81	14400	34200
82	9000	16200
83	12600	19800
84	14400	34200
85	7200	30600
86	12600	19800
87	14400	34200
88	16200	23400
89	9000	16200
90	9000	16200
91	12600	19800
92	7200	30600
93	19800	27000
94	9000	15300
95	27000	34200
96	14400	34200
97	19800	26100
98	12600	19800
99	19800	27000
100	23400	30600
101	23400	30600
102	5400	12600
103	12600	19800
104	16200	23400
105	12600	19800
106	5400	12600
107	9000	16200
108	23400	30600
109	16200	23400
110	16200	23400
111	27000	34200
112	5400	12600
113	23400	30600
114	19800	27000
115	12600	19800
116	9000	16200
117	9000	16200
118	23400	30600
119	23400	30600
120	12600	19800
121	5400	12600
122	12600	19800
123	27000	34200
124	14400	34200
125	14400	34200
126	16200	23400
127	27000	34200
128	27000	34200
129	30600	37800
130	27000	34200
131	9000	15300
132	5400	12600
133	16200	27000
134	16200	27000
135	9000	16200
136	7200	30600
137	12600	19800
138	5400	12600
139	9000	16200
140	5400	12600
141	16200	23400
142	23400	30600
143	9000	16200
144	16200	23400
145	14400	34200
146	16200	23400
147	5400	12600
148	5400	12600
149	16200	27000
150	16200	23400
151	23400	30600
152	14400	33300
153	12600	19800
154	7200	30600
155	19800	27000
156	5400	12600
157	7200	30600
158	23400	30600
159	16200	23400
160	16200	23400
161	19800	26100
162	12600	19800
163	7200	30600
164	23400	30600
165	7200	30600
166	16200	23400
167	27000	34200
168	14400	34200
169	9000	16200
170	12600	18900
171	9000	16200
172	5400	12600
173	5400	12600
174	27000	34200
175	16200	23400
176	16200	23400
177	9000	16200
178	19800	27000
179	23400	30600
180	19800	27000
181	12600	19800
182	12600	19800
183	5400	12600
184	9000	19800
185	23400	30600
186	16200	23400
187	9000	16200
188	14400	34200
189	7200	30600
190	5400	11700
191	7200	30600
192	12600	19800
193	19800	27000
194	12600	19800
195	9000	16200
196	19800	27000
197	5400	12600
198	16200	23400
199	19800	27000
200	12600	19800
201	7200	30600
202	16200	23400
203	12600	19800
204	16200	23400
205	19800	27000
206	16200	23400
207	9000	16200
208	16200	23400
209	12600	19800
210	12600	19800
211	19800	27000
212	19800	27000
213	27000	34200
214	9000	16200
215	27000	34200
216	14400	34200
217	16200	23400
218	7200	30600
219	16200	23400
220	9000	16200
221	19800	27000
222	12600	19800
223	12600	19800
224	27000	34200
225	7200	30600
226	23400	30600
227	16200	23400
228	16200	23400
229	9000	16200
230	12600	19800
231	5400	12600
232	7200	30600
233	16200	23400
234	27000	34200
235	14400	34200
236	16200	23400
237	16200	23400
238	12600	19800
239	19800	27000
240	7200	30600
241	23400	30600
242	5400	12600
243	12600	19800
244	19800	27000
245	5400	12600
246	12600	19800
247	12600	19800
248	5400	12600
249	14400	34200
250	12600	19800
251	12600	19800
252	7200	30600
253	16200	26100
254	19800	27000
255	23400	30600
256	7200	30600
257	5400	12600
258	12600	19800
259	16200	23400
260	27000	34200
261	19800	27000
262	5400	12600
263	9000	15300
264	12600	19800
265	19800	27000
266	12600	19800
267	23400	30600
268	27000	34200
269	5400	12600
270	16200	23400
271	23400	30600
272	7200	29700
273	9000	15300
274	12600	19800
275	12600	19800
276	27000	34200
277	16200	23400
278	16200	23400
279	12600	19800
280	23400	30600
281	19800	27000
282	12600	19800
283	7200	30600
284	19800	27000
285	12600	19800
286	12600	19800
287	27000	34200
288	5400	12600
289	16200	23400
290	16200	23400
291	14400	33300
292	5400	12600
293	12600	19800
294	7200	30600
295	5400	12600
296	12600	19800
297	5400	12600
298	7200	30600
299	7200	30600
300	12600	19800
301	19800	27000
302	19800	26100
303	7200	30600
304	23400	30600
305	23400	30600
306	19800	27000
307	23400	30600
308	9000	16200
309	7200	30600
310	19800	27000
311	14400	34200
312	27000	34200
313	19800	27000
314	12600	19800
315	5400	12600
316	23400	30600
317	14400	34200
318	12600	19800
319	16200	23400
320	7200	30600
321	16200	23400
322	9000	16200
323	9000	16200
324	16200	23400
325	14400	34200
326	14400	34200
327	16200	23400
328	9000	15300
329	9000	16200
330	14400	34200
331	14400	33300
332	12600	19800
333	12600	19800
334	27000	34200
335	12600	19800
336	16200	23400
337	23400	30600
338	14400	34200
339	16200	23400
340	16200	27000
341	9000	15300
342	12600	19800
343	16200	23400
344	16200	23400
345	9000	16200
346	16200	22500
347	16200	23400
348	16200	23400
349	23400	30600
350	12600	19800
351	7200	30600
352	16200	23400
353	16200	23400
354	14400	34200
355	19800	27000
356	19800	27000
357	9000	16200
358	19800	27000
359	30600	37800
360	27000	34200
361	12600	19800
362	12600	19800
363	12600	19800
364	23400	30600
365	7200	30600
366	5400	12600
367	16200	23400
368	9000	16200
369	27000	34200
370	27000	34200
371	12600	19800
372	9000	16200
373	12600	19800
374	5400	12600
375	12600	19800
376	7200	30600
377	19800	27000
378	7200	30600
379	16200	23400
380	19800	27000
381	12600	19800
382	30600	37800
383	16200	23400
384	16200	23400
385	7200	30600
386	14400	34200
387	9000	16200
388	5400	11700
389	12600	19800
390	12600	19800
391	16200	23400
392	7200	30600
393	12600	19800
394	23400	30600
395	16200	23400
396	12600	19800
397	16200	23400
398	12600	19800
399	12600	19800
400	14400	34200
401	7200	30600
402	9000	16200
403	7200	30600
404	9000	16200
405	16200	23400
406	30600	37800
407	7200	30600
408	16200	23400
409	16200	23400
410	7200	30600
411	12600	19800
412	12600	19800
413	14400	34200
414	27000	34200
415	12600	19800
416	30600	37800
417	12600	19800
418	12600	19800
419	12600	19800
420	19800	27000
421	27000	34200
422	16200	23400
423	27000	34200
424	19800	27000
425	27000	33300
426	14400	34200
427	12600	19800
428	27000	34200
429	23400	30600
430	12600	19800
431	23400	30600
432	7200	30600
433	7200	30600
434	12600	19800
435	9000	16200
436	16200	23400
437	16200	26100
438	23400	30600
439	9000	16200
440	23400	30600
441	7200	30600
442	9000	16200
443	19800	27000
444	30600	37800
445	16200	23400
446	12600	19800
447	16200	23400
448	16200	23400
449	9000	16200
450	14400	34200
451	12600	19800
452	12600	19800
453	16200	23400
454	19800	27000
455	9000	16200
456	19800	27000
457	7200	30600
458	9000	16200
459	16200	23400
460	7200	30600
461	16200	23400
462	14400	34200
463	14400	34200
464	9000	16200
465	19800	27000
466	9000	16200
467	12600	19800
468	12600	19800
469	9000	16200
470	14400	34200
471	7200	30600
472	27000	34200
473	16200	23400
474	12600	19800
475	30600	37800
476	27000	34200
477	12600	19800
478	23400	30600
479	14400	33300
480	14400	34200
481	12600	19800
482	7200	30600
483	19800	27000
484	9000	16200
485	9000	16200
486	14400	34200
487	30600	37800
488	14400	34200
489	16200	23400
490	16200	27000
491	12600	19800
492	16200	23400
493	23400	30600
494	12600	19800
495	7200	30600
496	12600	19800
497	14400	34200
498	9000	16200
499	19800	27000
500	19800	27000
501	9000	19800
502	14400	34200
503	19800	27000
504	14400	33300
505	12600	19800
506	12600	19800
507	30600	37800
508	12600	19800
509	14400	33300
510	16200	23400
511	12600	19800
512	23400	30600
513	12600	19800
514	12600	19800
515	12600	19800
516	14400	33300
517	16200	23400
518	7200	30600
519	7200	30600
520	27000	34200
521	12600	19800
522	7200	30600
523	16200	23400
524	9000	16200
525	12600	19800
526	12600	19800
527	23400	30600
528	16200	23400
529	14400	34200
530	19800	27000
531	23400	30600
532	12600	19800
533	7200	29700
534	27000	34200
535	27000	34200
536	16200	27000
537	9000	16200
538	16200	23400
539	19800	27000
540	19800	27000
541	12600	19800
542	9000	16200
543	16200	23400
544	16200	23400
545	30600	37800
546	7200	30600
547	19800	27000
548	12600	19800
549	19800	27000
550	16200	23400
551	27000	34200
552	19800	27000
553	12600	19800
554	9000	16200
555	7200	30600
556	12600	19800
557	7200	30600
558	27000	33300
559	12600	19800
560	16200	23400
561	9000	16200
562	12600	19800
563	16200	23400
564	16200	23400
565	7200	30600
566	9000	16200
567	16200	23400
568	9000	16200
569	9000	16200
570	16200	23400
571	14400	34200
572	14400	33300
573	9000	16200
574	7200	30600
575	19800	27000
576	12600	19800
577	23400	30600
578	14400	34200
579	16200	23400
580	27000	34200
581	23400	30600
582	12600	19800
583	30600	37800
584	16200	23400
585	27000	34200
586	12600	19800
587	12600	19800
588	12600	19800
589	19800	27000
590	19800	27000
591	12600	19800
592	12600	19800
593	14400	34200
594	12600	19800
595	19800	27000
596	23400	30600
597	12600	19800
598	23400	30600
599	12600	19800
600	23400	30600
601	7200	29700
602	7200	30600
603	19800	27000
604	16200	23400
605	14400	34200
606	12600	19800
607	12600	19800
608	7200	30600
609	12600	19800
610	12600	19800
611	23400	30600
612	27000	34200
613	16200	23400
614	14400	34200
615	12600	19800
616	19800	27000
617	19800	27000
618	27000	34200
619	7200	30600
620	16200	23400
621	16200	23400
622	12600	19800
623	16200	27000
624	9000	19800
625	9000	19800
626	16200	23400
627	19800	27000
628	14400	33300
629	12600	19800
630	16200	23400
631	12600	19800
632	12600	18900
633	23400	30600
634	19800	27000
635	30600	37800
636	12600	19800
637	16200	23400
638	12600	19800
639	27000	34200
640	16200	23400
641	23400	30600
642	23400	30600
643	9000	19800
644	7200	30600
645	12600	19800
646	14400	34200
647	9000	19800
648	19800	27000
649	16200	23400
650	19800	27000
651	16200	23400
652	16200	23400
653	23400	30600
654	27000	34200
655	27000	34200
656	7200	30600
657	14400	34200
658	27000	34200
659	7200	30600
660	16200	26100
661	27000	34200
662	14400	34200
663	16200	23400
664	12600	19800
665	19800	27000
666	7200	30600
667	12600	19800
668	14400	34200
669	7200	30600
670	7200	30600
671	7200	30600
672	16200	23400
673	7200	30600
674	14400	34200
675	23400	30600
676	14400	34200
677	14400	34200
678	12600	19800
679	30600	37800
680	12600	19800
681	14400	34200
682	16200	23400
683	7200	30600
684	12600	19800
685	19800	27000
686	23400	30600
687	23400	30600
688	7200	30600
689	16200	23400
690	19800	27000
691	16200	23400
692	14400	34200
693	27000	34200
694	27000	34200
695	16200	23400
696	27000	34200
697	23400	30600
698	7200	30600
699	19800	27000
700	12600	19800
701	7200	30600
702	19800	27000
703	27000	34200
704	27000	34200
705	14400	34200
706	27000	34200
707	12600	19800
708	27000	34200
709	7200	30600
710	19800	26100
711	19800	27000
712	14400	34200
713	19800	27000
714	16200	23400
715	19800	27000
716	19800	27000
717	16200	23400
718	7200	30600
719	12600	19800
720	19800	27000
721	19800	27000
722	16200	23400
723	16200	23400
724	16200	23400
725	27000	34200
726	19800	27000
727	30600	37800
728	7200	29700
729	16200	23400
730	7200	30600
731	23400	30600
732	7200	30600
733	27000	34200
734	16200	23400
735	16200	23400
736	27000	33300
737	19800	27000
738	16200	23400
739	27000	33300
740	19800	27000
741	16200	23400
742	19800	27000
743	19800	27000
744	7200	30600
745	14400	34200
746	14400	34200
747	30600	37800
748	16200	23400
749	16200	23400
750	7200	30600
751	19800	27000
752	14400	34200
753	23400	30600
754	16200	23400
755	14400	34200
756	23400	30600
757	19800	27000
758	19800	27000
759	16200	23400
760	7200	30600
761	16200	22500
762	7200	30600
763	16200	23400
764	27000	34200
765	23400	30600
766	16200	23400
767	14400	34200
768	16200	23400
769	7200	30600
770	7200	30600
771	16200	23400
772	19800	27000
773	30600	37800
774	14400	34200
775	19800	27000
776	19800	27000
777	30600	37800
778	16200	22500
779	23400	30600
780	7200	30600
781	27000	34200
782	23400	30600
783	23400	30600
784	16200	23400
785	7200	30600
786	27000	34200
787	19800	27000
788	23400	30600
789	16200	23400
790	14400	34200
791	16200	23400
792	27000	34200
793	27000	34200
794	7200	30600
795	27000	34200
796	19800	27000
797	7200	30600
798	19800	27000
799	16200	23400
800	16200	23400
801	7200	30600
802	23400	30600
803	23400	30600
804	19800	27000
805	14400	34200
806	14400	34200
807	7200	30600
808	14400	34200
809	7200	30600
810	23400	30600
811	14400	34200
812	27000	34200
813	14400	34200
814	7200	30600
815	16200	23400
816	16200	23400
817	23400	30600
818	27000	34200
819	7200	30600
820	16200	23400
821	19800	27000
822	23400	30600
823	16200	23400
824	19800	27000
825	23400	30600
826	19800	27000
827	16200	23400
828	23400	30600
829	7200	30600
830	19800	27000
831	16200	23400
832	19800	27000
833	19800	27000
834	14400	34200
835	19800	27000
836	27000	34200
837	23400	30600
838	19800	27000
839	23400	30600
840	19800	27000
841	27000	34200
842	23400	30600
843	14400	34200
844	19800	27000
845	23400	30600
846	16200	27000
847	14400	34200
848	19800	27000
849	14400	34200
850	7200	29700
851	19800	27000
852	23400	30600
853	27000	34200
854	27000	34200
855	23400	30600
856	7200	30600
857	14400	34200
858	14400	34200
859	7200	30600
860	19800	27000
861	14400	34200
862	23400	30600
863	14400	34200
864	14400	34200
865	19800	27000
866	14400	34200
867	27000	34200
868	14400	33300
869	7200	30600
870	14400	33300
871	27000	34200
872	19800	27000
873	27000	34200
874	23400	30600
875	23400	30600
876	19800	27000
877	19800	27000
878	7200	30600
879	7200	29700
880	27000	34200
881	14400	34200
882	16200	27000
883	7200	30600
884	23400	30600
885	14400	34200
886	7200	30600
887	27000	34200
888	14400	34200
889	19800	27000
890	19800	27000
891	7200	30600
892	7200	30600
893	23400	30600
894	23400	30600
895	19800	27000
896	19800	27000
897	19800	27000
898	23400	30600
899	19800	27000
900	19800	27000
901	19800	27000
902	7200	30600
903	27000	34200
904	27000	34200
905	7200	30600
906	27000	34200
907	30600	37800
908	23400	30600
909	19800	27000
910	23400	30600
911	7200	30600
912	14400	33300
913	30600	37800
914	27000	34200
915	23400	30600
916	19800	27000
917	7200	30600
918	7200	30600
919	14400	34200
920	30600	37800
921	27000	34200
922	23400	30600
923	14400	34200
924	14400	34200
925	7200	30600
926	23400	30600
927	23400	30600
928	7200	30600
929	23400	30600
930	23400	30600
931	30600	37800
932	14400	34200
933	7200	30600
934	27000	34200
935	27000	34200
936	7200	30600
937	23400	30600
938	14400	34200
939	23400	30600
940	7200	30600
941	7200	30600
942	27000	34200
943	14400	34200
944	23400	30600
945	7200	30600
946	30600	37800
947	23400	30600
948	14400	34200
949	7200	30600
950	7200	30600
951	14400	34200
952	14400	34200
953	23400	30600
954	7200	30600
955	27000	34200
956	30600	37800
957	7200	30600
958	14400	34200
959	23400	30600
960	14400	34200
961	23400	30600
962	14400	34200
963	14400	34200
964	23400	30600
965	14400	34200
966	27000	34200
967	23400	30600
968	14400	34200
969	27000	34200
970	27000	34200
971	27000	34200
972	7200	30600
973	23400	30600
974	23400	30600
975	30600	37800
976	27000	34200
977	14400	34200
978	14400	34200
979	7200	30600
980	23400	30600
981	7200	30600
982	23400	30600
983	30600	37800
984	14400	34200
985	27000	34200
986	30600	37800
987	27000	34200
988	27000	34200
989	27000	34200
990	14400	34200
991	27000	34200
992	27000	34200
993	14400	34200
994	27000	34200
995	14400	34200
996	27000	34200
RELEASE_TIME_SECTION
1	0
2	5400
3	5400
4	5400
5	5400
6	5400
7	5400
8	5400
9	5400
10	5400
11	5400
12	5400
13	5400
14	5400
15	5400
16	5400
17	5400
18	5400
19	5400
20	5400
21	5400
22	5400
23	5400
24	5400
25	5400
26	5400
27	5400
28	5400
29	5400
30	5400
31	5400
32	5400
33	5400
34	5400
35	5400
36	5400
37	5400
38	5400
39	5400
40	5400
41	5400
42	5400
43	5400
44	5400
45	5400
46	5400
47	5400
48	5400
49	5400
50	5400
51	5400
52	5400
53	5400
54	5400
55	5400
56	5400
57	5400
58	5400
59	5400
60	5400
61	5400
62	5400
63	5400
64	5400
65	5400
66	5400
67	5400
68	5400
69	5400
70	5400
71	5400
72	5400
73	5400
74	5400
75	5400
76	5400
77	5400
78	5400
79	5400
80	5400
81	5400
82	5400
83	5400
84	5400
85	5400
86	5400
87	5400
88	5400
89	5400
90	5400
91	5400
92	5400
93	5400
94	5400
95	5400
96	5400
97	5400
98	5400
99	5400
100	5400
101	5400
102	7200
103	7200
104	7200
105	7200
106	7200
107	7200
108	7200
109	7200
110	7200
111	7200
112	7200
113	7200
114	7200
115	7200
116	7200
117	7200
118	7200
119	7200
120	7200
121	7200
122	7200
123	7200
124	7200
125	7200
126	7200
127	7200
128	7200
129	7200
130	7200
131	7200
132	7200
133	7200
134	7200
135	7200
136	7200
137	7200
138	7200
139	7200
140	7200
141	7200
142	7200
143	7200
144	7200
145	7200
146	7200
147	7200
148	7200
149	7200
150	7200
151	7200
152	7200
153	7200
154	7200
155	7200
156	7200
157	7200
158	7200
159	7200
160	7200
161	7200
162	7200
163	7200
164	7200
165	7200
166	7200
167	7200
168	7200
169	7200
170	7200
171	7200
172	7200
173	7200
174	7200
175	7200
176	7200
177	7200
178	7200
179	7200
180	7200
181	7200
182	7200
183	7200
184	7200
185	7200
186	7200
187	7200
188	7200
189	7200
190	7200
191	7200
192	7200
193	7200
194	7200
195	7200
196	7200
197	7200
198	7200
199	7200
200	7200
201	7200
202	9000
203	9000
204	9000
205	9000
206	9000
207	9000
208	9000
209	9000
210	9000
211	9000
212	9000
213	9000
214	9000
215	9000
216	9000
217	9000
218	9000
219	9000
220	9000
221	9000
222	9000
223	9000
224	9000
225	9000
226	9000
227	9000
228	9000
229	9000
230	9000
231	9000
232	9000
233	9000
234	9000
235	9000
236	9000
237	9000
238	9000
239	9000
240	9000
241	9000
242	9000
243	9000
244	9000
245	9000
246	9000
247	9000
248	9000
249	9000
250	9000
251	9000
252	9000
253	9000
254	9000
255	9000
256	9000
257	9000
258	9000
259	9000
260	9000
261	9000
262	9000
263	9000
264	9000
265	9000
266	9000
267	9000
268	9000
269	9000
270	9000
271	9000
272	9000
273	9000
274	9000
275	9000
276	9000
277	9000
278	9000
279	9000
280	9000
281	9000
282	9000
283	9000
284	9000
285	9000
286	9000
287	9000
288	9000
289	9000
290	9000
291	9000
292	9000
293	9000
294	9000
295	9000
296	9000
297	9000
298	9000
299	9000
300	9000
301	9000
302	10800
303	10800
304	10800
305	10800
306	10800
307	10800
308	10800
309	10800
310	10800
311	10800
312	10800
313	10800
314	10800
315	10800
316	10800
317	10800
318	10800
319	10800
320	10800
321	10800
322	10800
323	10800
324	10800
325	10800
326	10800
327	10800
328	10800
329	10800
330	10800
331	10800
332	10800
333	10800
334	10800
335	10800
336	10800
337	10800
338	10800
339	10800
340	10800
341	10800
342	10800
343	10800
344	10800
345	10800
346	10800
347	10800
348	10800
349	10800
350	10800
351	10800
352	10800
353	10800
354	10800
355	10800
356	10800
357	10800
358	10800
359	10800
360	10800
361	10800
362	10800
363	10800
364	10800
365	10800
366	10800
367	10800
368	10800
369	10800
370	10800
371	10800
372	10800
373	10800
374	10800
375	10800
376	10800
377	10800
378	10800
379	10800
380	10800
381	10800
382	10800
383	10800
384	10800
385	10800
386	10800
387	10800
388	10800
389	10800
390	10800
391	10800
392	10800
393	10800
394	10800
395	10800
396	10800
397	10800
398	10800
399	12600
400	12600
401	12600
402	12600
403	12600
404	12600
405	12600
406	12600
407	12600
408	12600
409	12600
410	12600
411	12600
412	12600
413	12600
414	12600
415	12600
416	12600
417	12600
418	12600
419	12600
420	12600
421	12600
422	12600
423	12600
424	12600
425	12600
426	12600
427	12600
428	12600
429	12600
430	12600
431	12600
432	12600
433	12600
434	12600
435	12600
436	12600
437	12600
438	12600
439	12600
440	12600
441	12600
442	12600
443	12600
444	12600
445	12600
446	12600
447	12600
448	12600
449	12600
450	12600
451	12600
452	12600
453	12600
454	12600
455	12600
456	12600
457	12600
458	12600
459	12600
460	12600
461	12600
462	12600
463	12600
464	12600
465	12600
466	12600
467	12600
468	12600
469	12600
470	12600
471	12600
472	12600
473	12600
474	12600
475	12600
476	12600
477	12600
478	12600
479	12600
480	12600
481	12600
482	12600
483	12600
484	12600
485	12600
486	12600
487	12600
488	14400
489	14400
490	14400
491	14400
492	14400
493	14400
494	14400
495	14400
496	14400
497	14400
498	14400
499	14400
500	14400
501	14400
502	14400
503	14400
504	14400
505	14400
506	14400
507	14400
508	14400
509	14400
510	14400
511	14400
512	14400
513	14400
514	14400
515	14400
516	14400
517	14400
518	14400
519	14400
520	14400
521	14400
522	14400
523	14400
524	14400
525	14400
526	14400
527	14400
528	14400
529	14400
530	14400
531	14400
532	14400
533	14400
534	14400
535	14400
536	14400
537	14400
538	14400
539	14400
540	14400
541	14400
542	14400
543	14400
544	14400
545	14400
546	14400
547	14400
548	14400
549	14400
550	14400
551	14400
552	14400
553	14400
554	14400
555	14400
556	14400
557	14400
558	14400
559	14400
560	14400
561	14400
562	14400
563	14400
564	14400
565	14400
566	14400
567	14400
568	14400
569	14400
570	14400
571	14400
572	14400
573	14400
574	14400
575	14400
576	14400
577	14400
578	14400
579	14400
580	14400
581	16200
582	16200
583	16200
584	16200
585	16200
586	16200
587	16200
588	16200
589	16200
590	16200
591	16200
592	16200
593	16200
594	16200
595	16200
596	16200
597	16200
598	16200
599	16200
600	16200
601	16200
602	16200
603	16200
604	16200
605	16200
606	16200
607	16200
608	16200
609	16200
610	16200
611	16200
612	16200
613	16200
614	16200
615	16200
616	16200
617	16200
618	16200
619	16200
620	16200
621	16200
622	16200
623	16200
624	16200
625	16200
626	16200
627	16200
628	16200
629	16200
630	16200
631	16200
632	16200
633	16200
634	16200
635	16200
636	16200
637	16200
638	16200
639	16200
640	16200
641	16200
642	16200
643	16200
644	16200
645	16200
646	16200
647	16200
648	16200
649	16200
650	16200
651	16200
652	16200
653	16200
654	16200
655	16200
656	16200
657	16200
658	16200
659	16200
660	16200
661	16200
662	16200
663	16200
664	16200
665	18000
666	18000
667	18000
668	18000
669	18000
670	18000
671	18000
672	18000
673	18000
674	18000
675	18000
676	18000
677	18000
678	18000
679	18000
680	18000
681	18000
682	18000
683	18000
684	18000
685	18000
686	18000
687	18000
688	18000
689	18000
690	18000
691	18000
692	18000
693	18000
694	18000
695	18000
696	18000
697	18000
698	18000
699	18000
700	18000
701	18000
702	18000
703	18000
704	18000
705	18000
706	18000
707	18000
708	18000
709	18000
710	18000
711	18000
712	18000
713	18000
714	18000
715	18000
716	18000
717	18000
718	18000
719	18000
720	18000
721	18000
722	18000
723	18000
724	18000
725	19800
726	19800
727	19800
728	19800
729	19800
730	19800
731	19800
732	19800
733	19800
734	19800
735	19800
736	19800
737	19800
738	19800
739	19800
740	19800
741	19800
742	19800
743	19800
744	19800
745	19800
746	19800
747	19800
748	19800
749	19800
750	19800
751	19800
752	19800
753	19800
754	19800
755	19800
756	19800
757	19800
758	19800
759	19800
760	19800
761	19800
762	19800
763	19800
764	19800
765	19800
766	19800
767	19800
768	19800
769	19800
770	19800
771	19800
772	19800
773	19800
774	19800
775	19800
776	19800
777	19800
778	21600
779	21600
780	21600
781	21600
782	21600
783	21600
784	21600
785	21600
786	21600
787	21600
788	21600
789	21600
790	21600
791	21600
792	21600
793	21600
794	21600
795	21600
796	21600
797	21600
798	21600
799	21600
800	21600
801	21600
802	21600
803	21600
804	21600
805	21600
806	21600
807	21600
808	21600
809	21600
810	21600
811	21600
812	21600
813	21600
814	21600
815	21600
816	21600
817	21600
818	21600
819	21600
820	21600
821	21600
822	21600
823	21600
824	21600
825	21600
826	21600
827	21600
828	21600
829	21600
830	21600
831	21600
832	21600
833	23400
834	23400
835	23400
836	23400
837	23400
838	23400
839	23400
840	23400
841	23400
842	23400
843	23400
844	23400
845	23400
846	23400
847	23400
848	23400
849	23400
850	23400
851	23400
852	23400
853	23400
854	23400
855	23400
856	23400
857	23400
858	23400
859	23400
860	23400
861	23400
862	23400
863	23400
864	23400
865	23400
866	23400
867	23400
868	23400
869	23400
870	23400
871	23400
872	23400
873	23400
874	25200
875	25200
876	25200
877	25200
878	25200
879	25200
880	25200
881	25200
882	25200
883	25200
884	25200
885	25200
886	25200
887	25200
888	25200
889	25200
890	25200
891	25200
892	25200
893	25200
894	25200
895	25200
896	25200
897	25200
898	25200
899	25200
900	25200
901	25200
902	25200
903	25200
904	25200
905	25200
906	25200
907	25200
908	25200
909	25200
910	25200
911	25200
912	25200
913	25200
914	25200
915	25200
916	25200
917	25200
918	25200
919	25200
920	27000
921	27000
922	27000
923	27000
924	27000
925	27000
926	27000
927	27000
928	27000
929	27000
930	27000
931	27000
932	27000
933	27000
934	27000
935	27000
936	27000
937	27000
938	27000
939	27000
940	27000
941	27000
942	27000
943	27000
944	27000
945	27000
946	27000
947	27000
948	27000
949	27000
950	27000
951	27000
952	27000
953	27000
954	28800
955	28800
956	28800
957	28800
958	28800
959	28800
960	28800
961	28800
962	28800
963	28800
964	28800
965	28800
966	28800
967	28800
968	28800
969	28800
970	28800
971	28800
972	28800
973	28800
974	28800
975	28800
976	28800
977	28800
978	28800
979	28800
980	28800
981	28800
982	28800
983	30600
984	30600
985	30600
986	30600
987	30600
988	30600
989	30600
990	30600
991	30600
992	30600
993	30600
994	30600
995	30600
996	30600
EOF
