NAME : ORTEC-VRPTW-ASYM-aa746fc7-d1-n926
TYPE : VRPTW-RT
DIMENSION : 927
EDGE_WEIGHT_TYPE : EUC_2D
CAPACITY : 145
NODE_COORD_SECTION
1	1834	2601
2	2671	1103
3	568	1101
4	669	2131
5	710	973
6	2878	512
7	2725	864
8	2527	891
9	1139	1864
10	3629	694
11	243	1517
12	2724	1645
13	2266	1110
14	3193	1573
15	2900	1301
16	3317	399
17	2504	1219
18	2817	1537
19	3120	1398
20	934	846
21	3610	0
22	2022	2056
23	1353	1872
24	2684	1467
25	3967	441
26	3319	1108
27	3717	55
28	3184	1570
29	2975	884
30	2541	1295
31	2504	1219
32	566	2200
33	3629	694
34	2032	1414
35	2464	1184
36	1368	930
37	0	2071
38	2649	891
39	2964	539
40	1208	1667
41	3326	1425
42	250	1696
43	1107	859
44	998	784
45	2665	551
46	874	809
47	2684	1467
48	1914	1442
49	431	1852
50	3556	613
51	1475	1738
52	2541	1295
53	3324	1287
54	468	1706
55	387	2177
56	2296	1193
57	2467	1145
58	3070	1560
59	717	1047
60	3445	364
61	2724	1645
62	2340	1404
63	2965	1335
64	3076	1731
65	4145	605
66	2509	1043
67	534	2103
68	3037	1482
69	1390	1812
70	566	2200
71	1914	1442
72	3038	1434
73	3493	507
74	3326	1425
75	394	1848
76	2568	1397
77	2657	1184
78	2570	916
79	3610	0
80	1798	1781
81	3229	389
82	1456	1701
83	2944	1376
84	2602	386
85	653	1672
86	2568	1397
87	3824	560
88	341	1771
89	808	1627
90	2610	1007
91	620	1799
92	757	1091
93	2657	1184
94	1486	1753
95	3942	720
96	2608	1269
97	3569	712
98	2781	681
99	2782	722
100	3448	396
101	2496	1109
102	2063	1494
103	3419	486
104	760	2169
105	2433	672
106	3865	498
107	1456	1701
108	478	2333
109	3146	761
110	2518	1447
111	3037	1482
112	2963	1266
113	734	2284
114	543	2135
115	3336	320
116	1333	1707
117	2570	916
118	3193	1573
119	1530	1731
120	3139	1422
121	2844	1052
122	3378	1377
123	3862	700
124	4079	430
125	4145	605
126	2987	1181
127	2540	890
128	4094	206
129	2567	1394
130	1477	1844
131	1333	1707
132	3419	486
133	3319	1108
134	2467	1145
135	2444	1200
136	99	1586
137	3690	108
138	3975	425
139	2266	1110
140	534	2103
141	3378	850
142	2820	773
143	2596	941
144	2022	2056
145	2388	898
146	3711	563
147	2527	891
148	3007	929
149	86	1734
150	170	1551
151	2404	1151
152	1456	1701
153	823	1213
154	446	2213
155	334	1578
156	2725	864
157	2485	488
158	2945	648
159	330	1673
160	3136	354
161	3419	486
162	1370	578
163	1721	1899
164	1058	1016
165	468	1706
166	2844	1052
167	730	1153
168	2797	1331
169	2461	1143
170	3842	723
171	2004	1874
172	244	1319
173	3037	1482
174	1486	1753
175	1254	1697
176	2991	1150
177	3586	527
178	3602	137
179	3127	1459
180	312	1799
181	2885	1221
182	3193	1573
183	1693	1471
184	3556	613
185	3336	320
186	956	1046
187	2615	1180
188	431	1852
189	3775	118
190	2496	1109
191	243	1517
192	558	1608
193	3068	1353
194	2541	1295
195	3999	348
196	394	1848
197	2266	1110
198	2834	683
199	2724	862
200	1730	1884
201	2528	1119
202	2963	1266
203	1872	976
204	1587	1913
205	448	2067
206	912	2127
207	465	1778
208	2955	1621
209	998	784
210	3610	0
211	1056	1060
212	1798	1781
213	2890	1051
214	2948	1117
215	1486	1753
216	1745	1807
217	2941	937
218	1917	1392
219	2701	687
220	1085	824
221	3869	459
222	2941	962
223	3312	308
224	3908	388
225	1519	1820
226	2627	1107
227	2467	1145
228	334	1641
229	3015	1499
230	3825	334
231	912	2127
232	4003	371
233	2948	1117
234	2022	2056
235	1599	1875
236	1370	578
237	2451	1131
238	603	1706
239	1780	1659
240	3705	962
241	3136	354
242	465	1778
243	3978	654
244	446	2213
245	3942	720
246	710	973
247	2941	962
248	245	1432
249	609	1426
250	4040	759
251	2975	1374
252	3193	1573
253	334	1641
254	1107	859
255	1456	1701
256	3713	535
257	2610	1007
258	2496	1109
259	2457	764
260	3484	655
261	1417	540
262	3629	694
263	683	1566
264	291	1521
265	2858	1686
266	2844	1052
267	1591	1818
268	776	1831
269	1003	1948
270	2933	900
271	2278	1298
272	2661	1523
273	601	1751
274	478	2333
275	3999	220
276	3908	388
277	1180	1836
278	4029	429
279	2348	1496
280	341	1771
281	2743	1317
282	2679	1295
283	2743	1317
284	3629	694
285	3146	761
286	1745	1807
287	3317	399
288	1107	859
289	2684	1467
290	3484	655
291	1798	1781
292	1333	1707
293	3875	166
294	2444	1200
295	394	1848
296	1599	1875
297	4187	392
298	794	1989
299	3994	571
300	3419	486
301	3107	783
302	3569	712
303	998	784
304	732	1754
305	1390	1812
306	3336	320
307	2791	1326
308	2388	898
309	3999	348
310	1519	1820
311	2797	1331
312	3541	816
313	3869	459
314	3269	1310
315	931	1001
316	912	2127
317	3825	334
318	2340	1404
319	874	809
320	656	1269
321	1693	1471
322	2750	1243
323	3556	365
324	4010	306
325	3448	396
326	3610	0
327	371	1488
328	3007	929
329	3479	220
330	1003	1948
331	1417	540
332	1676	1663
333	3448	396
334	3393	421
335	4094	206
336	3015	1499
337	99	1586
338	2888	1017
339	296	1509
340	2971	920
341	2858	1125
342	813	1711
343	3825	334
344	1269	782
345	687	1534
346	1180	1999
347	2888	853
348	3132	533
349	2600	1643
350	3070	1560
351	1404	1955
352	1922	854
353	2485	488
354	3825	808
355	2965	1335
356	2602	386
357	543	1960
358	2600	1068
359	2596	941
360	1129	925
361	2687	1191
362	2781	681
363	211	1446
364	1780	1659
365	448	2067
366	3994	571
367	3088	493
368	2703	1266
369	3125	705
370	2834	683
371	752	1743
372	2388	898
373	2364	1465
374	1987	1111
375	1914	1442
376	3317	399
377	3999	220
378	3952	530
379	635	1918
380	1917	1392
381	2397	1178
382	2278	1298
383	931	1001
384	3354	1198
385	1286	867
386	2409	1493
387	2870	1064
388	2527	1287
389	4003	371
390	1286	867
391	1850	1802
392	2539	1258
393	734	2284
394	656	1269
395	2461	1143
396	3319	1108
397	2433	672
398	3445	364
399	776	1831
400	2965	1335
401	3448	396
402	446	2213
403	2627	1107
404	4037	199
405	1327	1913
406	1872	976
407	2055	1002
408	3586	527
409	2797	1331
410	1530	1731
411	2538	1283
412	3188	878
413	668	1982
414	4037	199
415	3070	1560
416	2348	1496
417	757	1091
418	3001	1318
419	558	1608
420	2610	1643
421	1368	930
422	3854	765
423	2409	1493
424	1108	932
425	2844	1056
426	1139	1864
427	2941	937
428	588	1366
429	2517	1056
430	3978	731
431	2929	1002
432	2404	1151
433	633	1810
434	752	1743
435	543	2135
436	3865	498
437	2975	1374
438	876	961
439	3326	1425
440	609	1426
441	1206	1996
442	3541	816
443	3083	725
444	2657	1184
445	3855	440
446	192	1684
447	425	1329
448	3007	929
449	4029	429
450	2665	551
451	2981	732
452	2517	1056
453	4029	429
454	250	1696
455	3959	414
456	1191	1724
457	2891	898
458	885	983
459	3942	720
460	3994	500
461	2917	992
462	3854	765
463	3307	513
464	2409	1493
465	1139	1864
466	250	1696
467	425	1329
468	4095	583
469	3825	808
470	3530	166
471	3378	850
472	4010	306
473	1208	1667
474	3842	723
475	1818	1859
476	2524	1122
477	3484	655
478	558	1608
479	1585	1650
480	2952	1502
481	73	1528
482	3586	527
483	244	1319
484	2750	1243
485	2900	1301
486	2687	1191
487	3978	731
488	1917	1392
489	2497	1330
490	2898	814
491	2888	1017
492	1723	1956
493	1419	1934
494	2237	1202
495	2911	1309
496	334	1578
497	703	1177
498	693	1548
499	425	1329
500	734	2284
501	3530	166
502	2671	1103
503	2504	1219
504	4040	476
505	2900	1301
506	699	1757
507	683	1622
508	2781	681
509	710	973
510	699	1757
511	431	1852
512	804	2158
513	2725	864
514	2055	1002
515	3184	1570
516	3049	491
517	1693	1471
518	2640	1403
519	2527	891
520	3007	929
521	2817	989
522	2375	978
523	243	1517
524	465	1778
525	4029	429
526	3105	1044
527	3774	131
528	2952	1502
529	2600	1068
530	2567	1394
531	1058	1016
532	425	1329
533	86	1734
534	2969	1077
535	3875	166
536	3875	166
537	656	1269
538	3479	220
539	620	1799
540	566	2200
541	2846	897
542	3722	803
543	312	1799
544	596	2277
545	3157	979
546	3967	441
547	454	1690
548	1693	1471
549	2858	1686
550	4037	199
551	1850	1802
552	312	1799
553	341	1771
554	601	1963
555	3070	1560
556	3027	1300
557	3556	613
558	99	1586
559	3120	1398
560	1269	782
561	873	1695
562	2699	1158
563	534	2103
564	558	1608
565	2703	1266
566	2725	864
567	609	1426
568	2433	672
569	2404	1151
570	3824	560
571	3978	731
572	717	1047
573	2699	1158
574	3354	1198
575	2724	1645
576	4010	306
577	3842	723
578	1180	1999
579	2609	1211
580	2457	764
581	3541	816
582	3952	530
583	3690	108
584	3809	579
585	1286	867
586	1745	1807
587	2743	1317
588	776	1831
589	2600	1643
590	2900	1301
591	2907	830
592	3825	334
593	2679	1295
594	734	2284
595	3484	655
596	2266	1110
597	1417	540
598	1300	684
599	1658	1720
600	0	2071
601	1850	1802
602	2610	1643
603	197	1857
604	1419	1934
605	194	1587
606	3571	748
607	2917	992
608	2907	830
609	1530	1731
610	2537	1036
611	3207	1356
612	3184	1570
613	3360	1189
614	3068	1353
615	3312	308
616	2878	512
617	2485	488
618	2544	1316
619	2032	1414
620	3132	533
621	776	1831
622	3855	440
623	732	1754
624	710	973
625	3341	840
626	1180	1999
627	2743	1317
628	633	1810
629	3975	425
630	2496	1109
631	3806	641
632	1056	1060
633	1180	1999
634	3569	712
635	0	2071
636	2433	672
637	2570	916
638	4022	286
639	809	1862
640	2844	1056
641	425	1329
642	604	1959
643	2343	883
644	3307	513
645	2828	1018
646	1688	1790
647	1208	1667
648	776	1831
649	3146	761
650	1477	1844
651	3341	840
652	956	1046
653	2907	1036
654	478	2333
655	588	1366
656	3326	1425
657	3068	1353
658	197	1857
659	2661	1523
660	4095	583
661	656	1269
662	2828	1018
663	3178	574
664	851	1063
665	3854	765
666	2699	1158
667	2527	891
668	2063	1494
669	3978	654
670	2444	1200
671	2615	1180
672	1803	1927
673	3571	748
674	3406	396
675	1803	1927
676	730	1153
677	3721	149
678	3105	1044
679	2036	1022
680	1486	1753
681	2518	1447
682	2981	732
683	3978	731
684	2537	1036
685	956	1046
686	341	1771
687	2969	1077
688	2825	1140
689	1161	1657
690	2657	1184
691	931	1001
692	1922	854
693	604	1959
694	804	2158
695	2496	1109
696	1419	1934
697	2464	1184
698	2844	1056
699	1922	854
700	1390	1812
701	2724	1645
702	3136	354
703	601	1963
704	2524	1122
705	2820	771
706	387	2177
707	2791	1326
708	1191	1724
709	603	1706
710	3360	1189
711	2963	1266
712	371	1488
713	1688	1790
714	2933	900
715	3978	731
716	3178	574
717	2987	1181
718	3419	486
719	794	1989
720	4004	492
721	3096	1377
722	2817	989
723	2781	681
724	2055	1002
725	3999	348
726	730	1153
727	2375	978
728	1191	1724
729	2540	890
730	2610	1007
731	3942	720
732	3967	441
733	4095	583
734	1058	1016
735	2055	1002
736	2343	883
737	2340	1404
738	2975	1374
739	879	1572
740	3007	929
741	998	784
742	3602	137
743	601	1751
744	3959	414
745	683	1622
746	3975	425
747	2054	1694
748	3908	388
749	3811	655
750	3690	108
751	4088	364
752	2975	884
753	2640	1403
754	2467	1145
755	1180	1999
756	2817	1537
757	1180	1999
758	3855	440
759	646	2339
760	3406	396
761	2888	1017
762	2525	1236
763	3908	388
764	1572	386
765	2941	962
766	851	1063
767	1180	1999
768	3360	1189
769	1599	1875
770	2528	1119
771	588	1732
772	734	2284
773	3978	654
774	2375	978
775	1286	867
776	1327	1939
777	2684	1467
778	3952	530
779	478	2333
780	2567	411
781	4004	492
782	3705	962
783	3049	491
784	505	1693
785	2811	1042
786	4029	429
787	1798	1781
788	1273	1736
789	2766	753
790	3721	149
791	2519	456
792	2608	1269
793	2509	1043
794	2842	867
795	2829	896
796	2457	764
797	1472	1861
798	2701	687
799	2820	771
800	2134	1648
801	2348	1496
802	1457	1830
803	3027	1300
804	2709	902
805	1300	684
806	1818	1859
807	2596	941
808	371	1488
809	1074	849
810	635	1918
811	425	1329
812	2517	1056
813	2591	593
814	872	1854
815	1158	1704
816	3978	731
817	3105	1044
818	2544	1316
819	2827	965
820	2630	714
821	2517	1056
822	3479	220
823	2782	722
824	2538	1283
825	2886	929
826	448	2067
827	2364	1465
828	601	1963
829	2599	950
830	687	1534
831	3445	364
832	2054	1694
833	1368	930
834	4028	233
835	2703	1408
836	3862	419
837	2278	1298
838	3241	1405
839	3713	535
840	1572	386
841	0	2071
842	2828	1018
843	3983	83
844	2649	891
845	2450	1598
846	1180	1836
847	2457	764
848	3959	414
849	3983	83
850	3959	414
851	1074	849
852	3145	567
853	4022	286
854	1129	925
855	3717	55
856	312	1799
857	3125	705
858	3341	840
859	73	1528
860	601	1636
861	2725	864
862	3862	700
863	3764	949
864	1745	1807
865	2681	1187
866	2266	1110
867	669	2131
868	717	1047
869	1191	1724
870	3136	354
871	2589	1108
872	1107	1622
873	2450	1598
874	2937	1373
875	2724	859
876	3415	688
877	1803	1927
878	2827	965
879	1417	540
880	813	1711
881	2739	1014
882	2640	1403
883	2409	1493
884	1327	1913
885	3493	507
886	2591	593
887	341	1771
888	1676	1663
889	1587	1913
890	543	2135
891	2963	1266
892	2054	1694
893	1803	1927
894	3962	352
895	2266	1110
896	3145	567
897	2886	929
898	2022	2056
899	912	2127
900	2640	1403
901	687	1534
902	656	1269
903	813	1711
904	3875	166
905	876	961
906	3479	220
907	832	1198
908	1456	1701
909	1803	1927
910	2907	1036
911	776	1831
912	879	1572
913	2713	691
914	1922	854
915	418	1349
916	668	1982
917	588	1732
918	2820	771
919	2278	1298
920	1254	1697
921	3479	220
922	604	1959
923	1987	1111
924	577	2108
925	3027	1300
926	3862	700
927	4155	327
DEMAND_SECTION
1	0
2	8
3	8
4	7
5	11
6	4
7	3
8	9
9	4
10	4
11	7
12	6
13	4
14	4
15	7
16	9
17	7
18	15
19	5
20	5
21	10
22	4
23	8
24	6
25	5
26	4
27	11
28	10
29	3
30	6
31	9
32	9
33	3
34	2
35	3
36	9
37	4
38	5
39	7
40	6
41	4
42	5
43	6
44	10
45	7
46	6
47	9
48	6
49	7
50	9
51	3
52	4
53	6
54	11
55	8
56	9
57	5
58	5
59	5
60	7
61	18
62	3
63	4
64	7
65	8
66	9
67	4
68	16
69	7
70	6
71	18
72	6
73	9
74	9
75	8
76	5
77	4
78	4
79	7
80	11
81	6
82	4
83	8
84	5
85	5
86	4
87	9
88	3
89	6
90	8
91	4
92	5
93	7
94	8
95	8
96	5
97	7
98	3
99	4
100	3
101	8
102	7
103	9
104	11
105	7
106	4
107	5
108	9
109	3
110	4
111	5
112	4
113	5
114	7
115	9
116	4
117	2
118	8
119	9
120	14
121	7
122	4
123	6
124	5
125	7
126	4
127	7
128	5
129	6
130	4
131	4
132	11
133	9
134	4
135	4
136	9
137	1
138	7
139	13
140	5
141	7
142	7
143	11
144	5
145	5
146	10
147	2
148	7
149	9
150	8
151	5
152	5
153	7
154	7
155	2
156	5
157	10
158	10
159	3
160	7
161	5
162	12
163	3
164	10
165	6
166	3
167	3
168	3
169	7
170	5
171	3
172	4
173	10
174	4
175	3
176	6
177	5
178	8
179	5
180	7
181	5
182	7
183	4
184	6
185	3
186	4
187	13
188	4
189	8
190	6
191	10
192	4
193	8
194	8
195	5
196	9
197	7
198	10
199	4
200	6
201	7
202	8
203	4
204	7
205	8
206	7
207	10
208	6
209	4
210	4
211	4
212	7
213	7
214	6
215	4
216	7
217	4
218	6
219	2
220	4
221	4
222	8
223	4
224	8
225	6
226	10
227	5
228	4
229	6
230	5
231	13
232	8
233	3
234	7
235	4
236	5
237	11
238	4
239	6
240	4
241	4
242	2
243	4
244	4
245	7
246	2
247	4
248	3
249	6
250	4
251	7
252	5
253	5
254	7
255	8
256	11
257	5
258	4
259	13
260	5
261	5
262	5
263	5
264	3
265	9
266	9
267	8
268	7
269	4
270	7
271	6
272	5
273	6
274	8
275	8
276	8
277	3
278	10
279	6
280	4
281	7
282	3
283	5
284	8
285	7
286	6
287	5
288	10
289	5
290	9
291	5
292	5
293	6
294	9
295	14
296	7
297	10
298	4
299	5
300	7
301	5
302	5
303	5
304	9
305	6
306	5
307	11
308	3
309	12
310	8
311	5
312	6
313	6
314	3
315	3
316	14
317	6
318	5
319	7
320	7
321	4
322	13
323	7
324	9
325	4
326	4
327	8
328	7
329	6
330	5
331	5
332	5
333	13
334	8
335	3
336	4
337	10
338	4
339	3
340	11
341	6
342	4
343	5
344	10
345	4
346	5
347	4
348	7
349	11
350	5
351	2
352	7
353	5
354	2
355	9
356	5
357	10
358	8
359	7
360	9
361	4
362	4
363	3
364	6
365	7
366	3
367	10
368	6
369	4
370	9
371	7
372	6
373	5
374	4
375	3
376	6
377	4
378	4
379	4
380	3
381	7
382	7
383	4
384	5
385	4
386	6
387	8
388	8
389	6
390	9
391	6
392	6
393	6
394	5
395	6
396	4
397	5
398	11
399	9
400	4
401	3
402	11
403	8
404	5
405	5
406	7
407	3
408	5
409	6
410	5
411	9
412	4
413	9
414	7
415	5
416	6
417	2
418	11
419	8
420	9
421	3
422	4
423	7
424	7
425	7
426	4
427	6
428	7
429	7
430	5
431	4
432	7
433	8
434	8
435	5
436	9
437	8
438	10
439	7
440	4
441	7
442	4
443	6
444	4
445	5
446	6
447	8
448	4
449	6
450	8
451	7
452	8
453	7
454	5
455	8
456	3
457	5
458	5
459	3
460	7
461	4
462	6
463	6
464	10
465	4
466	6
467	4
468	8
469	10
470	7
471	5
472	3
473	10
474	4
475	10
476	5
477	4
478	4
479	4
480	3
481	9
482	5
483	10
484	5
485	4
486	7
487	8
488	4
489	3
490	7
491	7
492	3
493	7
494	4
495	10
496	6
497	3
498	6
499	6
500	4
501	6
502	4
503	9
504	16
505	7
506	6
507	4
508	6
509	4
510	4
511	3
512	7
513	3
514	5
515	6
516	7
517	6
518	8
519	9
520	4
521	6
522	6
523	11
524	5
525	10
526	8
527	4
528	8
529	7
530	6
531	5
532	3
533	8
534	4
535	4
536	4
537	7
538	12
539	2
540	9
541	5
542	12
543	5
544	3
545	6
546	7
547	6
548	5
549	15
550	4
551	3
552	4
553	4
554	7
555	8
556	6
557	6
558	5
559	3
560	11
561	5
562	6
563	7
564	7
565	5
566	6
567	6
568	10
569	7
570	6
571	5
572	6
573	6
574	6
575	15
576	5
577	3
578	4
579	6
580	7
581	5
582	10
583	6
584	9
585	11
586	6
587	5
588	2
589	8
590	3
591	4
592	7
593	9
594	4
595	10
596	5
597	4
598	5
599	6
600	6
601	10
602	5
603	3
604	4
605	7
606	5
607	5
608	5
609	4
610	4
611	4
612	12
613	5
614	4
615	6
616	7
617	4
618	3
619	4
620	5
621	10
622	4
623	5
624	6
625	5
626	6
627	6
628	6
629	8
630	10
631	5
632	4
633	6
634	5
635	5
636	6
637	5
638	9
639	4
640	5
641	5
642	7
643	8
644	7
645	5
646	6
647	3
648	4
649	3
650	3
651	3
652	3
653	4
654	6
655	7
656	2
657	5
658	8
659	4
660	6
661	3
662	15
663	9
664	5
665	4
666	9
667	7
668	6
669	9
670	6
671	8
672	6
673	4
674	4
675	4
676	4
677	7
678	7
679	9
680	7
681	5
682	4
683	4
684	7
685	7
686	2
687	4
688	8
689	8
690	8
691	4
692	3
693	9
694	8
695	5
696	4
697	3
698	4
699	4
700	7
701	4
702	8
703	4
704	4
705	4
706	5
707	7
708	12
709	2
710	4
711	4
712	4
713	11
714	5
715	5
716	2
717	5
718	2
719	4
720	3
721	3
722	3
723	5
724	5
725	9
726	10
727	11
728	5
729	7
730	9
731	9
732	8
733	4
734	8
735	2
736	6
737	4
738	5
739	3
740	3
741	6
742	4
743	7
744	5
745	4
746	8
747	6
748	6
749	6
750	7
751	8
752	10
753	6
754	5
755	13
756	7
757	7
758	4
759	5
760	6
761	8
762	7
763	9
764	15
765	6
766	7
767	4
768	6
769	6
770	5
771	12
772	7
773	6
774	12
775	7
776	8
777	6
778	9
779	9
780	6
781	10
782	7
783	14
784	8
785	6
786	6
787	3
788	5
789	5
790	6
791	16
792	5
793	8
794	5
795	7
796	5
797	7
798	4
799	11
800	4
801	9
802	6
803	1
804	6
805	7
806	7
807	6
808	8
809	15
810	7
811	7
812	7
813	6
814	9
815	3
816	6
817	5
818	8
819	13
820	10
821	6
822	4
823	9
824	5
825	8
826	6
827	4
828	4
829	4
830	4
831	7
832	5
833	6
834	6
835	7
836	6
837	4
838	9
839	6
840	10
841	8
842	7
843	4
844	5
845	4
846	9
847	7
848	5
849	3
850	5
851	4
852	2
853	4
854	8
855	7
856	2
857	7
858	8
859	6
860	2
861	4
862	4
863	8
864	4
865	6
866	4
867	8
868	5
869	7
870	8
871	6
872	5
873	4
874	6
875	7
876	7
877	6
878	10
879	7
880	4
881	3
882	5
883	6
884	3
885	10
886	6
887	7
888	3
889	13
890	3
891	10
892	7
893	1
894	3
895	8
896	8
897	4
898	5
899	9
900	11
901	7
902	8
903	3
904	6
905	10
906	7
907	6
908	5
909	4
910	7
911	13
912	6
913	6
914	4
915	7
916	10
917	6
918	6
919	4
920	3
921	6
922	4
923	3
924	9
925	5
926	10
927	7
DEPOT_SECTION
1
-1
SERVICE_TIME_SECTION
1	0
2	420
3	660
4	720
5	720
6	660
7	780
8	540
9	660
10	720
11	420
12	420
13	720
14	480
15	300
16	900
17	720
18	720
19	720
20	300
21	720
22	840
23	960
24	840
25	540
26	360
27	360
28	480
29	420
30	960
31	780
32	840
33	360
34	480
35	840
36	720
37	480
38	420
39	660
40	420
41	480
42	480
43	480
44	720
45	660
46	540
47	720
48	540
49	540
50	420
51	300
52	540
53	660
54	420
55	840
56	1020
57	720
58	480
59	720
60	600
61	840
62	540
63	360
64	780
65	720
66	720
67	540
68	540
69	720
70	660
71	540
72	720
73	660
74	780
75	360
76	780
77	360
78	840
79	720
80	540
81	840
82	420
83	300
84	660
85	1020
86	600
87	720
88	480
89	480
90	1020
91	900
92	720
93	480
94	780
95	840
96	600
97	1080
98	360
99	660
100	480
101	480
102	600
103	780
104	540
105	360
106	540
107	420
108	540
109	540
110	600
111	900
112	780
113	420
114	420
115	960
116	1260
117	600
118	960
119	600
120	660
121	600
122	660
123	720
124	420
125	780
126	1200
127	840
128	240
129	420
130	480
131	660
132	660
133	420
134	660
135	540
136	420
137	720
138	780
139	420
140	900
141	420
142	240
143	480
144	900
145	240
146	420
147	1200
148	780
149	840
150	780
151	420
152	420
153	480
154	780
155	660
156	420
157	480
158	900
159	600
160	360
161	780
162	660
163	540
164	480
165	300
166	960
167	300
168	600
169	360
170	420
171	660
172	840
173	720
174	840
175	600
176	900
177	240
178	720
179	660
180	780
181	780
182	480
183	420
184	540
185	600
186	660
187	1260
188	240
189	360
190	540
191	660
192	480
193	660
194	660
195	840
196	420
197	1080
198	360
199	780
200	420
201	360
202	900
203	300
204	720
205	300
206	960
207	480
208	360
209	660
210	660
211	660
212	900
213	960
214	720
215	480
216	540
217	540
218	720
219	360
220	720
221	480
222	1080
223	540
224	540
225	960
226	600
227	780
228	420
229	840
230	300
231	480
232	900
233	420
234	660
235	840
236	960
237	660
238	480
239	660
240	600
241	540
242	540
243	540
244	540
245	660
246	240
247	540
248	840
249	300
250	420
251	480
252	900
253	960
254	720
255	360
256	780
257	660
258	540
259	720
260	900
261	720
262	420
263	720
264	840
265	780
266	540
267	660
268	1260
269	1020
270	900
271	660
272	360
273	660
274	420
275	480
276	480
277	480
278	840
279	660
280	360
281	300
282	1080
283	360
284	480
285	360
286	660
287	960
288	540
289	900
290	420
291	240
292	480
293	420
294	480
295	540
296	960
297	720
298	660
299	840
300	420
301	480
302	900
303	720
304	420
305	1080
306	480
307	600
308	600
309	540
310	660
311	900
312	540
313	840
314	960
315	360
316	540
317	480
318	840
319	420
320	540
321	480
322	660
323	300
324	360
325	840
326	600
327	600
328	360
329	660
330	540
331	300
332	600
333	720
334	540
335	480
336	720
337	360
338	720
339	780
340	300
341	960
342	600
343	420
344	540
345	420
346	300
347	300
348	600
349	660
350	960
351	360
352	420
353	420
354	540
355	1140
356	720
357	600
358	720
359	600
360	300
361	360
362	780
363	900
364	420
365	360
366	420
367	540
368	660
369	600
370	960
371	540
372	960
373	540
374	600
375	1020
376	600
377	480
378	660
379	840
380	720
381	660
382	540
383	420
384	780
385	720
386	540
387	660
388	720
389	900
390	660
391	960
392	660
393	840
394	540
395	540
396	900
397	420
398	480
399	720
400	480
401	660
402	720
403	840
404	540
405	480
406	600
407	780
408	960
409	660
410	600
411	840
412	840
413	360
414	360
415	840
416	480
417	660
418	360
419	300
420	840
421	540
422	360
423	720
424	960
425	660
426	960
427	780
428	480
429	960
430	540
431	600
432	660
433	780
434	300
435	1020
436	1140
437	540
438	360
439	480
440	960
441	540
442	780
443	780
444	780
445	780
446	600
447	600
448	420
449	720
450	660
451	660
452	300
453	300
454	360
455	480
456	360
457	540
458	660
459	660
460	600
461	420
462	660
463	300
464	600
465	780
466	360
467	1020
468	420
469	780
470	600
471	480
472	480
473	540
474	780
475	480
476	1200
477	720
478	420
479	540
480	960
481	720
482	480
483	660
484	780
485	780
486	540
487	1020
488	420
489	540
490	720
491	720
492	540
493	480
494	540
495	360
496	660
497	540
498	600
499	600
500	420
501	300
502	720
503	780
504	420
505	1020
506	720
507	840
508	1140
509	480
510	660
511	360
512	1020
513	540
514	360
515	1020
516	900
517	840
518	540
519	600
520	900
521	600
522	360
523	660
524	660
525	420
526	600
527	420
528	660
529	720
530	480
531	540
532	300
533	600
534	480
535	240
536	600
537	420
538	660
539	300
540	660
541	600
542	840
543	600
544	540
545	900
546	780
547	840
548	720
549	540
550	600
551	840
552	660
553	600
554	840
555	540
556	840
557	660
558	420
559	360
560	960
561	540
562	360
563	720
564	660
565	720
566	1200
567	420
568	540
569	360
570	300
571	720
572	420
573	420
574	480
575	1140
576	360
577	900
578	420
579	840
580	720
581	480
582	480
583	660
584	600
585	720
586	600
587	600
588	300
589	420
590	900
591	300
592	420
593	900
594	660
595	660
596	420
597	600
598	600
599	600
600	480
601	1080
602	480
603	540
604	540
605	540
606	780
607	600
608	420
609	360
610	1260
611	360
612	720
613	240
614	840
615	1020
616	840
617	360
618	360
619	300
620	660
621	420
622	720
623	300
624	660
625	960
626	660
627	780
628	600
629	780
630	600
631	300
632	600
633	720
634	420
635	420
636	540
637	720
638	480
639	840
640	420
641	720
642	1200
643	540
644	900
645	600
646	900
647	420
648	480
649	300
650	480
651	600
652	1260
653	840
654	240
655	540
656	420
657	420
658	600
659	420
660	720
661	780
662	360
663	600
664	420
665	660
666	600
667	240
668	360
669	840
670	420
671	780
672	660
673	540
674	960
675	420
676	720
677	780
678	600
679	480
680	840
681	900
682	660
683	660
684	720
685	720
686	600
687	540
688	780
689	1260
690	540
691	360
692	480
693	600
694	360
695	240
696	540
697	900
698	420
699	900
700	360
701	600
702	1140
703	600
704	720
705	780
706	420
707	600
708	600
709	660
710	900
711	300
712	660
713	600
714	480
715	420
716	480
717	300
718	1020
719	240
720	540
721	480
722	900
723	660
724	360
725	480
726	540
727	780
728	600
729	420
730	600
731	540
732	900
733	600
734	480
735	720
736	360
737	720
738	360
739	360
740	540
741	480
742	600
743	660
744	360
745	600
746	720
747	360
748	660
749	720
750	420
751	720
752	900
753	420
754	540
755	600
756	660
757	660
758	720
759	420
760	360
761	900
762	360
763	840
764	1020
765	600
766	660
767	540
768	660
769	720
770	420
771	1020
772	480
773	600
774	780
775	660
776	720
777	660
778	600
779	420
780	1080
781	840
782	420
783	540
784	660
785	600
786	540
787	540
788	540
789	780
790	600
791	960
792	780
793	420
794	360
795	480
796	660
797	420
798	420
799	660
800	540
801	600
802	720
803	600
804	780
805	540
806	420
807	540
808	720
809	660
810	840
811	240
812	660
813	360
814	840
815	300
816	780
817	660
818	900
819	540
820	540
821	840
822	540
823	900
824	1020
825	660
826	420
827	780
828	480
829	720
830	600
831	720
832	540
833	540
834	360
835	1080
836	480
837	720
838	660
839	540
840	600
841	540
842	240
843	540
844	420
845	420
846	720
847	600
848	720
849	600
850	720
851	600
852	540
853	420
854	840
855	960
856	540
857	660
858	540
859	720
860	660
861	1020
862	660
863	420
864	480
865	660
866	360
867	540
868	480
869	1020
870	300
871	600
872	840
873	780
874	540
875	660
876	660
877	660
878	720
879	720
880	660
881	660
882	540
883	720
884	480
885	720
886	660
887	540
888	360
889	360
890	360
891	720
892	420
893	720
894	960
895	660
896	660
897	660
898	360
899	780
900	240
901	780
902	540
903	720
904	720
905	420
906	720
907	540
908	840
909	660
910	240
911	840
912	660
913	720
914	780
915	720
916	240
917	960
918	600
919	540
920	780
921	720
922	240
923	600
924	840
925	900
926	1020
927	960
TIME_WINDOW_SECTION
1	0	45000
2	12000	19500
3	4800	12300
4	19200	26700
5	15600	23100
6	8400	15900
7	19200	26100
8	22800	30300
9	22800	30300
10	6600	29700
11	19200	26100
12	19200	26700
13	4800	12300
14	8400	15900
15	6600	30300
16	8400	15900
17	22800	30300
18	8400	15900
19	19200	26700
20	8400	15900
21	19200	26700
22	6600	30300
23	6600	30300
24	12000	19500
25	6600	30300
26	15600	23100
27	12000	19500
28	19200	26700
29	15600	23100
30	22800	30300
31	8400	15900
32	4800	12300
33	6600	30300
34	6600	30300
35	12000	18900
36	15600	23100
37	15600	23100
38	15600	23100
39	6600	30300
40	12000	19500
41	12000	19500
42	15600	23100
43	15600	23100
44	12000	19500
45	15600	23100
46	12000	19500
47	4800	12300
48	4800	11700
49	8400	15900
50	12000	19500
51	12000	19500
52	15600	23100
53	22800	30300
54	19200	26700
55	8400	15900
56	19200	26700
57	4800	12300
58	12000	19500
59	22800	30300
60	22800	30300
61	22800	30300
62	19200	26700
63	15600	23100
64	15600	23100
65	12000	19500
66	22800	30300
67	12000	19500
68	19200	26700
69	15600	23100
70	22800	30300
71	6600	30300
72	12000	19500
73	6600	30300
74	8400	15900
75	6600	30300
76	4800	12300
77	12000	19500
78	22800	30300
79	22800	30300
80	22800	30300
81	4800	12300
82	6600	30300
83	15600	23100
84	6600	30300
85	15600	23100
86	12000	19500
87	22800	30300
88	8400	15900
89	6600	30300
90	22800	30300
91	6600	30300
92	19200	26700
93	19200	26700
94	19200	26700
95	4800	12300
96	4800	12300
97	15600	23100
98	22800	30300
99	6600	30300
100	22800	30300
101	6600	30300
102	6600	30300
103	19200	26700
104	15600	23100
105	15600	23100
106	19200	26100
107	4800	12300
108	6600	30300
109	12000	19500
110	4800	11700
111	6600	30300
112	22800	30300
113	15600	23100
114	12000	19500
115	19200	26700
116	6600	30300
117	15600	23100
118	19200	26700
119	22800	30300
120	6600	30300
121	4800	12300
122	4800	12300
123	4800	12300
124	8400	15900
125	6600	30300
126	4800	12300
127	22800	30300
128	12000	19500
129	15600	23100
130	6600	29700
131	6600	30300
132	19200	26100
133	8400	15900
134	22800	30300
135	6600	30300
136	4800	12300
137	12000	19500
138	6600	30300
139	15600	23100
140	8400	15900
141	12000	19500
142	12000	19500
143	4800	12300
144	15600	23100
145	15600	23100
146	12000	18900
147	6600	30300
148	6600	30300
149	8400	15900
150	6600	30300
151	12000	19500
152	4800	11700
153	6600	30300
154	15600	23100
155	15600	23100
156	15600	22500
157	15600	23100
158	8400	15900
159	15600	23100
160	15600	23100
161	4800	11700
162	6600	30300
163	12000	19500
164	12000	19500
165	8400	15900
166	15600	23100
167	15600	23100
168	22800	30300
169	22800	30300
170	12000	19500
171	6600	30300
172	22800	30300
173	15600	23100
174	12000	19500
175	19200	26700
176	22800	30300
177	8400	15900
178	6600	30300
179	6600	30300
180	19200	26700
181	8400	15900
182	15600	23100
183	22800	30300
184	12000	19500
185	8400	15900
186	12000	19500
187	22800	30300
188	12000	19500
189	19200	26700
190	8400	15900
191	15600	23100
192	4800	12300
193	8400	15900
194	15600	23100
195	8400	15900
196	4800	12300
197	4800	12300
198	15600	23100
199	22800	30300
200	19200	26700
201	6600	30300
202	8400	15900
203	6600	29700
204	12000	19500
205	15600	23100
206	22800	30300
207	12000	19500
208	12000	19500
209	6600	30300
210	6600	30300
211	8400	15900
212	6600	30300
213	15600	23100
214	4800	12300
215	22800	30300
216	15600	23100
217	4800	12300
218	4800	12300
219	4800	12300
220	8400	15900
221	19200	26700
222	15600	23100
223	8400	15900
224	8400	15900
225	15600	23100
226	22800	30300
227	6600	30300
228	8400	15900
229	12000	19500
230	15600	23100
231	4800	12300
232	19200	26700
233	4800	12300
234	12000	19500
235	22800	30300
236	12000	19500
237	8400	15900
238	15600	23100
239	6600	30300
240	19200	26700
241	6600	30300
242	15600	23100
243	8400	15900
244	4800	12300
245	8400	15900
246	22800	29700
247	19200	26700
248	15600	23100
249	22800	30300
250	8400	15900
251	19200	26700
252	22800	30300
253	4800	12300
254	6600	30300
255	12000	19500
256	4800	12300
257	19200	26700
258	22800	30300
259	19200	26700
260	4800	12300
261	8400	15900
262	22800	30300
263	19200	26700
264	12000	19500
265	8400	15900
266	15600	23100
267	22800	30300
268	12000	19500
269	8400	15900
270	8400	15900
271	12000	19500
272	6600	30300
273	12000	19500
274	6600	30300
275	22800	29700
276	8400	15900
277	4800	12300
278	19200	26700
279	4800	12300
280	19200	26700
281	6600	30300
282	12000	19500
283	4800	12300
284	4800	12300
285	19200	26700
286	8400	15900
287	22800	30300
288	4800	12300
289	8400	15900
290	6600	30300
291	6600	29700
292	6600	30300
293	19200	26700
294	15600	23100
295	6600	30300
296	22800	29700
297	6600	30300
298	19200	26700
299	19200	26700
300	15600	23100
301	8400	15900
302	15600	23100
303	4800	12300
304	6600	30300
305	22800	30300
306	19200	26700
307	6600	30300
308	22800	30300
309	4800	12300
310	4800	12300
311	15600	23100
312	6600	30300
313	19200	26700
314	4800	12300
315	15600	23100
316	22800	30300
317	19200	26700
318	4800	12300
319	19200	26700
320	4800	12300
321	12000	19500
322	15600	23100
323	6600	30300
324	4800	12300
325	22800	30300
326	15600	23100
327	12000	19500
328	19200	26700
329	22800	30300
330	4800	12300
331	15600	23100
332	6600	30300
333	6600	30300
334	4800	12300
335	19200	26700
336	15600	22500
337	12000	19500
338	8400	15900
339	19200	26700
340	6600	30300
341	22800	30300
342	6600	30300
343	4800	12300
344	12000	18900
345	22800	30300
346	8400	15300
347	6600	30300
348	22800	30300
349	22800	30300
350	4800	12300
351	4800	12300
352	22800	30300
353	6600	30300
354	22800	30300
355	15600	23100
356	15600	23100
357	4800	12300
358	12000	19500
359	8400	15900
360	8400	15900
361	22800	30300
362	12000	19500
363	8400	15900
364	4800	12300
365	12000	19500
366	22800	30300
367	6600	30300
368	22800	30300
369	22800	30300
370	22800	29700
371	4800	12300
372	6600	30300
373	15600	23100
374	19200	26700
375	22800	30300
376	12000	19500
377	8400	15900
378	8400	15300
379	6600	30300
380	12000	19500
381	15600	23100
382	19200	26700
383	19200	26700
384	19200	26700
385	15600	23100
386	6600	30300
387	12000	19500
388	22800	30300
389	15600	23100
390	8400	15900
391	8400	15900
392	6600	30300
393	6600	30300
394	12000	19500
395	19200	26700
396	22800	30300
397	6600	30300
398	15600	23100
399	6600	30300
400	6600	30300
401	19200	26700
402	22800	30300
403	15600	22500
404	22800	29700
405	15600	23100
406	12000	19500
407	8400	15900
408	12000	19500
409	15600	23100
410	22800	30300
411	19200	26700
412	12000	19500
413	12000	19500
414	12000	19500
415	19200	26700
416	4800	12300
417	6600	30300
418	15600	23100
419	19200	26100
420	4800	12300
421	19200	26700
422	15600	23100
423	12000	19500
424	12000	19500
425	22800	30300
426	6600	30300
427	15600	23100
428	8400	15900
429	6600	30300
430	6600	30300
431	12000	19500
432	8400	15900
433	6600	30300
434	6600	30300
435	15600	23100
436	15600	23100
437	22800	30300
438	19200	26700
439	12000	19500
440	12000	19500
441	12000	19500
442	12000	19500
443	6600	30300
444	22800	30300
445	6600	30300
446	6600	29700
447	19200	26700
448	8400	15900
449	12000	19500
450	8400	15900
451	6600	30300
452	8400	15900
453	22800	30300
454	19200	26700
455	15600	23100
456	6600	29700
457	6600	30300
458	22800	30300
459	22800	30300
460	19200	26700
461	8400	15900
462	8400	15900
463	12000	19500
464	22800	30300
465	4800	12300
466	6600	30300
467	19200	26700
468	8400	15900
469	22800	30300
470	19200	26700
471	8400	15900
472	12000	19500
473	6600	30300
474	15600	23100
475	6600	30300
476	12000	19500
477	22800	30300
478	6600	29700
479	19200	26700
480	22800	30300
481	22800	30300
482	15600	23100
483	12000	19500
484	19200	26700
485	6600	30300
486	22800	30300
487	15600	23100
488	15600	23100
489	8400	15900
490	15600	23100
491	12000	19500
492	12000	19500
493	8400	15900
494	12000	19500
495	22800	30300
496	12000	19500
497	15600	23100
498	8400	15300
499	12000	19500
500	12000	19500
501	15600	23100
502	19200	26040
503	12000	19500
504	8400	15900
505	22800	30300
506	15600	23100
507	6600	29700
508	12000	19500
509	8400	15900
510	15600	23100
511	12000	19500
512	22800	30300
513	19200	26700
514	6600	30300
515	12000	19500
516	8400	15900
517	19200	26700
518	19200	26700
519	12000	19500
520	12000	19500
521	22800	30300
522	19200	26700
523	6600	30300
524	22800	30300
525	15600	23100
526	8400	15900
527	6600	30300
528	8400	15900
529	22800	29700
530	12000	19500
531	6600	30300
532	15600	23100
533	15600	23100
534	15600	23100
535	6600	30300
536	22800	30300
537	15600	23100
538	15600	23100
539	22800	30300
540	8400	15900
541	12000	19500
542	12000	19500
543	22800	30300
544	8400	15300
545	8400	15900
546	12000	19500
547	22800	30300
548	6600	30300
549	19200	26700
550	6600	30300
551	6600	30300
552	8400	15900
553	8400	15900
554	22800	30300
555	12000	19500
556	19200	26700
557	8400	15300
558	8400	15900
559	22800	30300
560	8400	15300
561	19200	26700
562	8400	15900
563	19200	26700
564	22800	30300
565	15600	23100
566	19200	26700
567	8400	15900
568	19200	26700
569	19200	26700
570	15600	23100
571	15600	23100
572	19200	26700
573	15600	23100
574	15600	23100
575	8400	15300
576	12000	19500
577	12000	19500
578	19200	26700
579	8400	15900
580	6600	30300
581	15600	23100
582	22800	30300
583	6600	30300
584	22800	30300
585	6600	29700
586	22800	30300
587	19200	26700
588	6600	30300
589	6600	29700
590	15600	23100
591	12000	19500
592	15600	23100
593	12000	19500
594	19200	26700
595	6600	30300
596	19200	26700
597	22800	30300
598	6600	30300
599	6600	30300
600	15600	23100
601	19200	26700
602	15600	23100
603	22800	30300
604	19200	26700
605	15600	23100
606	19200	26700
607	15600	23100
608	12000	19500
609	19200	26700
610	19200	26700
611	22800	30300
612	19200	26700
613	6600	30300
614	19200	26100
615	6600	30300
616	6600	30300
617	22800	30300
618	15600	23100
619	15600	23100
620	15600	22500
621	19200	26700
622	15600	23100
623	8400	15900
624	22800	30300
625	6600	30300
626	19200	26100
627	22800	30300
628	12000	19500
629	12000	19500
630	15600	23100
631	12000	19500
632	15600	23100
633	22800	30300
634	15600	23100
635	6600	30300
636	6600	29700
637	22800	30300
638	15600	23100
639	15600	23100
640	15600	23100
641	6600	30300
642	22800	30300
643	15600	23100
644	22800	30300
645	12000	18900
646	19200	26700
647	6600	30300
648	8400	15900
649	12000	19500
650	12000	19500
651	15600	23100
652	22800	30300
653	19200	26700
654	6600	30300
655	22800	30300
656	6600	30300
657	22800	30300
658	15600	23100
659	22800	30300
660	19200	26700
661	22800	30300
662	15600	23100
663	15600	23100
664	22800	30300
665	19200	26700
666	22800	30300
667	15600	23100
668	6600	30300
669	6600	30300
670	22800	30300
671	19200	26700
672	19200	26700
673	22800	30300
674	19200	26700
675	22800	30300
676	15600	23100
677	15600	23100
678	12000	19500
679	19200	26700
680	15600	23100
681	12000	19500
682	15600	23100
683	6600	30300
684	15600	23100
685	19200	26700
686	22800	30300
687	22800	30300
688	22800	29700
689	6600	30300
690	6600	30300
691	22800	30300
692	12000	19500
693	22800	30300
694	19200	26700
695	15600	23100
696	12000	19500
697	12000	19500
698	12000	19500
699	22800	30300
700	6600	30300
701	6600	30300
702	6600	30300
703	19200	26700
704	22800	30300
705	22800	30300
706	6600	30300
707	6600	30300
708	15600	23100
709	6600	29700
710	12000	19500
711	15600	23100
712	6600	30300
713	22800	30300
714	22800	29700
715	6600	30300
716	19200	26700
717	6600	30300
718	22800	30300
719	12000	19500
720	6600	29700
721	22800	30300
722	6600	30300
723	6600	30300
724	6600	30300
725	15600	23100
726	19200	26700
727	22800	30300
728	19200	26700
729	19200	26700
730	19200	26700
731	12000	19500
732	15600	23100
733	15600	23100
734	15600	23100
735	15600	23100
736	6600	30300
737	6600	30300
738	15600	23100
739	19200	26700
740	6600	30300
741	22800	29700
742	6600	30300
743	15600	23100
744	12000	19500
745	6600	30300
746	15600	23100
747	15600	23100
748	15600	23100
749	15600	23100
750	15600	23100
751	22800	30300
752	15600	23100
753	12000	19500
754	6600	30300
755	15600	22500
756	22800	30300
757	22800	30300
758	22800	30300
759	15600	23100
760	15600	23100
761	6600	30300
762	19200	26700
763	6600	30300
764	19200	26700
765	19200	26700
766	19200	26700
767	6600	30300
768	6600	30300
769	19200	26700
770	15600	23100
771	6600	30300
772	6600	30300
773	19200	26700
774	15600	23100
775	6600	30300
776	12000	19500
777	19200	26700
778	22800	30300
779	22800	30300
780	6600	30300
781	15600	23100
782	15600	23100
783	6600	30300
784	19200	26700
785	22800	30300
786	19200	26700
787	12000	19500
788	19200	26700
789	6600	30300
790	6600	30300
791	15600	23100
792	22800	30300
793	6600	29700
794	22800	30300
795	15600	23100
796	15600	23100
797	15600	22500
798	6600	30300
799	19200	26700
800	6600	29700
801	6600	30300
802	15600	23100
803	6600	29700
804	19200	26700
805	6600	30300
806	22800	30300
807	15600	23100
808	22800	30300
809	22800	30300
810	22800	30300
811	15600	23100
812	15600	23100
813	15600	23100
814	22800	30300
815	6600	30300
816	15600	23100
817	15600	23100
818	22800	30300
819	15600	23100
820	15600	23100
821	22800	30300
822	19200	26700
823	22800	30300
824	15600	23100
825	19200	26700
826	15600	23100
827	15600	23100
828	19200	26700
829	19200	26700
830	15600	23100
831	19200	26700
832	6600	30300
833	22800	30300
834	22800	30300
835	6600	30300
836	19200	26700
837	22800	30300
838	19200	26100
839	19200	26700
840	15600	23100
841	15600	23100
842	19200	26700
843	22800	30300
844	22800	30300
845	22800	30300
846	19200	26700
847	19200	26700
848	22800	30300
849	19200	26700
850	19200	26700
851	15600	23100
852	6600	30300
853	22800	30300
854	15600	23100
855	6600	30300
856	6600	30300
857	15600	23100
858	19200	26700
859	22800	30300
860	15600	23100
861	19200	26700
862	22800	30300
863	15600	23100
864	19200	26700
865	22800	30300
866	19200	26700
867	6600	30300
868	22800	30300
869	22800	30300
870	19200	26700
871	22800	30300
872	6600	30300
873	22800	30300
874	22800	30300
875	22800	30300
876	19200	26700
877	19200	26700
878	22800	30300
879	22800	30300
880	22800	30300
881	6600	30300
882	19200	26700
883	19200	26700
884	6600	30300
885	6600	30300
886	19200	26700
887	6600	30300
888	22800	30300
889	22800	29700
890	19200	26700
891	19200	26700
892	6600	30300
893	19200	26700
894	22800	30300
895	22800	30300
896	19200	26700
897	19200	26700
898	15600	23100
899	6600	30300
900	19200	26700
901	19200	26700
902	6600	30300
903	6600	30300
904	19200	26700
905	6600	30300
906	22800	30300
907	22800	30300
908	19200	26700
909	6600	30300
910	6600	30300
911	22800	30300
912	22800	30300
913	22800	30300
914	6600	30300
915	6600	30300
916	6600	30300
917	6600	30300
918	6600	30300
919	15600	23100
920	6600	30300
921	6600	30300
922	15600	23100
923	6600	30300
924	6600	30300
925	6600	29700
926	19200	26700
927	22800	30300
RELEASE_TIME_SECTION
1	0
2	3600
3	3600
4	3600
5	3600
6	3600
7	3600
8	3600
9	3600
10	3600
11	3600
12	3600
13	3600
14	3600
15	3600
16	3600
17	3600
18	3600
19	3600
20	3600
21	3600
22	3600
23	3600
24	3600
25	3600
26	3600
27	3600
28	3600
29	3600
30	3600
31	3600
32	3600
33	3600
34	3600
35	3600
36	3600
37	3600
38	3600
39	3600
40	3600
41	3600
42	3600
43	3600
44	3600
45	3600
46	3600
47	3600
48	3600
49	3600
50	3600
51	3600
52	3600
53	3600
54	3600
55	3600
56	3600
57	3600
58	3600
59	3600
60	3600
61	3600
62	3600
63	3600
64	3600
65	3600
66	3600
67	3600
68	3600
69	3600
70	3600
71	3600
72	3600
73	3600
74	3600
75	3600
76	3600
77	3600
78	3600
79	3600
80	3600
81	3600
82	3600
83	3600
84	3600
85	3600
86	3600
87	3600
88	3600
89	3600
90	3600
91	3600
92	3600
93	3600
94	3600
95	3600
96	3600
97	3600
98	3600
99	3600
100	3600
101	3600
102	5400
103	5400
104	5400
105	5400
106	5400
107	5400
108	5400
109	5400
110	5400
111	5400
112	5400
113	5400
114	5400
115	5400
116	5400
117	5400
118	5400
119	5400
120	5400
121	5400
122	5400
123	5400
124	5400
125	5400
126	5400
127	5400
128	5400
129	5400
130	5400
131	5400
132	5400
133	5400
134	5400
135	5400
136	5400
137	5400
138	5400
139	5400
140	5400
141	5400
142	5400
143	5400
144	5400
145	5400
146	5400
147	5400
148	5400
149	5400
150	5400
151	5400
152	5400
153	5400
154	5400
155	5400
156	5400
157	5400
158	5400
159	5400
160	5400
161	5400
162	5400
163	5400
164	5400
165	5400
166	5400
167	5400
168	5400
169	5400
170	5400
171	5400
172	5400
173	5400
174	5400
175	5400
176	5400
177	5400
178	5400
179	5400
180	5400
181	5400
182	5400
183	5400
184	5400
185	5400
186	5400
187	5400
188	5400
189	5400
190	5400
191	5400
192	5400
193	5400
194	5400
195	5400
196	5400
197	5400
198	5400
199	5400
200	5400
201	5400
202	7200
203	7200
204	7200
205	7200
206	7200
207	7200
208	7200
209	7200
210	7200
211	7200
212	7200
213	7200
214	7200
215	7200
216	7200
217	7200
218	7200
219	7200
220	7200
221	7200
222	7200
223	7200
224	7200
225	7200
226	7200
227	7200
228	7200
229	7200
230	7200
231	7200
232	7200
233	7200
234	7200
235	7200
236	7200
237	7200
238	7200
239	7200
240	7200
241	7200
242	7200
243	7200
244	7200
245	7200
246	7200
247	7200
248	7200
249	7200
250	7200
251	7200
252	7200
253	7200
254	7200
255	7200
256	7200
257	7200
258	7200
259	7200
260	7200
261	7200
262	7200
263	7200
264	7200
265	7200
266	7200
267	7200
268	7200
269	7200
270	7200
271	7200
272	7200
273	7200
274	7200
275	7200
276	7200
277	7200
278	7200
279	7200
280	7200
281	7200
282	7200
283	7200
284	7200
285	7200
286	7200
287	7200
288	7200
289	7200
290	7200
291	7200
292	7200
293	7200
294	7200
295	7200
296	7200
297	7200
298	7200
299	7200
300	7200
301	7200
302	9000
303	9000
304	9000
305	9000
306	9000
307	9000
308	9000
309	9000
310	9000
311	9000
312	9000
313	9000
314	9000
315	9000
316	9000
317	9000
318	9000
319	9000
320	9000
321	9000
322	9000
323	9000
324	9000
325	9000
326	9000
327	9000
328	9000
329	9000
330	9000
331	9000
332	9000
333	9000
334	9000
335	9000
336	9000
337	9000
338	9000
339	9000
340	9000
341	9000
342	9000
343	9000
344	9000
345	9000
346	9000
347	9000
348	9000
349	9000
350	9000
351	9000
352	9000
353	9000
354	9000
355	9000
356	9000
357	9000
358	9000
359	9000
360	9000
361	9000
362	9000
363	9000
364	9000
365	9000
366	9000
367	9000
368	9000
369	9000
370	9000
371	9000
372	9000
373	9000
374	9000
375	9000
376	9000
377	9000
378	9000
379	9000
380	9000
381	9000
382	9000
383	9000
384	9000
385	9000
386	9000
387	9000
388	9000
389	9000
390	9000
391	9000
392	9000
393	9000
394	9000
395	9000
396	9000
397	9000
398	9000
399	9000
400	9000
401	9000
402	10800
403	10800
404	10800
405	10800
406	10800
407	10800
408	10800
409	10800
410	10800
411	10800
412	10800
413	10800
414	10800
415	10800
416	10800
417	10800
418	10800
419	10800
420	10800
421	10800
422	10800
423	10800
424	10800
425	10800
426	10800
427	10800
428	10800
429	10800
430	10800
431	10800
432	10800
433	10800
434	10800
435	10800
436	10800
437	10800
438	10800
439	10800
440	10800
441	10800
442	10800
443	10800
444	10800
445	10800
446	10800
447	10800
448	10800
449	10800
450	10800
451	10800
452	10800
453	10800
454	10800
455	10800
456	10800
457	10800
458	10800
459	10800
460	10800
461	10800
462	10800
463	10800
464	10800
465	10800
466	10800
467	10800
468	10800
469	10800
470	10800
471	10800
472	10800
473	10800
474	10800
475	10800
476	10800
477	10800
478	10800
479	10800
480	10800
481	10800
482	10800
483	10800
484	10800
485	10800
486	10800
487	10800
488	10800
489	10800
490	10800
491	12600
492	12600
493	12600
494	12600
495	12600
496	12600
497	12600
498	12600
499	12600
500	12600
501	12600
502	12600
503	12600
504	12600
505	12600
506	12600
507	12600
508	12600
509	12600
510	12600
511	12600
512	12600
513	12600
514	12600
515	12600
516	12600
517	12600
518	12600
519	12600
520	12600
521	12600
522	12600
523	12600
524	12600
525	12600
526	12600
527	12600
528	12600
529	12600
530	12600
531	12600
532	12600
533	12600
534	12600
535	12600
536	12600
537	12600
538	12600
539	12600
540	12600
541	12600
542	12600
543	12600
544	12600
545	12600
546	12600
547	12600
548	12600
549	12600
550	12600
551	12600
552	12600
553	12600
554	12600
555	12600
556	12600
557	12600
558	12600
559	12600
560	12600
561	12600
562	12600
563	12600
564	12600
565	12600
566	12600
567	12600
568	12600
569	12600
570	12600
571	12600
572	12600
573	12600
574	12600
575	12600
576	12600
577	12600
578	12600
579	12600
580	12600
581	12600
582	12600
583	14400
584	14400
585	14400
586	14400
587	14400
588	14400
589	14400
590	14400
591	14400
592	14400
593	14400
594	14400
595	14400
596	14400
597	14400
598	14400
599	14400
600	14400
601	14400
602	14400
603	14400
604	14400
605	14400
606	14400
607	14400
608	14400
609	14400
610	14400
611	14400
612	14400
613	14400
614	14400
615	14400
616	14400
617	14400
618	14400
619	14400
620	14400
621	14400
622	14400
623	14400
624	14400
625	14400
626	14400
627	14400
628	14400
629	14400
630	14400
631	14400
632	14400
633	14400
634	14400
635	14400
636	14400
637	14400
638	14400
639	14400
640	14400
641	14400
642	14400
643	14400
644	14400
645	14400
646	14400
647	14400
648	14400
649	14400
650	14400
651	14400
652	14400
653	14400
654	14400
655	14400
656	14400
657	14400
658	14400
659	14400
660	14400
661	14400
662	14400
663	14400
664	14400
665	14400
666	14400
667	14400
668	14400
669	16200
670	16200
671	16200
672	16200
673	16200
674	16200
675	16200
676	16200
677	16200
678	16200
679	16200
680	16200
681	16200
682	16200
683	16200
684	16200
685	16200
686	16200
687	16200
688	16200
689	16200
690	16200
691	16200
692	16200
693	16200
694	16200
695	16200
696	16200
697	16200
698	16200
699	16200
700	16200
701	16200
702	16200
703	16200
704	16200
705	16200
706	16200
707	16200
708	16200
709	16200
710	16200
711	16200
712	16200
713	16200
714	16200
715	16200
716	16200
717	16200
718	16200
719	16200
720	16200
721	16200
722	16200
723	16200
724	16200
725	16200
726	16200
727	16200
728	16200
729	16200
730	16200
731	16200
732	16200
733	16200
734	16200
735	16200
736	16200
737	16200
738	16200
739	16200
740	16200
741	16200
742	16200
743	16200
744	16200
745	18000
746	18000
747	18000
748	18000
749	18000
750	18000
751	18000
752	18000
753	18000
754	18000
755	18000
756	18000
757	18000
758	18000
759	18000
760	18000
761	18000
762	18000
763	18000
764	18000
765	18000
766	18000
767	18000
768	18000
769	18000
770	18000
771	18000
772	18000
773	18000
774	18000
775	18000
776	18000
777	18000
778	18000
779	18000
780	18000
781	18000
782	18000
783	18000
784	18000
785	18000
786	18000
787	18000
788	18000
789	18000
790	18000
791	18000
792	18000
793	18000
794	18000
795	18000
796	18000
797	18000
798	18000
799	18000
800	18000
801	18000
802	18000
803	18000
804	18000
805	18000
806	18000
807	18000
808	18000
809	18000
810	18000
811	18000
812	18000
813	18000
814	18000
815	18000
816	18000
817	18000
818	19800
819	19800
820	19800
821	19800
822	19800
823	19800
824	19800
825	19800
826	19800
827	19800
828	19800
829	19800
830	19800
831	19800
832	19800
833	19800
834	19800
835	19800
836	19800
837	19800
838	19800
839	19800
840	19800
841	19800
842	19800
843	19800
844	19800
845	19800
846	19800
847	19800
848	19800
849	19800
850	19800
851	19800
852	19800
853	19800
854	19800
855	19800
856	19800
857	19800
858	19800
859	19800
860	19800
861	19800
862	19800
863	19800
864	19800
865	19800
866	19800
867	19800
868	19800
869	19800
870	19800
871	19800
872	21600
873	21600
874	21600
875	21600
876	21600
877	21600
878	21600
879	21600
880	21600
881	21600
882	21600
883	21600
884	21600
885	21600
886	21600
887	21600
888	21600
889	21600
890	21600
891	21600
892	21600
893	21600
894	21600
895	21600
896	21600
897	21600
898	21600
899	21600
900	21600
901	21600
902	21600
903	21600
904	21600
905	21600
906	21600
907	21600
908	21600
909	21600
910	21600
911	21600
912	21600
913	21600
914	21600
915	21600
916	21600
917	21600
918	21600
919	21600
920	21600
921	21600
922	21600
923	21600
924	21600
925	21600
926	21600
927	21600
EOF
