NAME : ORTEC-VRPTW-ASYM-8dfa33df-d1-n967
TYPE : VRPTW-RT
DIMENSION : 968
EDGE_WEIGHT_TYPE : EUC_2D
CAPACITY : 145
NODE_COORD_SECTION
1	541	3349
2	1608	3524
3	2808	2881
4	1797	2981
5	1351	3576
6	523	4945
7	1165	4625
8	1118	4748
9	961	3748
10	940	3572
11	1907	3409
12	976	4628
13	662	3801
14	680	4153
15	1063	3743
16	1798	3894
17	407	4757
18	2670	2926
19	2148	2919
20	2809	2848
21	1373	4570
22	250	4529
23	1862	3329
24	1585	3207
25	2907	2769
26	715	3733
27	861	3901
28	747	4111
29	1952	3711
30	1694	3379
31	407	4757
32	759	4143
33	940	3572
34	2167	3426
35	1625	3526
36	625	4203
37	3118	2763
38	437	4746
39	2756	3027
40	109	4725
41	2968	3004
42	3032	2876
43	2263	3476
44	1221	4645
45	2555	3705
46	1176	4616
47	2423	2979
48	2734	2892
49	159	4451
50	351	4437
51	665	4269
52	1694	3379
53	462	4588
54	3328	3028
55	197	4496
56	1738	3307
57	2125	2903
58	2532	3749
59	2666	2976
60	1147	4043
61	976	4628
62	2109	3294
63	1567	3112
64	1189	4736
65	607	4677
66	2191	3354
67	1462	3639
68	2055	3152
69	257	4348
70	759	4143
71	2734	2892
72	469	4097
73	2463	2756
74	2968	3004
75	437	4800
76	2608	2982
77	1529	4501
78	2138	3663
79	1373	4570
80	1742	3057
81	2866	2974
82	1585	3207
83	1395	4544
84	3094	2693
85	1963	2782
86	2608	2982
87	1992	2971
88	680	4153
89	2990	2730
90	1561	3576
91	1816	2931
92	852	4006
93	2989	3213
94	2953	2772
95	897	4011
96	1518	3216
97	3111	2749
98	2103	3069
99	921	3738
100	469	4097
101	2038	3226
102	1855	3741
103	2812	2860
104	944	4093
105	2857	2764
106	2537	3580
107	1585	3207
108	1685	4467
109	2186	3858
110	800	3928
111	2055	3152
112	1953	3545
113	2556	2899
114	1599	4675
115	1910	3805
116	1322	4702
117	2138	3663
118	1842	2964
119	2620	2869
120	2778	2980
121	2861	2988
122	2090	2967
123	1429	3813
124	1559	3150
125	607	4677
126	985	3945
127	2074	3316
128	766	4060
129	3178	2891
130	1351	3576
131	1322	4702
132	2812	2860
133	715	3733
134	2125	2903
135	2088	3392
136	1648	3981
137	284	4720
138	2294	2953
139	662	3801
140	1462	3639
141	1824	3316
142	1931	3579
143	2922	3033
144	250	4529
145	685	4260
146	1992	2971
147	1118	4748
148	1104	4729
149	2138	3663
150	1336	3541
151	1985	3413
152	1585	3207
153	2670	2926
154	1944	3388
155	375	4830
156	1165	4625
157	2301	3262
158	373	4517
159	1585	3207
160	2866	2974
161	2812	2860
162	767	4320
163	635	4703
164	2022	3355
165	1503	3326
166	2861	2988
167	1558	3768
168	1567	3112
169	1973	3274
170	1605	3953
171	1126	4771
172	1331	3655
173	2055	3152
174	2953	2772
175	1080	4696
176	747	3870
177	2164	3180
178	2503	3420
179	348	4767
180	3075	2690
181	906	3996
182	680	4153
183	2865	2591
184	3094	2693
185	1910	3805
186	1356	4627
187	1795	3458
188	159	4451
189	109	4725
190	2038	3226
191	1907	3409
192	1958	3017
193	2556	2899
194	1694	3379
195	2813	2898
196	437	4800
197	662	3801
198	1605	3665
199	695	4223
200	704	4855
201	2038	3226
202	1953	3545
203	2852	2632
204	571	4890
205	2964	3223
206	0	4505
207	1284	3294
208	1088	4707
209	1221	4645
210	1373	4570
211	1963	2782
212	1742	3057
213	906	3996
214	2109	3294
215	2953	2772
216	1432	3323
217	1545	3805
218	375	4830
219	2448	3025
220	373	4656
221	122	4345
222	2172	3254
223	1703	3730
224	729	4000
225	2608	2982
226	861	3901
227	2125	2903
228	126	4782
229	1874	3058
230	2423	2979
231	0	4505
232	968	3942
233	2059	3248
234	2554	3217
235	1618	3400
236	767	4320
237	1529	4501
238	1963	2801
239	2670	2926
240	2535	2838
241	376	5009
242	1284	3294
243	2438	2938
244	1944	3388
245	897	4011
246	1351	3576
247	1618	3400
248	2857	2764
249	2448	2886
250	1126	3826
251	2055	3152
252	680	4153
253	1873	3026
254	2022	3355
255	1585	3207
256	2011	2737
257	1561	3576
258	2038	3226
259	767	4320
260	1559	4322
261	3111	2749
262	940	3572
263	3144	2817
264	2933	2769
265	665	4269
266	1656	3417
267	931	4124
268	2812	2860
269	122	4345
270	1636	3439
271	811	3804
272	1879	3198
273	2440	2732
274	1685	4467
275	3328	3028
276	729	4000
277	2467	3568
278	1503	3326
279	1648	3981
280	680	4153
281	337	4840
282	1688	3432
283	337	4840
284	940	3572
285	1080	4696
286	1432	3323
287	1798	3894
288	2263	3476
289	1585	3207
290	1559	4322
291	1742	3057
292	1322	4702
293	2109	3294
294	2088	3392
295	437	4800
296	1618	3400
297	2832	2859
298	3178	2891
299	351	4437
300	2812	2860
301	2410	3797
302	1835	3254
303	1176	4616
304	708	4602
305	257	4348
306	1910	3805
307	1338	3065
308	685	4260
309	1709	3207
310	1518	3216
311	1567	3112
312	2489	3794
313	122	4345
314	607	4677
315	1901	3830
316	0	4505
317	2423	2979
318	2109	3294
319	1176	4616
320	749	4774
321	2440	3298
322	2968	3004
323	593	4052
324	2532	3749
325	1373	4570
326	1119	4765
327	1104	4729
328	3109	2743
329	309	4777
330	3111	2749
331	1985	3413
332	469	4097
333	1147	4043
334	766	4060
335	1874	3058
336	1648	3981
337	1656	3417
338	1088	4707
339	1331	3655
340	1893	3213
341	1201	4023
342	2423	2979
343	1204	3912
344	3109	2743
345	87	4455
346	1462	3639
347	523	4945
348	593	4052
349	2532	3749
350	1893	3213
351	889	3803
352	2301	3262
353	633	4900
354	1945	2963
355	376	5009
356	662	3801
357	2922	3033
358	1931	3579
359	1871	3264
360	2103	3069
361	1636	3558
362	2670	2926
363	2964	3223
364	351	4437
365	2022	3355
366	2821	3007
367	2865	2591
368	1605	3665
369	1201	4023
370	685	4260
371	811	3804
372	2251	3577
373	1798	3894
374	3182	2891
375	2674	2649
376	375	4830
377	1714	3387
378	811	3804
379	1949	4395
380	1992	2971
381	1738	3307
382	2125	3253
383	1883	2970
384	2840	2707
385	2191	3354
386	1499	4475
387	2556	2899
388	1326	3527
389	1879	3198
390	715	3733
391	2857	2764
392	1147	4043
393	2090	2967
394	1945	2963
395	469	4097
396	1944	3388
397	861	3901
398	1558	3768
399	1835	3254
400	2852	2632
401	2186	3858
402	2164	3180
403	1567	3112
404	2620	2869
405	1429	3813
406	1118	4748
407	1558	3768
408	2532	3749
409	1648	3981
410	1648	3981
411	1395	4544
412	1958	3017
413	2813	2898
414	625	4203
415	2596	2919
416	708	4602
417	284	4720
418	1907	3409
419	1783	3657
420	1805	4396
421	961	3748
422	1545	3805
423	2886	3175
424	2440	3298
425	2123	2788
426	2164	3180
427	2965	3173
428	1007	4021
429	2167	3368
430	2448	2886
431	784	3923
432	1201	4023
433	1605	3665
434	2537	3580
435	1874	3058
436	2103	3069
437	622	4679
438	2448	2886
439	2125	3253
440	586	4651
441	1842	2964
442	1336	3541
443	2131	3068
444	1104	4729
445	1503	3326
446	685	4260
447	2721	2916
448	3071	3084
449	1503	3326
450	859	3761
451	1978	3213
452	1651	3656
453	2554	3217
454	897	4011
455	1782	4000
456	2596	2919
457	2715	3123
458	708	4602
459	961	3748
460	2884	3299
461	2131	3068
462	633	4900
463	1724	4029
464	593	4052
465	109	4725
466	1605	3953
467	2318	2923
468	1694	3379
469	1958	3017
470	87	4455
471	1702	3188
472	1356	4627
473	2808	2881
474	2164	3180
475	1331	3655
476	2440	3298
477	1063	3743
478	1871	3264
479	2123	2788
480	375	4830
481	1734	3527
482	1656	3417
483	1896	2896
484	2114	3326
485	2172	3254
486	2858	2713
487	859	3761
488	2131	3068
489	2556	2899
490	1724	4029
491	2193	3436
492	407	4757
493	2077	3421
494	1063	3743
495	387	4492
496	3182	2891
497	1441	3630
498	387	4492
499	159	4451
500	695	4223
501	1598	4517
502	1165	4625
503	2186	3858
504	747	4111
505	373	4517
506	2865	2591
507	2861	2988
508	1118	4748
509	528	4934
510	2922	3033
511	1150	3968
512	2721	2916
513	1907	3409
514	1284	3294
515	1503	3326
516	1798	3894
517	284	4720
518	1702	3188
519	662	3801
520	3178	2891
521	625	4203
522	1204	3912
523	1119	4765
524	2339	3245
525	1734	3527
526	2109	3294
527	3109	2743
528	1816	2931
529	1462	3639
530	1882	3488
531	1901	3830
532	3075	2690
533	537	4257
534	2907	2769
535	2440	2732
536	2865	2591
537	665	4269
538	1558	3768
539	2191	3354
540	3075	2690
541	680	4153
542	2532	3749
543	351	4437
544	1648	3981
545	523	4945
546	2809	2848
547	968	3942
548	1647	3497
549	1462	3639
550	2821	3007
551	1165	4625
552	2448	2886
553	2857	2764
554	2167	3368
555	2167	3426
556	423	4961
557	2123	2788
558	2666	2976
559	944	4093
560	624	4060
561	593	4052
562	1605	3953
563	87	4455
564	827	4145
565	767	4320
566	2734	2834
567	284	4720
568	523	4945
569	2840	2707
570	1432	3323
571	2167	3426
572	1189	4736
573	2090	2967
574	593	4052
575	2438	2938
576	1063	3743
577	976	4628
578	2423	2979
579	1688	3432
580	2556	2899
581	1559	4322
582	662	3801
583	3111	2749
584	1120	4717
585	2186	3357
586	704	4855
587	3118	2763
588	2191	3354
589	1709	3207
590	309	4777
591	1977	3323
592	976	4628
593	2167	3368
594	2844	3124
595	747	4111
596	518	4712
597	2556	2899
598	1703	3730
599	523	4945
600	2301	3262
601	523	4945
602	2812	2860
603	1772	3275
604	1101	4723
605	1351	3576
606	2990	2730
607	87	4455
608	931	4124
609	906	3996
610	784	3923
611	2294	2953
612	2038	3226
613	2450	3733
614	2858	2713
615	87	4455
616	3111	2749
617	3118	2763
618	2857	2764
619	2138	3663
620	370	4769
621	1952	3711
622	1204	3912
623	2745	2566
624	1975	3515
625	1688	3432
626	109	4725
627	2812	2860
628	1080	4696
629	2953	2772
630	1351	3576
631	1084	4843
632	1165	4625
633	197	4496
634	2886	3175
635	622	4679
636	2556	2899
637	1879	3198
638	1742	3057
639	1026	3690
640	749	4774
641	1804	3381
642	520	4532
643	2734	2834
644	2596	2919
645	0	4505
646	944	4093
647	1118	4748
648	1855	3741
649	2022	3355
650	309	4777
651	2554	3217
652	1558	3768
653	1798	3894
654	575	4949
655	387	4492
656	2840	2707
657	747	3870
658	1561	3576
659	1561	3576
660	2721	2916
661	2123	2788
662	2167	3368
663	680	4153
664	1104	4729
665	1529	4501
666	1901	3830
667	2596	2919
668	605	4530
669	2038	3226
670	1625	3526
671	1952	3711
672	889	3803
673	976	4628
674	708	4602
675	3109	2743
676	122	4345
677	1694	3379
678	2410	3797
679	2614	3322
680	2681	3020
681	257	4348
682	1978	3213
683	1963	2801
684	1953	3545
685	1119	4765
686	635	4703
687	1636	3439
688	2123	2788
689	520	4532
690	985	3945
691	2858	2713
692	2812	2860
693	3178	2891
694	2263	3476
695	1101	4723
696	2821	3007
697	605	4364
698	1873	3026
699	2103	3069
700	2186	3858
701	1709	3207
702	1558	3768
703	1150	3968
704	1978	3213
705	695	4223
706	759	4143
707	1561	3576
708	897	4011
709	1499	4475
710	3007	2677
711	1026	3690
712	625	4203
713	2186	3858
714	2614	3322
715	2001	3309
716	2109	3294
717	622	4679
718	528	4934
719	1221	4645
720	2961	3002
721	859	3761
722	373	4656
723	766	4060
724	1742	3057
725	1952	3711
726	2861	2988
727	2125	2903
728	968	3942
729	518	4712
730	2670	2926
731	1694	3379
732	1910	3805
733	1656	3417
734	1862	3329
735	729	4000
736	256	4646
737	2670	2926
738	747	3870
739	348	4767
740	2172	3254
741	1901	3830
742	2734	2834
743	1977	3323
744	2933	2769
745	1618	3400
746	2844	3124
747	1499	4475
748	767	4320
749	1952	3711
750	1176	4616
751	2438	2938
752	534	4995
753	1585	3207
754	1685	4467
755	465	5058
756	2953	2772
757	2965	3173
758	902	3824
759	1503	3326
760	250	4529
761	264	4399
762	921	3738
763	3007	2677
764	1518	3216
765	985	3945
766	767	4320
767	528	4934
768	2448	3025
769	2535	2838
770	2697	2986
771	897	4011
772	248	4528
773	1619	3091
774	2186	3357
775	2318	2923
776	2968	3004
777	2263	3476
778	1204	3912
779	2440	3298
780	1007	4021
781	1804	3381
782	2123	2788
783	1798	3894
784	859	3761
785	2809	2848
786	2016	3367
787	2119	3209
788	2440	3298
789	749	4774
790	1855	3741
791	1322	4702
792	1714	3387
793	437	4746
794	625	4203
795	373	4656
796	708	4602
797	3109	2743
798	1147	4043
799	625	4203
800	1619	3091
801	2467	3568
802	2011	2737
803	256	4646
804	370	4769
805	1395	4544
806	437	4746
807	2467	3568
808	370	4769
809	1977	3323
810	1874	3058
811	1608	3524
812	370	4769
813	2681	3020
814	1963	2782
815	520	4532
816	2865	2591
817	1084	4843
818	852	4006
819	2467	3568
820	2074	3316
821	1165	4625
822	535	4452
823	2193	3436
824	662	3801
825	2109	3294
826	1284	3294
827	1907	3409
828	370	4769
829	2681	3020
830	1625	3526
831	1429	3813
832	575	4949
833	2596	2919
834	376	5009
835	1226	4603
836	1782	4000
837	2961	3002
838	1772	3275
839	1879	3198
840	1953	3545
841	571	4890
842	2554	3217
843	2907	2769
844	1395	4544
845	3111	2749
846	1651	3656
847	2861	2988
848	2011	2737
849	680	4153
850	2808	2881
851	2745	2566
852	257	4348
853	1953	3545
854	1598	4517
855	1738	3307
856	1462	3639
857	465	5058
858	2961	3002
859	3007	2677
860	921	3738
861	0	4505
862	1605	3665
863	1714	3387
864	1326	3527
865	2697	2986
866	902	3824
867	2103	3069
868	3109	2743
869	1284	3294
870	2554	3217
871	622	4679
872	1873	3026
873	2844	3124
874	2410	3797
875	2463	2756
876	3109	2743
877	520	4532
878	1874	3058
879	469	4097
880	2410	3797
881	940	3572
882	2832	2859
883	1605	3665
884	437	4800
885	444	4771
886	1958	3017
887	1432	3323
888	2318	2923
889	1772	3275
890	1977	3323
891	373	4656
892	2109	3294
893	1503	3326
894	902	3824
895	2301	3262
896	1879	3198
897	2109	3294
898	2055	3152
899	1336	3541
900	2463	2756
901	2148	2919
902	1835	3254
903	2965	3173
904	622	4679
905	976	4628
906	2438	2938
907	1026	3690
908	2961	3002
909	1804	3381
910	1714	3387
911	1118	4748
912	2038	3226
913	624	4060
914	3182	2891
915	1026	3690
916	3007	2677
917	1896	2896
918	1088	4707
919	1714	3387
920	685	4260
921	3075	2690
922	1873	3026
923	444	4771
924	2301	3262
925	391	4297
926	2756	3027
927	1873	3026
928	1462	3639
929	2662	3499
930	2666	2976
931	1742	3057
932	1862	3329
933	465	5058
934	2059	3248
935	2463	2756
936	1992	2971
937	1545	3805
938	87	4455
939	444	4771
940	593	4052
941	2114	3326
942	1503	3326
943	3328	3028
944	2812	2860
945	2554	3217
946	126	4782
947	711	4193
948	1738	3307
949	784	3923
950	635	4703
951	1835	3254
952	859	3761
953	1704	3179
954	257	4348
955	633	4900
956	520	4532
957	1625	3526
958	747	3870
959	1883	2970
960	1685	4467
961	1545	3805
962	1816	2931
963	1331	3655
964	1625	3526
965	1636	3558
966	1605	3665
967	1977	3323
968	447	4658
DEMAND_SECTION
1	0
2	7
3	4
4	3
5	8
6	4
7	4
8	7
9	5
10	4
11	10
12	4
13	6
14	4
15	7
16	3
17	3
18	7
19	9
20	4
21	4
22	7
23	6
24	4
25	4
26	11
27	3
28	5
29	5
30	4
31	10
32	3
33	7
34	7
35	11
36	10
37	4
38	5
39	3
40	4
41	4
42	7
43	3
44	9
45	11
46	7
47	3
48	3
49	6
50	13
51	5
52	8
53	3
54	5
55	6
56	3
57	9
58	4
59	8
60	7
61	7
62	4
63	19
64	4
65	3
66	5
67	5
68	6
69	3
70	19
71	7
72	4
73	6
74	4
75	3
76	8
77	3
78	8
79	5
80	8
81	8
82	6
83	3
84	7
85	5
86	5
87	7
88	7
89	11
90	3
91	4
92	9
93	5
94	7
95	7
96	5
97	4
98	4
99	5
100	6
101	1
102	10
103	7
104	11
105	10
106	6
107	9
108	16
109	11
110	11
111	5
112	2
113	8
114	4
115	6
116	3
117	7
118	4
119	4
120	9
121	4
122	4
123	4
124	5
125	6
126	4
127	4
128	5
129	4
130	6
131	19
132	4
133	4
134	4
135	4
136	7
137	7
138	4
139	9
140	4
141	3
142	3
143	4
144	4
145	5
146	7
147	7
148	3
149	5
150	2
151	5
152	5
153	3
154	19
155	6
156	5
157	7
158	9
159	5
160	3
161	5
162	5
163	7
164	5
165	11
166	8
167	5
168	5
169	4
170	5
171	18
172	7
173	5
174	22
175	5
176	4
177	5
178	5
179	3
180	6
181	5
182	6
183	6
184	4
185	11
186	4
187	3
188	4
189	3
190	6
191	7
192	3
193	5
194	6
195	6
196	16
197	4
198	7
199	4
200	7
201	3
202	3
203	6
204	7
205	15
206	7
207	7
208	6
209	2
210	11
211	6
212	6
213	5
214	4
215	11
216	3
217	4
218	4
219	7
220	6
221	4
222	7
223	11
224	9
225	7
226	5
227	5
228	4
229	7
230	6
231	5
232	11
233	6
234	3
235	4
236	5
237	4
238	3
239	4
240	5
241	7
242	6
243	4
244	11
245	4
246	6
247	3
248	5
249	5
250	11
251	8
252	4
253	5
254	3
255	6
256	5
257	4
258	3
259	3
260	5
261	5
262	6
263	4
264	5
265	5
266	8
267	1
268	6
269	2
270	6
271	4
272	4
273	11
274	5
275	11
276	8
277	5
278	5
279	22
280	6
281	7
282	4
283	3
284	3
285	5
286	4
287	3
288	5
289	5
290	3
291	5
292	5
293	3
294	16
295	9
296	7
297	9
298	6
299	5
300	3
301	2
302	4
303	4
304	4
305	5
306	3
307	3
308	5
309	7
310	4
311	4
312	4
313	11
314	11
315	11
316	9
317	11
318	4
319	6
320	3
321	3
322	4
323	5
324	10
325	4
326	1
327	3
328	4
329	6
330	10
331	4
332	3
333	8
334	6
335	7
336	7
337	4
338	4
339	3
340	8
341	10
342	8
343	10
344	13
345	4
346	8
347	4
348	4
349	5
350	6
351	6
352	13
353	5
354	8
355	4
356	1
357	6
358	4
359	4
360	4
361	4
362	11
363	5
364	11
365	9
366	10
367	4
368	5
369	4
370	6
371	6
372	6
373	4
374	5
375	11
376	6
377	6
378	5
379	8
380	4
381	3
382	4
383	11
384	4
385	4
386	7
387	8
388	5
389	3
390	4
391	8
392	4
393	7
394	3
395	5
396	8
397	7
398	8
399	8
400	6
401	5
402	8
403	4
404	5
405	9
406	5
407	4
408	8
409	4
410	8
411	4
412	15
413	8
414	10
415	3
416	3
417	3
418	3
419	5
420	4
421	4
422	9
423	11
424	6
425	5
426	7
427	7
428	10
429	19
430	7
431	9
432	5
433	4
434	6
435	3
436	5
437	5
438	19
439	5
440	6
441	10
442	3
443	11
444	4
445	8
446	3
447	14
448	4
449	3
450	2
451	5
452	7
453	3
454	6
455	6
456	4
457	5
458	5
459	18
460	3
461	4
462	3
463	6
464	5
465	3
466	1
467	5
468	2
469	5
470	10
471	5
472	8
473	10
474	4
475	7
476	5
477	4
478	4
479	4
480	3
481	4
482	5
483	4
484	4
485	5
486	8
487	3
488	3
489	8
490	5
491	6
492	7
493	6
494	4
495	8
496	3
497	3
498	7
499	4
500	1
501	6
502	7
503	7
504	3
505	5
506	1
507	4
508	11
509	18
510	10
511	4
512	4
513	8
514	5
515	5
516	4
517	8
518	1
519	6
520	10
521	7
522	3
523	7
524	5
525	4
526	6
527	7
528	7
529	4
530	8
531	7
532	16
533	3
534	6
535	11
536	5
537	7
538	5
539	5
540	4
541	4
542	4
543	5
544	7
545	11
546	12
547	4
548	7
549	3
550	5
551	4
552	5
553	4
554	4
555	5
556	8
557	5
558	9
559	5
560	10
561	5
562	5
563	6
564	3
565	6
566	6
567	4
568	13
569	8
570	4
571	3
572	4
573	7
574	6
575	7
576	5
577	6
578	10
579	3
580	3
581	5
582	5
583	4
584	6
585	3
586	2
587	4
588	5
589	5
590	4
591	5
592	6
593	4
594	10
595	4
596	4
597	3
598	9
599	15
600	5
601	7
602	4
603	10
604	10
605	4
606	4
607	3
608	2
609	6
610	4
611	5
612	5
613	6
614	6
615	9
616	5
617	6
618	10
619	9
620	7
621	3
622	8
623	4
624	4
625	4
626	4
627	3
628	7
629	10
630	7
631	4
632	7
633	6
634	5
635	6
636	4
637	11
638	2
639	4
640	5
641	7
642	7
643	4
644	6
645	5
646	3
647	3
648	9
649	6
650	4
651	3
652	7
653	4
654	3
655	9
656	11
657	5
658	8
659	7
660	4
661	2
662	3
663	2
664	11
665	8
666	6
667	5
668	6
669	3
670	11
671	6
672	1
673	10
674	4
675	7
676	9
677	7
678	4
679	6
680	4
681	22
682	5
683	3
684	4
685	4
686	5
687	4
688	4
689	6
690	2
691	3
692	14
693	7
694	5
695	6
696	7
697	4
698	1
699	6
700	4
701	5
702	10
703	6
704	7
705	4
706	5
707	7
708	3
709	5
710	5
711	4
712	2
713	3
714	6
715	10
716	4
717	11
718	18
719	4
720	5
721	16
722	11
723	5
724	4
725	5
726	8
727	6
728	12
729	3
730	6
731	8
732	5
733	11
734	6
735	6
736	7
737	7
738	4
739	6
740	11
741	8
742	3
743	6
744	3
745	8
746	4
747	2
748	4
749	8
750	4
751	8
752	3
753	4
754	6
755	5
756	4
757	2
758	4
759	7
760	6
761	8
762	10
763	2
764	3
765	3
766	6
767	5
768	4
769	3
770	7
771	4
772	8
773	7
774	6
775	4
776	5
777	4
778	10
779	4
780	3
781	5
782	5
783	4
784	8
785	12
786	9
787	11
788	7
789	3
790	4
791	3
792	6
793	6
794	4
795	10
796	6
797	8
798	6
799	7
800	8
801	5
802	4
803	6
804	1
805	4
806	2
807	4
808	6
809	7
810	6
811	7
812	4
813	4
814	4
815	4
816	6
817	6
818	3
819	11
820	4
821	9
822	4
823	4
824	6
825	16
826	3
827	3
828	8
829	4
830	9
831	7
832	5
833	3
834	4
835	5
836	4
837	3
838	11
839	6
840	3
841	3
842	4
843	6
844	2
845	5
846	8
847	4
848	8
849	3
850	6
851	4
852	7
853	7
854	4
855	7
856	6
857	4
858	3
859	7
860	7
861	5
862	3
863	4
864	4
865	6
866	8
867	4
868	6
869	7
870	10
871	8
872	8
873	8
874	5
875	4
876	8
877	5
878	11
879	6
880	7
881	6
882	4
883	4
884	4
885	4
886	9
887	7
888	4
889	5
890	8
891	4
892	11
893	4
894	8
895	5
896	6
897	2
898	6
899	11
900	3
901	6
902	11
903	3
904	5
905	4
906	5
907	6
908	4
909	11
910	3
911	3
912	6
913	4
914	9
915	4
916	6
917	5
918	4
919	4
920	4
921	7
922	6
923	4
924	9
925	5
926	8
927	8
928	11
929	9
930	11
931	3
932	4
933	4
934	4
935	7
936	7
937	10
938	4
939	4
940	2
941	8
942	6
943	4
944	11
945	7
946	5
947	4
948	9
949	4
950	4
951	4
952	4
953	3
954	6
955	10
956	4
957	4
958	7
959	5
960	4
961	10
962	4
963	4
964	11
965	6
966	4
967	7
968	5
DEPOT_SECTION
1
-1
SERVICE_TIME_SECTION
1	0
2	420
3	540
4	840
5	600
6	600
7	240
8	360
9	420
10	420
11	780
12	840
13	660
14	720
15	480
16	480
17	360
18	660
19	480
20	360
21	660
22	720
23	600
24	840
25	600
26	540
27	840
28	600
29	480
30	480
31	600
32	360
33	420
34	480
35	1020
36	480
37	480
38	780
39	540
40	1140
41	480
42	720
43	360
44	360
45	360
46	840
47	540
48	600
49	840
50	780
51	840
52	1020
53	540
54	780
55	420
56	480
57	480
58	480
59	900
60	540
61	960
62	840
63	360
64	360
65	420
66	900
67	300
68	660
69	420
70	1080
71	600
72	840
73	480
74	540
75	660
76	540
77	480
78	540
79	900
80	960
81	540
82	360
83	1380
84	600
85	480
86	480
87	420
88	720
89	420
90	480
91	480
92	420
93	600
94	600
95	360
96	600
97	360
98	480
99	480
100	360
101	360
102	720
103	480
104	240
105	360
106	360
107	360
108	840
109	840
110	480
111	660
112	360
113	540
114	660
115	600
116	480
117	480
118	660
119	360
120	480
121	780
122	540
123	840
124	480
125	1320
126	840
127	720
128	420
129	360
130	1140
131	540
132	360
133	840
134	600
135	420
136	600
137	780
138	540
139	360
140	480
141	600
142	660
143	480
144	660
145	660
146	540
147	480
148	1320
149	960
150	480
151	360
152	600
153	480
154	600
155	1080
156	480
157	600
158	360
159	480
160	600
161	720
162	660
163	720
164	540
165	1380
166	900
167	480
168	660
169	1140
170	360
171	540
172	360
173	840
174	660
175	600
176	660
177	1140
178	660
179	840
180	240
181	540
182	420
183	540
184	780
185	720
186	660
187	660
188	660
189	780
190	420
191	840
192	840
193	600
194	900
195	960
196	840
197	480
198	360
199	720
200	840
201	540
202	480
203	600
204	480
205	360
206	960
207	720
208	480
209	420
210	300
211	480
212	720
213	780
214	600
215	360
216	720
217	1020
218	360
219	540
220	360
221	480
222	360
223	840
224	840
225	540
226	720
227	660
228	420
229	360
230	480
231	960
232	480
233	240
234	660
235	300
236	900
237	480
238	540
239	480
240	480
241	360
242	1320
243	360
244	480
245	660
246	420
247	540
248	1020
249	720
250	420
251	420
252	660
253	960
254	660
255	1020
256	600
257	540
258	600
259	540
260	720
261	480
262	780
263	1080
264	660
265	540
266	1020
267	1080
268	480
269	420
270	240
271	840
272	240
273	420
274	420
275	360
276	660
277	420
278	600
279	1080
280	480
281	540
282	360
283	1020
284	660
285	660
286	300
287	540
288	420
289	240
290	480
291	660
292	360
293	780
294	480
295	780
296	420
297	240
298	480
299	360
300	360
301	1080
302	540
303	420
304	660
305	360
306	720
307	720
308	600
309	600
310	480
311	660
312	420
313	960
314	540
315	780
316	780
317	540
318	840
319	540
320	240
321	480
322	540
323	480
324	480
325	600
326	480
327	1140
328	480
329	840
330	720
331	660
332	360
333	480
334	420
335	480
336	780
337	600
338	600
339	540
340	420
341	780
342	480
343	600
344	1200
345	840
346	720
347	660
348	840
349	420
350	420
351	420
352	900
353	600
354	480
355	780
356	360
357	720
358	420
359	300
360	600
361	720
362	240
363	540
364	600
365	600
366	540
367	780
368	900
369	1020
370	720
371	780
372	660
373	840
374	600
375	840
376	840
377	360
378	600
379	480
380	540
381	1080
382	600
383	480
384	420
385	240
386	300
387	360
388	600
389	720
390	840
391	720
392	480
393	600
394	1080
395	360
396	360
397	480
398	960
399	720
400	480
401	540
402	420
403	540
404	540
405	360
406	540
407	600
408	540
409	600
410	240
411	600
412	600
413	420
414	360
415	480
416	600
417	420
418	1020
419	540
420	360
421	480
422	720
423	720
424	660
425	720
426	480
427	360
428	720
429	840
430	420
431	540
432	540
433	720
434	420
435	840
436	600
437	420
438	480
439	360
440	960
441	480
442	360
443	780
444	420
445	420
446	660
447	1080
448	540
449	780
450	420
451	480
452	660
453	480
454	660
455	720
456	720
457	840
458	480
459	360
460	480
461	840
462	540
463	480
464	360
465	720
466	600
467	960
468	420
469	240
470	360
471	360
472	900
473	360
474	360
475	540
476	240
477	1080
478	900
479	840
480	480
481	600
482	1140
483	600
484	660
485	780
486	480
487	540
488	300
489	1020
490	900
491	840
492	540
493	480
494	720
495	300
496	1020
497	480
498	360
499	660
500	720
501	720
502	540
503	240
504	420
505	480
506	480
507	540
508	480
509	720
510	660
511	660
512	900
513	480
514	420
515	1200
516	360
517	360
518	840
519	840
520	480
521	660
522	840
523	300
524	780
525	420
526	840
527	780
528	540
529	780
530	480
531	480
532	540
533	480
534	900
535	960
536	360
537	600
538	480
539	1020
540	480
541	540
542	600
543	420
544	480
545	360
546	420
547	420
548	1080
549	900
550	360
551	600
552	480
553	600
554	420
555	300
556	720
557	660
558	540
559	360
560	480
561	360
562	420
563	600
564	480
565	300
566	540
567	1080
568	480
569	600
570	600
571	360
572	780
573	600
574	420
575	420
576	660
577	360
578	420
579	240
580	300
581	660
582	780
583	600
584	540
585	780
586	840
587	360
588	660
589	780
590	1320
591	420
592	420
593	480
594	720
595	1080
596	720
597	540
598	420
599	480
600	480
601	600
602	480
603	420
604	1380
605	540
606	360
607	1320
608	540
609	780
610	480
611	540
612	660
613	900
614	480
615	360
616	660
617	420
618	360
619	300
620	780
621	840
622	900
623	600
624	600
625	360
626	600
627	480
628	360
629	600
630	360
631	420
632	660
633	480
634	300
635	420
636	240
637	420
638	540
639	360
640	360
641	360
642	600
643	600
644	600
645	480
646	540
647	420
648	420
649	540
650	420
651	540
652	420
653	480
654	720
655	360
656	600
657	900
658	300
659	480
660	420
661	360
662	780
663	660
664	480
665	360
666	540
667	360
668	420
669	300
670	240
671	720
672	540
673	480
674	600
675	480
676	900
677	660
678	540
679	1020
680	480
681	780
682	600
683	720
684	540
685	360
686	780
687	840
688	780
689	600
690	360
691	780
692	840
693	720
694	360
695	1020
696	600
697	480
698	600
699	540
700	600
701	780
702	420
703	540
704	780
705	480
706	360
707	900
708	480
709	480
710	360
711	420
712	480
713	420
714	780
715	660
716	300
717	600
718	600
719	960
720	840
721	480
722	720
723	600
724	600
725	540
726	480
727	1320
728	780
729	420
730	900
731	420
732	480
733	660
734	600
735	720
736	720
737	660
738	480
739	360
740	780
741	780
742	840
743	540
744	480
745	420
746	480
747	720
748	420
749	720
750	600
751	600
752	360
753	480
754	1140
755	420
756	540
757	420
758	720
759	360
760	840
761	420
762	480
763	720
764	480
765	360
766	540
767	360
768	420
769	720
770	420
771	480
772	240
773	780
774	600
775	1020
776	780
777	600
778	720
779	600
780	360
781	1140
782	960
783	600
784	360
785	1080
786	360
787	660
788	840
789	600
790	300
791	720
792	540
793	540
794	720
795	780
796	360
797	420
798	840
799	780
800	780
801	840
802	600
803	660
804	660
805	480
806	720
807	360
808	480
809	300
810	360
811	660
812	660
813	240
814	600
815	1140
816	480
817	780
818	600
819	360
820	480
821	720
822	780
823	420
824	420
825	600
826	600
827	600
828	480
829	480
830	480
831	420
832	540
833	900
834	780
835	780
836	540
837	780
838	360
839	780
840	660
841	1320
842	600
843	540
844	540
845	540
846	660
847	600
848	420
849	780
850	840
851	600
852	660
853	900
854	480
855	1080
856	480
857	720
858	360
859	720
860	1080
861	480
862	1380
863	900
864	900
865	540
866	480
867	480
868	420
869	1320
870	840
871	660
872	420
873	360
874	600
875	660
876	780
877	540
878	480
879	420
880	780
881	720
882	360
883	600
884	720
885	480
886	240
887	360
888	540
889	480
890	600
891	360
892	480
893	720
894	480
895	840
896	720
897	480
898	600
899	660
900	720
901	540
902	420
903	240
904	480
905	900
906	300
907	240
908	480
909	480
910	600
911	420
912	240
913	720
914	480
915	840
916	600
917	240
918	360
919	600
920	480
921	360
922	420
923	1080
924	420
925	480
926	360
927	720
928	660
929	540
930	420
931	480
932	660
933	360
934	480
935	780
936	540
937	540
938	600
939	900
940	600
941	300
942	780
943	540
944	960
945	360
946	540
947	480
948	600
949	480
950	960
951	660
952	540
953	960
954	600
955	300
956	660
957	540
958	660
959	360
960	1140
961	420
962	420
963	240
964	1140
965	420
966	540
967	1320
968	540
TIME_WINDOW_SECTION
1	0	45000
2	5400	12600
3	9000	16200
4	16200	23400
5	5400	12600
6	19800	27000
7	19800	27000
8	16200	23400
9	16200	23400
10	19800	27000
11	12600	19800
12	23400	30600
13	12600	19800
14	23400	30600
15	5400	12600
16	9000	16200
17	7200	29700
18	16200	23400
19	19800	27000
20	16200	23400
21	12600	19800
22	19800	27000
23	19800	27000
24	23400	30600
25	23400	30600
26	12600	19800
27	7200	30600
28	7200	29700
29	7200	30600
30	19800	27000
31	9000	16200
32	7200	30600
33	19800	27000
34	12600	19800
35	23400	30600
36	12600	19800
37	16200	23400
38	5400	12600
39	16200	22500
40	19800	27000
41	16200	23400
42	5400	12600
43	19800	26100
44	23400	30600
45	19800	27000
46	19800	27000
47	7200	30600
48	19800	27000
49	19800	27000
50	7200	30600
51	9000	16200
52	23400	30600
53	7200	29700
54	12600	19800
55	9000	16200
56	12600	19800
57	23400	30600
58	12600	19800
59	5400	12600
60	23400	30600
61	12600	19800
62	9000	15300
63	12600	19800
64	7200	30600
65	9000	16200
66	5400	12600
67	7200	30600
68	19800	27000
69	16200	23400
70	12600	19800
71	5400	12600
72	12600	19800
73	12600	19800
74	23400	30600
75	7200	30600
76	16200	23400
77	7200	30600
78	16200	23400
79	23400	30600
80	7200	30600
81	19800	27000
82	12600	19800
83	19800	27000
84	16200	23400
85	9000	16200
86	9000	16200
87	16200	23400
88	16200	23400
89	23400	30600
90	7200	30600
91	12600	18900
92	5400	12600
93	19800	27000
94	16200	25200
95	12600	19800
96	19800	27000
97	16200	23400
98	23400	30600
99	19800	27000
100	16200	23400
101	16200	23400
102	7200	30600
103	16200	23400
104	23400	30600
105	23400	30600
106	9000	16200
107	23400	30600
108	16200	22500
109	9000	16200
110	7200	29700
111	7200	30600
112	23400	30600
113	12600	19800
114	16200	23400
115	19800	27000
116	9000	16200
117	7200	30600
118	5400	12600
119	19800	27000
120	5400	11700
121	9000	16200
122	16200	23400
123	23400	30600
124	5400	12600
125	16200	23400
126	12600	19800
127	7200	29700
128	5400	12600
129	19800	27000
130	16200	23400
131	16200	25200
132	5400	12600
133	5400	12600
134	5400	12600
135	16200	23400
136	7200	30600
137	7200	30600
138	16200	23400
139	7200	30600
140	19800	27000
141	19800	27000
142	12600	19800
143	5400	12600
144	9000	16200
145	19800	27000
146	23400	30600
147	16200	23400
148	16200	23400
149	12600	18900
150	5400	11700
151	16200	23400
152	7200	30600
153	5400	12600
154	5400	12600
155	5400	12600
156	23400	30600
157	7200	29700
158	12600	19800
159	12600	18900
160	19800	27000
161	16200	23400
162	16200	23400
163	7200	30600
164	12600	19800
165	19800	27000
166	5400	12600
167	23400	30600
168	7200	30600
169	9000	16200
170	16200	23400
171	23400	30600
172	16200	23400
173	12600	18900
174	23400	30600
175	19800	27000
176	12600	19800
177	16200	23400
178	23400	30600
179	9000	16200
180	12600	19800
181	9000	16200
182	23400	30600
183	16200	23400
184	16200	23400
185	7200	30600
186	16200	23400
187	9000	16200
188	16200	23400
189	12600	19800
190	12600	19800
191	12600	19800
192	16200	23400
193	12600	19800
194	12600	18900
195	7200	30600
196	16200	23400
197	5400	12600
198	9000	16200
199	12600	19800
200	23400	30600
201	23400	30600
202	16200	23400
203	7200	30600
204	9000	16200
205	5400	12600
206	7200	30600
207	5400	12600
208	12600	19800
209	23400	30600
210	16200	23400
211	23400	30600
212	12600	19800
213	9000	16200
214	23400	30600
215	23400	30600
216	19800	27000
217	9000	15300
218	9000	16200
219	19800	27000
220	19800	27000
221	19800	27000
222	19800	27000
223	9000	16200
224	23400	30600
225	5400	12600
226	5400	12600
227	23400	30600
228	7200	30600
229	19800	27000
230	16200	23400
231	9000	16200
232	19800	27000
233	12600	19800
234	19800	26100
235	7200	30600
236	5400	12600
237	7200	29700
238	12600	18900
239	7200	30600
240	12600	19800
241	5400	12600
242	16200	23400
243	5400	12600
244	16200	23400
245	7200	30600
246	16200	23400
247	23400	30600
248	12600	19800
249	7200	30600
250	30600	43200
251	16200	23400
252	12600	19800
253	19800	27000
254	19800	27000
255	16200	23400
256	23400	30600
257	5400	12600
258	5400	12600
259	19800	27000
260	7200	30600
261	9000	16200
262	19800	27000
263	16200	25200
264	23400	30600
265	19800	27000
266	16200	23400
267	7200	30600
268	7200	29700
269	12600	19800
270	12600	19800
271	12600	19800
272	5400	12600
273	5400	12600
274	12600	19800
275	12600	19800
276	23400	30600
277	9000	15300
278	7200	30600
279	7200	29700
280	16200	23400
281	12600	19800
282	9000	16200
283	16200	23400
284	23400	30600
285	16200	23400
286	5400	12600
287	5400	12600
288	23400	30600
289	12600	19800
290	5400	12600
291	12600	19800
292	23400	30600
293	16200	23400
294	7200	29700
295	9000	16200
296	12600	19800
297	19800	27000
298	19800	27000
299	12600	19800
300	23400	30600
301	5400	12600
302	12600	19800
303	9000	16200
304	19800	27000
305	16200	23400
306	23400	30600
307	16200	23400
308	16200	22500
309	5400	12600
310	16200	23400
311	19800	27000
312	7200	30600
313	19800	27000
314	16200	23400
315	7200	30600
316	5400	12600
317	19800	27000
318	23400	30600
319	19800	27000
320	19800	27000
321	7200	30600
322	12600	19800
323	5400	12600
324	7200	30600
325	12600	19800
326	9000	16200
327	16200	25200
328	19800	27000
329	19800	27000
330	23400	30600
331	5400	12600
332	23400	30600
333	16200	23400
334	12600	19800
335	19800	27000
336	5400	12600
337	5400	12600
338	19800	27000
339	23400	30600
340	5400	12600
341	16200	25200
342	16200	23400
343	23400	30600
344	12600	19800
345	5400	12600
346	5400	12600
347	7200	30600
348	5400	12600
349	12600	19800
350	23400	30600
351	7200	29700
352	7200	29700
353	12600	19800
354	16200	23400
355	5400	12600
356	7200	30600
357	19800	27000
358	16200	24300
359	9000	16200
360	23400	30600
361	16200	23400
362	23400	30600
363	16200	23400
364	19800	27000
365	19800	27000
366	12600	19800
367	9000	16200
368	7200	30600
369	12600	19800
370	19800	27000
371	7200	30600
372	16200	23400
373	12600	19800
374	23400	30600
375	12600	19800
376	7200	30600
377	5400	12600
378	7200	30600
379	12600	19800
380	19800	27000
381	16200	23400
382	7200	30600
383	19800	27000
384	19800	27000
385	16200	23400
386	5400	12600
387	23400	30600
388	12600	19800
389	19800	27000
390	23400	30600
391	12600	19800
392	9000	16200
393	5400	12600
394	19800	27000
395	12600	19800
396	12600	19800
397	23400	30600
398	23400	30600
399	16200	23400
400	12600	19800
401	16200	23400
402	7200	29700
403	12600	19800
404	16200	23400
405	12600	19800
406	19800	27000
407	12600	19800
408	7200	30600
409	7200	29700
410	7200	30600
411	19800	26100
412	23400	30600
413	23400	30600
414	16200	23400
415	7200	30600
416	12600	19800
417	16200	25200
418	19800	27000
419	9000	16200
420	12600	19800
421	19800	27000
422	23400	30600
423	12600	19800
424	12600	19800
425	23400	30600
426	19800	27000
427	23400	30600
428	19800	27000
429	16200	23400
430	16200	23400
431	16200	23400
432	19800	27000
433	23400	30600
434	7200	30600
435	9000	15300
436	16200	23400
437	23400	30600
438	19800	27000
439	16200	23400
440	16200	23400
441	23400	30600
442	19800	27000
443	23400	30600
444	9000	16200
445	19800	27000
446	23400	30600
447	12600	19800
448	12600	19800
449	7200	30600
450	12600	19800
451	7200	30600
452	19800	27000
453	12600	19800
454	9000	16200
455	19800	27000
456	19800	27000
457	19800	27000
458	12600	19800
459	19800	27000
460	12600	19800
461	19800	27000
462	23400	30600
463	9000	16200
464	12600	19800
465	7200	30600
466	19800	26100
467	7200	30600
468	19800	27000
469	7200	30600
470	9000	16200
471	12600	19800
472	7200	30600
473	7200	30600
474	19800	27000
475	9000	16200
476	19800	27000
477	12600	19800
478	19800	27000
479	23400	30600
480	12600	19800
481	16200	24300
482	19800	27000
483	12600	18900
484	9000	16200
485	23400	30600
486	12600	19800
487	23400	30600
488	19800	27000
489	12600	19800
490	16200	23400
491	16200	23400
492	7200	30600
493	16200	23400
494	7200	30600
495	23400	30600
496	12600	19800
497	7200	30600
498	16200	24300
499	9000	16200
500	7200	30600
501	12600	19800
502	16200	23400
503	12600	19800
504	9000	16200
505	12600	19800
506	12600	19800
507	12600	19800
508	7200	30600
509	23400	30600
510	19800	27000
511	19800	26100
512	23400	30600
513	19800	27000
514	12600	18900
515	19800	27000
516	23400	30600
517	9000	16200
518	30600	43200
519	16200	23400
520	19800	27000
521	12600	19800
522	19800	27000
523	7200	30600
524	23400	30600
525	16200	22500
526	16200	22500
527	23400	30600
528	12600	19800
529	12600	19800
530	23400	30600
531	16200	23400
532	7200	29700
533	23400	30600
534	12600	19800
535	12600	19800
536	19800	27000
537	12600	19800
538	23400	30600
539	23400	30600
540	12600	19800
541	23400	30600
542	12600	18900
543	12600	19800
544	16200	23400
545	16200	23400
546	23400	30600
547	19800	27000
548	30600	43200
549	19800	27000
550	19800	27000
551	7200	30600
552	23400	30600
553	12600	19800
554	12600	18900
555	16200	23400
556	7200	30600
557	16200	23400
558	23400	30600
559	16200	23400
560	23400	30600
561	19800	26100
562	12600	19800
563	9000	16200
564	12600	19800
565	16200	23400
566	16200	23400
567	19800	27000
568	7200	29700
569	7200	30600
570	16200	22500
571	12600	19800
572	16200	23400
573	12600	19800
574	16200	23400
575	16200	23400
576	23400	30600
577	16200	23400
578	12600	19800
579	7200	30600
580	12600	19800
581	16200	23400
582	16200	23400
583	12600	19800
584	16200	23400
585	16200	23400
586	19800	27000
587	19800	27000
588	19800	26100
589	7200	30600
590	19800	27000
591	16200	23400
592	23400	30600
593	12600	19800
594	23400	30600
595	12600	19800
596	16200	23400
597	12600	19800
598	16200	22500
599	16200	23400
600	7200	30600
601	19800	27000
602	19800	27000
603	16200	23400
604	12600	19800
605	19800	27000
606	23400	30600
607	12600	19800
608	19800	27000
609	19800	27000
610	16200	23400
611	19800	27000
612	12600	19800
613	23400	30600
614	12600	19800
615	12600	19800
616	12600	19800
617	19800	27000
618	16200	23400
619	19800	27000
620	16200	24300
621	12600	18900
622	16200	23400
623	19800	27000
624	12600	19800
625	12600	19800
626	12600	19800
627	19800	27000
628	23400	30600
629	23400	30600
630	19800	27000
631	23400	30600
632	16200	23400
633	23400	30600
634	16200	23400
635	16200	23400
636	12600	19800
637	7200	29700
638	16200	23400
639	16200	23400
640	16200	23400
641	16200	23400
642	16200	23400
643	7200	29700
644	12600	19800
645	19800	27000
646	23400	30600
647	19800	27000
648	7200	30600
649	23400	30600
650	23400	30600
651	16200	23400
652	12600	19800
653	23400	30600
654	12600	19800
655	7200	29700
656	23400	30600
657	19800	27000
658	16200	23400
659	19800	27000
660	16200	23400
661	16200	22500
662	12600	19800
663	16200	23400
664	12600	19800
665	23400	30600
666	23400	30600
667	19800	27000
668	12600	19800
669	23400	30600
670	19800	27000
671	16200	23400
672	12600	19800
673	16200	22500
674	12600	19800
675	16200	23400
676	16200	23400
677	19800	27000
678	23400	30600
679	19800	27000
680	16200	23400
681	12600	19800
682	12600	19800
683	12600	19800
684	23400	30600
685	23400	30600
686	23400	30600
687	16200	23400
688	7200	30600
689	23400	30600
690	23400	30600
691	19800	27000
692	16200	23400
693	23400	30600
694	12600	19800
695	16200	23400
696	19800	27000
697	23400	30600
698	16200	23400
699	16200	23400
700	16200	23400
701	23400	30600
702	16200	25200
703	12600	19800
704	19800	27000
705	19800	27000
706	16200	23400
707	23400	30600
708	19800	27000
709	19800	27000
710	23400	30600
711	7200	30600
712	19800	27000
713	23400	30600
714	16200	23400
715	12600	19800
716	12600	19800
717	19800	27000
718	19800	27000
719	12600	19800
720	7200	30600
721	23400	30600
722	16200	23400
723	7200	30600
724	23400	30600
725	19800	27000
726	16200	23400
727	7200	29700
728	23400	30600
729	19800	27000
730	16200	23400
731	19800	27000
732	16200	24300
733	19800	27000
734	16200	23400
735	16200	25200
736	23400	30600
737	23400	30600
738	23400	30600
739	19800	27000
740	16200	23400
741	16200	23400
742	16200	23400
743	7200	29700
744	16200	23400
745	19800	27000
746	23400	30600
747	23400	30600
748	7200	30600
749	23400	30600
750	16200	23400
751	19800	27000
752	19800	27000
753	19800	27000
754	16200	23400
755	16200	23400
756	16200	23400
757	19800	27000
758	16200	23400
759	23400	30600
760	19800	27000
761	16200	25200
762	19800	27000
763	19800	27000
764	7200	29700
765	19800	27000
766	23400	30600
767	23400	30600
768	7200	30600
769	19800	27000
770	19800	27000
771	16200	23400
772	16200	23400
773	16200	23400
774	19800	27000
775	7200	30600
776	7200	29700
777	16200	23400
778	16200	23400
779	16200	23400
780	7200	30600
781	19800	27000
782	16200	23400
783	19800	27000
784	7200	29700
785	19800	27000
786	19800	27000
787	23400	30600
788	7200	30600
789	16200	23400
790	19800	27000
791	7200	30600
792	7200	30600
793	19800	27000
794	7200	29700
795	7200	30600
796	16200	23400
797	19800	27000
798	19800	27000
799	16200	23400
800	7200	30600
801	19800	27000
802	23400	30600
803	7200	29700
804	7200	30600
805	19800	27000
806	16200	23400
807	19800	27000
808	23400	30600
809	23400	30600
810	23400	30600
811	23400	30600
812	7200	30600
813	23400	30600
814	7200	30600
815	19800	27000
816	19800	27000
817	19800	27000
818	19800	27000
819	7200	30600
820	7200	30600
821	19800	27000
822	7200	30600
823	19800	27000
824	16200	23400
825	16200	23400
826	16200	23400
827	16200	23400
828	16200	23400
829	19800	27000
830	16200	23400
831	23400	30600
832	19800	27000
833	19800	27000
834	19800	27000
835	7200	30600
836	16200	23400
837	19800	27000
838	7200	30600
839	23400	30600
840	23400	30600
841	23400	30600
842	7200	30600
843	7200	29700
844	23400	30600
845	19800	27000
846	23400	30600
847	19800	26100
848	16200	25200
849	16200	25200
850	7200	30600
851	30600	43200
852	23400	30600
853	23400	30600
854	19800	27000
855	19800	27000
856	23400	30600
857	19800	27000
858	23400	30600
859	19800	27000
860	16200	25200
861	19800	27000
862	19800	27000
863	7200	30600
864	23400	30600
865	19800	27000
866	19800	27000
867	7200	30600
868	23400	30600
869	23400	30600
870	7200	29700
871	7200	30600
872	19800	26100
873	19800	27000
874	23400	30600
875	7200	30600
876	19800	27000
877	23400	30600
878	19800	27000
879	23400	30600
880	7200	30600
881	19800	27000
882	7200	29700
883	7200	30600
884	23400	30600
885	7200	30600
886	23400	30600
887	19800	27000
888	7200	30600
889	23400	30600
890	7200	30600
891	7200	30600
892	7200	29700
893	19800	27000
894	7200	30600
895	23400	30600
896	19800	27000
897	23400	30600
898	23400	30600
899	7200	30600
900	7200	30600
901	23400	30600
902	23400	30600
903	23400	30600
904	23400	30600
905	23400	30600
906	7200	30600
907	23400	30600
908	7200	30600
909	23400	30600
910	19800	27000
911	7200	29700
912	7200	30600
913	19800	27000
914	7200	30600
915	23400	30600
916	7200	30600
917	23400	30600
918	23400	30600
919	23400	30600
920	7200	30600
921	23400	30600
922	23400	30600
923	23400	30600
924	23400	30600
925	23400	30600
926	23400	30600
927	23400	30600
928	23400	30600
929	7200	29700
930	23400	30600
931	30600	43200
932	7200	30600
933	23400	30600
934	23400	30600
935	7200	30600
936	7200	29700
937	7200	30600
938	23400	30600
939	23400	30600
940	7200	30600
941	23400	30600
942	7200	30600
943	23400	30600
944	7200	30600
945	30600	43200
946	7200	29700
947	23400	30600
948	7200	30600
949	7200	30600
950	23400	30600
951	7200	30600
952	7200	30600
953	7200	30600
954	7200	30600
955	23400	30600
956	23400	30600
957	23400	30600
958	7200	30600
959	23400	30600
960	7200	30600
961	23400	30600
962	23400	30600
963	7200	29700
964	23400	30600
965	23400	30600
966	7200	30600
967	23400	30600
968	7200	30600
RELEASE_TIME_SECTION
1	0
2	5400
3	5400
4	5400
5	5400
6	5400
7	5400
8	5400
9	5400
10	5400
11	5400
12	5400
13	5400
14	5400
15	5400
16	5400
17	5400
18	5400
19	5400
20	5400
21	5400
22	5400
23	5400
24	5400
25	5400
26	5400
27	5400
28	5400
29	5400
30	5400
31	5400
32	5400
33	5400
34	5400
35	5400
36	5400
37	5400
38	5400
39	5400
40	5400
41	5400
42	5400
43	5400
44	5400
45	5400
46	5400
47	5400
48	5400
49	5400
50	5400
51	5400
52	5400
53	5400
54	5400
55	5400
56	5400
57	5400
58	5400
59	5400
60	5400
61	5400
62	5400
63	5400
64	5400
65	5400
66	5400
67	5400
68	5400
69	5400
70	5400
71	5400
72	5400
73	5400
74	5400
75	5400
76	5400
77	5400
78	5400
79	5400
80	5400
81	5400
82	5400
83	5400
84	5400
85	5400
86	5400
87	5400
88	5400
89	5400
90	5400
91	5400
92	5400
93	5400
94	5400
95	5400
96	5400
97	5400
98	5400
99	5400
100	5400
101	5400
102	7200
103	7200
104	7200
105	7200
106	7200
107	7200
108	7200
109	7200
110	7200
111	7200
112	7200
113	7200
114	7200
115	7200
116	7200
117	7200
118	7200
119	7200
120	7200
121	7200
122	7200
123	7200
124	7200
125	7200
126	7200
127	7200
128	7200
129	7200
130	7200
131	7200
132	7200
133	7200
134	7200
135	7200
136	7200
137	7200
138	7200
139	7200
140	7200
141	7200
142	7200
143	7200
144	7200
145	7200
146	7200
147	7200
148	7200
149	7200
150	7200
151	7200
152	7200
153	7200
154	7200
155	7200
156	7200
157	7200
158	7200
159	7200
160	7200
161	7200
162	7200
163	7200
164	7200
165	7200
166	7200
167	7200
168	7200
169	7200
170	7200
171	7200
172	7200
173	7200
174	7200
175	7200
176	7200
177	7200
178	7200
179	7200
180	7200
181	7200
182	7200
183	7200
184	7200
185	7200
186	7200
187	7200
188	7200
189	7200
190	7200
191	7200
192	7200
193	7200
194	7200
195	7200
196	7200
197	7200
198	7200
199	7200
200	7200
201	7200
202	9000
203	9000
204	9000
205	9000
206	9000
207	9000
208	9000
209	9000
210	9000
211	9000
212	9000
213	9000
214	9000
215	9000
216	9000
217	9000
218	9000
219	9000
220	9000
221	9000
222	9000
223	9000
224	9000
225	9000
226	9000
227	9000
228	9000
229	9000
230	9000
231	9000
232	9000
233	9000
234	9000
235	9000
236	9000
237	9000
238	9000
239	9000
240	9000
241	9000
242	9000
243	9000
244	9000
245	9000
246	9000
247	9000
248	9000
249	9000
250	9000
251	9000
252	9000
253	9000
254	9000
255	9000
256	9000
257	9000
258	9000
259	9000
260	9000
261	9000
262	9000
263	9000
264	9000
265	9000
266	9000
267	9000
268	9000
269	9000
270	9000
271	9000
272	9000
273	9000
274	9000
275	9000
276	9000
277	9000
278	9000
279	9000
280	9000
281	9000
282	9000
283	9000
284	9000
285	9000
286	9000
287	9000
288	9000
289	9000
290	9000
291	9000
292	9000
293	9000
294	9000
295	9000
296	9000
297	9000
298	9000
299	9000
300	9000
301	9000
302	10800
303	10800
304	10800
305	10800
306	10800
307	10800
308	10800
309	10800
310	10800
311	10800
312	10800
313	10800
314	10800
315	10800
316	10800
317	10800
318	10800
319	10800
320	10800
321	10800
322	10800
323	10800
324	10800
325	10800
326	10800
327	10800
328	10800
329	10800
330	10800
331	10800
332	10800
333	10800
334	10800
335	10800
336	10800
337	10800
338	10800
339	10800
340	10800
341	10800
342	10800
343	10800
344	10800
345	10800
346	10800
347	10800
348	10800
349	10800
350	10800
351	10800
352	10800
353	10800
354	10800
355	10800
356	10800
357	10800
358	10800
359	10800
360	10800
361	10800
362	10800
363	10800
364	10800
365	10800
366	10800
367	10800
368	10800
369	10800
370	10800
371	10800
372	10800
373	10800
374	10800
375	10800
376	10800
377	10800
378	10800
379	10800
380	10800
381	10800
382	10800
383	10800
384	10800
385	10800
386	10800
387	10800
388	10800
389	10800
390	10800
391	10800
392	10800
393	10800
394	10800
395	10800
396	12600
397	12600
398	12600
399	12600
400	12600
401	12600
402	12600
403	12600
404	12600
405	12600
406	12600
407	12600
408	12600
409	12600
410	12600
411	12600
412	12600
413	12600
414	12600
415	12600
416	12600
417	12600
418	12600
419	12600
420	12600
421	12600
422	12600
423	12600
424	12600
425	12600
426	12600
427	12600
428	12600
429	12600
430	12600
431	12600
432	12600
433	12600
434	12600
435	12600
436	12600
437	12600
438	12600
439	12600
440	12600
441	12600
442	12600
443	12600
444	12600
445	12600
446	12600
447	12600
448	12600
449	12600
450	12600
451	12600
452	12600
453	12600
454	12600
455	12600
456	12600
457	12600
458	12600
459	12600
460	12600
461	12600
462	12600
463	12600
464	12600
465	12600
466	12600
467	12600
468	12600
469	12600
470	12600
471	12600
472	12600
473	12600
474	12600
475	12600
476	12600
477	12600
478	12600
479	12600
480	12600
481	12600
482	14400
483	14400
484	14400
485	14400
486	14400
487	14400
488	14400
489	14400
490	14400
491	14400
492	14400
493	14400
494	14400
495	14400
496	14400
497	14400
498	14400
499	14400
500	14400
501	14400
502	14400
503	14400
504	14400
505	14400
506	14400
507	14400
508	14400
509	14400
510	14400
511	14400
512	14400
513	14400
514	14400
515	14400
516	14400
517	14400
518	14400
519	14400
520	14400
521	14400
522	14400
523	14400
524	14400
525	14400
526	14400
527	14400
528	14400
529	14400
530	14400
531	14400
532	14400
533	14400
534	14400
535	14400
536	14400
537	14400
538	14400
539	14400
540	14400
541	14400
542	14400
543	14400
544	14400
545	14400
546	14400
547	14400
548	14400
549	14400
550	14400
551	14400
552	14400
553	14400
554	14400
555	14400
556	14400
557	14400
558	14400
559	14400
560	14400
561	14400
562	14400
563	14400
564	14400
565	14400
566	14400
567	16200
568	16200
569	16200
570	16200
571	16200
572	16200
573	16200
574	16200
575	16200
576	16200
577	16200
578	16200
579	16200
580	16200
581	16200
582	16200
583	16200
584	16200
585	16200
586	16200
587	16200
588	16200
589	16200
590	16200
591	16200
592	16200
593	16200
594	16200
595	16200
596	16200
597	16200
598	16200
599	16200
600	16200
601	16200
602	16200
603	16200
604	16200
605	16200
606	16200
607	16200
608	16200
609	16200
610	16200
611	16200
612	16200
613	16200
614	16200
615	16200
616	16200
617	16200
618	16200
619	16200
620	16200
621	16200
622	16200
623	16200
624	16200
625	16200
626	16200
627	16200
628	16200
629	16200
630	16200
631	16200
632	16200
633	16200
634	16200
635	16200
636	16200
637	16200
638	16200
639	16200
640	16200
641	16200
642	16200
643	16200
644	16200
645	16200
646	16200
647	16200
648	16200
649	16200
650	18000
651	18000
652	18000
653	18000
654	18000
655	18000
656	18000
657	18000
658	18000
659	18000
660	18000
661	18000
662	18000
663	18000
664	18000
665	18000
666	18000
667	18000
668	18000
669	18000
670	18000
671	18000
672	18000
673	18000
674	18000
675	18000
676	18000
677	18000
678	18000
679	18000
680	18000
681	18000
682	18000
683	18000
684	18000
685	18000
686	18000
687	18000
688	18000
689	18000
690	18000
691	18000
692	18000
693	18000
694	18000
695	18000
696	18000
697	18000
698	18000
699	18000
700	18000
701	18000
702	18000
703	18000
704	18000
705	18000
706	18000
707	18000
708	18000
709	18000
710	18000
711	18000
712	18000
713	18000
714	18000
715	18000
716	18000
717	18000
718	18000
719	18000
720	18000
721	18000
722	18000
723	19800
724	19800
725	19800
726	19800
727	19800
728	19800
729	19800
730	19800
731	19800
732	19800
733	19800
734	19800
735	19800
736	19800
737	19800
738	19800
739	19800
740	19800
741	19800
742	19800
743	19800
744	19800
745	19800
746	19800
747	19800
748	19800
749	19800
750	19800
751	19800
752	19800
753	19800
754	19800
755	19800
756	19800
757	19800
758	19800
759	19800
760	19800
761	19800
762	19800
763	19800
764	19800
765	19800
766	19800
767	19800
768	19800
769	19800
770	19800
771	19800
772	19800
773	19800
774	19800
775	19800
776	19800
777	19800
778	19800
779	19800
780	19800
781	19800
782	19800
783	19800
784	21600
785	21600
786	21600
787	21600
788	21600
789	21600
790	21600
791	21600
792	21600
793	21600
794	21600
795	21600
796	21600
797	21600
798	21600
799	21600
800	21600
801	21600
802	21600
803	21600
804	21600
805	21600
806	21600
807	21600
808	21600
809	21600
810	21600
811	21600
812	21600
813	21600
814	21600
815	21600
816	21600
817	21600
818	21600
819	21600
820	21600
821	21600
822	21600
823	21600
824	21600
825	21600
826	21600
827	21600
828	21600
829	21600
830	21600
831	21600
832	21600
833	21600
834	21600
835	21600
836	21600
837	23400
838	23400
839	23400
840	23400
841	23400
842	23400
843	23400
844	23400
845	23400
846	23400
847	23400
848	23400
849	23400
850	23400
851	23400
852	23400
853	23400
854	23400
855	23400
856	23400
857	23400
858	23400
859	23400
860	23400
861	23400
862	23400
863	23400
864	23400
865	23400
866	23400
867	23400
868	23400
869	23400
870	23400
871	23400
872	23400
873	23400
874	23400
875	23400
876	23400
877	23400
878	23400
879	23400
880	23400
881	23400
882	23400
883	23400
884	25200
885	25200
886	25200
887	25200
888	25200
889	25200
890	25200
891	25200
892	25200
893	25200
894	25200
895	25200
896	25200
897	25200
898	25200
899	25200
900	25200
901	25200
902	25200
903	25200
904	25200
905	25200
906	25200
907	25200
908	25200
909	25200
910	25200
911	25200
912	25200
913	25200
914	25200
915	25200
916	25200
917	27000
918	27000
919	27000
920	27000
921	27000
922	27000
923	27000
924	27000
925	27000
926	27000
927	27000
928	27000
929	27000
930	27000
931	27000
932	27000
933	27000
934	27000
935	27000
936	27000
937	27000
938	27000
939	27000
940	27000
941	27000
942	27000
943	27000
944	27000
945	27000
946	27000
947	27000
948	27000
949	28800
950	28800
951	28800
952	28800
953	28800
954	28800
955	28800
956	28800
957	28800
958	28800
959	28800
960	28800
961	28800
962	28800
963	28800
964	28800
965	28800
966	28800
967	28800
968	28800
EOF
