NAME : ORTEC-VRPTW-ASYM-3ff97275-d1-n929
TYPE : VRPTW-RT
DIMENSION : 930
EDGE_WEIGHT_TYPE : EUC_2D
CAPACITY : 145
NODE_COORD_SECTION
1	1249	3345
2	1822	2993
3	257	3948
4	2792	1758
5	102	4532
6	13	4673
7	683	3667
8	3082	519
9	703	3259
10	1634	2063
11	1515	2769
12	247	3975
13	3613	710
14	1483	2661
15	1825	1774
16	2961	1640
17	610	3598
18	3218	633
19	435	4521
20	103	4376
21	218	4032
22	311	4186
23	2509	1380
24	1153	3235
25	269	4739
26	2517	2395
27	2823	1800
28	1712	3061
29	2726	1488
30	2695	2010
31	610	3598
32	2578	2742
33	1634	2063
34	2662	1916
35	397	4295
36	312	4621
37	881	3662
38	2234	2838
39	2157	1022
40	2580	2359
41	1516	2998
42	1108	3752
43	2384	1017
44	857	3449
45	1539	2969
46	587	3927
47	1153	3235
48	419	4520
49	439	4282
50	558	4090
51	2760	2564
52	2695	2010
53	792	3543
54	415	4562
55	366	3807
56	1089	3717
57	899	3123
58	1037	3587
59	461	4088
60	2041	2482
61	1563	2966
62	156	4250
63	380	4334
64	470	4279
65	748	3561
66	364	3644
67	2222	996
68	898	3499
69	3002	1149
70	2578	2742
71	419	4520
72	1712	3176
73	926	3535
74	1516	2998
75	2639	2067
76	2922	1361
77	1185	3309
78	149	4144
79	3742	517
80	1025	3173
81	748	3533
82	1587	3325
83	776	3474
84	397	3685
85	454	4114
86	2922	1361
87	449	3308
88	1483	2661
89	253	4341
90	913	3160
91	107	4263
92	1751	3005
93	647	3903
94	1496	3057
95	111	4158
96	3270	1209
97	2857	1275
98	775	3670
99	308	4440
100	124	4302
101	274	4106
102	2617	2159
103	987	3183
104	2740	1297
105	988	3327
106	305	3920
107	1587	3325
108	898	3499
109	380	3804
110	801	3566
111	898	3499
112	813	4147
113	417	4067
114	368	3828
115	1509	2971
116	2540	2753
117	1069	3333
118	1483	2661
119	2606	2117
120	1712	3061
121	2096	2292
122	1717	3084
123	2751	1305
124	2981	688
125	748	3561
126	1344	3468
127	1063	3710
128	333	4317
129	177	4398
130	2840	994
131	2540	2753
132	2333	3049
133	550	4127
134	899	3123
135	364	3644
136	251	4260
137	1252	3599
138	2583	1099
139	3613	710
140	2222	996
141	793	4040
142	3212	467
143	226	4173
144	311	4186
145	407	4137
146	880	3822
147	149	4144
148	1050	3985
149	2631	2620
150	1570	2947
151	746	3616
152	1587	3325
153	2779	1495
154	1039	3438
155	2628	2014
156	683	3667
157	1084	3597
158	1618	3299
159	979	4156
160	748	3533
161	2333	3049
162	2408	1947
163	333	4317
164	2404	1781
165	415	4562
166	299	4396
167	2870	1405
168	461	4088
169	203	4844
170	1422	2817
171	237	4570
172	2643	1883
173	898	3499
174	1496	3057
175	2025	1221
176	658	3067
177	1034	3262
178	1975	3151
179	1898	2384
180	351	3599
181	765	3090
182	1483	2661
183	233	4094
184	397	3685
185	899	3947
186	3116	1459
187	85	4282
188	439	4282
189	685	3904
190	2873	1306
191	1515	2769
192	2832	1527
193	417	4067
194	2695	2010
195	2416	1983
196	2639	2067
197	226	4173
198	368	3828
199	2900	1112
200	2543	1754
201	2873	1306
202	553	3866
203	552	3768
204	2350	2892
205	862	3355
206	1039	3438
207	2041	2431
208	386	4061
209	857	3449
210	218	4032
211	454	4114
212	1025	3173
213	1313	3695
214	156	4250
215	1496	3057
216	1712	3176
217	378	4076
218	1760	3090
219	1276	3653
220	2663	1650
221	1924	3025
222	1195	3640
223	512	3741
224	1013	3606
225	158	4678
226	2823	1800
227	899	3123
228	824	3642
229	2532	1865
230	479	3987
231	418	4344
232	1110	3858
233	260	4124
234	311	4186
235	619	4285
236	2408	1947
237	1185	3309
238	663	3632
239	3218	633
240	999	3929
241	345	3681
242	2041	2431
243	2627	1945
244	171	4032
245	111	4158
246	102	4532
247	619	4285
248	2667	1834
249	2003	1074
250	374	4327
251	1516	3074
252	1483	2661
253	824	3642
254	2652	2468
255	1587	3325
256	796	3457
257	3587	356
258	274	4106
259	3062	1617
260	1212	3620
261	156	4581
262	1634	2063
263	2540	1931
264	3187	1144
265	2788	2119
266	2096	2292
267	1878	2896
268	2333	3049
269	1924	3025
270	85	4282
271	434	4090
272	442	3828
273	2823	1242
274	224	4335
275	480	3947
276	1013	3606
277	2399	2308
278	0	4227
279	934	3606
280	1483	2661
281	75	4719
282	253	4517
283	75	4719
284	1634	2063
285	380	3804
286	1712	3176
287	2733	2477
288	2652	2468
289	1153	3235
290	1212	3620
291	1025	3173
292	2540	2753
293	827	3695
294	515	3764
295	2940	1536
296	516	4167
297	1230	3801
298	177	4398
299	1618	3299
300	2333	3049
301	513	3570
302	2492	2339
303	857	3449
304	3646	836
305	3002	1149
306	899	3947
307	1523	2960
308	838	3789
309	2416	1983
310	3270	1209
311	461	4088
312	727	3213
313	1924	3025
314	748	3561
315	556	4097
316	1039	3438
317	1153	3235
318	156	4250
319	857	3449
320	834	3909
321	233	4094
322	1706	2429
323	408	4143
324	351	4012
325	1037	3587
326	3742	517
327	3123	726
328	1050	3985
329	757	3613
330	74	4277
331	2857	1275
332	1772	2767
333	124	4302
334	2041	2482
335	179	4720
336	2532	1865
337	251	4260
338	2096	2292
339	386	4061
340	2643	1883
341	1291	3688
342	1061	3379
343	479	3987
344	3011	1100
345	2036	3038
346	963	3351
347	200	4848
348	379	3822
349	351	4012
350	1037	3587
351	1291	3688
352	2670	1804
353	1084	3597
354	477	3983
355	380	4334
356	397	3685
357	345	3681
358	3613	710
359	226	4173
360	3038	1476
361	212	4619
362	775	3670
363	411	3933
364	3218	633
365	862	3355
366	558	4090
367	2404	1781
368	239	4302
369	552	3933
370	1497	2799
371	1061	3379
372	838	3789
373	656	3218
374	2764	1367
375	1644	3170
376	2961	1640
377	480	3947
378	678	4060
379	257	4358
380	1760	3090
381	277	4859
382	434	4090
383	556	4097
384	880	3822
385	232	4549
386	176	4680
387	742	3699
388	1607	2302
389	1110	3858
390	232	4549
391	3018	1463
392	557	3440
393	417	4067
394	1567	2908
395	203	4844
396	2517	2395
397	988	3327
398	2041	2482
399	1717	3084
400	380	4334
401	124	4302
402	171	4032
403	2823	1800
404	2870	1405
405	2492	2339
406	873	4015
407	3030	1304
408	1034	3262
409	380	4334
410	2606	2117
411	1356	3191
412	3082	519
413	2870	1405
414	1037	3587
415	934	3606
416	1751	3005
417	251	4260
418	776	3474
419	2832	1527
420	878	3451
421	312	4621
422	233	4094
423	176	4680
424	814	3235
425	1515	2769
426	1313	3695
427	2304	1752
428	730	3120
429	378	4076
430	2449	2539
431	1706	2429
432	1679	2204
433	1034	3262
434	788	4114
435	746	3616
436	2439	2283
437	3127	1458
438	1061	3379
439	368	3828
440	2958	1209
441	1516	3074
442	775	3670
443	1516	2998
444	2003	1074
445	1057	3514
446	727	3213
447	704	3415
448	647	3903
449	447	3826
450	1483	2661
451	365	4397
452	2683	1872
453	1050	3985
454	0	4227
455	838	3789
456	2620	961
457	180	4731
458	0	4227
459	1108	3752
460	2615	2566
461	1506	3073
462	685	3904
463	2400	2879
464	468	3932
465	111	4158
466	424	3831
467	1726	2739
468	442	4642
469	1356	3191
470	2333	3049
471	752	3650
472	176	4680
473	730	3120
474	1108	3752
475	2683	1872
476	389	4548
477	477	3983
478	2571	2751
479	793	4040
480	944	3658
481	2580	2359
482	1422	2817
483	2543	1754
484	2695	2010
485	637	4255
486	2832	1527
487	2512	2117
488	479	3987
489	372	3929
490	2779	1495
491	1034	3262
492	3738	480
493	1706	2429
494	1825	1774
495	212	4619
496	1692	2669
497	2628	2014
498	460	4166
499	169	4347
500	2096	2292
501	389	4548
502	604	3626
503	1669	3109
504	752	3650
505	957	3387
506	2970	1653
507	2683	1872
508	417	4067
509	2571	2751
510	1822	2993
511	610	3598
512	637	4255
513	2156	1988
514	847	3418
515	171	4329
516	803	3773
517	102	4532
518	847	3418
519	439	4282
520	788	4114
521	1266	3627
522	683	3667
523	3030	1304
524	844	3428
525	777	3490
526	552	3933
527	299	4396
528	149	4144
529	1050	3985
530	95	4521
531	354	4517
532	1515	2769
533	2041	2431
534	415	4562
535	2961	1640
536	814	3235
537	479	3987
538	3613	710
539	177	4398
540	2404	1781
541	2577	2326
542	1464	2925
543	827	3695
544	1567	2908
545	2036	3038
546	2517	2395
547	2578	2742
548	2222	996
549	2454	2894
550	869	3773
551	2333	3049
552	351	3599
553	587	3927
554	59	4544
555	269	4739
556	552	3933
557	2788	2119
558	2870	1405
559	3018	1463
560	351	3599
561	1483	2661
562	738	3483
563	1037	3587
564	251	4260
565	1844	3151
566	435	4521
567	103	4376
568	1110	3858
569	3119	1541
570	2222	996
571	2832	1527
572	2773	1388
573	2003	1074
574	2667	1834
575	746	3616
576	2662	1916
577	449	3308
578	1679	2204
579	103	4376
580	1525	3024
581	308	4160
582	232	3993
583	247	3975
584	351	4012
585	1422	2817
586	963	3351
587	2663	1650
588	3062	1617
589	727	3213
590	678	4060
591	814	3235
592	13	4673
593	232	4549
594	1712	3176
595	2662	1916
596	75	4719
597	470	4279
598	1717	3084
599	1690	1945
600	2627	1945
601	1825	1774
602	1563	2966
603	479	3987
604	253	4517
605	417	4067
606	1212	3620
607	3613	710
608	2643	1883
609	2857	1275
610	774	3121
611	1280	3271
612	2516	1835
613	881	3662
614	3018	1463
615	878	3451
616	801	3566
617	3320	717
618	74	4277
619	1726	2739
620	1563	2966
621	2606	2117
622	746	3616
623	777	3106
624	3066	994
625	512	3741
626	13	4673
627	1084	3597
628	3119	1541
629	2540	2753
630	3456	613
631	379	3822
632	2333	3049
633	3646	836
634	102	4532
635	663	3632
636	157	4312
637	75	4719
638	765	3090
639	3127	1458
640	2583	1099
641	2873	1306
642	307	4623
643	454	4114
644	2512	2117
645	2857	1275
646	449	3308
647	881	3662
648	2667	1834
649	1069	3333
650	1040	4018
651	3066	994
652	2304	1752
653	3011	1100
654	478	4223
655	2590	1473
656	752	3650
657	619	4009
658	2333	3049
659	380	3804
660	1496	3057
661	2840	994
662	157	4312
663	3116	1459
664	3303	454
665	224	4335
666	2449	2539
667	1516	2998
668	2156	1988
669	801	3566
670	442	3828
671	1025	3173
672	176	4214
673	834	3909
674	178	4411
675	3187	1144
676	678	4060
677	683	3667
678	233	4094
679	418	4344
680	308	4160
681	2617	2159
682	2404	1781
683	85	4282
684	311	4186
685	179	4437
686	2961	1640
687	2025	1221
688	847	3418
689	944	3658
690	658	3067
691	3587	356
692	3223	602
693	1679	2204
694	746	3616
695	683	3667
696	322	3860
697	1464	2925
698	407	4137
699	647	3903
700	556	4097
701	2670	1804
702	2439	2283
703	233	4094
704	2653	1814
705	2873	1306
706	604	3626
707	397	4295
708	2304	1752
709	2670	1804
710	3002	1149
711	247	3975
712	748	3533
713	176	4680
714	2036	3038
715	3469	765
716	913	3160
717	1280	3271
718	827	3695
719	366	3807
720	1523	2960
721	1506	3073
722	663	3632
723	553	3866
724	85	4282
725	1692	2669
726	538	4057
727	877	3989
728	3030	1304
729	957	3387
730	3270	1209
731	987	3183
732	2384	1017
733	239	4302
734	95	4521
735	3062	1617
736	824	3642
737	775	3670
738	3030	1304
739	322	3860
740	2900	1112
741	2578	2742
742	111	4158
743	557	3440
744	269	4739
745	389	4548
746	2404	1781
747	3030	1304
748	2855	1691
749	2590	1473
750	827	3695
751	1516	3074
752	757	3613
753	336	4484
754	944	3658
755	2823	1242
756	372	4197
757	1025	3173
758	480	3947
759	2583	1099
760	333	4317
761	647	3903
762	2788	2119
763	1025	3173
764	1252	3599
765	3456	613
766	899	3123
767	963	3351
768	3218	633
769	2512	2117
770	2833	1089
771	913	3160
772	411	3933
773	1509	2971
774	335	4011
775	2509	1380
776	1013	3606
777	658	3067
778	156	4250
779	1898	2384
780	619	4285
781	963	3351
782	568	3286
783	619	4285
784	260	4124
785	777	3106
786	814	3235
787	557	3440
788	2726	1488
789	587	3927
790	1644	3170
791	354	4517
792	232	4549
793	801	3566
794	2822	2319
795	1153	3235
796	1212	3620
797	224	4335
798	305	3920
799	999	3929
800	1496	3057
801	2356	1067
802	2230	1174
803	3122	1408
804	280	4074
805	179	4437
806	1539	2969
807	3270	1209
808	364	3644
809	2620	961
810	336	4484
811	1276	3653
812	1280	3271
813	999	3929
814	1867	1240
815	1712	3176
816	934	3606
817	360	4552
818	1357	3115
819	365	4397
820	226	4173
821	408	4143
822	2384	1017
823	257	4358
824	180	4731
825	2631	2620
826	516	4167
827	1679	2204
828	3119	1541
829	1063	3710
830	2970	1653
831	2033	1090
832	703	3259
833	2617	2159
834	3587	356
835	2958	1209
836	269	4739
837	656	3218
838	738	3483
839	2696	1910
840	777	3490
841	2571	2751
842	312	4621
843	2222	996
844	1230	3801
845	2234	2838
846	178	4411
847	776	3474
848	2234	2838
849	807	3065
850	2408	1947
851	2970	1653
852	2970	1653
853	2384	1017
854	2356	1067
855	1822	2993
856	3038	1476
857	557	3440
858	1496	3057
859	454	4114
860	538	4057
861	157	4312
862	2399	2308
863	683	3667
864	1634	2063
865	2615	2566
866	2945	1570
867	827	3695
868	2041	2431
869	1525	3024
870	1515	2769
871	1040	4018
872	1523	2960
873	704	3415
874	524	4381
875	1356	3191
876	873	4015
877	1356	3191
878	460	4166
879	424	3831
880	807	3065
881	1234	3621
882	442	3828
883	468	3932
884	442	4642
885	776	3474
886	156	4581
887	1061	3379
888	2400	2879
889	299	4396
890	3066	994
891	3738	480
892	777	3490
893	926	3535
894	2580	2359
895	788	4114
896	364	3644
897	2938	1540
898	478	4223
899	368	3828
900	813	4147
901	468	3932
902	311	4186
903	226	4173
904	3313	244
905	308	4440
906	3122	1408
907	647	3903
908	277	4859
909	1867	1240
910	2948	592
911	2938	1540
912	435	4094
913	2511	2759
914	1587	3325
915	468	3932
916	2945	1570
917	2333	3049
918	2454	2894
919	669	3801
920	3082	519
921	13	4673
922	434	4090
923	2036	3038
924	2532	1865
925	2764	1367
926	124	4302
927	513	3570
928	2788	2119
929	2015	2570
930	311	4186
DEMAND_SECTION
1	0
2	10
3	6
4	6
5	6
6	5
7	4
8	2
9	9
10	4
11	6
12	12
13	6
14	4
15	8
16	10
17	6
18	8
19	9
20	6
21	3
22	9
23	5
24	4
25	8
26	6
27	7
28	9
29	6
30	5
31	12
32	10
33	8
34	4
35	6
36	9
37	5
38	11
39	8
40	9
41	5
42	5
43	6
44	6
45	6
46	9
47	10
48	4
49	8
50	6
51	5
52	9
53	9
54	7
55	4
56	8
57	6
58	3
59	3
60	13
61	17
62	4
63	5
64	4
65	5
66	4
67	5
68	4
69	8
70	5
71	17
72	7
73	4
74	5
75	6
76	7
77	9
78	3
79	4
80	5
81	8
82	4
83	7
84	6
85	9
86	3
87	9
88	6
89	9
90	6
91	7
92	9
93	5
94	3
95	3
96	9
97	7
98	3
99	7
100	4
101	4
102	5
103	4
104	5
105	4
106	7
107	9
108	6
109	8
110	12
111	4
112	13
113	7
114	8
115	9
116	7
117	6
118	6
119	14
120	8
121	13
122	7
123	5
124	10
125	10
126	8
127	4
128	4
129	8
130	7
131	8
132	10
133	5
134	7
135	8
136	2
137	8
138	6
139	7
140	7
141	4
142	6
143	6
144	10
145	8
146	8
147	4
148	6
149	4
150	5
151	5
152	7
153	6
154	5
155	6
156	13
157	9
158	6
159	4
160	5
161	8
162	7
163	6
164	6
165	5
166	4
167	8
168	5
169	3
170	6
171	6
172	11
173	8
174	4
175	3
176	9
177	6
178	4
179	7
180	4
181	6
182	3
183	3
184	7
185	8
186	7
187	6
188	6
189	5
190	5
191	5
192	8
193	11
194	5
195	7
196	6
197	5
198	8
199	14
200	11
201	5
202	7
203	4
204	9
205	9
206	8
207	23
208	10
209	4
210	6
211	3
212	10
213	7
214	7
215	7
216	7
217	4
218	4
219	4
220	8
221	6
222	3
223	7
224	9
225	6
226	8
227	5
228	6
229	5
230	5
231	5
232	12
233	7
234	10
235	8
236	7
237	5
238	7
239	4
240	7
241	9
242	5
243	5
244	7
245	5
246	6
247	4
248	5
249	3
250	7
251	5
252	7
253	6
254	3
255	5
256	7
257	3
258	9
259	6
260	12
261	8
262	3
263	7
264	7
265	8
266	3
267	4
268	5
269	5
270	4
271	7
272	5
273	5
274	11
275	5
276	6
277	8
278	5
279	4
280	2
281	4
282	2
283	8
284	12
285	6
286	5
287	8
288	6
289	9
290	7
291	4
292	8
293	7
294	6
295	8
296	6
297	3
298	8
299	4
300	13
301	6
302	5
303	8
304	3
305	6
306	8
307	6
308	5
309	6
310	6
311	5
312	5
313	5
314	8
315	6
316	8
317	2
318	5
319	8
320	10
321	3
322	6
323	4
324	5
325	7
326	7
327	4
328	8
329	6
330	3
331	7
332	8
333	6
334	5
335	7
336	8
337	23
338	6
339	4
340	7
341	7
342	4
343	3
344	7
345	7
346	6
347	5
348	9
349	5
350	4
351	6
352	3
353	6
354	7
355	13
356	7
357	8
358	5
359	5
360	8
361	6
362	5
363	3
364	9
365	7
366	8
367	3
368	8
369	8
370	5
371	6
372	6
373	3
374	11
375	6
376	5
377	7
378	6
379	7
380	3
381	3
382	5
383	5
384	11
385	8
386	13
387	5
388	6
389	2
390	5
391	9
392	5
393	6
394	9
395	6
396	14
397	7
398	5
399	9
400	8
401	7
402	3
403	3
404	7
405	13
406	3
407	5
408	14
409	5
410	7
411	3
412	4
413	7
414	13
415	12
416	6
417	5
418	5
419	9
420	4
421	6
422	10
423	6
424	6
425	7
426	5
427	4
428	5
429	4
430	3
431	9
432	8
433	11
434	4
435	8
436	3
437	4
438	10
439	8
440	4
441	6
442	5
443	4
444	5
445	7
446	7
447	8
448	7
449	10
450	12
451	3
452	4
453	7
454	5
455	4
456	11
457	6
458	9
459	6
460	10
461	8
462	9
463	6
464	13
465	9
466	11
467	8
468	7
469	4
470	7
471	3
472	8
473	6
474	6
475	10
476	8
477	6
478	5
479	6
480	8
481	8
482	3
483	8
484	6
485	7
486	7
487	6
488	5
489	13
490	11
491	21
492	5
493	4
494	9
495	10
496	6
497	9
498	5
499	3
500	5
501	6
502	5
503	8
504	8
505	6
506	4
507	6
508	4
509	4
510	3
511	11
512	4
513	9
514	9
515	2
516	7
517	6
518	9
519	6
520	4
521	9
522	6
523	6
524	3
525	7
526	5
527	6
528	2
529	6
530	4
531	11
532	5
533	11
534	10
535	21
536	5
537	5
538	4
539	10
540	5
541	6
542	4
543	8
544	9
545	3
546	11
547	10
548	10
549	7
550	6
551	3
552	6
553	5
554	6
555	5
556	6
557	8
558	14
559	8
560	7
561	4
562	4
563	7
564	3
565	7
566	6
567	15
568	7
569	5
570	6
571	6
572	6
573	4
574	8
575	12
576	5
577	6
578	11
579	9
580	4
581	6
582	12
583	8
584	9
585	5
586	6
587	9
588	4
589	7
590	3
591	5
592	4
593	3
594	12
595	5
596	5
597	3
598	6
599	7
600	2
601	5
602	4
603	4
604	9
605	7
606	9
607	10
608	6
609	4
610	5
611	8
612	13
613	8
614	8
615	8
616	12
617	5
618	10
619	4
620	5
621	8
622	6
623	10
624	5
625	7
626	8
627	5
628	3
629	9
630	8
631	7
632	3
633	7
634	7
635	4
636	3
637	6
638	3
639	7
640	4
641	6
642	5
643	9
644	7
645	8
646	7
647	7
648	12
649	9
650	2
651	9
652	3
653	13
654	9
655	6
656	4
657	5
658	8
659	6
660	6
661	6
662	5
663	6
664	4
665	3
666	6
667	6
668	6
669	6
670	6
671	4
672	5
673	6
674	8
675	9
676	6
677	5
678	9
679	11
680	10
681	7
682	5
683	5
684	8
685	8
686	8
687	10
688	5
689	4
690	9
691	9
692	7
693	13
694	7
695	5
696	6
697	5
698	5
699	13
700	8
701	5
702	5
703	11
704	5
705	3
706	4
707	8
708	9
709	3
710	4
711	10
712	4
713	7
714	13
715	5
716	13
717	7
718	11
719	10
720	4
721	6
722	4
723	6
724	5
725	7
726	6
727	6
728	6
729	3
730	3
731	11
732	7
733	6
734	8
735	3
736	4
737	5
738	9
739	10
740	5
741	3
742	4
743	4
744	11
745	5
746	5
747	5
748	8
749	8
750	5
751	4
752	8
753	6
754	4
755	7
756	6
757	9
758	4
759	7
760	6
761	5
762	7
763	7
764	3
765	5
766	6
767	9
768	10
769	5
770	9
771	9
772	8
773	13
774	6
775	11
776	7
777	5
778	7
779	5
780	6
781	7
782	4
783	9
784	6
785	9
786	13
787	6
788	4
789	4
790	1
791	9
792	6
793	6
794	6
795	9
796	11
797	9
798	6
799	2
800	5
801	5
802	12
803	7
804	11
805	13
806	4
807	5
808	6
809	8
810	10
811	10
812	5
813	5
814	6
815	4
816	6
817	13
818	8
819	7
820	4
821	6
822	8
823	8
824	5
825	4
826	3
827	8
828	7
829	5
830	4
831	15
832	5
833	5
834	5
835	9
836	14
837	9
838	13
839	3
840	3
841	8
842	8
843	6
844	3
845	3
846	5
847	8
848	13
849	5
850	4
851	5
852	8
853	4
854	8
855	4
856	6
857	7
858	10
859	4
860	3
861	3
862	5
863	3
864	12
865	5
866	8
867	6
868	11
869	3
870	4
871	6
872	5
873	10
874	5
875	6
876	6
877	8
878	10
879	8
880	8
881	7
882	8
883	7
884	9
885	6
886	7
887	14
888	14
889	6
890	10
891	4
892	3
893	1
894	5
895	5
896	8
897	6
898	3
899	6
900	23
901	6
902	8
903	6
904	8
905	8
906	8
907	5
908	10
909	4
910	4
911	10
912	5
913	14
914	7
915	2
916	8
917	7
918	5
919	5
920	4
921	4
922	9
923	6
924	8
925	8
926	5
927	13
928	8
929	6
930	9
DEPOT_SECTION
1
-1
SERVICE_TIME_SECTION
1	0
2	540
3	420
4	960
5	420
6	540
7	480
8	540
9	540
10	420
11	600
12	540
13	420
14	840
15	360
16	780
17	360
18	720
19	300
20	480
21	480
22	480
23	540
24	960
25	960
26	780
27	420
28	420
29	780
30	300
31	660
32	660
33	600
34	420
35	780
36	540
37	660
38	780
39	540
40	540
41	540
42	840
43	480
44	480
45	720
46	480
47	360
48	480
49	1020
50	420
51	660
52	420
53	420
54	600
55	300
56	840
57	360
58	480
59	540
60	480
61	420
62	660
63	240
64	1500
65	420
66	540
67	420
68	360
69	660
70	1140
71	480
72	960
73	360
74	360
75	420
76	480
77	600
78	600
79	540
80	480
81	600
82	840
83	360
84	360
85	840
86	420
87	360
88	780
89	480
90	420
91	480
92	720
93	420
94	600
95	540
96	780
97	300
98	300
99	480
100	540
101	840
102	240
103	540
104	480
105	420
106	1200
107	840
108	540
109	540
110	540
111	540
112	540
113	780
114	360
115	480
116	360
117	540
118	420
119	240
120	660
121	720
122	600
123	540
124	960
125	300
126	660
127	480
128	420
129	480
130	540
131	720
132	660
133	240
134	780
135	360
136	540
137	600
138	780
139	780
140	480
141	480
142	420
143	540
144	480
145	420
146	480
147	540
148	300
149	420
150	480
151	420
152	480
153	480
154	420
155	660
156	960
157	480
158	420
159	240
160	480
161	900
162	840
163	660
164	300
165	360
166	540
167	360
168	480
169	540
170	480
171	120
172	660
173	540
174	240
175	1200
176	360
177	480
178	300
179	540
180	420
181	360
182	300
183	480
184	480
185	1140
186	780
187	480
188	420
189	540
190	540
191	540
192	960
193	420
194	540
195	420
196	660
197	360
198	240
199	900
200	540
201	720
202	480
203	600
204	1080
205	480
206	420
207	780
208	600
209	540
210	540
211	360
212	360
213	360
214	420
215	660
216	660
217	420
218	540
219	780
220	480
221	360
222	300
223	660
224	660
225	720
226	240
227	480
228	240
229	780
230	360
231	540
232	480
233	300
234	840
235	540
236	420
237	540
238	480
239	420
240	300
241	720
242	540
243	540
244	540
245	300
246	480
247	240
248	780
249	360
250	600
251	600
252	480
253	420
254	480
255	540
256	1500
257	540
258	420
259	480
260	360
261	540
262	780
263	660
264	240
265	420
266	780
267	360
268	360
269	360
270	720
271	480
272	540
273	420
274	360
275	480
276	780
277	780
278	600
279	660
280	300
281	660
282	300
283	360
284	780
285	300
286	420
287	720
288	780
289	600
290	300
291	660
292	360
293	540
294	540
295	840
296	600
297	540
298	540
299	360
300	540
301	600
302	660
303	420
304	420
305	300
306	780
307	1140
308	540
309	540
310	420
311	540
312	540
313	420
314	480
315	720
316	240
317	300
318	960
319	540
320	540
321	540
322	480
323	660
324	540
325	720
326	600
327	840
328	480
329	480
330	600
331	420
332	300
333	420
334	660
335	600
336	540
337	540
338	660
339	660
340	420
341	360
342	360
343	960
344	480
345	660
346	600
347	360
348	420
349	480
350	360
351	600
352	540
353	600
354	480
355	600
356	540
357	600
358	540
359	360
360	600
361	420
362	600
363	480
364	360
365	600
366	540
367	480
368	360
369	600
370	360
371	420
372	480
373	840
374	480
375	300
376	540
377	720
378	780
379	960
380	780
381	660
382	960
383	780
384	480
385	420
386	420
387	660
388	240
389	960
390	600
391	480
392	540
393	840
394	420
395	1020
396	840
397	480
398	660
399	540
400	600
401	720
402	300
403	660
404	480
405	480
406	540
407	540
408	360
409	660
410	480
411	660
412	780
413	540
414	840
415	540
416	660
417	540
418	540
419	600
420	360
421	480
422	600
423	660
424	720
425	540
426	960
427	780
428	420
429	600
430	480
431	300
432	420
433	720
434	360
435	540
436	600
437	540
438	660
439	300
440	720
441	660
442	600
443	660
444	300
445	540
446	300
447	840
448	600
449	540
450	540
451	240
452	720
453	360
454	420
455	540
456	360
457	420
458	1080
459	360
460	540
461	600
462	540
463	660
464	540
465	780
466	1140
467	480
468	480
469	420
470	360
471	420
472	240
473	600
474	600
475	780
476	600
477	420
478	420
479	420
480	480
481	420
482	360
483	480
484	300
485	480
486	240
487	720
488	540
489	540
490	600
491	780
492	540
493	480
494	900
495	480
496	780
497	540
498	360
499	660
500	540
501	480
502	480
503	480
504	720
505	420
506	540
507	780
508	540
509	420
510	240
511	480
512	540
513	300
514	360
515	780
516	600
517	480
518	660
519	600
520	480
521	300
522	600
523	540
524	1140
525	960
526	360
527	540
528	540
529	360
530	420
531	540
532	1320
533	780
534	660
535	240
536	420
537	540
538	300
539	540
540	480
541	360
542	540
543	540
544	540
545	420
546	660
547	540
548	540
549	420
550	720
551	780
552	540
553	540
554	780
555	540
556	360
557	540
558	420
559	780
560	420
561	540
562	240
563	540
564	960
565	360
566	600
567	960
568	900
569	540
570	300
571	540
572	300
573	780
574	720
575	660
576	600
577	480
578	420
579	660
580	420
581	540
582	480
583	600
584	240
585	480
586	780
587	660
588	420
589	660
590	780
591	900
592	900
593	300
594	420
595	840
596	600
597	840
598	600
599	360
600	420
601	480
602	540
603	540
604	600
605	780
606	240
607	780
608	720
609	360
610	540
611	720
612	540
613	480
614	420
615	780
616	360
617	300
618	300
619	240
620	600
621	480
622	360
623	540
624	480
625	720
626	720
627	600
628	240
629	420
630	540
631	780
632	300
633	360
634	420
635	300
636	480
637	420
638	480
639	540
640	540
641	300
642	420
643	720
644	300
645	600
646	1140
647	540
648	720
649	420
650	540
651	480
652	780
653	540
654	420
655	540
656	480
657	480
658	300
659	480
660	480
661	840
662	300
663	480
664	480
665	420
666	420
667	600
668	360
669	900
670	240
671	540
672	300
673	840
674	600
675	540
676	600
677	480
678	540
679	840
680	480
681	540
682	720
683	900
684	780
685	600
686	540
687	840
688	660
689	480
690	480
691	1320
692	540
693	540
694	420
695	420
696	420
697	900
698	480
699	720
700	540
701	600
702	900
703	600
704	660
705	480
706	420
707	600
708	600
709	420
710	540
711	540
712	420
713	900
714	420
715	540
716	600
717	360
718	840
719	660
720	480
721	900
722	660
723	300
724	420
725	540
726	720
727	480
728	540
729	360
730	660
731	780
732	540
733	420
734	360
735	480
736	600
737	660
738	420
739	900
740	540
741	780
742	420
743	780
744	840
745	300
746	540
747	480
748	600
749	600
750	360
751	240
752	360
753	420
754	540
755	660
756	300
757	360
758	360
759	660
760	420
761	360
762	780
763	660
764	240
765	360
766	540
767	480
768	540
769	420
770	780
771	420
772	540
773	960
774	480
775	900
776	840
777	780
778	1020
779	840
780	360
781	660
782	600
783	660
784	360
785	780
786	600
787	420
788	480
789	420
790	420
791	300
792	540
793	540
794	420
795	420
796	840
797	540
798	660
799	480
800	480
801	660
802	900
803	600
804	1080
805	360
806	960
807	300
808	540
809	720
810	600
811	420
812	360
813	660
814	480
815	240
816	420
817	840
818	720
819	600
820	600
821	780
822	240
823	540
824	240
825	840
826	1080
827	540
828	600
829	540
830	600
831	660
832	360
833	360
834	480
835	420
836	1020
837	420
838	660
839	300
840	420
841	960
842	360
843	540
844	300
845	540
846	480
847	540
848	300
849	540
850	600
851	840
852	420
853	360
854	480
855	780
856	840
857	540
858	600
859	540
860	480
861	480
862	840
863	420
864	540
865	420
866	600
867	480
868	960
869	660
870	600
871	480
872	300
873	600
874	780
875	240
876	480
877	540
878	600
879	540
880	420
881	900
882	540
883	660
884	300
885	360
886	960
887	540
888	360
889	540
890	480
891	720
892	300
893	660
894	660
895	540
896	480
897	600
898	480
899	300
900	540
901	540
902	360
903	600
904	420
905	1140
906	420
907	420
908	480
909	600
910	600
911	480
912	660
913	540
914	1080
915	600
916	360
917	1080
918	660
919	540
920	420
921	480
922	720
923	420
924	900
925	360
926	480
927	720
928	480
929	540
930	420
TIME_WINDOW_SECTION
1	0	45000
2	15600	23100
3	15600	23100
4	19200	26700
5	12000	19500
6	15600	23100
7	8400	15900
8	15600	23100
9	19200	26700
10	19200	26700
11	4800	12300
12	15600	23100
13	19200	26700
14	12000	19500
15	12000	19500
16	19200	26700
17	12000	19500
18	6600	30300
19	22800	30300
20	13800	30300
21	4800	12300
22	22800	30300
23	19200	26700
24	12000	19500
25	15600	23100
26	22800	30300
27	4800	12300
28	6600	30300
29	13800	30300
30	6600	29700
31	22800	30300
32	15600	23100
33	12000	19500
34	4800	12300
35	15600	23100
36	4800	11700
37	15600	23100
38	22800	30300
39	19200	26700
40	15600	23100
41	13800	30300
42	12000	19500
43	19200	26700
44	8400	15900
45	22800	30300
46	15600	23100
47	15600	23100
48	15600	23100
49	22800	30300
50	12000	19500
51	12000	19500
52	15600	23100
53	12000	19500
54	8400	15900
55	12000	19500
56	19200	26700
57	12000	19500
58	19200	26700
59	6600	30300
60	15600	23100
61	15600	23100
62	19200	26700
63	15600	23100
64	22800	30300
65	8400	15900
66	12000	19500
67	4800	12300
68	22800	30300
69	12000	19500
70	15600	23100
71	15600	23100
72	12000	19500
73	15600	23100
74	12000	19500
75	13800	30300
76	12000	19500
77	22800	30300
78	19200	26700
79	8400	15900
80	12000	19500
81	15600	23100
82	12000	19500
83	22800	29640
84	15600	23100
85	22800	30300
86	4800	12300
87	15600	23100
88	19200	26700
89	13800	30300
90	15600	23100
91	19200	26700
92	15600	23100
93	4800	12300
94	15600	23100
95	12000	19500
96	22800	30300
97	22800	30300
98	12000	19500
99	4800	12300
100	12000	19500
101	22800	30300
102	15600	23100
103	8400	15900
104	19200	26700
105	13800	29700
106	22800	30300
107	12000	19500
108	19200	26700
109	13800	30300
110	19200	26700
111	15600	23100
112	15600	23100
113	19200	26700
114	19200	26700
115	8400	15900
116	22800	30300
117	22800	30300
118	12000	19500
119	22800	30300
120	15600	23100
121	15600	23100
122	19200	26700
123	4800	12300
124	6600	30300
125	15600	23100
126	8400	15900
127	12000	19500
128	8400	15900
129	12000	19500
130	8400	15300
131	12000	19500
132	6600	30300
133	22800	30300
134	19200	26700
135	12000	19500
136	19200	26700
137	6600	30300
138	22800	30300
139	22800	30300
140	8400	15900
141	15600	23100
142	19200	26700
143	6600	30300
144	22800	30300
145	4800	12300
146	13800	30300
147	22800	30300
148	15600	23100
149	15600	23100
150	22800	30300
151	4800	12300
152	12000	19500
153	12000	19500
154	22800	30300
155	22800	30300
156	19200	26700
157	19200	26700
158	12000	19500
159	19200	26700
160	12000	19500
161	22800	30300
162	15600	23100
163	4800	12300
164	22800	30300
165	19200	26700
166	19200	26700
167	12000	19500
168	8400	15900
169	15600	23100
170	19200	26700
171	13800	30300
172	22800	30300
173	12000	19500
174	8400	15900
175	15600	23100
176	19200	26700
177	15600	23100
178	19200	26700
179	12000	19500
180	19200	26700
181	22800	30300
182	22800	30300
183	15600	23100
184	15600	23100
185	8400	15900
186	22800	30300
187	15600	23100
188	15600	23100
189	22800	30300
190	6600	30300
191	19200	26700
192	6600	30300
193	19200	26700
194	19200	26700
195	8400	15900
196	12000	19500
197	22800	30300
198	22800	30300
199	15600	23100
200	8400	15900
201	22800	30300
202	13800	30300
203	12000	19500
204	13800	30300
205	22800	30300
206	8400	15900
207	12000	19500
208	12000	19500
209	15600	23100
210	15600	23100
211	15600	23100
212	22800	30300
213	15600	23100
214	12000	19500
215	12000	19500
216	4800	12300
217	22800	30300
218	12000	19500
219	13800	30300
220	12000	19500
221	8400	15900
222	22800	29640
223	19200	26700
224	12000	19500
225	22800	30300
226	12000	19500
227	15600	23100
228	12000	19500
229	15600	23100
230	19200	26700
231	15600	23100
232	22800	30300
233	8400	15900
234	19200	26700
235	8400	15900
236	15600	23100
237	19200	26700
238	19200	26700
239	8400	15900
240	12000	19500
241	4800	12300
242	12000	19500
243	4800	12300
244	15600	23100
245	4800	12300
246	22800	30300
247	4800	12300
248	4800	12300
249	8400	15900
250	13800	30300
251	12000	19500
252	22800	30300
253	12000	19500
254	13800	30300
255	4800	12300
256	15600	23100
257	19200	26700
258	12000	19500
259	15600	23100
260	12000	19500
261	19200	26700
262	15600	23100
263	15600	23100
264	12000	19500
265	15600	23100
266	12000	19500
267	8400	15900
268	12000	19500
269	12000	19500
270	19200	26700
271	15600	23100
272	13800	30300
273	15600	23100
274	13800	29700
275	22800	30300
276	12000	19500
277	22800	30300
278	4800	12300
279	6600	30300
280	19200	26700
281	12000	19500
282	12000	19500
283	15600	23100
284	8400	15900
285	19200	26700
286	4800	12300
287	6600	30300
288	12000	18900
289	19200	26700
290	12000	19500
291	19200	26700
292	8400	15900
293	12000	19500
294	19200	26700
295	12000	19500
296	22800	30300
297	13800	30300
298	22800	30300
299	22800	30300
300	8400	15900
301	22800	30300
302	22800	30300
303	15600	23100
304	22800	30300
305	19200	26700
306	19200	26700
307	22800	30300
308	19200	26700
309	12000	19500
310	15600	23100
311	4800	12300
312	22800	30300
313	12000	19500
314	19200	26700
315	4800	12300
316	12000	19500
317	12000	18900
318	12000	19500
319	19200	26700
320	19200	26700
321	15600	23100
322	22800	30300
323	12000	19500
324	22800	30300
325	12000	19500
326	19200	26700
327	13800	30300
328	12000	19500
329	15600	23100
330	22800	30300
331	8400	15900
332	12000	19500
333	19200	26700
334	8400	15300
335	8400	15900
336	19200	26700
337	4800	12300
338	6600	30300
339	15600	23100
340	12000	18900
341	19200	26700
342	12000	19500
343	19200	26700
344	13800	30300
345	15600	23100
346	22800	29700
347	6600	30300
348	12000	19500
349	22800	30300
350	22800	30300
351	12000	19500
352	12000	19500
353	19200	26700
354	12000	19500
355	12000	19500
356	22800	30300
357	15600	23100
358	22800	30300
359	15600	23100
360	15600	23100
361	12000	19500
362	12000	19500
363	22800	30300
364	22800	30300
365	4800	12300
366	15600	23100
367	15600	23100
368	13800	30300
369	15600	23100
370	12000	19500
371	12000	19500
372	15600	23100
373	19200	26700
374	12000	19500
375	12000	19500
376	4800	12300
377	12000	19500
378	8400	15900
379	4800	12300
380	12000	19500
381	12000	19500
382	6600	30300
383	4800	12300
384	19200	26700
385	4800	12300
386	22800	30300
387	13800	30300
388	12000	19500
389	4800	12300
390	22800	30300
391	6600	30300
392	12000	19500
393	22800	30300
394	12000	19500
395	15600	23100
396	12000	19500
397	19200	26700
398	22800	30300
399	12000	19500
400	19200	26700
401	22800	30300
402	8400	15900
403	19200	26700
404	22800	30300
405	12000	19500
406	15600	23100
407	13800	30300
408	12000	19500
409	6600	30300
410	12000	19500
411	12000	19500
412	15600	23100
413	19200	26700
414	4800	12300
415	6600	30300
416	15600	23100
417	15600	23100
418	15600	23100
419	8400	15900
420	19200	26700
421	8400	15900
422	8400	15900
423	8400	15900
424	15600	23100
425	15600	23100
426	8400	15900
427	15600	23100
428	22800	30300
429	19200	26700
430	8400	15900
431	12000	19500
432	8400	15900
433	22800	30300
434	8400	15900
435	6600	30300
436	15600	23100
437	22800	30300
438	22800	30300
439	15600	23100
440	19200	26700
441	19200	26700
442	22800	30300
443	8400	15900
444	12000	19500
445	4800	12300
446	22800	30300
447	4800	12300
448	19200	26700
449	22800	30300
450	8400	15900
451	8400	15300
452	15600	23100
453	6600	30300
454	15600	23100
455	12000	19500
456	8400	15900
457	19200	26700
458	12000	19500
459	8400	15900
460	12000	19500
461	12000	19500
462	22800	30300
463	13800	30300
464	6600	30300
465	4800	12300
466	22800	30300
467	22800	30300
468	22800	30300
469	15600	23100
470	19200	26700
471	12000	19500
472	19200	26700
473	22800	30300
474	12000	19500
475	12000	19500
476	22800	30300
477	12000	19500
478	13800	30300
479	22800	30300
480	22800	30300
481	8400	15900
482	19200	26700
483	22800	30300
484	15600	23100
485	12000	19500
486	12000	19500
487	19200	26700
488	19200	26700
489	8400	15900
490	12000	19500
491	4800	12300
492	12000	19500
493	22800	30300
494	22800	30300
495	15600	23100
496	22800	30300
497	8400	15900
498	6600	30300
499	15600	23100
500	12000	19500
501	12000	19500
502	15600	23100
503	8400	15900
504	8400	15900
505	12000	19500
506	8400	15900
507	13800	30300
508	22800	30300
509	15600	23100
510	12000	19500
511	12000	19500
512	13800	30300
513	12000	19500
514	15600	23100
515	19200	26700
516	6600	30300
517	22800	30300
518	15600	23100
519	12000	19500
520	12000	19500
521	15600	23100
522	15600	23100
523	15600	23100
524	13800	30300
525	12000	19500
526	8400	15900
527	19200	26700
528	22800	30300
529	13800	30300
530	22800	29640
531	15600	23100
532	12000	19500
533	22800	30300
534	8400	15900
535	15600	23100
536	22800	30300
537	19200	26700
538	22800	30300
539	15600	23100
540	8400	15900
541	6600	30300
542	8400	15900
543	19200	26700
544	15600	23100
545	8400	15900
546	8400	15900
547	22800	30300
548	22800	30300
549	15600	23100
550	19200	26700
551	19200	26700
552	15600	23100
553	22800	29700
554	12000	19500
555	19200	26700
556	19200	26700
557	19200	26700
558	22800	30300
559	19200	26700
560	8400	15900
561	15600	23100
562	12000	19500
563	8400	15900
564	8400	15900
565	19200	26700
566	12000	19500
567	8400	15900
568	12000	19500
569	13800	30300
570	19200	26700
571	22800	30300
572	22800	29640
573	12000	19500
574	15600	23100
575	15600	23100
576	12000	19500
577	22800	30300
578	15600	23100
579	8400	15900
580	6600	30300
581	22800	30300
582	8400	15900
583	22800	29700
584	15600	23100
585	19200	26700
586	13800	30300
587	12000	19500
588	15600	23100
589	12000	19500
590	8400	15900
591	22800	30300
592	15600	23100
593	12000	19500
594	22800	30300
595	12000	19500
596	12000	19500
597	19200	26700
598	19200	26700
599	12000	19500
600	15600	23100
601	22800	30300
602	19200	26700
603	12000	19500
604	12000	19500
605	19200	26700
606	12000	19500
607	12000	19500
608	22800	30300
609	12000	19500
610	19200	26700
611	22800	30300
612	15600	23100
613	12000	19500
614	13800	30300
615	15600	23100
616	12000	19500
617	12000	18900
618	12000	18900
619	15600	22500
620	12000	19500
621	15600	23100
622	15600	23100
623	22800	30300
624	22800	30300
625	12000	19500
626	22800	30300
627	8400	15900
628	22800	30300
629	15600	22500
630	19200	26700
631	19200	26700
632	22800	30300
633	12000	19500
634	22800	30300
635	8400	15900
636	12000	19500
637	6600	30300
638	12000	18900
639	13800	30300
640	6600	29700
641	12000	19500
642	15600	23100
643	15600	23100
644	15600	23100
645	12000	19500
646	22800	30300
647	12000	19500
648	19200	26700
649	22800	30300
650	15600	23100
651	12000	19500
652	19200	26700
653	22800	30300
654	12000	19500
655	6600	30300
656	22800	30300
657	12000	19500
658	19200	26700
659	12000	19500
660	19200	26700
661	12000	19500
662	19200	26700
663	13800	30300
664	12000	19500
665	12000	19500
666	6600	29700
667	19200	26700
668	19200	26700
669	12000	19500
670	12000	19500
671	22800	30300
672	22800	30300
673	6600	29700
674	12000	19500
675	22800	30300
676	12000	19500
677	15600	23100
678	12000	19500
679	12000	19500
680	19200	26700
681	15600	23100
682	12000	19500
683	15600	23100
684	6600	29700
685	19200	26700
686	12000	19500
687	15600	23100
688	19200	26700
689	22800	30300
690	15600	23100
691	19200	26700
692	22800	30300
693	19200	26700
694	19200	26700
695	15600	23100
696	15600	23100
697	22800	30300
698	22800	30300
699	12000	18900
700	19200	26700
701	22800	30300
702	15600	23100
703	13800	30300
704	22800	30300
705	15600	23100
706	15600	23100
707	15600	23100
708	19200	26700
709	22800	30300
710	22800	30300
711	19200	26700
712	12000	19500
713	22800	30300
714	6600	30300
715	19200	26700
716	22800	29640
717	19200	26700
718	22800	30300
719	22800	30300
720	15600	23100
721	22800	30300
722	22800	30300
723	12000	19500
724	22800	30300
725	22800	30300
726	22800	30300
727	13800	30300
728	6600	30300
729	15600	23100
730	22800	30300
731	22800	30300
732	13800	30300
733	22800	30300
734	15600	23100
735	12000	19500
736	22800	30300
737	12000	19500
738	22800	30300
739	15600	23100
740	22800	30300
741	22800	30300
742	22800	30300
743	15600	23100
744	19200	26700
745	13800	30300
746	19200	26700
747	13800	30300
748	12000	18900
749	12000	19500
750	19200	26700
751	22800	30300
752	22800	30300
753	15600	23100
754	19200	26700
755	12000	19500
756	19200	26700
757	22800	30300
758	22800	30300
759	6600	30300
760	15600	23100
761	12000	19500
762	19200	26700
763	22800	30300
764	15600	23100
765	15600	23100
766	22800	30300
767	6600	30300
768	19200	26700
769	22800	30300
770	19200	26700
771	6600	29700
772	15600	23100
773	15600	23100
774	22800	30300
775	15600	23100
776	12000	19500
777	15600	23100
778	12000	19500
779	15600	23100
780	15600	23100
781	22800	30300
782	12000	19500
783	15600	23100
784	6600	30300
785	13800	30300
786	13800	30300
787	12000	19500
788	15600	23100
789	12000	19500
790	22800	30300
791	6600	30300
792	15600	23100
793	22800	30300
794	22800	30300
795	22800	30300
796	22800	30300
797	12000	19500
798	12000	19500
799	19200	26700
800	22800	30300
801	22800	30300
802	6600	29700
803	6600	30300
804	15600	23100
805	13800	30300
806	12000	19500
807	22800	30300
808	6600	30300
809	6600	30300
810	19200	26700
811	15600	23100
812	15600	23100
813	22800	30300
814	19200	26700
815	12000	19500
816	12000	19500
817	19200	26700
818	12000	19500
819	12000	19500
820	22800	30300
821	19200	26700
822	6600	29700
823	22800	30300
824	15600	23100
825	22800	30300
826	15600	23100
827	19200	26700
828	6600	30300
829	19200	26700
830	22800	30300
831	6600	29700
832	13800	29700
833	19200	26700
834	19200	26700
835	6600	30300
836	22800	30300
837	22800	30300
838	19200	26700
839	22800	30300
840	19200	26700
841	19200	26700
842	22800	30300
843	19200	26700
844	19200	26700
845	19200	26700
846	13800	30300
847	15600	23100
848	22800	30300
849	19200	26700
850	15600	23100
851	22800	30300
852	15600	23100
853	22800	30300
854	22800	30300
855	15600	23100
856	22800	30300
857	15600	23100
858	15600	23100
859	19200	26700
860	15600	23100
861	19200	26700
862	15600	23100
863	22800	30300
864	22800	30300
865	19200	26700
866	15600	23100
867	19200	26700
868	22800	30300
869	19200	26700
870	15600	23100
871	15600	23100
872	15600	23100
873	22800	30300
874	6600	30300
875	15600	23100
876	15600	23100
877	19200	26700
878	19200	26700
879	22800	30300
880	19200	26700
881	6600	30300
882	13800	30300
883	13800	30300
884	6600	30300
885	15600	23100
886	19200	26700
887	19200	26700
888	22800	30300
889	13800	30300
890	6600	30300
891	19200	26700
892	15600	23100
893	15600	23100
894	19200	26700
895	22800	30300
896	22800	30300
897	22800	30300
898	19200	26700
899	22800	30300
900	15600	23100
901	22800	30300
902	13800	30300
903	19200	26700
904	6600	30300
905	15600	23100
906	22800	30300
907	15600	23100
908	6600	29700
909	22800	30300
910	6600	30300
911	22800	30300
912	15600	23100
913	15600	23100
914	15600	23100
915	22800	30300
916	19200	26700
917	22800	29700
918	15600	23100
919	13800	30300
920	13800	29700
921	6600	29700
922	19200	26700
923	15600	23100
924	22800	30300
925	13800	29700
926	15600	23100
927	22800	30300
928	22800	30300
929	15600	23100
930	13800	30300
RELEASE_TIME_SECTION
1	0
2	3600
3	3600
4	3600
5	3600
6	3600
7	3600
8	3600
9	3600
10	3600
11	3600
12	3600
13	3600
14	3600
15	3600
16	3600
17	3600
18	3600
19	3600
20	3600
21	3600
22	3600
23	3600
24	3600
25	3600
26	3600
27	3600
28	3600
29	3600
30	3600
31	3600
32	3600
33	3600
34	3600
35	3600
36	3600
37	3600
38	3600
39	3600
40	3600
41	3600
42	3600
43	3600
44	3600
45	3600
46	3600
47	3600
48	3600
49	3600
50	3600
51	3600
52	3600
53	3600
54	3600
55	3600
56	3600
57	3600
58	3600
59	3600
60	3600
61	3600
62	3600
63	3600
64	3600
65	3600
66	3600
67	3600
68	3600
69	3600
70	3600
71	3600
72	3600
73	3600
74	3600
75	3600
76	3600
77	3600
78	3600
79	3600
80	3600
81	3600
82	3600
83	3600
84	3600
85	3600
86	3600
87	3600
88	3600
89	3600
90	3600
91	3600
92	3600
93	3600
94	3600
95	3600
96	3600
97	3600
98	3600
99	3600
100	3600
101	3600
102	5400
103	5400
104	5400
105	5400
106	5400
107	5400
108	5400
109	5400
110	5400
111	5400
112	5400
113	5400
114	5400
115	5400
116	5400
117	5400
118	5400
119	5400
120	5400
121	5400
122	5400
123	5400
124	5400
125	5400
126	5400
127	5400
128	5400
129	5400
130	5400
131	5400
132	5400
133	5400
134	5400
135	5400
136	5400
137	5400
138	5400
139	5400
140	5400
141	5400
142	5400
143	5400
144	5400
145	5400
146	5400
147	5400
148	5400
149	5400
150	5400
151	5400
152	5400
153	5400
154	5400
155	5400
156	5400
157	5400
158	5400
159	5400
160	5400
161	5400
162	5400
163	5400
164	5400
165	5400
166	5400
167	5400
168	5400
169	5400
170	5400
171	5400
172	5400
173	5400
174	5400
175	5400
176	5400
177	5400
178	5400
179	5400
180	5400
181	5400
182	5400
183	5400
184	5400
185	5400
186	5400
187	5400
188	5400
189	5400
190	5400
191	5400
192	5400
193	5400
194	5400
195	5400
196	5400
197	5400
198	5400
199	5400
200	5400
201	5400
202	7200
203	7200
204	7200
205	7200
206	7200
207	7200
208	7200
209	7200
210	7200
211	7200
212	7200
213	7200
214	7200
215	7200
216	7200
217	7200
218	7200
219	7200
220	7200
221	7200
222	7200
223	7200
224	7200
225	7200
226	7200
227	7200
228	7200
229	7200
230	7200
231	7200
232	7200
233	7200
234	7200
235	7200
236	7200
237	7200
238	7200
239	7200
240	7200
241	7200
242	7200
243	7200
244	7200
245	7200
246	7200
247	7200
248	7200
249	7200
250	7200
251	7200
252	7200
253	7200
254	7200
255	7200
256	7200
257	7200
258	7200
259	7200
260	7200
261	7200
262	7200
263	7200
264	7200
265	7200
266	7200
267	7200
268	7200
269	7200
270	7200
271	7200
272	7200
273	7200
274	7200
275	7200
276	7200
277	7200
278	7200
279	7200
280	7200
281	7200
282	7200
283	7200
284	7200
285	7200
286	7200
287	7200
288	7200
289	7200
290	7200
291	7200
292	7200
293	7200
294	7200
295	7200
296	7200
297	7200
298	7200
299	7200
300	7200
301	7200
302	9000
303	9000
304	9000
305	9000
306	9000
307	9000
308	9000
309	9000
310	9000
311	9000
312	9000
313	9000
314	9000
315	9000
316	9000
317	9000
318	9000
319	9000
320	9000
321	9000
322	9000
323	9000
324	9000
325	9000
326	9000
327	9000
328	9000
329	9000
330	9000
331	9000
332	9000
333	9000
334	9000
335	9000
336	9000
337	9000
338	9000
339	9000
340	9000
341	9000
342	9000
343	9000
344	9000
345	9000
346	9000
347	9000
348	9000
349	9000
350	9000
351	9000
352	9000
353	9000
354	9000
355	9000
356	9000
357	9000
358	9000
359	9000
360	9000
361	9000
362	9000
363	9000
364	9000
365	9000
366	9000
367	9000
368	9000
369	9000
370	9000
371	9000
372	9000
373	9000
374	9000
375	9000
376	9000
377	9000
378	9000
379	9000
380	9000
381	9000
382	9000
383	9000
384	9000
385	9000
386	9000
387	9000
388	9000
389	9000
390	9000
391	9000
392	9000
393	9000
394	9000
395	9000
396	9000
397	9000
398	9000
399	9000
400	9000
401	9000
402	10800
403	10800
404	10800
405	10800
406	10800
407	10800
408	10800
409	10800
410	10800
411	10800
412	10800
413	10800
414	10800
415	10800
416	10800
417	10800
418	10800
419	10800
420	10800
421	10800
422	10800
423	10800
424	10800
425	10800
426	10800
427	10800
428	10800
429	10800
430	10800
431	10800
432	10800
433	10800
434	10800
435	10800
436	10800
437	10800
438	10800
439	10800
440	10800
441	10800
442	10800
443	10800
444	10800
445	10800
446	10800
447	10800
448	10800
449	10800
450	10800
451	10800
452	10800
453	10800
454	10800
455	10800
456	10800
457	10800
458	10800
459	10800
460	10800
461	10800
462	10800
463	10800
464	10800
465	10800
466	10800
467	10800
468	10800
469	10800
470	10800
471	10800
472	10800
473	10800
474	10800
475	10800
476	10800
477	10800
478	10800
479	10800
480	10800
481	10800
482	10800
483	10800
484	10800
485	10800
486	10800
487	10800
488	10800
489	10800
490	10800
491	10800
492	10800
493	10800
494	10800
495	10800
496	10800
497	10800
498	10800
499	10800
500	12600
501	12600
502	12600
503	12600
504	12600
505	12600
506	12600
507	12600
508	12600
509	12600
510	12600
511	12600
512	12600
513	12600
514	12600
515	12600
516	12600
517	12600
518	12600
519	12600
520	12600
521	12600
522	12600
523	12600
524	12600
525	12600
526	12600
527	12600
528	12600
529	12600
530	12600
531	12600
532	12600
533	12600
534	12600
535	12600
536	12600
537	12600
538	12600
539	12600
540	12600
541	12600
542	12600
543	12600
544	12600
545	12600
546	12600
547	12600
548	12600
549	12600
550	12600
551	12600
552	12600
553	12600
554	12600
555	12600
556	12600
557	12600
558	12600
559	12600
560	12600
561	12600
562	12600
563	12600
564	12600
565	12600
566	12600
567	12600
568	12600
569	12600
570	12600
571	12600
572	12600
573	12600
574	12600
575	12600
576	12600
577	12600
578	12600
579	12600
580	12600
581	12600
582	12600
583	12600
584	12600
585	12600
586	12600
587	12600
588	12600
589	12600
590	12600
591	14400
592	14400
593	14400
594	14400
595	14400
596	14400
597	14400
598	14400
599	14400
600	14400
601	14400
602	14400
603	14400
604	14400
605	14400
606	14400
607	14400
608	14400
609	14400
610	14400
611	14400
612	14400
613	14400
614	14400
615	14400
616	14400
617	14400
618	14400
619	14400
620	14400
621	14400
622	14400
623	14400
624	14400
625	14400
626	14400
627	14400
628	14400
629	14400
630	14400
631	14400
632	14400
633	14400
634	14400
635	14400
636	14400
637	14400
638	14400
639	14400
640	14400
641	14400
642	14400
643	14400
644	14400
645	14400
646	14400
647	14400
648	14400
649	14400
650	14400
651	14400
652	14400
653	14400
654	14400
655	14400
656	14400
657	14400
658	14400
659	14400
660	14400
661	14400
662	14400
663	14400
664	14400
665	14400
666	14400
667	14400
668	14400
669	14400
670	14400
671	14400
672	14400
673	14400
674	14400
675	14400
676	14400
677	14400
678	14400
679	14400
680	14400
681	14400
682	14400
683	16200
684	16200
685	16200
686	16200
687	16200
688	16200
689	16200
690	16200
691	16200
692	16200
693	16200
694	16200
695	16200
696	16200
697	16200
698	16200
699	16200
700	16200
701	16200
702	16200
703	16200
704	16200
705	16200
706	16200
707	16200
708	16200
709	16200
710	16200
711	16200
712	16200
713	16200
714	16200
715	16200
716	16200
717	16200
718	16200
719	16200
720	16200
721	16200
722	16200
723	16200
724	16200
725	16200
726	16200
727	16200
728	16200
729	16200
730	16200
731	16200
732	16200
733	16200
734	16200
735	16200
736	16200
737	16200
738	16200
739	16200
740	16200
741	16200
742	16200
743	16200
744	16200
745	16200
746	16200
747	16200
748	16200
749	16200
750	16200
751	16200
752	16200
753	16200
754	16200
755	16200
756	16200
757	16200
758	18000
759	18000
760	18000
761	18000
762	18000
763	18000
764	18000
765	18000
766	18000
767	18000
768	18000
769	18000
770	18000
771	18000
772	18000
773	18000
774	18000
775	18000
776	18000
777	18000
778	18000
779	18000
780	18000
781	18000
782	18000
783	18000
784	18000
785	18000
786	18000
787	18000
788	18000
789	18000
790	18000
791	18000
792	18000
793	18000
794	18000
795	18000
796	18000
797	18000
798	18000
799	18000
800	18000
801	18000
802	18000
803	18000
804	18000
805	18000
806	18000
807	18000
808	18000
809	18000
810	18000
811	18000
812	18000
813	18000
814	18000
815	18000
816	18000
817	18000
818	18000
819	18000
820	18000
821	18000
822	18000
823	18000
824	18000
825	18000
826	18000
827	18000
828	19800
829	19800
830	19800
831	19800
832	19800
833	19800
834	19800
835	19800
836	19800
837	19800
838	19800
839	19800
840	19800
841	19800
842	19800
843	19800
844	19800
845	19800
846	19800
847	19800
848	19800
849	19800
850	19800
851	19800
852	19800
853	19800
854	19800
855	19800
856	19800
857	19800
858	19800
859	19800
860	19800
861	19800
862	19800
863	19800
864	19800
865	19800
866	19800
867	19800
868	19800
869	19800
870	19800
871	19800
872	19800
873	19800
874	19800
875	19800
876	19800
877	19800
878	19800
879	19800
880	21600
881	21600
882	21600
883	21600
884	21600
885	21600
886	21600
887	21600
888	21600
889	21600
890	21600
891	21600
892	21600
893	21600
894	21600
895	21600
896	21600
897	21600
898	21600
899	21600
900	21600
901	21600
902	21600
903	21600
904	21600
905	21600
906	21600
907	21600
908	21600
909	21600
910	21600
911	21600
912	21600
913	21600
914	21600
915	21600
916	21600
917	21600
918	21600
919	21600
920	21600
921	21600
922	21600
923	21600
924	21600
925	21600
926	21600
927	21600
928	21600
929	21600
930	21600
EOF
