NAME : ORTEC-VRPTW-ASYM-08d8e660-d1-n862
TYPE : VRPTW-RT
DIMENSION : 863
EDGE_WEIGHT_TYPE : EUC_2D
CAPACITY : 145
NODE_COORD_SECTION
1	1907	5206
2	1796	3514
3	2201	3617
4	1597	4224
5	746	5187
6	611	5078
7	285	4425
8	1431	3419
9	1984	3202
10	1737	3239
11	1674	3642
12	2268	3905
13	1682	3587
14	2151	3546
15	2066	3758
16	1824	3490
17	1805	3678
18	2057	3517
19	2148	3377
20	266	5646
21	1422	3748
22	772	4939
23	1585	3672
24	401	4104
25	1569	4787
26	138	5418
27	1693	4356
28	52	5541
29	1822	4231
30	1853	3506
31	1805	3678
32	1667	3951
33	1737	3239
34	1276	3486
35	1645	3878
36	720	4840
37	1327	4972
38	1570	2840
39	545	5158
40	321	5249
41	410	5312
42	571	5308
43	829	5564
44	1144	4846
45	1744	3345
46	1925	3306
47	401	4104
48	1583	4152
49	1694	3259
50	1191	4006
51	2157	3754
52	1853	3506
53	367	5383
54	2308	3468
55	2006	3330
56	415	3584
57	907	5512
58	2445	3455
59	1435	4713
60	1474	3623
61	1663	4412
62	808	5657
63	1706	3971
64	1791	4251
65	504	5163
66	1681	3641
67	732	5125
68	464	5609
69	1857	3802
70	1816	3940
71	1583	4152
72	542	5148
73	711	4710
74	410	5312
75	745	5182
76	1661	3948
77	1838	3066
78	538	5229
79	1730	3493
80	2273	3670
81	1154	4817
82	789	4870
83	1508	4925
84	603	5206
85	1245	5087
86	1661	3948
87	2238	4018
88	1480	4675
89	240	4810
90	1508	4909
91	1449	4895
92	1741	2674
93	1838	3066
94	1076	4987
95	697	5787
96	1967	3311
97	410	4543
98	18	5202
99	467	5759
100	683	4864
101	1337	4588
102	2173	3238
103	109	5380
104	1662	3860
105	1562	3305
106	1124	4933
107	789	4870
108	464	5609
109	1786	4209
110	1902	3611
111	571	3986
112	1991	3531
113	950	5040
114	1268	3892
115	1341	3639
116	555	5548
117	538	5229
118	2151	3546
119	78	5497
120	2457	3793
121	1718	3539
122	711	4926
123	946	4907
124	1818	3673
125	504	5163
126	1241	3824
127	1868	3401
128	1787	3988
129	1714	3274
130	746	5187
131	555	5548
132	532	3670
133	138	5418
134	1517	3674
135	1674	3653
136	1027	4898
137	249	5696
138	985	5354
139	1682	3587
140	732	5125
141	1799	3609
142	1600	3560
143	1899	3475
144	772	4939
145	154	5388
146	2238	4018
147	538	5229
148	1248	4967
149	647	5044
150	216	4816
151	705	5127
152	789	4870
153	432	4054
154	1956	3307
155	919	5722
156	285	4425
157	1208	4401
158	596	5605
159	789	4870
160	1154	4817
161	532	3670
162	518	5480
163	1777	3684
164	331	4425
165	2473	3542
166	1718	3539
167	37	5406
168	1706	3971
169	1617	3856
170	1168	3886
171	1474	3460
172	1629	2983
173	464	5609
174	1076	4987
175	1305	4048
176	1947	3604
177	1558	3632
178	1760	2807
179	2442	3540
180	1244	4846
181	1460	4444
182	2151	3546
183	787	5159
184	603	5206
185	1341	3639
186	374	4584
187	1758	3491
188	1694	3259
189	321	5249
190	1337	4588
191	1674	3642
192	2281	3586
193	950	5040
194	1853	3506
195	964	4957
196	745	5182
197	1557	3562
198	1268	3892
199	2077	3953
200	1508	4822
201	408	4166
202	2032	3540
203	696	4177
204	288	4794
205	1439	3874
206	813	5195
207	1709	3409
208	947	5106
209	1144	4846
210	1422	3748
211	1245	5087
212	2273	3670
213	1418	3794
214	708	5535
215	1076	4987
216	1388	3847
217	1622	4186
218	2296	3565
219	936	4931
220	404	5117
221	1927	4169
222	1751	3376
223	1353	4793
224	849	4913
225	1841	3604
226	2210	3458
227	907	5512
228	2474	3459
229	494	3863
230	257	5026
231	813	5195
232	2152	3866
233	708	5535
234	772	4939
235	1751	3376
236	518	5480
237	1675	3640
238	2370	3365
239	2057	3517
240	1368	3780
241	161	4644
242	1411	3634
243	2119	3377
244	1956	3307
245	697	5787
246	606	5314
247	1751	3376
248	1562	3305
249	1736	3068
250	249	4464
251	571	3986
252	2151	3546
253	2474	3459
254	754	5589
255	789	4870
256	1722	2815
257	1508	4909
258	1337	4588
259	908	4940
260	1872	2714
261	933	4754
262	1737	3239
263	2408	3425
264	839	4656
265	2099	3603
266	1718	3539
267	1860	3724
268	532	3670
269	1927	4169
270	1758	3491
271	1413	4546
272	1843	3398
273	467	3957
274	795	4765
275	2308	3468
276	849	4913
277	1711	4083
278	2473	3542
279	824	4969
280	2151	3546
281	1860	3724
282	1775	3362
283	1679	3809
284	1737	3239
285	1786	4209
286	1388	3847
287	997	4545
288	754	5589
289	401	4104
290	1872	2714
291	2273	3670
292	846	5061
293	808	5657
294	1674	3653
295	745	5182
296	1842	3302
297	193	4977
298	2039	3325
299	1191	4006
300	532	3670
301	749	4619
302	1904	3735
303	1144	4846
304	371	4570
305	1857	3802
306	2002	3323
307	2271	3889
308	1941	3632
309	1841	3604
310	1706	3971
311	1368	3780
312	1927	4169
313	528	5484
314	813	5195
315	257	5026
316	808	5657
317	1925	3306
318	508	5145
319	787	5159
320	1597	3694
321	285	5052
322	1449	4731
323	2445	3455
324	1730	3493
325	425	5493
326	1248	4967
327	695	5686
328	1642	4889
329	410	4543
330	705	5127
331	683	4864
332	598	5768
333	2055	3595
334	2133	3407
335	1027	4898
336	1396	4324
337	947	5106
338	1489	4633
339	1293	4595
340	257	5026
341	2075	4034
342	1115	3033
343	407	5422
344	732	5125
345	696	4907
346	1517	4888
347	2445	3455
348	1293	4595
349	1400	3840
350	1208	4401
351	1735	4440
352	1196	4919
353	603	5206
354	161	4644
355	1682	3587
356	1557	3562
357	1600	3560
358	1485	3990
359	18	5202
360	1675	2874
361	2057	3517
362	1439	3874
363	1191	4006
364	331	4425
365	1906	3727
366	1014	5205
367	154	5388
368	1935	3379
369	210	5562
370	209	4759
371	1824	3490
372	396	5527
373	1158	4965
374	1209	3958
375	2296	3565
376	1903	3351
377	1413	4546
378	1753	3227
379	1956	3656
380	1801	4271
381	371	4570
382	2152	3866
383	1469	3295
384	1735	3712
385	1737	3745
386	206	5429
387	459	5580
388	1617	3856
389	138	5418
390	1562	3305
391	1474	3623
392	711	4926
393	1196	4919
394	683	4864
395	1956	3307
396	1693	4356
397	1293	5119
398	1904	3735
399	696	4177
400	1786	4209
401	1954	3499
402	1706	3971
403	78	5497
404	1508	4909
405	395	4572
406	1431	3419
407	1293	5119
408	2445	3455
409	824	4969
410	824	4969
411	1332	4897
412	720	4840
413	1335	3224
414	371	4570
415	365	5607
416	1674	3642
417	1838	3484
418	1907	3479
419	1984	3202
420	1622	4186
421	1430	3002
422	1597	3694
423	597	5740
424	1954	3499
425	1619	4808
426	2077	3953
427	705	5127
428	1843	3319
429	2353	3556
430	1370	3151
431	1268	3892
432	579	5169
433	116	4404
434	988	4901
435	1736	3068
436	651	5619
437	1001	4557
438	584	5381
439	1838	3066
440	1883	3712
441	2151	3546
442	216	4816
443	263	5333
444	1248	4967
445	2473	3542
446	1767	3116
447	571	5308
448	276	5255
449	1945	3275
450	321	5249
451	1715	3412
452	1454	4386
453	1875	3120
454	516	3719
455	1569	4787
456	395	4572
457	532	3670
458	1768	3713
459	0	4744
460	1984	3202
461	2441	3519
462	263	5333
463	1885	3408
464	1735	4440
465	1474	3623
466	1799	3609
467	1449	4731
468	2405	3606
469	383	5164
470	1853	3506
471	2281	3586
472	320	5733
473	542	4053
474	116	4404
475	432	4054
476	1954	3499
477	1629	2983
478	1597	3694
479	952	5343
480	597	5740
481	2296	3565
482	1844	3549
483	1396	4324
484	1885	3408
485	2258	3259
486	1811	3455
487	919	5722
488	1394	4698
489	2530	3411
490	263	5333
491	206	5429
492	1512	3516
493	1796	3514
494	1805	3678
495	1434	4718
496	952	5343
497	606	5314
498	396	5527
499	18	5202
500	606	5314
501	383	4500
502	2077	3953
503	374	4584
504	1158	3281
505	52	5541
506	543	5319
507	787	5159
508	1749	3491
509	1431	3419
510	1485	4657
511	1899	3475
512	1190	5030
513	1767	3116
514	1674	3642
515	1824	3490
516	365	5607
517	542	4053
518	1682	3587
519	1714	3274
520	331	4425
521	263	5333
522	1851	3161
523	647	5044
524	1939	3779
525	808	5657
526	459	5580
527	695	5686
528	1449	4895
529	1816	3940
530	732	5125
531	1746	3420
532	322	4536
533	1244	4846
534	2059	4118
535	2030	3828
536	1569	4787
537	2131	3421
538	787	5159
539	2099	3603
540	1293	5119
541	1735	3712
542	467	3957
543	1430	3002
544	568	3975
545	1027	4898
546	1327	4972
547	266	5646
548	497	5471
549	732	5125
550	2281	3586
551	1903	3506
552	285	4425
553	1736	3068
554	1562	3305
555	705	5127
556	1276	3486
557	2238	4018
558	597	5740
559	1950	3661
560	1715	3736
561	2268	3905
562	1449	4731
563	1168	3886
564	407	5422
565	908	4940
566	1368	3780
567	1158	4965
568	365	5607
569	611	5078
570	1276	3486
571	1860	3724
572	711	4926
573	1517	4888
574	952	5343
575	1663	4412
576	257	5026
577	1775	3362
578	1682	3587
579	1629	2983
580	410	4543
581	288	4677
582	1735	3712
583	1332	4897
584	2258	3259
585	2066	3758
586	1642	4889
587	516	3719
588	1663	4412
589	621	5142
590	52	5541
591	611	5078
592	1208	4401
593	1615	3531
594	696	4907
595	532	3670
596	1942	3669
597	206	5346
598	746	5187
599	1959	3606
600	1460	4444
601	2353	3556
602	206	5429
603	1337	4588
604	407	5422
605	410	4543
606	2238	4018
607	2424	3230
608	1562	3305
609	2417	3796
610	1750	3877
611	1907	3479
612	263	5333
613	1343	3909
614	878	5307
615	1768	3713
616	1735	3371
617	1967	3311
618	321	5249
619	532	3670
620	1305	4048
621	746	5187
622	1959	3606
623	374	4584
624	1984	3237
625	988	4901
626	1941	3632
627	2273	3670
628	839	4656
629	1335	3224
630	813	5195
631	1715	3736
632	1431	3419
633	331	4425
634	209	4759
635	1758	3491
636	285	4737
637	1642	4889
638	37	5406
639	1824	3490
640	383	4500
641	1469	3295
642	1902	3611
643	1508	4909
644	1542	4693
645	1747	3638
646	1480	4675
647	1248	4967
648	787	5159
649	88	5350
650	1337	4588
651	1462	3860
652	1907	3479
653	1400	3840
654	1857	3802
655	1154	4817
656	1115	3033
657	1927	4169
658	661	5455
659	439	4808
660	1969	3669
661	2271	3889
662	1662	3884
663	1945	3275
664	2255	3492
665	1777	3684
666	1701	3790
667	597	5740
668	2345	3213
669	1241	3824
670	1786	4209
671	1394	4698
672	2039	3325
673	829	5564
674	206	5346
675	1906	3727
676	2032	3540
677	1342	4187
678	2474	3459
679	1158	3281
680	37	5406
681	1190	5030
682	1667	3951
683	1508	4909
684	697	5787
685	1737	3745
686	1462	3860
687	1569	4787
688	1885	3408
689	720	4840
690	1803	3394
691	878	5307
692	808	5657
693	494	3863
694	1485	4657
695	1902	3611
696	1144	4846
697	1760	2807
698	467	3957
699	276	5255
700	59	5428
701	396	5527
702	1787	3988
703	849	4913
704	2273	3670
705	249	5696
706	283	5502
707	1718	3539
708	1517	3674
709	497	5471
710	432	4054
711	407	5422
712	1925	3306
713	661	5455
714	1718	2960
715	1341	3639
716	1481	4811
717	1816	3940
718	1396	4324
719	1585	3672
720	1947	3604
721	1751	3376
722	545	5158
723	1822	4231
724	497	5471
725	1349	4173
726	365	5607
727	1737	3745
728	518	5480
729	206	5429
730	1822	4231
731	1925	3306
732	2173	3238
733	1469	3295
734	1902	3611
735	401	4104
736	795	4765
737	1531	4527
738	1076	4987
739	2030	3828
740	846	5061
741	2210	3458
742	1804	3378
743	1967	3311
744	1767	3116
745	908	4940
746	1485	4657
747	936	4931
748	499	5536
749	1340	3805
750	178	4835
751	542	5148
752	155	5269
753	2284	3759
754	2066	3758
755	425	5493
756	288	4677
757	216	4816
758	383	5164
759	263	5333
760	1597	3694
761	1627	4169
762	462	5678
763	597	5740
764	1190	5030
765	1615	3531
766	276	5255
767	251	5467
768	1362	4852
769	508	5145
770	1508	4909
771	720	4840
772	579	5169
773	1569	4787
774	1439	3874
775	1935	3379
776	1245	5087
777	0	4744
778	1342	4187
779	543	5319
780	1115	3033
781	1474	3623
782	1664	3780
783	720	4840
784	782	4168
785	732	5125
786	193	4977
787	1570	2840
788	1735	3371
789	332	4909
790	1883	3712
791	1539	3147
792	1591	2877
793	1731	3544
794	332	4909
795	276	5255
796	516	3719
797	1619	4808
798	332	4909
799	1600	3560
800	1245	5087
801	1244	4846
802	1959	3606
803	287	4296
804	1349	4173
805	1731	3544
806	1868	3401
807	1737	3239
808	542	5148
809	155	5269
810	838	5637
811	1682	3587
812	808	5657
813	1950	3661
814	1674	3642
815	584	5381
816	1645	3878
817	395	4572
818	2311	3317
819	1027	4948
820	1843	3398
821	2032	3540
822	285	4737
823	1539	3147
824	933	4754
825	1718	3539
826	2120	3582
827	2405	3606
828	1676	3904
829	288	4794
830	1162	4628
831	1343	3909
832	1268	3892
833	1558	3632
834	285	4737
835	1557	3562
836	1843	3725
837	499	5536
838	2210	3458
839	467	5759
840	772	4939
841	813	5195
842	1268	3892
843	1718	3539
844	1115	3033
845	1664	3780
846	459	5580
847	178	4835
848	1969	3669
849	1293	4595
850	2370	3365
851	1597	4224
852	1395	2820
853	695	5686
854	1667	3951
855	711	4926
856	1718	2960
857	1400	3840
858	2474	3459
859	1349	4173
860	1838	3484
861	946	4907
862	745	5182
863	772	4939
DEMAND_SECTION
1	0
2	7
3	14
4	10
5	7
6	5
7	5
8	4
9	8
10	4
11	11
12	2
13	5
14	7
15	6
16	7
17	7
18	7
19	6
20	10
21	4
22	9
23	6
24	6
25	5
26	6
27	9
28	6
29	7
30	9
31	4
32	7
33	9
34	4
35	9
36	10
37	7
38	4
39	7
40	3
41	7
42	6
43	5
44	4
45	11
46	5
47	4
48	4
49	6
50	5
51	5
52	5
53	9
54	11
55	6
56	10
57	8
58	3
59	3
60	3
61	2
62	5
63	11
64	19
65	11
66	5
67	5
68	4
69	6
70	4
71	2
72	4
73	3
74	7
75	8
76	6
77	6
78	7
79	6
80	3
81	4
82	3
83	11
84	7
85	6
86	7
87	7
88	5
89	7
90	8
91	8
92	7
93	3
94	5
95	7
96	6
97	9
98	4
99	2
100	7
101	4
102	11
103	9
104	7
105	6
106	6
107	6
108	6
109	5
110	4
111	2
112	5
113	6
114	11
115	12
116	3
117	10
118	10
119	5
120	4
121	7
122	6
123	5
124	6
125	9
126	14
127	5
128	8
129	7
130	3
131	8
132	5
133	15
134	5
135	14
136	16
137	6
138	8
139	6
140	4
141	3
142	6
143	5
144	6
145	3
146	4
147	4
148	7
149	15
150	12
151	5
152	3
153	10
154	11
155	2
156	5
157	5
158	4
159	4
160	11
161	7
162	4
163	5
164	2
165	6
166	10
167	9
168	7
169	7
170	6
171	6
172	6
173	7
174	3
175	4
176	7
177	5
178	6
179	4
180	7
181	5
182	7
183	5
184	2
185	5
186	6
187	14
188	4
189	8
190	6
191	8
192	9
193	6
194	6
195	11
196	6
197	8
198	4
199	4
200	6
201	7
202	11
203	3
204	6
205	6
206	6
207	5
208	13
209	14
210	3
211	5
212	6
213	3
214	8
215	9
216	6
217	4
218	6
219	9
220	9
221	6
222	7
223	5
224	7
225	5
226	7
227	7
228	8
229	5
230	19
231	4
232	2
233	5
234	7
235	7
236	3
237	5
238	4
239	6
240	5
241	9
242	5
243	3
244	14
245	8
246	2
247	6
248	10
249	7
250	8
251	4
252	8
253	5
254	10
255	6
256	11
257	4
258	6
259	14
260	4
261	3
262	4
263	4
264	8
265	6
266	17
267	3
268	9
269	5
270	7
271	11
272	9
273	6
274	6
275	2
276	10
277	9
278	8
279	5
280	3
281	3
282	4
283	7
284	8
285	8
286	8
287	6
288	2
289	6
290	5
291	10
292	5
293	3
294	10
295	4
296	3
297	4
298	9
299	2
300	7
301	4
302	11
303	10
304	3
305	7
306	13
307	9
308	5
309	4
310	8
311	5
312	6
313	5
314	4
315	6
316	11
317	6
318	7
319	7
320	9
321	19
322	5
323	14
324	9
325	4
326	7
327	6
328	4
329	9
330	5
331	14
332	5
333	8
334	5
335	5
336	14
337	6
338	9
339	4
340	3
341	9
342	3
343	4
344	5
345	6
346	8
347	10
348	6
349	7
350	5
351	9
352	7
353	4
354	2
355	3
356	6
357	8
358	4
359	7
360	4
361	7
362	3
363	5
364	4
365	7
366	5
367	6
368	4
369	4
370	4
371	6
372	2
373	14
374	9
375	5
376	7
377	8
378	5
379	4
380	3
381	7
382	6
383	7
384	7
385	6
386	4
387	6
388	11
389	4
390	4
391	8
392	7
393	5
394	4
395	11
396	5
397	6
398	4
399	7
400	8
401	6
402	8
403	4
404	5
405	7
406	5
407	8
408	4
409	9
410	5
411	7
412	5
413	4
414	8
415	6
416	9
417	3
418	4
419	3
420	5
421	11
422	12
423	3
424	11
425	6
426	14
427	4
428	5
429	7
430	5
431	5
432	8
433	8
434	6
435	11
436	26
437	14
438	3
439	9
440	13
441	4
442	9
443	8
444	6
445	5
446	4
447	10
448	3
449	4
450	5
451	8
452	5
453	10
454	7
455	6
456	3
457	16
458	7
459	6
460	10
461	5
462	6
463	8
464	5
465	8
466	8
467	4
468	5
469	3
470	4
471	5
472	4
473	8
474	7
475	5
476	5
477	8
478	2
479	5
480	6
481	6
482	5
483	8
484	4
485	8
486	3
487	12
488	4
489	6
490	5
491	5
492	5
493	5
494	9
495	4
496	6
497	6
498	5
499	3
500	10
501	5
502	3
503	10
504	7
505	13
506	26
507	5
508	14
509	16
510	10
511	15
512	7
513	5
514	3
515	5
516	5
517	3
518	3
519	4
520	5
521	7
522	8
523	6
524	7
525	6
526	5
527	6
528	7
529	4
530	5
531	6
532	5
533	10
534	8
535	8
536	7
537	5
538	5
539	7
540	6
541	4
542	5
543	7
544	3
545	5
546	4
547	12
548	4
549	10
550	6
551	5
552	7
553	3
554	2
555	9
556	7
557	5
558	7
559	6
560	7
561	10
562	6
563	4
564	5
565	6
566	5
567	7
568	4
569	5
570	7
571	9
572	10
573	8
574	8
575	3
576	6
577	3
578	6
579	7
580	4
581	7
582	7
583	3
584	5
585	4
586	5
587	2
588	11
589	4
590	11
591	4
592	5
593	4
594	4
595	7
596	6
597	9
598	6
599	3
600	5
601	8
602	6
603	8
604	15
605	5
606	4
607	5
608	7
609	16
610	3
611	3
612	4
613	8
614	6
615	8
616	5
617	9
618	5
619	5
620	10
621	6
622	14
623	5
624	5
625	2
626	6
627	3
628	12
629	5
630	3
631	8
632	6
633	7
634	10
635	7
636	3
637	14
638	5
639	6
640	6
641	16
642	8
643	4
644	5
645	5
646	4
647	8
648	5
649	6
650	3
651	5
652	5
653	7
654	4
655	7
656	5
657	6
658	7
659	8
660	8
661	7
662	3
663	3
664	6
665	7
666	8
667	3
668	6
669	9
670	8
671	10
672	11
673	11
674	5
675	10
676	9
677	4
678	4
679	6
680	9
681	6
682	7
683	6
684	6
685	6
686	11
687	6
688	3
689	12
690	9
691	7
692	7
693	10
694	6
695	7
696	7
697	5
698	3
699	10
700	9
701	4
702	7
703	4
704	8
705	11
706	6
707	6
708	9
709	6
710	6
711	3
712	6
713	5
714	8
715	5
716	6
717	9
718	2
719	10
720	13
721	7
722	6
723	12
724	10
725	11
726	5
727	6
728	5
729	16
730	5
731	13
732	11
733	11
734	6
735	8
736	12
737	15
738	6
739	14
740	9
741	9
742	4
743	11
744	3
745	6
746	7
747	6
748	4
749	8
750	6
751	6
752	7
753	6
754	12
755	11
756	6
757	8
758	5
759	6
760	8
761	6
762	5
763	3
764	9
765	4
766	5
767	12
768	3
769	8
770	19
771	6
772	5
773	6
774	4
775	5
776	2
777	5
778	5
779	5
780	9
781	7
782	7
783	8
784	8
785	5
786	7
787	6
788	7
789	5
790	12
791	5
792	5
793	15
794	5
795	6
796	7
797	4
798	8
799	14
800	13
801	9
802	5
803	8
804	8
805	7
806	6
807	5
808	5
809	6
810	13
811	4
812	6
813	3
814	13
815	5
816	5
817	7
818	10
819	7
820	6
821	13
822	2
823	8
824	26
825	6
826	11
827	8
828	12
829	14
830	9
831	3
832	4
833	6
834	6
835	10
836	26
837	4
838	14
839	5
840	3
841	5
842	10
843	5
844	8
845	8
846	6
847	7
848	11
849	6
850	3
851	5
852	9
853	10
854	3
855	6
856	6
857	3
858	4
859	6
860	13
861	3
862	8
863	3
DEPOT_SECTION
1
-1
SERVICE_TIME_SECTION
1	0
2	300
3	420
4	660
5	660
6	780
7	540
8	300
9	720
10	720
11	540
12	540
13	300
14	480
15	420
16	1200
17	1080
18	600
19	540
20	780
21	480
22	360
23	780
24	240
25	840
26	900
27	900
28	600
29	720
30	660
31	480
32	360
33	540
34	480
35	360
36	780
37	540
38	480
39	840
40	780
41	780
42	780
43	780
44	840
45	720
46	420
47	480
48	840
49	840
50	540
51	660
52	360
53	420
54	540
55	840
56	480
57	600
58	420
59	540
60	420
61	420
62	540
63	600
64	360
65	840
66	660
67	300
68	660
69	660
70	660
71	660
72	420
73	1500
74	780
75	540
76	540
77	540
78	720
79	660
80	660
81	840
82	360
83	600
84	660
85	720
86	720
87	780
88	480
89	300
90	720
91	540
92	600
93	360
94	1020
95	900
96	780
97	300
98	780
99	540
100	420
101	600
102	240
103	780
104	360
105	720
106	720
107	600
108	480
109	540
110	420
111	780
112	300
113	600
114	540
115	960
116	420
117	660
118	540
119	780
120	660
121	960
122	480
123	600
124	540
125	1020
126	660
127	360
128	780
129	900
130	660
131	540
132	900
133	660
134	660
135	840
136	660
137	360
138	900
139	720
140	480
141	360
142	300
143	480
144	1140
145	540
146	900
147	720
148	600
149	420
150	600
151	600
152	900
153	840
154	840
155	480
156	360
157	600
158	600
159	900
160	660
161	540
162	840
163	540
164	540
165	600
166	780
167	420
168	780
169	900
170	780
171	300
172	360
173	600
174	480
175	660
176	660
177	1140
178	1020
179	360
180	540
181	420
182	900
183	900
184	660
185	240
186	660
187	1380
188	540
189	720
190	660
191	600
192	660
193	960
194	660
195	420
196	540
197	1020
198	600
199	720
200	540
201	780
202	540
203	420
204	900
205	780
206	420
207	360
208	480
209	720
210	720
211	720
212	600
213	420
214	840
215	480
216	540
217	360
218	660
219	360
220	600
221	240
222	300
223	540
224	540
225	360
226	420
227	300
228	720
229	840
230	420
231	660
232	540
233	240
234	840
235	960
236	1080
237	1500
238	660
239	720
240	480
241	540
242	420
243	360
244	480
245	600
246	660
247	360
248	360
249	660
250	480
251	360
252	480
253	420
254	600
255	480
256	360
257	540
258	540
259	1020
260	660
261	660
262	720
263	1080
264	480
265	300
266	360
267	480
268	420
269	540
270	1020
271	420
272	780
273	900
274	840
275	600
276	660
277	660
278	600
279	480
280	780
281	600
282	300
283	480
284	660
285	600
286	540
287	360
288	300
289	420
290	1620
291	840
292	540
293	900
294	720
295	660
296	900
297	480
298	1500
299	480
300	840
301	780
302	780
303	840
304	540
305	300
306	480
307	240
308	540
309	1080
310	780
311	960
312	360
313	480
314	360
315	540
316	240
317	420
318	480
319	540
320	720
321	600
322	540
323	480
324	540
325	840
326	600
327	300
328	300
329	660
330	720
331	900
332	960
333	780
334	660
335	720
336	960
337	480
338	780
339	840
340	540
341	600
342	720
343	360
344	660
345	300
346	420
347	840
348	600
349	300
350	300
351	840
352	780
353	480
354	720
355	960
356	480
357	1260
358	900
359	1020
360	600
361	780
362	360
363	660
364	840
365	480
366	420
367	840
368	360
369	360
370	300
371	1020
372	480
373	540
374	240
375	420
376	660
377	840
378	720
379	660
380	660
381	660
382	540
383	540
384	960
385	720
386	1020
387	600
388	660
389	540
390	1500
391	540
392	600
393	780
394	720
395	600
396	540
397	480
398	660
399	240
400	420
401	840
402	480
403	420
404	600
405	360
406	660
407	480
408	360
409	540
410	420
411	780
412	660
413	780
414	420
415	1080
416	480
417	420
418	720
419	1080
420	480
421	660
422	540
423	600
424	780
425	900
426	480
427	600
428	600
429	420
430	600
431	300
432	900
433	660
434	660
435	660
436	660
437	420
438	300
439	420
440	480
441	1080
442	780
443	780
444	840
445	540
446	1020
447	480
448	900
449	540
450	720
451	960
452	720
453	240
454	360
455	480
456	660
457	1020
458	480
459	900
460	420
461	780
462	540
463	780
464	720
465	300
466	600
467	600
468	600
469	780
470	900
471	780
472	780
473	900
474	660
475	840
476	1380
477	420
478	240
479	660
480	540
481	780
482	960
483	600
484	720
485	660
486	360
487	660
488	720
489	360
490	480
491	840
492	900
493	420
494	900
495	780
496	300
497	540
498	360
499	780
500	780
501	240
502	780
503	480
504	900
505	900
506	540
507	900
508	420
509	420
510	600
511	300
512	600
513	300
514	360
515	780
516	600
517	360
518	540
519	720
520	660
521	480
522	480
523	780
524	900
525	480
526	1080
527	720
528	600
529	720
530	720
531	660
532	1320
533	300
534	480
535	720
536	780
537	420
538	1080
539	480
540	660
541	1080
542	1080
543	480
544	600
545	360
546	600
547	1260
548	780
549	600
550	300
551	660
552	540
553	720
554	780
555	360
556	360
557	960
558	300
559	720
560	540
561	780
562	600
563	660
564	660
565	780
566	900
567	660
568	660
569	300
570	660
571	300
572	420
573	840
574	480
575	960
576	300
577	420
578	720
579	480
580	840
581	960
582	600
583	660
584	720
585	300
586	1020
587	720
588	600
589	600
590	1080
591	480
592	780
593	480
594	480
595	1620
596	600
597	360
598	420
599	840
600	480
601	660
602	420
603	540
604	900
605	780
606	660
607	300
608	780
609	900
610	540
611	660
612	480
613	540
614	540
615	720
616	600
617	780
618	840
619	900
620	900
621	600
622	600
623	660
624	900
625	600
626	420
627	540
628	480
629	480
630	360
631	780
632	780
633	360
634	600
635	720
636	720
637	660
638	540
639	240
640	360
641	660
642	540
643	840
644	720
645	420
646	300
647	660
648	300
649	540
650	540
651	420
652	540
653	780
654	480
655	540
656	480
657	780
658	960
659	780
660	480
661	960
662	480
663	780
664	660
665	660
666	840
667	900
668	600
669	780
670	360
671	960
672	480
673	480
674	720
675	600
676	480
677	840
678	300
679	480
680	420
681	900
682	720
683	900
684	720
685	540
686	600
687	540
688	600
689	900
690	360
691	600
692	540
693	600
694	540
695	780
696	780
697	360
698	480
699	480
700	1620
701	1140
702	660
703	540
704	420
705	660
706	540
707	840
708	420
709	660
710	660
711	420
712	480
713	540
714	300
715	360
716	540
717	540
718	720
719	480
720	720
721	900
722	420
723	480
724	960
725	720
726	660
727	600
728	600
729	840
730	360
731	600
732	480
733	720
734	480
735	1080
736	780
737	900
738	660
739	600
740	900
741	480
742	840
743	720
744	780
745	540
746	840
747	540
748	600
749	540
750	840
751	720
752	780
753	660
754	360
755	420
756	540
757	660
758	480
759	480
760	660
761	480
762	360
763	480
764	360
765	420
766	840
767	1080
768	840
769	600
770	360
771	540
772	480
773	660
774	540
775	540
776	600
777	480
778	600
779	300
780	780
781	540
782	480
783	960
784	540
785	360
786	540
787	540
788	1140
789	420
790	540
791	360
792	420
793	840
794	480
795	1080
796	480
797	720
798	720
799	540
800	360
801	660
802	660
803	660
804	480
805	600
806	420
807	720
808	660
809	600
810	540
811	360
812	720
813	360
814	1020
815	900
816	1200
817	720
818	540
819	660
820	900
821	660
822	900
823	1080
824	420
825	480
826	600
827	660
828	420
829	600
830	540
831	660
832	600
833	660
834	1080
835	420
836	960
837	600
838	480
839	660
840	840
841	600
842	360
843	780
844	660
845	660
846	900
847	720
848	540
849	600
850	900
851	720
852	540
853	1260
854	540
855	840
856	480
857	600
858	720
859	900
860	300
861	300
862	480
863	600
TIME_WINDOW_SECTION
1	0	45000
2	16200	23400
3	7200	30600
4	23400	30600
5	16200	23400
6	12600	19800
7	9000	16200
8	5400	11700
9	16200	23400
10	16200	23400
11	5400	12600
12	9000	16200
13	16200	23400
14	5400	12600
15	23400	30600
16	16200	23400
17	5400	12600
18	16200	23400
19	7200	30600
20	23400	30600
21	5400	12600
22	16200	23400
23	7200	30600
24	16200	23400
25	16200	23400
26	7200	30600
27	7200	30600
28	16200	23400
29	5400	12600
30	12600	19800
31	19800	27000
32	7200	30600
33	23400	30600
34	19800	27000
35	16200	23400
36	5400	12600
37	7200	30600
38	19800	27000
39	9000	16200
40	19800	26100
41	7200	29700
42	16200	23400
43	5400	12600
44	19800	26100
45	19800	27000
46	23400	30600
47	23400	30600
48	5400	12600
49	5400	12600
50	9000	16200
51	9000	16200
52	19800	27000
53	7200	30600
54	7200	30600
55	5400	12600
56	5400	12600
57	16200	23400
58	7200	29700
59	23400	30600
60	5400	12600
61	16200	23400
62	19800	27000
63	5400	12600
64	23400	29700
65	12600	19800
66	5400	12600
67	12600	19800
68	23400	30600
69	16200	23400
70	5400	12600
71	23400	30600
72	12600	19800
73	9000	16200
74	12600	19800
75	12600	19800
76	16200	23400
77	7200	30600
78	23400	30600
79	5400	12600
80	5400	12600
81	9000	16200
82	19800	27000
83	19800	27000
84	12600	19800
85	19800	27000
86	23400	30600
87	19800	27000
88	16200	23400
89	12600	19800
90	5400	12600
91	12600	19800
92	9000	16200
93	12600	19800
94	23400	30600
95	5400	11700
96	19800	27000
97	12600	19800
98	7200	30600
99	19800	27000
100	7200	30600
101	23400	30600
102	7200	30600
103	19800	27000
104	16200	23400
105	12600	19800
106	19800	27000
107	16200	23400
108	9000	16200
109	23400	30600
110	12600	19800
111	7200	30600
112	7200	30600
113	19800	27000
114	19800	27000
115	9000	16200
116	19800	27000
117	16200	23400
118	23400	30600
119	9000	16200
120	5400	12600
121	23400	30600
122	9000	16200
123	19800	27000
124	23400	30600
125	9000	16200
126	7200	30600
127	5400	12600
128	12600	19800
129	12600	19800
130	16200	23400
131	5400	12600
132	19800	27000
133	19800	27000
134	19800	27000
135	16200	23400
136	5400	12600
137	16200	23400
138	16200	23400
139	23400	29700
140	16200	23400
141	16200	23400
142	12600	19800
143	19800	27000
144	19800	27000
145	12600	19800
146	16200	23400
147	23400	30600
148	23400	30600
149	7200	30600
150	19800	27000
151	19800	27000
152	7200	30600
153	12600	19800
154	19800	27000
155	9000	16200
156	23400	30600
157	7200	30600
158	19800	27000
159	16200	23400
160	23400	30600
161	23400	30600
162	23400	30600
163	9000	16200
164	9000	16200
165	19800	27000
166	16200	23400
167	9000	16200
168	12600	19800
169	19800	27000
170	16200	23400
171	12600	19800
172	23400	30600
173	12600	19800
174	16200	23400
175	12600	19800
176	9000	16200
177	19800	27000
178	7200	30600
179	16200	23400
180	23400	30600
181	12600	19800
182	23400	30600
183	23400	30600
184	12600	19800
185	16200	23400
186	5400	11700
187	19800	27000
188	19800	27000
189	23400	30600
190	16200	23400
191	19800	27000
192	7200	30600
193	12600	19800
194	12600	19800
195	16200	23400
196	23400	30600
197	23400	30600
198	19800	27000
199	5400	12600
200	16200	23400
201	23400	30600
202	5400	11700
203	12600	19800
204	23400	30600
205	9000	16200
206	16200	23400
207	5400	12600
208	9000	16200
209	5400	12600
210	19800	27000
211	9000	16200
212	7200	30600
213	5400	12600
214	12600	19800
215	9000	16200
216	19800	27000
217	9000	16200
218	16200	23400
219	7200	30600
220	23400	30600
221	9000	16200
222	16200	23400
223	16200	23400
224	23400	30600
225	19800	27000
226	9000	16200
227	16200	23400
228	9000	16200
229	19800	26100
230	23400	30600
231	7200	30600
232	9000	16200
233	23400	30600
234	12600	19800
235	12600	19800
236	16200	23400
237	16200	23400
238	12600	19800
239	16200	23400
240	5400	11700
241	19800	27000
242	9000	16200
243	19800	27000
244	5400	12600
245	5400	12600
246	23400	30600
247	16200	23400
248	16200	23400
249	12600	19800
250	7200	30600
251	19800	27000
252	7200	29700
253	5400	12600
254	16200	22500
255	19800	27000
256	19800	27000
257	16200	23400
258	5400	12600
259	12600	19800
260	12600	19800
261	19800	27000
262	12600	19800
263	5400	12600
264	16200	23400
265	12600	19800
266	12600	19800
267	9000	16200
268	5400	12600
269	16200	23400
270	7200	30600
271	23400	30600
272	16200	23400
273	12600	19800
274	12600	19800
275	23400	30600
276	23400	30600
277	9000	16200
278	12600	18900
279	16200	23400
280	23400	30600
281	7200	30600
282	9000	16200
283	5400	12600
284	12600	19800
285	19800	27000
286	19800	27000
287	9000	16200
288	23400	30600
289	7200	30600
290	12600	19800
291	19800	27000
292	16200	23400
293	7200	30600
294	7200	30600
295	9000	16200
296	23400	30600
297	16200	23400
298	9000	16200
299	5400	12600
300	23400	30600
301	16200	23400
302	12600	19800
303	5400	12600
304	12600	19800
305	7200	30600
306	23400	30600
307	23400	30600
308	16200	23400
309	5400	12600
310	12600	19800
311	23400	30600
312	23400	29700
313	12600	19800
314	5400	12600
315	12600	19800
316	19800	27000
317	23400	30600
318	5400	12600
319	16200	23400
320	23400	29700
321	19800	27000
322	16200	23400
323	19800	27000
324	5400	12600
325	23400	30600
326	5400	12600
327	5400	12600
328	19800	27000
329	5400	12600
330	23400	30600
331	7200	30600
332	16200	23400
333	19800	27000
334	23400	30600
335	7200	30600
336	23400	30600
337	12600	19800
338	5400	12600
339	5400	12600
340	9000	16200
341	16200	23400
342	16200	23400
343	9000	16200
344	12600	19800
345	7200	30600
346	23400	30600
347	19800	27000
348	19800	27000
349	7200	30600
350	16200	23400
351	9000	16200
352	12600	19800
353	9000	16200
354	23400	30600
355	23400	29700
356	12600	19800
357	5400	12600
358	23400	30600
359	16200	23400
360	9000	16200
361	9000	16200
362	16200	23400
363	7200	30600
364	19800	27000
365	16200	23400
366	9000	16200
367	5400	12600
368	7200	30600
369	19800	27000
370	23400	30600
371	23400	30600
372	5400	12600
373	9000	16200
374	19800	27000
375	9000	16200
376	16200	23400
377	12600	19800
378	23400	30600
379	19800	27000
380	12600	19800
381	19800	27000
382	12600	19800
383	16200	23400
384	7200	29700
385	23400	30600
386	7200	30600
387	9000	16200
388	12600	18900
389	7200	30600
390	12600	19800
391	19800	27000
392	23400	30600
393	7200	30600
394	23400	30600
395	12600	19800
396	23400	30600
397	16200	23400
398	12600	19800
399	12600	19800
400	23400	30600
401	16200	23400
402	12600	19800
403	9000	16200
404	7200	29700
405	9000	16200
406	16200	23400
407	19800	27000
408	12600	19800
409	16200	23400
410	23400	30600
411	12600	19800
412	19800	27000
413	23400	30600
414	19800	27000
415	9000	16200
416	23400	30600
417	12600	19800
418	16200	23400
419	9000	16200
420	12600	19800
421	19800	27000
422	23400	30600
423	16200	23400
424	19800	27000
425	9000	16200
426	19800	27000
427	16200	23400
428	23400	30600
429	23400	30600
430	12600	19800
431	19800	27000
432	12600	19800
433	7200	30600
434	19800	26100
435	16200	23400
436	16200	23400
437	16200	23400
438	19800	27000
439	19800	27000
440	9000	16200
441	9000	16200
442	16200	23400
443	7200	29700
444	16200	23400
445	23400	30600
446	16200	23400
447	16200	23400
448	16200	22500
449	12600	19800
450	16200	23400
451	16200	22500
452	16200	23400
453	12600	18900
454	16200	23400
455	16200	23400
456	12600	19800
457	12600	19800
458	19800	27000
459	9000	16200
460	19800	27000
461	19800	27000
462	23400	29700
463	16200	23400
464	7200	30600
465	7200	30600
466	16200	23400
467	16200	23400
468	16200	23400
469	16200	23400
470	16200	23400
471	9000	16200
472	12600	19800
473	9000	16200
474	9000	16200
475	7200	30600
476	19800	27000
477	9000	16200
478	9000	16200
479	7200	30600
480	19800	27000
481	19800	27000
482	23400	30600
483	19800	27000
484	19800	27000
485	7200	30600
486	12600	19800
487	7200	30600
488	16200	22500
489	16200	23400
490	16200	23400
491	16200	23400
492	19800	27000
493	9000	16200
494	7200	29700
495	12600	19800
496	7200	30600
497	7200	30600
498	19800	27000
499	16200	23400
500	7200	29700
501	19800	27000
502	7200	30600
503	9000	16200
504	12600	19800
505	23400	30600
506	16200	23400
507	16200	23400
508	9000	16200
509	7200	30600
510	7200	30600
511	16200	23400
512	7200	30600
513	19800	27000
514	9000	16200
515	7200	29700
516	19800	27000
517	7200	30600
518	23400	30600
519	12600	19800
520	23400	30600
521	12600	19800
522	12600	19800
523	19800	27000
524	23400	30600
525	23400	30600
526	16200	23400
527	16200	23400
528	19800	27000
529	19800	27000
530	19800	27000
531	19800	27000
532	19800	27000
533	19800	27000
534	23400	30600
535	16200	23400
536	9000	16200
537	9000	16200
538	23400	30600
539	23400	29700
540	16200	23400
541	7200	30600
542	12600	19800
543	7200	30600
544	7200	30600
545	7200	30600
546	7200	30600
547	16200	23400
548	23400	29700
549	23400	30600
550	23400	30600
551	16200	23400
552	12600	18900
553	16200	23400
554	12600	18900
555	19800	27000
556	23400	30600
557	16200	23400
558	19800	27000
559	16200	23400
560	23400	30600
561	23400	30600
562	7200	30600
563	7200	30600
564	23400	30600
565	9000	16200
566	9000	16200
567	23400	30600
568	12600	19800
569	19800	27000
570	16200	23400
571	23400	30600
572	16200	23400
573	19800	27000
574	19800	27000
575	19800	27000
576	16200	22500
577	7200	30600
578	19800	27000
579	16200	23400
580	16200	23400
581	23400	30600
582	7200	30600
583	7200	30600
584	16200	23400
585	19800	27000
586	12600	19800
587	19800	27000
588	16200	23400
589	12600	19800
590	23400	30600
591	23400	30600
592	12600	19800
593	7200	30600
594	23400	30600
595	16200	22440
596	19800	27000
597	23400	30600
598	12600	19800
599	12600	19800
600	12600	19800
601	7200	29700
602	19800	27000
603	7200	30600
604	16200	23400
605	7200	30600
606	23400	30600
607	23400	30600
608	16200	23400
609	19800	27000
610	16200	23400
611	16200	23400
612	19800	27000
613	7200	30600
614	12600	19800
615	23400	30600
616	7200	30600
617	23400	30600
618	12600	19800
619	19800	27000
620	16200	23400
621	12600	19800
622	12600	19800
623	23400	30600
624	12600	19800
625	16200	23400
626	16200	23400
627	23400	30600
628	23400	30600
629	16200	23400
630	16200	23400
631	16200	23400
632	19800	27000
633	23400	30600
634	23400	30600
635	7200	30600
636	23400	30600
637	16200	23400
638	16200	23400
639	16200	23400
640	19800	27000
641	19800	27000
642	16200	23400
643	23400	30600
644	23400	30600
645	16200	23400
646	19800	27000
647	16200	23400
648	7200	29700
649	23400	30600
650	19800	27000
651	19800	26100
652	19800	27000
653	7200	30600
654	19800	27000
655	16200	23400
656	16200	23400
657	23400	30600
658	16200	23400
659	23400	30600
660	16200	23400
661	23400	30600
662	23400	30600
663	7200	30600
664	23400	30600
665	23400	30600
666	23400	30600
667	16200	23400
668	16200	23400
669	12600	19800
670	19800	27000
671	12600	19800
672	16200	23400
673	23400	30600
674	19800	27000
675	12600	19800
676	7200	30600
677	23400	30600
678	23400	30600
679	7200	30600
680	23400	30600
681	12600	19800
682	23400	30600
683	16200	23400
684	19800	27000
685	12600	19800
686	23400	30600
687	16200	23400
688	19800	27000
689	23400	30600
690	7200	29700
691	19800	27000
692	23400	30600
693	19800	27000
694	19800	27000
695	19800	26100
696	12600	19800
697	19800	27000
698	7200	30600
699	19800	26100
700	16200	23400
701	23400	30600
702	23400	30600
703	7200	29700
704	16200	23400
705	16200	23400
706	16200	23400
707	7200	30600
708	16200	23400
709	19800	27000
710	23400	30600
711	23400	30600
712	19800	27000
713	19800	27000
714	19800	27000
715	19800	27000
716	23400	30600
717	19800	27000
718	16200	23400
719	19800	27000
720	23400	30600
721	19800	27000
722	19800	27000
723	16200	23400
724	16200	23400
725	23400	30600
726	23400	30600
727	19800	27000
728	7200	29700
729	19800	27000
730	23400	30600
731	23400	30600
732	19800	27000
733	7200	30600
734	19800	27000
735	23400	30600
736	23400	30600
737	19800	27000
738	19800	27000
739	19800	27000
740	19800	26100
741	7200	30600
742	16200	23400
743	23400	30600
744	23400	30600
745	7200	30600
746	23400	30600
747	7200	30600
748	7200	30600
749	19800	27000
750	16200	23400
751	16200	23400
752	23400	30600
753	19800	27000
754	7200	30600
755	23400	30600
756	23400	30600
757	16200	23400
758	16200	23400
759	16200	23400
760	19800	27000
761	23400	29700
762	19800	27000
763	16200	23400
764	16200	23400
765	23400	30600
766	23400	30600
767	7200	29700
768	23400	30600
769	23400	30600
770	7200	30600
771	16200	23400
772	7200	29700
773	7200	29700
774	23400	30600
775	19800	27000
776	19800	27000
777	19800	27000
778	19800	27000
779	7200	30600
780	23400	30600
781	23400	30600
782	23400	30600
783	19800	27000
784	23400	30600
785	19800	27000
786	7200	30600
787	7200	30600
788	23400	30600
789	16200	23400
790	16200	23400
791	23400	30600
792	23400	30600
793	7200	29700
794	16200	23400
795	19800	27000
796	23400	30600
797	16200	23400
798	7200	30600
799	19800	27000
800	23400	30600
801	19800	27000
802	19800	27000
803	23400	30600
804	19800	26100
805	23400	30600
806	23400	30600
807	19800	27000
808	19800	27000
809	16200	23400
810	7200	30600
811	19800	27000
812	19800	27000
813	7200	30600
814	19800	27000
815	23400	30600
816	7200	30600
817	16200	23400
818	19800	27000
819	7200	30600
820	23400	30600
821	23400	30600
822	19800	27000
823	23400	30600
824	7200	29700
825	19800	27000
826	23400	30600
827	19800	27000
828	7200	30600
829	23400	30600
830	19800	27000
831	7200	30600
832	19800	27000
833	19800	26100
834	7200	30600
835	19800	27000
836	19800	27000
837	7200	30600
838	23400	30600
839	23400	30600
840	7200	30600
841	19800	27000
842	19800	27000
843	19800	27000
844	19800	27000
845	7200	30600
846	19800	27000
847	19800	27000
848	7200	30600
849	19800	27000
850	23400	30600
851	23400	30600
852	19800	26100
853	19800	26100
854	19800	27000
855	23400	30600
856	7200	30600
857	23400	30600
858	19800	27000
859	19800	27000
860	23400	30600
861	7200	29700
862	7200	29700
863	23400	30600
RELEASE_TIME_SECTION
1	0
2	5400
3	5400
4	5400
5	5400
6	5400
7	5400
8	5400
9	5400
10	5400
11	5400
12	5400
13	5400
14	5400
15	5400
16	5400
17	5400
18	5400
19	5400
20	5400
21	5400
22	5400
23	5400
24	5400
25	5400
26	5400
27	5400
28	5400
29	5400
30	5400
31	5400
32	5400
33	5400
34	5400
35	5400
36	5400
37	5400
38	5400
39	5400
40	5400
41	5400
42	5400
43	5400
44	5400
45	5400
46	5400
47	5400
48	5400
49	5400
50	5400
51	5400
52	5400
53	5400
54	5400
55	5400
56	5400
57	5400
58	5400
59	5400
60	5400
61	5400
62	5400
63	5400
64	5400
65	5400
66	5400
67	5400
68	5400
69	5400
70	5400
71	5400
72	5400
73	5400
74	5400
75	5400
76	5400
77	5400
78	5400
79	5400
80	5400
81	5400
82	5400
83	5400
84	5400
85	5400
86	5400
87	5400
88	5400
89	5400
90	5400
91	5400
92	5400
93	5400
94	5400
95	5400
96	5400
97	5400
98	5400
99	5400
100	5400
101	5400
102	7200
103	7200
104	7200
105	7200
106	7200
107	7200
108	7200
109	7200
110	7200
111	7200
112	7200
113	7200
114	7200
115	7200
116	7200
117	7200
118	7200
119	7200
120	7200
121	7200
122	7200
123	7200
124	7200
125	7200
126	7200
127	7200
128	7200
129	7200
130	7200
131	7200
132	7200
133	7200
134	7200
135	7200
136	7200
137	7200
138	7200
139	7200
140	7200
141	7200
142	7200
143	7200
144	7200
145	7200
146	7200
147	7200
148	7200
149	7200
150	7200
151	7200
152	7200
153	7200
154	7200
155	7200
156	7200
157	7200
158	7200
159	7200
160	7200
161	7200
162	7200
163	7200
164	7200
165	7200
166	7200
167	7200
168	7200
169	7200
170	7200
171	7200
172	7200
173	7200
174	7200
175	7200
176	7200
177	7200
178	7200
179	7200
180	7200
181	7200
182	7200
183	7200
184	7200
185	7200
186	7200
187	7200
188	7200
189	7200
190	7200
191	7200
192	7200
193	7200
194	7200
195	7200
196	7200
197	7200
198	7200
199	7200
200	7200
201	7200
202	9000
203	9000
204	9000
205	9000
206	9000
207	9000
208	9000
209	9000
210	9000
211	9000
212	9000
213	9000
214	9000
215	9000
216	9000
217	9000
218	9000
219	9000
220	9000
221	9000
222	9000
223	9000
224	9000
225	9000
226	9000
227	9000
228	9000
229	9000
230	9000
231	9000
232	9000
233	9000
234	9000
235	9000
236	9000
237	9000
238	9000
239	9000
240	9000
241	9000
242	9000
243	9000
244	9000
245	9000
246	9000
247	9000
248	9000
249	9000
250	9000
251	9000
252	9000
253	9000
254	9000
255	9000
256	9000
257	9000
258	9000
259	9000
260	9000
261	9000
262	9000
263	9000
264	9000
265	9000
266	9000
267	9000
268	9000
269	9000
270	9000
271	9000
272	9000
273	9000
274	9000
275	9000
276	9000
277	9000
278	9000
279	9000
280	9000
281	9000
282	9000
283	9000
284	9000
285	9000
286	9000
287	9000
288	9000
289	9000
290	9000
291	9000
292	9000
293	9000
294	9000
295	9000
296	9000
297	9000
298	9000
299	9000
300	9000
301	9000
302	10800
303	10800
304	10800
305	10800
306	10800
307	10800
308	10800
309	10800
310	10800
311	10800
312	10800
313	10800
314	10800
315	10800
316	10800
317	10800
318	10800
319	10800
320	10800
321	10800
322	10800
323	10800
324	10800
325	10800
326	10800
327	10800
328	10800
329	10800
330	10800
331	10800
332	10800
333	10800
334	10800
335	10800
336	10800
337	10800
338	10800
339	10800
340	10800
341	10800
342	10800
343	10800
344	10800
345	10800
346	10800
347	10800
348	10800
349	10800
350	10800
351	10800
352	10800
353	10800
354	10800
355	10800
356	10800
357	10800
358	10800
359	10800
360	10800
361	10800
362	10800
363	10800
364	10800
365	10800
366	10800
367	10800
368	10800
369	10800
370	10800
371	10800
372	10800
373	10800
374	10800
375	10800
376	10800
377	10800
378	10800
379	10800
380	10800
381	10800
382	10800
383	10800
384	10800
385	10800
386	10800
387	10800
388	10800
389	10800
390	10800
391	10800
392	10800
393	10800
394	10800
395	12600
396	12600
397	12600
398	12600
399	12600
400	12600
401	12600
402	12600
403	12600
404	12600
405	12600
406	12600
407	12600
408	12600
409	12600
410	12600
411	12600
412	12600
413	12600
414	12600
415	12600
416	12600
417	12600
418	12600
419	12600
420	12600
421	12600
422	12600
423	12600
424	12600
425	12600
426	12600
427	12600
428	12600
429	12600
430	12600
431	12600
432	12600
433	12600
434	12600
435	12600
436	12600
437	12600
438	12600
439	12600
440	12600
441	12600
442	12600
443	12600
444	12600
445	12600
446	12600
447	12600
448	12600
449	12600
450	12600
451	12600
452	12600
453	12600
454	12600
455	12600
456	12600
457	12600
458	12600
459	12600
460	12600
461	12600
462	12600
463	12600
464	12600
465	12600
466	12600
467	12600
468	12600
469	12600
470	12600
471	12600
472	12600
473	12600
474	12600
475	12600
476	12600
477	12600
478	12600
479	12600
480	12600
481	12600
482	12600
483	14400
484	14400
485	14400
486	14400
487	14400
488	14400
489	14400
490	14400
491	14400
492	14400
493	14400
494	14400
495	14400
496	14400
497	14400
498	14400
499	14400
500	14400
501	14400
502	14400
503	14400
504	14400
505	14400
506	14400
507	14400
508	14400
509	14400
510	14400
511	14400
512	14400
513	14400
514	14400
515	14400
516	14400
517	14400
518	14400
519	14400
520	14400
521	14400
522	14400
523	14400
524	14400
525	14400
526	14400
527	14400
528	14400
529	14400
530	14400
531	14400
532	14400
533	14400
534	14400
535	14400
536	14400
537	14400
538	14400
539	14400
540	14400
541	14400
542	14400
543	14400
544	14400
545	14400
546	14400
547	14400
548	14400
549	14400
550	14400
551	14400
552	14400
553	14400
554	14400
555	14400
556	14400
557	14400
558	14400
559	14400
560	14400
561	14400
562	14400
563	14400
564	14400
565	14400
566	14400
567	14400
568	16200
569	16200
570	16200
571	16200
572	16200
573	16200
574	16200
575	16200
576	16200
577	16200
578	16200
579	16200
580	16200
581	16200
582	16200
583	16200
584	16200
585	16200
586	16200
587	16200
588	16200
589	16200
590	16200
591	16200
592	16200
593	16200
594	16200
595	16200
596	16200
597	16200
598	16200
599	16200
600	16200
601	16200
602	16200
603	16200
604	16200
605	16200
606	16200
607	16200
608	16200
609	16200
610	16200
611	16200
612	16200
613	16200
614	16200
615	16200
616	16200
617	16200
618	16200
619	16200
620	16200
621	16200
622	16200
623	16200
624	16200
625	16200
626	16200
627	16200
628	16200
629	16200
630	16200
631	16200
632	16200
633	16200
634	18000
635	18000
636	18000
637	18000
638	18000
639	18000
640	18000
641	18000
642	18000
643	18000
644	18000
645	18000
646	18000
647	18000
648	18000
649	18000
650	18000
651	18000
652	18000
653	18000
654	18000
655	18000
656	18000
657	18000
658	18000
659	18000
660	18000
661	18000
662	18000
663	18000
664	18000
665	18000
666	18000
667	18000
668	18000
669	18000
670	18000
671	18000
672	18000
673	18000
674	18000
675	18000
676	18000
677	18000
678	18000
679	18000
680	18000
681	18000
682	18000
683	18000
684	18000
685	18000
686	18000
687	18000
688	18000
689	18000
690	18000
691	18000
692	18000
693	18000
694	18000
695	18000
696	18000
697	18000
698	18000
699	18000
700	18000
701	19800
702	19800
703	19800
704	19800
705	19800
706	19800
707	19800
708	19800
709	19800
710	19800
711	19800
712	19800
713	19800
714	19800
715	19800
716	19800
717	19800
718	19800
719	19800
720	19800
721	19800
722	19800
723	19800
724	19800
725	19800
726	19800
727	19800
728	19800
729	19800
730	19800
731	19800
732	19800
733	19800
734	19800
735	19800
736	19800
737	19800
738	19800
739	19800
740	19800
741	19800
742	19800
743	19800
744	19800
745	19800
746	19800
747	19800
748	19800
749	19800
750	19800
751	19800
752	19800
753	19800
754	19800
755	19800
756	19800
757	19800
758	19800
759	19800
760	19800
761	19800
762	19800
763	19800
764	19800
765	21600
766	21600
767	21600
768	21600
769	21600
770	21600
771	21600
772	21600
773	21600
774	21600
775	21600
776	21600
777	21600
778	21600
779	21600
780	21600
781	21600
782	21600
783	21600
784	21600
785	21600
786	21600
787	21600
788	21600
789	21600
790	21600
791	21600
792	21600
793	21600
794	21600
795	21600
796	21600
797	21600
798	21600
799	21600
800	21600
801	21600
802	21600
803	21600
804	21600
805	21600
806	21600
807	21600
808	21600
809	21600
810	21600
811	21600
812	21600
813	21600
814	21600
815	21600
816	21600
817	21600
818	23400
819	23400
820	23400
821	23400
822	23400
823	23400
824	23400
825	23400
826	23400
827	23400
828	23400
829	23400
830	23400
831	23400
832	23400
833	23400
834	23400
835	23400
836	23400
837	23400
838	23400
839	23400
840	23400
841	23400
842	23400
843	23400
844	23400
845	23400
846	23400
847	23400
848	23400
849	23400
850	23400
851	23400
852	23400
853	23400
854	23400
855	23400
856	23400
857	23400
858	23400
859	23400
860	23400
861	23400
862	23400
863	23400
EOF
