NAME : ORTEC-VRPTW-ASYM-9ba5962e-d1-n824
TYPE : VRPTW-RT
DIMENSION : 825
EDGE_WEIGHT_TYPE : EUC_2D
CAPACITY : 145
NODE_COORD_SECTION
1	139	4683
2	156	2650
3	345	2338
4	310	234
5	300	1317
6	517	2279
7	328	916
8	687	2256
9	180	823
10	394	1975
11	300	2518
12	783	2161
13	448	2051
14	331	2317
15	399	349
16	466	1698
17	290	1287
18	252	2381
19	465	2389
20	351	769
21	359	823
22	432	2056
23	177	359
24	358	2440
25	295	2139
26	226	535
27	321	2106
28	311	809
29	325	1832
30	303	1548
31	290	1287
32	200	2204
33	394	1975
34	603	2121
35	267	2179
36	312	1051
37	465	2389
38	312	1332
39	443	2283
40	328	759
41	434	988
42	353	872
43	417	1050
44	313	396
45	760	2449
46	260	1896
47	358	2440
48	289	2353
49	243	202
50	282	0
51	286	2415
52	303	1548
53	307	612
54	301	1461
55	500	1962
56	444	2084
57	298	322
58	538	2417
59	365	891
60	457	1705
61	141	2408
62	797	2112
63	333	1015
64	828	2157
65	310	884
66	487	2575
67	346	1826
68	392	2419
69	394	411
70	200	2204
71	289	2353
72	511	2154
73	483	2054
74	434	988
75	276	613
76	456	2752
77	380	482
78	547	1945
79	359	823
80	318	553
81	372	2032
82	349	2448
83	294	568
84	279	1077
85	289	784
86	456	2752
87	401	1767
88	331	2317
89	499	2336
90	219	2467
91	353	1052
92	552	2060
93	380	482
94	306	49
95	630	2258
96	382	800
97	432	2500
98	407	835
99	513	1909
100	538	2417
101	439	242
102	537	1795
103	289	784
104	206	575
105	464	1983
106	346	2148
107	349	2448
108	392	2419
109	793	2526
110	234	1813
111	392	2419
112	317	1770
113	254	647
114	246	753
115	467	2142
116	614	2059
117	547	1945
118	331	2317
119	333	531
120	311	809
121	313	246
122	478	2301
123	320	1172
124	298	1652
125	310	884
126	338	1669
127	615	2561
128	206	1646
129	312	891
130	267	998
131	614	2059
132	276	1851
133	226	535
134	298	322
135	487	2575
136	525	2164
137	379	456
138	404	2329
139	448	2051
140	346	1826
141	303	1548
142	227	1096
143	253	1531
144	432	2056
145	292	1368
146	401	1767
147	687	2256
148	504	1913
149	547	1945
150	491	1989
151	686	2191
152	349	2448
153	252	2381
154	166	1112
155	343	109
156	328	916
157	482	2228
158	325	40
159	349	2448
160	372	2032
161	276	1851
162	443	952
163	206	1646
164	285	987
165	301	1461
166	313	246
167	701	2320
168	333	1015
169	250	1484
170	609	2011
171	374	1278
172	136	1786
173	392	2419
174	306	49
175	793	2526
176	273	2386
177	246	1402
178	444	2702
179	277	606
180	280	2370
181	288	1254
182	331	2317
183	157	888
184	282	0
185	467	2142
186	322	1038
187	381	2652
188	783	2161
189	328	759
190	375	268
191	300	2518
192	735	1979
193	254	647
194	303	1548
195	321	2408
196	276	613
197	448	2051
198	246	753
199	320	943
200	325	727
201	375	268
202	317	1770
203	355	125
204	325	539
205	418	2890
206	481	1760
207	311	860
208	547	2060
209	313	396
210	359	823
211	335	2556
212	318	553
213	288	1254
214	414	1548
215	185	846
216	390	587
217	439	242
218	408	353
219	310	1436
220	233	1817
221	363	938
222	139	549
223	252	682
224	448	2737
225	321	2106
226	298	322
227	298	2291
228	416	2348
229	358	2440
230	481	1760
231	348	2276
232	414	1548
233	432	2056
234	443	952
235	380	482
236	499	2336
237	487	2026
238	372	2032
239	311	860
240	209	951
241	166	1112
242	630	2258
243	300	1317
244	139	549
245	541	2304
246	617	2333
247	416	2348
248	331	2317
249	298	2291
250	417	1050
251	349	2448
252	478	2301
253	219	2467
254	443	952
255	216	158
256	432	2500
257	394	1975
258	420	2196
259	216	780
260	286	2415
261	313	246
262	241	1010
263	276	1851
264	363	938
265	381	2652
266	273	2386
267	250	1484
268	280	2370
269	321	862
270	284	410
271	252	682
272	321	1304
273	301	1461
274	318	2387
275	331	2317
276	241	1010
277	283	1578
278	241	1010
279	394	1975
280	793	2526
281	390	587
282	466	1698
283	417	1050
284	358	2440
285	318	553
286	614	2059
287	797	2112
288	487	2575
289	277	606
290	318	841
291	342	55
292	341	1015
293	282	0
294	276	1851
295	315	1878
296	299	2364
297	225	2307
298	394	411
299	467	2142
300	292	1368
301	234	1813
302	448	2737
303	333	1015
304	358	844
305	363	938
306	353	1052
307	481	1760
308	358	2440
309	797	2112
310	260	1896
311	157	888
312	315	255
313	261	1145
314	277	2478
315	538	2417
316	359	823
317	473	1958
318	504	1913
319	289	731
320	363	938
321	432	2500
322	538	2417
323	457	1705
324	206	1646
325	294	568
326	318	2387
327	313	246
328	547	2060
329	136	1786
330	317	1567
331	342	24
332	358	2440
333	351	769
334	407	2193
335	243	2290
336	346	1826
337	343	1206
338	277	2478
339	553	2362
340	317	1567
341	399	1895
342	482	2228
343	541	2304
344	333	1015
345	279	1077
346	372	2032
347	448	2051
348	253	1531
349	227	1096
350	198	2480
351	407	835
352	601	2094
353	312	718
354	418	2890
355	282	0
356	285	987
357	274	1403
358	157	888
359	246	753
360	574	1993
361	292	1368
362	290	1287
363	256	2076
364	209	951
365	466	1698
366	572	2256
367	609	2011
368	408	353
369	257	2376
370	273	2386
371	554	2047
372	274	1957
373	349	910
374	225	2307
375	246	1402
376	348	2276
377	349	910
378	441	2575
379	404	2329
380	370	2172
381	250	1484
382	226	535
383	464	1983
384	457	1705
385	276	1851
386	333	1015
387	511	2154
388	321	2106
389	374	2364
390	299	2364
391	434	1038
392	260	687
393	333	1015
394	343	109
395	370	434
396	687	2256
397	374	2364
398	538	2417
399	318	2387
400	552	2060
401	318	2387
402	399	464
403	735	1979
404	141	2408
405	312	1051
406	225	2307
407	338	2152
408	300	2518
409	348	2486
410	512	1733
411	180	823
412	439	242
413	390	587
414	315	255
415	503	2269
416	284	834
417	361	1830
418	686	2191
419	368	778
420	574	1993
421	246	753
422	295	2104
423	416	2348
424	407	835
425	434	988
426	368	778
427	279	1077
428	358	844
429	246	2558
430	331	2317
431	491	1989
432	199	2274
433	301	1461
434	292	1368
435	557	2082
436	650	2209
437	353	872
438	507	2332
439	265	2207
440	328	759
441	140	2635
442	328	884
443	630	2258
444	360	25
445	295	2139
446	575	2296
447	276	1851
448	393	2389
449	180	823
450	353	872
451	199	2274
452	541	2304
453	444	2702
454	311	478
455	352	2553
456	609	2011
457	341	995
458	303	1548
459	735	1979
460	650	2209
461	389	1950
462	407	835
463	252	2381
464	260	687
465	136	1786
466	315	255
467	399	349
468	198	2480
469	503	2269
470	343	109
471	229	2396
472	244	2618
473	399	35
474	762	2462
475	279	2172
476	343	109
477	552	2060
478	199	2274
479	404	2329
480	444	2702
481	156	2650
482	290	1287
483	399	349
484	300	1317
485	582	2554
486	279	904
487	300	1317
488	185	846
489	320	943
490	434	1038
491	497	2538
492	306	49
493	157	888
494	365	319
495	500	1970
496	253	1531
497	557	2082
498	300	2518
499	301	1461
500	466	1698
501	338	2152
502	389	1950
503	269	2121
504	312	891
505	312	1051
506	199	2274
507	473	1958
508	547	1945
509	370	2172
510	289	731
511	226	535
512	200	2204
513	346	1826
514	423	300
515	514	1973
516	276	1851
517	260	1896
518	399	464
519	295	2139
520	157	888
521	252	682
522	374	2364
523	441	2575
524	280	2370
525	331	2317
526	393	2389
527	538	2417
528	312	718
529	282	0
530	525	2164
531	343	1206
532	465	2389
533	348	2276
534	187	1372
535	346	1826
536	414	893
537	274	1403
538	310	1436
539	464	1983
540	248	2325
541	603	2121
542	401	1767
543	503	2269
544	351	769
545	206	575
546	274	1957
547	783	2161
548	609	2011
549	243	2290
550	443	952
551	358	844
552	572	2256
553	338	2152
554	241	1010
555	828	2157
556	276	1851
557	277	2478
558	399	349
559	141	2408
560	358	2440
561	254	647
562	448	2051
563	432	2500
564	578	2026
565	141	2408
566	234	1813
567	762	2462
568	399	349
569	321	862
570	141	2408
571	343	109
572	302	713
573	311	809
574	254	647
575	380	196
576	482	2228
577	187	1372
578	603	2121
579	338	2152
580	343	1206
581	276	1851
582	262	467
583	300	1317
584	499	2336
585	379	789
586	243	2290
587	288	1254
588	307	612
589	335	2556
590	243	2290
591	432	2500
592	629	2415
593	464	1983
594	547	1945
595	291	666
596	517	2325
597	325	1832
598	199	2274
599	585	2380
600	370	285
601	279	2172
602	328	759
603	793	2526
604	185	846
605	300	1317
606	328	916
607	500	1962
608	254	647
609	234	1813
610	250	1484
611	615	2601
612	370	2172
613	446	945
614	216	780
615	572	2256
616	328	916
617	575	2296
618	481	1760
619	687	2256
620	537	1795
621	487	2575
622	381	2652
623	432	2056
624	321	862
625	284	834
626	321	2106
627	466	1698
628	185	846
629	352	2553
630	370	434
631	557	2082
632	632	2442
633	701	2320
634	380	482
635	399	1895
636	342	1189
637	762	2462
638	267	2179
639	325	1832
640	394	411
641	783	2161
642	372	2032
643	393	2389
644	219	2467
645	315	1878
646	658	2165
647	394	411
648	517	2325
649	317	1770
650	473	1958
651	444	2084
652	503	2269
653	216	780
654	338	1669
655	434	1038
656	335	2556
657	382	800
658	341	1015
659	417	1050
660	346	2148
661	253	1531
662	434	1038
663	321	2408
664	701	2320
665	562	1901
666	246	2558
667	370	434
668	267	2179
669	295	2139
670	312	1051
671	434	1038
672	658	2165
673	435	1537
674	797	2112
675	289	731
676	500	1970
677	352	2553
678	284	348
679	507	2332
680	391	2338
681	443	2485
682	391	2338
683	379	456
684	582	2554
685	517	2325
686	260	1896
687	262	467
688	601	2094
689	467	2142
690	200	2204
691	252	682
692	139	549
693	514	1973
694	443	2283
695	325	1832
696	318	841
697	414	1548
698	338	2152
699	181	2197
700	404	2329
701	260	1896
702	209	951
703	349	910
704	234	1813
705	358	2440
706	572	2256
707	346	2148
708	487	2026
709	306	49
710	284	834
711	650	2209
712	318	553
713	601	2094
714	337	983
715	614	2059
716	487	2575
717	557	2082
718	338	1669
719	500	1970
720	315	1878
721	211	1085
722	487	2026
723	342	24
724	511	2154
725	318	2392
726	323	881
727	473	1958
728	371	1950
729	609	2011
730	199	2274
731	315	255
732	562	1901
733	187	1372
734	615	2561
735	507	2332
736	315	255
737	289	731
738	420	2196
739	614	2059
740	370	434
741	513	1909
742	295	2104
743	313	396
744	418	2890
745	563	2633
746	407	2193
747	312	1051
748	318	2392
749	492	2221
750	312	1332
751	243	202
752	251	849
753	312	1332
754	370	285
755	321	1304
756	443	952
757	291	666
758	507	2332
759	284	834
760	291	666
761	181	2197
762	185	846
763	453	956
764	379	789
765	322	1038
766	328	916
767	507	2332
768	449	1780
769	340	947
770	156	2650
771	246	1402
772	797	2112
773	365	891
774	291	666
775	320	1172
776	472	1810
777	372	2032
778	223	1908
779	295	2139
780	294	568
781	342	24
782	517	2325
783	346	688
784	487	2575
785	686	2191
786	325	539
787	252	2381
788	246	753
789	394	411
790	328	884
791	432	2056
792	346	1826
793	414	893
794	448	2051
795	250	315
796	211	1085
797	267	2179
798	513	1909
799	365	319
800	407	2193
801	448	2737
802	370	2172
803	342	24
804	244	2618
805	317	1567
806	325	539
807	310	234
808	231	368
809	289	731
810	500	1962
811	200	2204
812	289	731
813	601	2094
814	399	1895
815	391	2338
816	251	849
817	315	1878
818	517	2279
819	472	1810
820	216	780
821	256	2076
822	511	2154
823	320	1172
824	432	2056
825	282	0
DEMAND_SECTION
1	0
2	5
3	10
4	7
5	10
6	5
7	5
8	22
9	7
10	7
11	6
12	2
13	10
14	7
15	2
16	6
17	8
18	17
19	7
20	3
21	7
22	6
23	5
24	5
25	5
26	4
27	6
28	6
29	4
30	3
31	4
32	9
33	5
34	7
35	4
36	6
37	8
38	3
39	4
40	6
41	8
42	10
43	6
44	5
45	9
46	4
47	14
48	3
49	6
50	5
51	6
52	7
53	4
54	8
55	5
56	5
57	5
58	9
59	5
60	7
61	4
62	5
63	4
64	8
65	6
66	8
67	4
68	5
69	6
70	11
71	4
72	4
73	10
74	6
75	5
76	4
77	4
78	6
79	6
80	6
81	7
82	4
83	4
84	10
85	4
86	8
87	3
88	4
89	5
90	5
91	7
92	7
93	7
94	7
95	5
96	4
97	3
98	3
99	5
100	8
101	5
102	4
103	7
104	6
105	5
106	8
107	7
108	7
109	5
110	12
111	6
112	8
113	4
114	7
115	5
116	4
117	3
118	5
119	5
120	7
121	4
122	4
123	5
124	6
125	10
126	4
127	5
128	3
129	9
130	5
131	7
132	5
133	9
134	3
135	4
136	6
137	7
138	7
139	3
140	5
141	7
142	14
143	5
144	9
145	5
146	6
147	7
148	8
149	6
150	6
151	7
152	5
153	7
154	4
155	4
156	10
157	8
158	5
159	9
160	10
161	3
162	9
163	4
164	6
165	11
166	4
167	5
168	6
169	7
170	5
171	4
172	7
173	5
174	6
175	3
176	7
177	7
178	3
179	3
180	9
181	7
182	5
183	13
184	6
185	5
186	7
187	5
188	2
189	6
190	5
191	6
192	9
193	9
194	6
195	4
196	7
197	4
198	6
199	8
200	7
201	8
202	6
203	5
204	6
205	4
206	2
207	7
208	3
209	6
210	7
211	13
212	10
213	3
214	6
215	6
216	7
217	7
218	3
219	7
220	5
221	2
222	5
223	7
224	8
225	5
226	5
227	9
228	3
229	5
230	4
231	2
232	5
233	4
234	5
235	5
236	13
237	5
238	6
239	4
240	7
241	10
242	4
243	4
244	5
245	7
246	5
247	7
248	6
249	5
250	7
251	5
252	8
253	9
254	5
255	12
256	5
257	6
258	5
259	7
260	6
261	7
262	5
263	7
264	6
265	9
266	9
267	7
268	11
269	9
270	7
271	4
272	5
273	4
274	3
275	4
276	7
277	5
278	5
279	9
280	13
281	5
282	6
283	6
284	4
285	9
286	8
287	6
288	7
289	7
290	6
291	7
292	4
293	8
294	8
295	9
296	5
297	9
298	3
299	5
300	7
301	5
302	5
303	3
304	5
305	11
306	5
307	7
308	11
309	5
310	6
311	5
312	6
313	8
314	6
315	5
316	3
317	5
318	4
319	5
320	6
321	6
322	5
323	4
324	4
325	5
326	4
327	10
328	5
329	6
330	5
331	10
332	5
333	6
334	5
335	7
336	7
337	4
338	3
339	9
340	4
341	9
342	5
343	3
344	4
345	5
346	6
347	5
348	5
349	7
350	8
351	8
352	3
353	5
354	9
355	5
356	7
357	6
358	8
359	6
360	7
361	8
362	6
363	5
364	4
365	7
366	10
367	6
368	5
369	9
370	4
371	7
372	3
373	8
374	4
375	6
376	11
377	3
378	7
379	4
380	13
381	5
382	8
383	5
384	6
385	4
386	5
387	8
388	7
389	4
390	4
391	7
392	4
393	5
394	4
395	8
396	8
397	3
398	4
399	4
400	4
401	4
402	6
403	4
404	7
405	4
406	14
407	6
408	6
409	7
410	7
411	7
412	6
413	9
414	4
415	8
416	5
417	6
418	6
419	7
420	3
421	5
422	12
423	6
424	4
425	3
426	7
427	3
428	5
429	6
430	11
431	4
432	6
433	4
434	4
435	3
436	18
437	3
438	6
439	4
440	7
441	3
442	8
443	9
444	4
445	9
446	5
447	7
448	5
449	4
450	6
451	5
452	3
453	6
454	3
455	4
456	8
457	2
458	9
459	3
460	10
461	7
462	4
463	5
464	19
465	6
466	8
467	6
468	5
469	5
470	4
471	6
472	8
473	4
474	4
475	5
476	7
477	4
478	6
479	5
480	6
481	3
482	7
483	4
484	5
485	6
486	6
487	4
488	8
489	5
490	10
491	9
492	3
493	5
494	10
495	4
496	4
497	5
498	6
499	4
500	19
501	6
502	5
503	7
504	4
505	5
506	6
507	3
508	6
509	6
510	5
511	9
512	14
513	3
514	4
515	5
516	8
517	7
518	5
519	5
520	7
521	17
522	7
523	8
524	6
525	6
526	6
527	7
528	6
529	3
530	5
531	5
532	4
533	5
534	4
535	7
536	6
537	7
538	5
539	6
540	4
541	5
542	4
543	9
544	18
545	3
546	11
547	17
548	8
549	10
550	13
551	4
552	9
553	11
554	5
555	9
556	3
557	6
558	7
559	5
560	4
561	13
562	9
563	7
564	5
565	5
566	7
567	6
568	3
569	5
570	4
571	9
572	5
573	9
574	4
575	6
576	6
577	5
578	8
579	6
580	3
581	4
582	4
583	9
584	4
585	9
586	4
587	4
588	4
589	3
590	6
591	8
592	3
593	11
594	7
595	6
596	6
597	4
598	4
599	7
600	6
601	5
602	9
603	3
604	5
605	5
606	8
607	13
608	5
609	6
610	9
611	3
612	3
613	17
614	22
615	7
616	4
617	5
618	7
619	7
620	6
621	6
622	6
623	5
624	10
625	13
626	4
627	7
628	4
629	3
630	7
631	6
632	8
633	7
634	7
635	7
636	5
637	7
638	5
639	5
640	5
641	5
642	5
643	7
644	4
645	7
646	3
647	6
648	2
649	2
650	7
651	3
652	8
653	4
654	3
655	7
656	5
657	7
658	7
659	10
660	5
661	5
662	4
663	6
664	6
665	18
666	19
667	3
668	9
669	9
670	6
671	4
672	8
673	6
674	8
675	5
676	4
677	6
678	5
679	7
680	3
681	6
682	6
683	9
684	6
685	13
686	4
687	5
688	3
689	10
690	7
691	5
692	7
693	3
694	7
695	4
696	5
697	5
698	6
699	9
700	7
701	4
702	3
703	9
704	5
705	7
706	7
707	3
708	6
709	5
710	6
711	4
712	5
713	3
714	9
715	5
716	9
717	3
718	4
719	4
720	5
721	13
722	6
723	5
724	6
725	4
726	4
727	5
728	18
729	8
730	4
731	4
732	5
733	6
734	6
735	5
736	4
737	4
738	4
739	7
740	6
741	4
742	6
743	7
744	6
745	3
746	5
747	2
748	7
749	6
750	8
751	7
752	8
753	8
754	7
755	9
756	5
757	9
758	5
759	7
760	5
761	3
762	5
763	7
764	4
765	9
766	5
767	7
768	3
769	3
770	8
771	3
772	5
773	4
774	7
775	7
776	7
777	7
778	3
779	8
780	8
781	8
782	5
783	6
784	7
785	13
786	5
787	8
788	4
789	7
790	3
791	4
792	4
793	4
794	5
795	3
796	7
797	4
798	5
799	5
800	4
801	6
802	7
803	7
804	6
805	3
806	6
807	3
808	3
809	4
810	7
811	5
812	7
813	4
814	6
815	7
816	6
817	11
818	9
819	8
820	7
821	8
822	4
823	13
824	9
825	4
DEPOT_SECTION
1
-1
SERVICE_TIME_SECTION
1	0
2	780
3	1140
4	360
5	840
6	660
7	780
8	960
9	780
10	720
11	600
12	780
13	540
14	360
15	360
16	1080
17	900
18	900
19	720
20	600
21	780
22	1020
23	660
24	1260
25	1260
26	1380
27	840
28	900
29	1200
30	1500
31	540
32	780
33	780
34	780
35	1020
36	900
37	780
38	960
39	240
40	420
41	300
42	600
43	960
44	540
45	780
46	720
47	1380
48	900
49	900
50	600
51	240
52	600
53	720
54	600
55	480
56	840
57	780
58	1020
59	900
60	480
61	1080
62	420
63	780
64	780
65	780
66	960
67	540
68	840
69	600
70	600
71	720
72	780
73	420
74	780
75	780
76	360
77	720
78	840
79	780
80	720
81	1080
82	720
83	900
84	900
85	840
86	420
87	720
88	900
89	300
90	720
91	780
92	780
93	960
94	600
95	780
96	1380
97	660
98	1080
99	1200
100	480
101	1140
102	420
103	960
104	660
105	1140
106	1620
107	1140
108	240
109	960
110	1020
111	720
112	780
113	540
114	720
115	720
116	1200
117	1140
118	840
119	780
120	1080
121	780
122	480
123	780
124	600
125	300
126	240
127	1020
128	1140
129	780
130	540
131	900
132	780
133	780
134	840
135	1080
136	780
137	420
138	300
139	960
140	780
141	720
142	420
143	780
144	840
145	660
146	1080
147	600
148	300
149	1080
150	840
151	960
152	960
153	240
154	1020
155	840
156	600
157	840
158	780
159	720
160	420
161	900
162	720
163	480
164	600
165	900
166	660
167	360
168	720
169	780
170	600
171	960
172	780
173	780
174	660
175	1020
176	840
177	840
178	780
179	600
180	1440
181	780
182	360
183	1080
184	720
185	420
186	660
187	1500
188	660
189	420
190	900
191	780
192	360
193	840
194	960
195	1080
196	780
197	660
198	780
199	900
200	780
201	780
202	780
203	600
204	360
205	780
206	1080
207	900
208	660
209	600
210	600
211	780
212	1920
213	660
214	1020
215	780
216	480
217	600
218	900
219	900
220	540
221	1020
222	660
223	420
224	540
225	420
226	720
227	660
228	780
229	360
230	480
231	780
232	780
233	720
234	960
235	420
236	900
237	840
238	420
239	840
240	840
241	780
242	780
243	900
244	600
245	1020
246	600
247	900
248	720
249	1080
250	780
251	900
252	780
253	840
254	480
255	840
256	660
257	960
258	540
259	660
260	1140
261	1020
262	840
263	1200
264	660
265	780
266	720
267	480
268	1080
269	840
270	900
271	660
272	1380
273	840
274	840
275	1080
276	600
277	660
278	600
279	660
280	780
281	660
282	540
283	780
284	1020
285	1020
286	1020
287	720
288	840
289	720
290	480
291	480
292	420
293	660
294	480
295	660
296	780
297	900
298	660
299	900
300	780
301	600
302	420
303	720
304	480
305	720
306	600
307	600
308	660
309	1260
310	600
311	600
312	1200
313	600
314	600
315	1140
316	780
317	780
318	900
319	540
320	840
321	840
322	720
323	600
324	300
325	660
326	420
327	1200
328	660
329	780
330	240
331	780
332	600
333	1020
334	600
335	420
336	1620
337	540
338	720
339	240
340	1140
341	780
342	900
343	720
344	780
345	900
346	840
347	900
348	660
349	900
350	780
351	600
352	840
353	780
354	1140
355	780
356	600
357	960
358	780
359	1140
360	600
361	600
362	840
363	720
364	1140
365	480
366	780
367	1260
368	780
369	1080
370	1260
371	1200
372	1020
373	840
374	540
375	840
376	1260
377	420
378	720
379	420
380	960
381	840
382	900
383	600
384	720
385	780
386	660
387	780
388	240
389	720
390	480
391	720
392	240
393	600
394	480
395	900
396	600
397	1500
398	420
399	600
400	600
401	660
402	1500
403	900
404	720
405	780
406	780
407	480
408	600
409	480
410	960
411	960
412	420
413	480
414	840
415	960
416	780
417	660
418	780
419	1140
420	600
421	1140
422	660
423	420
424	420
425	540
426	240
427	900
428	300
429	240
430	240
431	780
432	780
433	780
434	660
435	840
436	600
437	840
438	900
439	720
440	600
441	780
442	840
443	660
444	420
445	960
446	840
447	660
448	720
449	600
450	660
451	1080
452	720
453	420
454	720
455	900
456	420
457	960
458	1440
459	780
460	420
461	780
462	960
463	840
464	660
465	600
466	780
467	720
468	480
469	1080
470	420
471	480
472	660
473	480
474	720
475	420
476	1080
477	960
478	1380
479	1320
480	900
481	780
482	1080
483	1140
484	660
485	1020
486	780
487	960
488	840
489	600
490	1140
491	720
492	1260
493	720
494	900
495	1920
496	540
497	900
498	1140
499	780
500	780
501	960
502	600
503	360
504	780
505	840
506	540
507	1920
508	540
509	240
510	1020
511	600
512	600
513	420
514	1140
515	1140
516	840
517	480
518	780
519	960
520	900
521	480
522	1140
523	1020
524	420
525	960
526	660
527	600
528	1080
529	600
530	720
531	660
532	600
533	780
534	540
535	900
536	660
537	480
538	1200
539	1080
540	780
541	900
542	480
543	540
544	600
545	600
546	780
547	780
548	240
549	840
550	1200
551	360
552	900
553	720
554	900
555	660
556	600
557	240
558	720
559	900
560	780
561	600
562	960
563	1260
564	960
565	660
566	480
567	660
568	540
569	300
570	1140
571	600
572	600
573	540
574	540
575	780
576	660
577	780
578	540
579	780
580	1500
581	720
582	780
583	720
584	540
585	420
586	720
587	600
588	900
589	780
590	480
591	900
592	780
593	420
594	840
595	720
596	360
597	840
598	900
599	780
600	600
601	840
602	720
603	780
604	420
605	900
606	1500
607	840
608	780
609	1020
610	660
611	900
612	240
613	840
614	780
615	1140
616	780
617	1500
618	660
619	780
620	1080
621	900
622	600
623	780
624	900
625	420
626	420
627	1020
628	780
629	780
630	780
631	600
632	660
633	420
634	420
635	900
636	780
637	480
638	720
639	480
640	600
641	1020
642	660
643	660
644	1020
645	780
646	300
647	780
648	840
649	600
650	780
651	900
652	720
653	900
654	600
655	960
656	480
657	780
658	420
659	960
660	300
661	1920
662	840
663	840
664	780
665	420
666	540
667	480
668	780
669	900
670	300
671	660
672	840
673	660
674	660
675	840
676	960
677	480
678	360
679	660
680	1140
681	780
682	780
683	780
684	840
685	1080
686	720
687	600
688	660
689	600
690	840
691	600
692	960
693	660
694	480
695	600
696	780
697	720
698	420
699	960
700	240
701	1020
702	420
703	600
704	1080
705	420
706	1020
707	780
708	600
709	1020
710	420
711	600
712	720
713	840
714	720
715	240
716	540
717	780
718	1140
719	840
720	900
721	660
722	480
723	900
724	1020
725	540
726	900
727	780
728	960
729	1080
730	420
731	660
732	960
733	1020
734	540
735	840
736	780
737	420
738	540
739	840
740	900
741	960
742	360
743	300
744	600
745	420
746	1380
747	480
748	1260
749	780
750	1560
751	660
752	660
753	840
754	540
755	840
756	780
757	540
758	540
759	360
760	840
761	780
762	1080
763	1140
764	720
765	780
766	840
767	900
768	420
769	840
770	600
771	900
772	1140
773	900
774	420
775	660
776	960
777	600
778	720
779	480
780	780
781	720
782	780
783	600
784	420
785	660
786	600
787	960
788	780
789	840
790	900
791	900
792	900
793	540
794	1020
795	300
796	960
797	420
798	600
799	780
800	360
801	660
802	480
803	840
804	780
805	660
806	960
807	840
808	780
809	900
810	1200
811	720
812	660
813	660
814	300
815	780
816	780
817	780
818	780
819	300
820	600
821	1140
822	300
823	1140
824	960
825	1080
TIME_WINDOW_SECTION
1	0	45000
2	9000	16200
3	23400	29700
4	19800	27000
5	16200	23400
6	16200	23400
7	7200	30600
8	12600	19800
9	9000	16200
10	23400	30600
11	16200	23400
12	7200	30600
13	7200	30600
14	7200	30600
15	5400	12600
16	5400	12600
17	16200	23400
18	16200	23400
19	23400	30600
20	19800	26100
21	5400	11700
22	23400	30600
23	12600	19800
24	23400	30600
25	7200	30600
26	9000	16200
27	19800	27000
28	7200	30600
29	5400	11700
30	5400	12600
31	12600	19800
32	23400	30600
33	19800	27000
34	12600	19800
35	7200	30600
36	7200	30600
37	16200	23400
38	9000	16200
39	16200	23400
40	23400	30600
41	9000	16200
42	12600	19800
43	23400	30600
44	23400	30600
45	16200	23400
46	19800	27000
47	16200	23400
48	9000	16200
49	19800	27000
50	23400	30600
51	5400	12600
52	7200	30600
53	16200	23400
54	9000	16200
55	16200	23400
56	19800	27000
57	23400	30600
58	16200	23400
59	7200	30600
60	5400	12600
61	7200	30600
62	23400	30600
63	7200	30600
64	19800	27000
65	9000	16200
66	9000	16200
67	23400	30600
68	23400	30600
69	23400	29700
70	9000	16200
71	12600	19800
72	5400	11700
73	5400	12600
74	9000	15300
75	7200	30600
76	7200	30600
77	9000	16200
78	9000	16200
79	9000	16200
80	7200	30600
81	12600	19800
82	7200	30600
83	16200	23400
84	7200	30600
85	16200	23400
86	12600	19800
87	7200	30600
88	5400	11700
89	19800	27000
90	16200	22500
91	7200	30600
92	7200	30600
93	19800	27000
94	7200	30600
95	12600	19800
96	19800	27000
97	7200	30600
98	16200	23400
99	12600	19800
100	23400	30600
101	5400	12600
102	16200	22500
103	7200	30600
104	12600	19800
105	16200	23400
106	23400	30600
107	23400	30600
108	7200	30600
109	7200	30600
110	12600	19800
111	12600	19800
112	16200	23400
113	16200	23400
114	7200	30600
115	7200	30600
116	16200	23400
117	19800	27000
118	12600	19800
119	7200	30600
120	12600	19800
121	12600	19800
122	7200	30600
123	12600	19800
124	23400	29700
125	12600	19800
126	23400	30600
127	12600	19800
128	7200	30600
129	7200	30600
130	16200	23400
131	7200	30600
132	23400	30600
133	23400	30600
134	23400	30600
135	7200	30600
136	5400	11700
137	9000	16200
138	7200	30600
139	12600	19800
140	7200	30600
141	16200	23400
142	23400	30600
143	7200	30600
144	9000	16200
145	16200	23400
146	7200	30600
147	19800	27000
148	12600	19800
149	16200	23400
150	12600	19800
151	5400	12600
152	23400	30600
153	19800	27000
154	9000	16200
155	9000	16200
156	16200	23400
157	16200	23400
158	5400	12600
159	7200	30600
160	7200	29700
161	5400	12600
162	12600	19800
163	12600	19800
164	12600	19800
165	5400	12600
166	12600	19800
167	23400	30600
168	5400	11700
169	9000	16200
170	16200	23400
171	19800	27000
172	19800	27000
173	12600	19800
174	23400	30600
175	16200	23400
176	7200	30600
177	19800	26100
178	12600	19800
179	23400	30600
180	19800	27000
181	23400	30600
182	12600	19800
183	12600	19800
184	16200	23400
185	5400	12600
186	5400	12600
187	9000	16200
188	7200	30600
189	23400	29700
190	7200	30600
191	16200	23400
192	12600	19800
193	12600	19800
194	7200	30600
195	12600	19800
196	5400	12600
197	9000	16200
198	9000	16200
199	12600	19800
200	19800	27000
201	9000	16200
202	7200	30600
203	16200	23400
204	7200	30600
205	9000	16200
206	16200	23400
207	12600	19800
208	7200	30600
209	19800	27000
210	19800	27000
211	12600	19800
212	7200	30600
213	7200	30600
214	23400	30600
215	7200	30600
216	16200	23400
217	19800	27000
218	7200	30600
219	9000	16200
220	12600	19800
221	7200	30600
222	16200	23400
223	12600	19800
224	9000	16200
225	16200	23400
226	7200	30600
227	16200	23400
228	23400	30600
229	9000	16200
230	12600	19800
231	16200	23400
232	23400	30600
233	16200	23400
234	9000	16200
235	12600	19800
236	7200	30600
237	12600	19800
238	7200	30600
239	16200	22500
240	7200	30600
241	12600	19800
242	5400	12600
243	23400	30600
244	23400	30600
245	5400	11700
246	7200	30600
247	7200	30600
248	7200	30600
249	12600	19800
250	7200	30600
251	5400	12600
252	12600	19800
253	9000	16200
254	16200	23400
255	12600	19800
256	7200	30600
257	12600	19800
258	7200	30600
259	23400	30600
260	12600	19800
261	19800	27000
262	23400	30600
263	12600	19800
264	23400	30600
265	23400	30600
266	23400	30600
267	19800	27000
268	12600	19800
269	7200	30600
270	23400	30600
271	12600	19800
272	19800	27000
273	9000	16200
274	7200	30600
275	5400	12600
276	12600	19800
277	5400	12600
278	12600	19800
279	5400	12600
280	12600	19800
281	7200	30600
282	23400	30600
283	19800	27000
284	23400	30600
285	16200	23400
286	19800	27000
287	7200	30600
288	16200	23400
289	9000	16200
290	23400	30600
291	12600	19800
292	23400	30600
293	23400	29700
294	5400	12600
295	9000	16200
296	7200	30600
297	23400	30600
298	23400	30600
299	19800	27000
300	9000	16200
301	9000	16200
302	12600	19800
303	16200	23400
304	7200	30600
305	12600	19800
306	7200	30600
307	9000	16200
308	19800	27000
309	23400	30600
310	16200	23400
311	9000	16200
312	19800	27000
313	7200	30600
314	23400	30600
315	7200	30600
316	16200	23400
317	7200	30600
318	7200	30600
319	9000	16200
320	19800	27000
321	7200	30600
322	16200	23400
323	16200	23400
324	7200	30600
325	16200	23400
326	16200	23400
327	23400	29700
328	16200	23400
329	19800	27000
330	9000	16200
331	7200	30600
332	7200	30600
333	7200	30600
334	12600	19800
335	16200	23400
336	7200	30600
337	9000	16200
338	12600	19800
339	12600	19800
340	23400	30600
341	23400	29700
342	16200	23400
343	23400	30600
344	7200	30600
345	9000	16200
346	7200	30600
347	19800	27000
348	12600	19800
349	12600	19800
350	16200	23400
351	23400	30600
352	16200	23400
353	7200	30600
354	16200	23400
355	23400	30600
356	7200	30600
357	7200	30600
358	9000	16200
359	19800	27000
360	7200	30600
361	12600	19800
362	19800	27000
363	7200	30600
364	16200	23400
365	7200	30600
366	9000	16200
367	12600	19800
368	23400	30600
369	12600	19800
370	7200	30600
371	19800	27000
372	7200	29700
373	7200	30600
374	12600	19800
375	7200	30600
376	16200	23400
377	16200	23400
378	7200	30600
379	19800	27000
380	12600	19800
381	19800	27000
382	16200	23400
383	23400	30600
384	9000	16200
385	19800	27000
386	12600	19800
387	7200	30600
388	16200	23400
389	7200	30600
390	7200	30600
391	19800	26100
392	19800	27000
393	16200	23400
394	23400	30600
395	23400	30600
396	16200	23400
397	7200	30600
398	16200	23400
399	7200	30600
400	12600	19800
401	23400	30600
402	23400	30600
403	16200	23400
404	19800	27000
405	7200	30600
406	7200	30600
407	23400	30600
408	12600	19800
409	9000	16200
410	7200	30600
411	7200	29700
412	12600	19800
413	16200	23400
414	7200	29700
415	19800	27000
416	7200	30600
417	19800	27000
418	16200	23400
419	7200	30600
420	23400	30600
421	12600	19800
422	19800	27000
423	23400	30600
424	7200	30600
425	23400	30600
426	12600	19800
427	19800	27000
428	7200	30600
429	9000	16200
430	16200	23400
431	16200	23400
432	7200	30600
433	7200	30600
434	7200	30600
435	9000	16200
436	7200	30600
437	16200	23400
438	19800	27000
439	16200	23400
440	23400	30600
441	7200	30600
442	7200	30600
443	23400	30600
444	19800	27000
445	23400	30600
446	12600	19800
447	7200	30600
448	9000	16200
449	19800	27000
450	7200	30600
451	12600	19800
452	16200	23400
453	12600	19800
454	16200	23400
455	19800	27000
456	16200	23400
457	19800	27000
458	16200	23400
459	16200	23400
460	9000	16200
461	9000	16200
462	23400	30600
463	23400	30600
464	16200	23400
465	9000	16200
466	23400	30600
467	7200	30600
468	9000	16200
469	7200	30600
470	12600	19800
471	23400	29700
472	12600	19800
473	19800	27000
474	16200	23400
475	12600	19800
476	16200	23400
477	19800	27000
478	12600	19800
479	19800	27000
480	19800	26100
481	19800	27000
482	16200	23400
483	7200	30600
484	16200	23400
485	16200	23400
486	12600	19800
487	23400	30600
488	12600	19800
489	23400	30600
490	23400	30600
491	12600	19800
492	23400	30600
493	19800	27000
494	7200	30600
495	7200	30600
496	16200	23400
497	12600	19800
498	7200	29700
499	12600	19800
500	7200	30600
501	16200	23400
502	12600	19800
503	23400	30600
504	7200	30600
505	19800	27000
506	16200	23400
507	7200	30600
508	7200	30600
509	23400	30600
510	23400	30600
511	19800	27000
512	23400	30600
513	7200	30600
514	12600	19800
515	7200	30600
516	16200	23400
517	16200	23400
518	23400	30600
519	7200	30600
520	23400	30600
521	12600	19800
522	16200	23400
523	16200	23400
524	23400	30600
525	7200	30600
526	7200	30600
527	12600	19800
528	7200	30600
529	16200	23400
530	12600	19800
531	19800	27000
532	7200	30600
533	12600	19800
534	7200	30600
535	16200	23400
536	7200	30600
537	16200	23400
538	23400	30600
539	19800	27000
540	23400	30600
541	23400	30600
542	19800	27000
543	19800	26100
544	12600	19800
545	7200	30600
546	7200	30600
547	16200	23400
548	16200	23400
549	12600	19800
550	12600	19800
551	16200	23400
552	12600	19800
553	23400	30600
554	16200	23400
555	7200	30600
556	7200	30600
557	16200	23400
558	7200	30600
559	7200	30600
560	19800	27000
561	16200	23400
562	7200	30600
563	16200	23400
564	7200	30600
565	23400	30600
566	12600	19800
567	19800	26100
568	7200	30600
569	19800	27000
570	23400	30600
571	7200	30600
572	23400	30600
573	19800	27000
574	16200	23400
575	7200	30600
576	16200	23400
577	7200	30600
578	12600	19800
579	16200	23400
580	16200	23400
581	7200	29700
582	7200	30600
583	23400	30600
584	7200	30600
585	7200	30600
586	16200	23400
587	16200	22500
588	7200	30600
589	7200	30600
590	7200	30600
591	7200	30600
592	19800	27000
593	23400	30600
594	7200	30600
595	19800	26100
596	12600	19800
597	7200	30600
598	7200	30600
599	7200	30600
600	16200	23400
601	12600	19800
602	7200	30600
603	23400	30600
604	23400	29700
605	7200	29700
606	7200	30600
607	16200	23400
608	7200	30600
609	16200	23400
610	12600	19800
611	12600	19800
612	12600	19800
613	16200	22500
614	7200	30600
615	12600	19800
616	7200	30600
617	7200	30600
618	12600	19800
619	16200	23400
620	23400	30600
621	7200	30600
622	7200	30600
623	19800	27000
624	16200	23400
625	19800	27000
626	16200	23400
627	23400	30600
628	16200	23400
629	7200	30600
630	23400	30600
631	7200	30600
632	16200	23400
633	7200	30600
634	19800	27000
635	23400	30600
636	7200	30600
637	7200	30600
638	23400	30600
639	7200	30600
640	16200	23400
641	7200	30600
642	23400	30600
643	23400	29700
644	16200	23400
645	16200	23400
646	7200	29700
647	16200	23400
648	7200	30600
649	23400	30600
650	7200	30600
651	23400	30600
652	16200	22500
653	7200	30600
654	19800	27000
655	23400	30600
656	16200	23400
657	19800	27000
658	23400	30600
659	23400	30600
660	16200	23400
661	19800	27000
662	19800	27000
663	23400	30600
664	7200	30600
665	7200	30600
666	19800	27000
667	23400	30600
668	16200	22500
669	7200	30600
670	19800	27000
671	19800	27000
672	16200	22500
673	7200	30600
674	19800	27000
675	23400	30600
676	7200	30600
677	23400	30600
678	23400	30600
679	23400	30600
680	19800	27000
681	16200	23400
682	19800	27000
683	23400	30600
684	7200	30600
685	19800	27000
686	16200	23400
687	23400	30600
688	7200	30600
689	19800	26100
690	16200	23400
691	7200	30600
692	7200	30600
693	19800	27000
694	7200	30600
695	19800	27000
696	23400	30600
697	7200	30600
698	19800	27000
699	23400	30600
700	7200	30600
701	16200	23400
702	7200	30600
703	19800	27000
704	7200	30600
705	23400	30600
706	23400	30600
707	16200	23400
708	16200	23400
709	7200	30600
710	23400	30600
711	16200	23400
712	7200	30600
713	16200	23400
714	7200	30600
715	23400	30600
716	23400	29700
717	7200	30600
718	7200	30600
719	16200	23400
720	19800	27000
721	23400	30600
722	19800	27000
723	23400	30600
724	19800	27000
725	16200	23400
726	23400	30600
727	19800	27000
728	19800	27000
729	16200	23400
730	23400	29700
731	19800	26100
732	19800	26100
733	7200	30600
734	23400	30600
735	19800	27000
736	23400	30600
737	19800	27000
738	23400	30600
739	23400	30600
740	19800	27000
741	19800	27000
742	7200	30600
743	7200	30600
744	19800	27000
745	23400	30600
746	19800	27000
747	7200	29700
748	23400	30600
749	19800	27000
750	23400	30600
751	19800	27000
752	7200	30600
753	19800	27000
754	23400	30600
755	19800	27000
756	23400	30600
757	23400	30600
758	23400	30600
759	19800	27000
760	7200	30600
761	19800	27000
762	7200	30600
763	7200	30600
764	7200	29700
765	7200	30600
766	23400	30600
767	7200	30600
768	23400	30600
769	23400	30600
770	23400	30600
771	7200	30600
772	7200	30600
773	23400	30600
774	23400	30600
775	7200	30600
776	7200	30600
777	7200	30600
778	7200	30600
779	7200	30600
780	7200	30600
781	7200	30600
782	7200	30600
783	7200	30600
784	23400	30600
785	23400	30600
786	23400	30600
787	7200	30600
788	23400	30600
789	23400	30600
790	23400	30600
791	23400	30600
792	7200	30600
793	23400	30600
794	23400	30600
795	7200	30600
796	7200	30600
797	7200	29700
798	7200	30600
799	7200	30600
800	7200	30600
801	23400	30600
802	7200	30600
803	7200	29700
804	7200	30600
805	7200	30600
806	7200	30600
807	7200	30600
808	23400	30600
809	23400	30600
810	7200	30600
811	7200	30600
812	23400	30600
813	19800	27000
814	19800	27000
815	23400	30600
816	7200	30600
817	19800	27000
818	19800	27000
819	7200	30600
820	7200	30600
821	7200	30600
822	7200	30600
823	19800	27000
824	19800	27000
825	7200	30600
RELEASE_TIME_SECTION
1	0
2	5400
3	5400
4	5400
5	5400
6	5400
7	5400
8	5400
9	5400
10	5400
11	5400
12	5400
13	5400
14	5400
15	5400
16	5400
17	5400
18	5400
19	5400
20	5400
21	5400
22	5400
23	5400
24	5400
25	5400
26	5400
27	5400
28	5400
29	5400
30	5400
31	5400
32	5400
33	5400
34	5400
35	5400
36	5400
37	5400
38	5400
39	5400
40	5400
41	5400
42	5400
43	5400
44	5400
45	5400
46	5400
47	5400
48	5400
49	5400
50	5400
51	5400
52	5400
53	5400
54	5400
55	5400
56	5400
57	5400
58	5400
59	5400
60	5400
61	5400
62	5400
63	5400
64	5400
65	5400
66	5400
67	5400
68	5400
69	5400
70	5400
71	5400
72	5400
73	5400
74	5400
75	5400
76	5400
77	5400
78	5400
79	5400
80	5400
81	5400
82	5400
83	5400
84	5400
85	5400
86	5400
87	5400
88	5400
89	5400
90	5400
91	5400
92	5400
93	5400
94	5400
95	5400
96	5400
97	5400
98	5400
99	5400
100	5400
101	5400
102	7200
103	7200
104	7200
105	7200
106	7200
107	7200
108	7200
109	7200
110	7200
111	7200
112	7200
113	7200
114	7200
115	7200
116	7200
117	7200
118	7200
119	7200
120	7200
121	7200
122	7200
123	7200
124	7200
125	7200
126	7200
127	7200
128	7200
129	7200
130	7200
131	7200
132	7200
133	7200
134	7200
135	7200
136	7200
137	7200
138	7200
139	7200
140	7200
141	7200
142	7200
143	7200
144	7200
145	7200
146	7200
147	7200
148	7200
149	7200
150	7200
151	7200
152	7200
153	7200
154	7200
155	7200
156	7200
157	7200
158	7200
159	7200
160	7200
161	7200
162	7200
163	7200
164	7200
165	7200
166	7200
167	7200
168	7200
169	7200
170	7200
171	7200
172	7200
173	7200
174	7200
175	7200
176	7200
177	7200
178	7200
179	7200
180	7200
181	7200
182	7200
183	7200
184	7200
185	7200
186	7200
187	7200
188	7200
189	7200
190	7200
191	7200
192	7200
193	7200
194	7200
195	7200
196	7200
197	7200
198	7200
199	7200
200	7200
201	7200
202	9000
203	9000
204	9000
205	9000
206	9000
207	9000
208	9000
209	9000
210	9000
211	9000
212	9000
213	9000
214	9000
215	9000
216	9000
217	9000
218	9000
219	9000
220	9000
221	9000
222	9000
223	9000
224	9000
225	9000
226	9000
227	9000
228	9000
229	9000
230	9000
231	9000
232	9000
233	9000
234	9000
235	9000
236	9000
237	9000
238	9000
239	9000
240	9000
241	9000
242	9000
243	9000
244	9000
245	9000
246	9000
247	9000
248	9000
249	9000
250	9000
251	9000
252	9000
253	9000
254	9000
255	9000
256	9000
257	9000
258	9000
259	9000
260	9000
261	9000
262	9000
263	9000
264	9000
265	9000
266	9000
267	9000
268	9000
269	9000
270	9000
271	9000
272	9000
273	9000
274	9000
275	9000
276	9000
277	9000
278	9000
279	9000
280	9000
281	9000
282	9000
283	9000
284	9000
285	9000
286	9000
287	9000
288	9000
289	9000
290	9000
291	9000
292	9000
293	9000
294	9000
295	9000
296	10800
297	10800
298	10800
299	10800
300	10800
301	10800
302	10800
303	10800
304	10800
305	10800
306	10800
307	10800
308	10800
309	10800
310	10800
311	10800
312	10800
313	10800
314	10800
315	10800
316	10800
317	10800
318	10800
319	10800
320	10800
321	10800
322	10800
323	10800
324	10800
325	10800
326	10800
327	10800
328	10800
329	10800
330	10800
331	10800
332	10800
333	10800
334	10800
335	10800
336	10800
337	10800
338	10800
339	10800
340	10800
341	10800
342	10800
343	10800
344	10800
345	10800
346	10800
347	10800
348	10800
349	10800
350	10800
351	10800
352	10800
353	10800
354	10800
355	10800
356	10800
357	10800
358	10800
359	10800
360	10800
361	10800
362	10800
363	10800
364	10800
365	10800
366	10800
367	10800
368	10800
369	10800
370	10800
371	10800
372	10800
373	10800
374	10800
375	10800
376	10800
377	10800
378	10800
379	10800
380	10800
381	10800
382	10800
383	10800
384	10800
385	10800
386	10800
387	10800
388	12600
389	12600
390	12600
391	12600
392	12600
393	12600
394	12600
395	12600
396	12600
397	12600
398	12600
399	12600
400	12600
401	12600
402	12600
403	12600
404	12600
405	12600
406	12600
407	12600
408	12600
409	12600
410	12600
411	12600
412	12600
413	12600
414	12600
415	12600
416	12600
417	12600
418	12600
419	12600
420	12600
421	12600
422	12600
423	12600
424	12600
425	12600
426	12600
427	12600
428	12600
429	12600
430	12600
431	12600
432	12600
433	12600
434	12600
435	12600
436	12600
437	12600
438	12600
439	12600
440	12600
441	12600
442	12600
443	12600
444	12600
445	12600
446	12600
447	12600
448	12600
449	12600
450	12600
451	12600
452	12600
453	12600
454	12600
455	12600
456	12600
457	12600
458	12600
459	12600
460	12600
461	12600
462	12600
463	12600
464	12600
465	12600
466	12600
467	12600
468	12600
469	12600
470	12600
471	12600
472	12600
473	14400
474	14400
475	14400
476	14400
477	14400
478	14400
479	14400
480	14400
481	14400
482	14400
483	14400
484	14400
485	14400
486	14400
487	14400
488	14400
489	14400
490	14400
491	14400
492	14400
493	14400
494	14400
495	14400
496	14400
497	14400
498	14400
499	14400
500	14400
501	14400
502	14400
503	14400
504	14400
505	14400
506	14400
507	14400
508	14400
509	14400
510	14400
511	14400
512	14400
513	14400
514	14400
515	14400
516	14400
517	14400
518	14400
519	14400
520	14400
521	14400
522	14400
523	14400
524	14400
525	14400
526	14400
527	14400
528	14400
529	14400
530	14400
531	14400
532	14400
533	14400
534	14400
535	14400
536	14400
537	14400
538	14400
539	14400
540	14400
541	14400
542	14400
543	14400
544	14400
545	14400
546	14400
547	14400
548	14400
549	14400
550	14400
551	14400
552	14400
553	16200
554	16200
555	16200
556	16200
557	16200
558	16200
559	16200
560	16200
561	16200
562	16200
563	16200
564	16200
565	16200
566	16200
567	16200
568	16200
569	16200
570	16200
571	16200
572	16200
573	16200
574	16200
575	16200
576	16200
577	16200
578	16200
579	16200
580	16200
581	16200
582	16200
583	16200
584	16200
585	16200
586	16200
587	16200
588	16200
589	16200
590	16200
591	16200
592	16200
593	16200
594	16200
595	16200
596	16200
597	16200
598	16200
599	16200
600	16200
601	16200
602	16200
603	16200
604	16200
605	16200
606	16200
607	16200
608	16200
609	16200
610	16200
611	16200
612	16200
613	16200
614	16200
615	16200
616	16200
617	16200
618	16200
619	16200
620	16200
621	18000
622	18000
623	18000
624	18000
625	18000
626	18000
627	18000
628	18000
629	18000
630	18000
631	18000
632	18000
633	18000
634	18000
635	18000
636	18000
637	18000
638	18000
639	18000
640	18000
641	18000
642	18000
643	18000
644	18000
645	18000
646	18000
647	18000
648	18000
649	18000
650	18000
651	18000
652	18000
653	18000
654	18000
655	18000
656	18000
657	18000
658	18000
659	18000
660	18000
661	18000
662	18000
663	18000
664	18000
665	18000
666	18000
667	18000
668	18000
669	18000
670	18000
671	18000
672	18000
673	18000
674	18000
675	18000
676	18000
677	18000
678	18000
679	18000
680	18000
681	19800
682	19800
683	19800
684	19800
685	19800
686	19800
687	19800
688	19800
689	19800
690	19800
691	19800
692	19800
693	19800
694	19800
695	19800
696	19800
697	19800
698	19800
699	19800
700	19800
701	19800
702	19800
703	19800
704	19800
705	19800
706	19800
707	19800
708	19800
709	19800
710	19800
711	19800
712	19800
713	19800
714	19800
715	19800
716	19800
717	19800
718	19800
719	19800
720	19800
721	19800
722	19800
723	19800
724	19800
725	19800
726	19800
727	19800
728	19800
729	19800
730	19800
731	19800
732	19800
733	21600
734	21600
735	21600
736	21600
737	21600
738	21600
739	21600
740	21600
741	21600
742	21600
743	21600
744	21600
745	21600
746	21600
747	21600
748	21600
749	21600
750	21600
751	21600
752	21600
753	21600
754	21600
755	21600
756	21600
757	21600
758	21600
759	21600
760	21600
761	21600
762	21600
763	21600
764	21600
765	21600
766	21600
767	21600
768	21600
769	21600
770	21600
771	21600
772	21600
773	21600
774	21600
775	21600
776	21600
777	21600
778	23400
779	23400
780	23400
781	23400
782	23400
783	23400
784	23400
785	23400
786	23400
787	23400
788	23400
789	23400
790	23400
791	23400
792	23400
793	23400
794	23400
795	23400
796	23400
797	23400
798	23400
799	23400
800	23400
801	23400
802	23400
803	23400
804	23400
805	23400
806	23400
807	23400
808	23400
809	23400
810	23400
811	23400
812	23400
813	23400
814	23400
815	23400
816	23400
817	23400
818	23400
819	23400
820	23400
821	23400
822	23400
823	23400
824	23400
825	23400
EOF
