NAME : ORTEC-VRPTW-ASYM-e260d9dc-d1-n825
TYPE : VRPTW-RT
DIMENSION : 826
EDGE_WEIGHT_TYPE : EUC_2D
CAPACITY : 160
NODE_COORD_SECTION
1	1038	3815
2	2161	4823
3	925	854
4	1273	5675
5	1965	5528
6	1942	5582
7	934	3961
8	1965	4617
9	781	1708
10	1175	3691
11	1580	4440
12	2084	5647
13	922	2028
14	1350	2948
15	1086	2076
16	1907	5108
17	845	3631
18	1230	3763
19	1435	4711
20	1109	2588
21	2085	5134
22	1269	5350
23	565	426
24	2248	4807
25	1975	5411
26	1860	5242
27	2204	6617
28	1155	2313
29	672	2843
30	2002	5258
31	845	3631
32	617	2502
33	1175	3691
34	1695	4476
35	1353	5052
36	1944	6101
37	2545	6377
38	1095	4802
39	1160	5268
40	906	3059
41	2041	5456
42	1678	3956
43	1224	5023
44	383	913
45	2460	6315
46	576	2922
47	1294	5325
48	913	3777
49	853	2238
50	1996	6454
51	1369	5615
52	1121	5332
53	2002	5314
54	2191	6746
55	930	1804
56	805	1451
57	768	961
58	1973	5155
59	1272	5140
60	598	1999
61	1902	4005
62	635	713
63	1243	5306
64	1612	4489
65	1256	4923
66	1329	5075
67	883	3868
68	1916	5985
69	1256	5476
70	2048	5302
71	913	3777
72	1700	3584
73	2215	6780
74	1325	2267
75	1165	5203
76	1060	2851
77	1124	4728
78	1689	5494
79	2085	5134
80	730	2932
81	2038	5971
82	2248	4807
83	2304	6809
84	1946	5564
85	837	2672
86	1060	2851
87	2409	6075
88	1294	5453
89	1298	5002
90	1892	3960
91	663	2373
92	930	3967
93	1443	4633
94	2368	6761
95	1923	3409
96	681	1152
97	2185	6460
98	1101	2005
99	755	650
100	1297	5439
101	1317	3462
102	1128	3648
103	2129	6128
104	891	2692
105	1645	5111
106	1994	5514
107	2248	4807
108	1542	4438
109	2385	4292
110	530	285
111	1916	5985
112	978	1913
113	1410	3761
114	1358	3100
115	937	4631
116	1695	4476
117	1442	3886
118	1350	2948
119	1174	3328
120	1155	2313
121	1365	5814
122	2130	4932
123	1047	4645
124	2124	5579
125	1256	4923
126	1250	5095
127	1152	5096
128	616	1630
129	1362	5615
130	692	2400
131	1695	4476
132	1451	3506
133	1860	5242
134	768	961
135	894	2242
136	1254	3660
137	957	2737
138	1495	5742
139	922	2028
140	883	3868
141	2002	5258
142	1038	2019
143	1833	6139
144	2081	6330
145	1937	5473
146	2409	6075
147	1689	5494
148	1968	5765
149	1280	5429
150	1222	2292
151	1295	5530
152	2248	4807
153	957	2934
154	1747	4638
155	1379	4987
156	934	3961
157	1905	5379
158	1696	3242
159	608	344
160	2038	5971
161	1451	3506
162	927	3656
163	2075	4627
164	2300	5806
165	991	2857
166	1365	5814
167	430	302
168	1272	5140
169	2169	5033
170	786	681
171	1369	5247
172	1764	5164
173	1916	5985
174	2368	6761
175	1049	5274
176	1120	4689
177	2026	6086
178	2112	6420
179	1346	5668
180	429	698
181	1109	2177
182	1350	2948
183	1527	3744
184	1946	5564
185	745	623
186	1279	3478
187	2042	4823
188	853	2238
189	1120	5027
190	740	2306
191	1580	4440
192	1538	4441
193	1410	3761
194	1121	5332
195	2361	4150
196	1165	5203
197	922	2028
198	507	1033
199	2405	6638
200	668	1701
201	740	2306
202	978	1913
203	693	257
204	1401	5544
205	768	1579
206	1747	4638
207	1183	4856
208	1271	5657
209	383	913
210	2085	5134
211	905	1528
212	2113	5002
213	1732	4636
214	1793	4161
215	1208	2160
216	1591	3521
217	1046	2988
218	1133	1774
219	1213	4971
220	1853	5520
221	1278	4867
222	2334	3795
223	714	2483
224	1604	3576
225	1504	4468
226	1044	3701
227	768	961
228	717	2938
229	2053	6332
230	349	890
231	1747	4638
232	2198	4638
233	472	114
234	1269	5350
235	744	3075
236	927	3656
237	1124	4728
238	1194	4015
239	1230	3763
240	807	1105
241	2038	5971
242	1956	4692
243	442	269
244	2217	5286
245	2421	6788
246	1965	5528
247	744	3075
248	1645	5111
249	1200	3247
250	698	2100
251	1916	5985
252	1350	2948
253	717	2938
254	1224	5023
255	2248	4807
256	898	3635
257	1892	3960
258	1317	3462
259	1275	5237
260	2126	6031
261	2185	6460
262	1213	4971
263	1141	2506
264	1963	5501
265	1206	1671
266	1280	5329
267	1395	3471
268	1451	3506
269	1278	4867
270	2042	4823
271	2176	4291
272	1042	3980
273	1273	5582
274	1434	3770
275	1386	5737
276	1604	3576
277	2193	4670
278	991	2857
279	1923	3409
280	1294	5453
281	1395	3471
282	1183	4873
283	1395	3471
284	1213	4971
285	2385	4292
286	1591	3521
287	1049	4836
288	1224	5023
289	2248	4807
290	2126	6031
291	2113	5002
292	671	151
293	635	713
294	952	2014
295	1165	5203
296	724	1598
297	1056	3825
298	1362	5615
299	1996	6454
300	1451	3506
301	2233	4414
302	383	913
303	1069	4951
304	1256	5476
305	745	623
306	552	2852
307	2005	5116
308	1197	3150
309	1504	4468
310	1272	5140
311	1278	4867
312	1256	4923
313	955	3705
314	1747	4638
315	1294	5325
316	635	713
317	576	2922
318	1359	3570
319	1527	3744
320	2405	5921
321	2041	5456
322	2171	5193
323	1297	5439
324	2040	5196
325	1116	4533
326	1636	4946
327	2185	6460
328	911	2464
329	1297	5439
330	616	1630
331	2053	6332
332	1254	3660
333	1280	5329
334	1271	5657
335	1764	5164
336	1236	5036
337	1323	2214
338	498	1423
339	2118	6540
340	2262	6691
341	439	2433
342	841	1747
343	2171	5193
344	1973	5155
345	1236	5036
346	1316	5501
347	1905	5379
348	2221	5926
349	1243	5306
350	1946	5564
351	2169	6769
352	1095	5332
353	1833	6139
354	932	4739
355	1207	3118
356	1101	2005
357	1429	5901
358	1230	3763
359	768	1579
360	878	1701
361	2498	6216
362	1070	2133
363	507	1033
364	1323	2214
365	2005	5116
366	2176	4291
367	1648	4343
368	913	3777
369	1049	4836
370	1386	5737
371	1700	3274
372	2510	6499
373	1026	3266
374	1120	4689
375	2284	6480
376	1121	5390
377	1037	3353
378	1069	4951
379	2026	6086
380	1376	5607
381	2198	4638
382	643	843
383	1329	5075
384	1884	6268
385	1258	5307
386	1359	3570
387	1042	3980
388	1860	5242
389	1290	5549
390	598	1999
391	2130	4932
392	1243	5306
393	1700	3584
394	2217	5286
395	1044	3701
396	698	332
397	1172	3317
398	2385	4292
399	582	1060
400	1243	5306
401	1174	3328
402	553	2429
403	1965	4617
404	1973	5155
405	1923	3409
406	1557	4240
407	1254	3660
408	1449	5722
409	600	2493
410	1380	5392
411	1944	6101
412	1527	3744
413	1069	4951
414	1580	4440
415	959	1673
416	1535	4315
417	781	1708
418	1046	2988
419	2068	4405
420	2405	5921
421	1435	5478
422	582	1060
423	1711	3575
424	944	2714
425	1295	5530
426	1324	3805
427	600	2493
428	1323	2214
429	507	1033
430	1161	5644
431	986	3948
432	1890	3747
433	1325	2267
434	1200	3247
435	975	580
436	1143	4048
437	1360	2320
438	1443	4633
439	1169	4587
440	1350	2948
441	1222	2292
442	2139	5952
443	1968	5765
444	991	2857
445	2005	5116
446	897	3801
447	653	1341
448	2163	4124
449	1168	5296
450	1120	5027
451	2480	6491
452	947	3875
453	2421	6788
454	607	2610
455	1975	5411
456	2590	6505
457	2129	6128
458	1331	5646
459	1958	3977
460	781	1708
461	987	4715
462	2139	5952
463	2221	5926
464	1996	5382
465	2209	5259
466	906	3059
467	1606	6142
468	1121	5332
469	771	744
470	2163	4124
471	349	890
472	2065	5450
473	957	2934
474	2318	5674
475	2405	5921
476	519	1600
477	1909	3366
478	2466	4348
479	2048	5302
480	1280	5329
481	1368	5380
482	1275	5087
483	546	1334
484	1379	4987
485	2139	5952
486	1258	5307
487	1996	5382
488	2161	4823
489	845	3631
490	552	1600
491	519	1600
492	2130	5324
493	1759	4159
494	2130	5324
495	1208	2160
496	853	2238
497	2405	6638
498	2228	5517
499	934	3961
500	1244	5582
501	1239	4534
502	1070	2133
503	1689	5494
504	759	3946
505	950	3637
506	1392	5754
507	897	3801
508	1580	4440
509	1183	4856
510	991	2857
511	1907	5108
512	1317	2883
513	349	890
514	1095	5332
515	2300	5806
516	2139	5952
517	1280	5429
518	1726	6014
519	958	4091
520	635	713
521	1359	3570
522	496	0
523	1665	4425
524	2048	5302
525	883	3868
526	1087	4670
527	2265	6094
528	1451	3506
529	429	698
530	992	1578
531	1070	2133
532	1206	1671
533	443	1943
534	995	3403
535	1294	5453
536	1297	5439
537	1049	2283
538	1996	6454
539	1432	5776
540	1435	4711
541	498	1423
542	2345	4023
543	1687	6211
544	439	2433
545	1538	4441
546	1270	5541
547	934	3961
548	1645	5111
549	1295	5530
550	2210	4627
551	1435	5478
552	498	1423
553	886	3763
554	1805	5686
555	1121	5390
556	2084	5647
557	2209	5259
558	786	681
559	2262	6691
560	2244	6125
561	1143	4048
562	1700	3274
563	957	2737
564	1942	5582
565	1591	3521
566	2210	4627
567	1395	3471
568	1451	3506
569	2171	5193
570	1902	4005
571	1183	4873
572	922	2028
573	2185	6460
574	1195	2332
575	668	1701
576	2545	6377
577	995	3403
578	1275	5087
579	1086	2076
580	1905	5554
581	1174	3328
582	1295	5530
583	879	2285
584	1244	5582
585	1151	2223
586	1410	3761
587	714	2483
588	1687	6211
589	841	1747
590	1451	3506
591	1658	3942
592	1069	4951
593	1169	3715
594	2262	6691
595	1395	3471
596	1109	2177
597	600	2493
598	1258	5307
599	740	2306
600	1220	3521
601	2262	6691
602	2185	6460
603	2409	6075
604	2545	6377
605	1645	5111
606	1442	3886
607	786	2059
608	2139	5952
609	674	1778
610	1331	5646
611	1389	3875
612	906	3059
613	1451	3506
614	1208	2160
615	1965	5528
616	1169	3715
617	1279	3478
618	946	1714
619	1410	3761
620	530	285
621	1183	4873
622	730	2932
623	703	1793
624	1389	3875
625	1700	3274
626	934	3961
627	2590	6505
628	1805	5686
629	2042	4823
630	1269	5350
631	1434	3770
632	2031	4643
633	2079	5083
634	643	843
635	2209	5259
636	553	2429
637	553	2429
638	1295	5530
639	1294	5453
640	1168	5296
641	995	4852
642	1443	4633
643	955	3705
644	1316	5501
645	1527	3744
646	740	2306
647	1353	5052
648	1535	4315
649	2038	5971
650	496	0
651	1278	4867
652	1892	3960
653	683	887
654	930	1804
655	1256	5476
656	1298	5002
657	1151	2223
658	2040	5196
659	799	4796
660	1909	3366
661	1100	2209
662	1250	5095
663	905	1528
664	2129	6128
665	1019	4630
666	2498	6216
667	950	3637
668	2272	6051
669	717	2938
670	1101	2005
671	2361	4150
672	1392	5754
673	617	2502
674	553	2429
675	1923	3409
676	1884	6268
677	1505	4785
678	1975	5411
679	2300	5806
680	635	713
681	986	3948
682	1116	4533
683	759	3946
684	530	285
685	383	913
686	1031	3186
687	1273	5582
688	1350	5677
689	1443	4633
690	1206	1671
691	730	2932
692	2106	4356
693	672	2843
694	2345	4023
695	576	2922
696	1658	3942
697	1121	5332
698	1429	5901
699	937	4631
700	2048	5302
701	708	882
702	1793	4161
703	1346	5668
704	744	3075
705	2265	6094
706	1160	5268
707	672	2843
708	724	1598
709	1317	2883
710	1884	6268
711	576	2922
712	442	269
713	643	843
714	530	285
715	1328	5530
716	2126	6031
717	1542	4438
718	734	681
719	2368	6761
720	1098	5041
721	991	2857
722	2113	5002
723	1044	3701
724	897	3801
725	1861	3972
726	759	3946
727	1213	4971
728	683	887
729	1031	3186
730	2267	4623
731	1591	3521
732	2096	6246
733	1821	6153
734	1086	2076
735	1364	5360
736	1258	5050
737	2041	5456
738	2510	6499
739	653	1341
740	443	1943
741	1435	5478
742	1687	6211
743	1109	2588
744	768	3475
745	714	2483
746	1128	3648
747	1975	5411
748	768	1579
749	905	1528
750	2272	6051
751	2368	6761
752	1944	6101
753	1295	5620
754	439	2433
755	898	3635
756	1095	4802
757	1860	4923
758	2280	5036
759	1904	5804
760	1350	5677
761	1350	5677
762	1975	5717
763	986	3948
764	1711	3575
765	786	2059
766	2204	6617
767	1531	5777
768	837	2672
769	429	698
770	1070	2133
771	1152	5096
772	1175	3691
773	1902	4005
774	1172	3317
775	2272	6051
776	635	713
777	1273	5675
778	1183	4856
779	886	3763
780	1580	4440
781	1301	5452
782	2590	6505
783	2038	5971
784	607	2610
785	1164	4991
786	947	3875
787	768	3475
788	2304	6809
789	1323	2214
790	2379	5913
791	1098	5041
792	1270	5404
793	911	2464
794	957	2934
795	1065	1891
796	1358	3100
797	978	1913
798	1167	5673
799	2228	5517
800	947	3875
801	734	681
802	2338	3924
803	1833	6139
804	1747	4638
805	1956	4692
806	1365	5814
807	2118	6540
808	1026	3266
809	1359	3570
810	2267	4623
811	1194	4015
812	1404	3790
813	496	0
814	608	344
815	617	2502
816	1451	3506
817	1965	4617
818	683	887
819	1942	5582
820	1120	4689
821	1648	4343
822	1700	3584
823	698	2100
824	1175	3691
825	1270	5404
826	1299	6039
DEMAND_SECTION
1	0
2	5
3	6
4	2
5	15
6	3
7	12
8	9
9	6
10	7
11	6
12	11
13	4
14	5
15	6
16	5
17	5
18	3
19	9
20	6
21	5
22	6
23	10
24	7
25	7
26	3
27	2
28	2
29	4
30	5
31	7
32	5
33	9
34	5
35	3
36	4
37	10
38	6
39	7
40	12
41	4
42	4
43	5
44	5
45	4
46	5
47	12
48	9
49	7
50	10
51	6
52	5
53	13
54	12
55	4
56	6
57	5
58	6
59	12
60	8
61	6
62	12
63	5
64	4
65	7
66	7
67	9
68	11
69	7
70	4
71	6
72	7
73	6
74	4
75	6
76	8
77	8
78	4
79	4
80	13
81	6
82	7
83	7
84	15
85	7
86	7
87	8
88	6
89	7
90	8
91	2
92	6
93	6
94	4
95	6
96	4
97	4
98	7
99	5
100	4
101	13
102	11
103	5
104	5
105	13
106	7
107	9
108	5
109	6
110	5
111	4
112	9
113	8
114	7
115	6
116	5
117	6
118	5
119	9
120	10
121	4
122	6
123	5
124	5
125	4
126	6
127	5
128	9
129	7
130	6
131	17
132	9
133	4
134	11
135	6
136	7
137	10
138	6
139	4
140	6
141	5
142	6
143	6
144	6
145	9
146	9
147	5
148	6
149	5
150	9
151	11
152	7
153	9
154	5
155	6
156	7
157	6
158	5
159	5
160	8
161	10
162	4
163	5
164	5
165	8
166	7
167	4
168	10
169	5
170	6
171	7
172	7
173	3
174	4
175	9
176	8
177	7
178	4
179	6
180	12
181	7
182	5
183	12
184	6
185	5
186	2
187	6
188	4
189	6
190	17
191	5
192	7
193	6
194	10
195	6
196	6
197	4
198	9
199	12
200	7
201	4
202	7
203	7
204	10
205	5
206	6
207	5
208	7
209	4
210	4
211	12
212	4
213	6
214	11
215	6
216	4
217	7
218	7
219	5
220	5
221	4
222	6
223	6
224	6
225	5
226	3
227	8
228	6
229	7
230	3
231	9
232	11
233	5
234	6
235	8
236	7
237	15
238	5
239	7
240	7
241	10
242	7
243	5
244	4
245	4
246	6
247	7
248	5
249	6
250	3
251	3
252	11
253	10
254	2
255	10
256	12
257	6
258	8
259	6
260	5
261	9
262	8
263	6
264	5
265	4
266	2
267	13
268	3
269	6
270	11
271	6
272	2
273	8
274	6
275	8
276	6
277	4
278	4
279	9
280	7
281	11
282	3
283	4
284	6
285	8
286	4
287	4
288	5
289	7
290	3
291	6
292	12
293	5
294	5
295	10
296	7
297	5
298	6
299	10
300	4
301	5
302	6
303	6
304	6
305	4
306	6
307	8
308	7
309	5
310	9
311	8
312	5
313	5
314	7
315	8
316	8
317	7
318	6
319	3
320	6
321	4
322	5
323	5
324	13
325	5
326	8
327	5
328	6
329	6
330	5
331	4
332	5
333	5
334	6
335	2
336	6
337	9
338	7
339	6
340	8
341	5
342	8
343	3
344	6
345	6
346	12
347	10
348	6
349	6
350	6
351	3
352	8
353	3
354	6
355	12
356	10
357	7
358	7
359	5
360	5
361	6
362	6
363	6
364	6
365	5
366	5
367	8
368	12
369	17
370	5
371	5
372	6
373	12
374	9
375	5
376	6
377	6
378	6
379	6
380	5
381	8
382	4
383	8
384	4
385	5
386	4
387	6
388	12
389	12
390	7
391	8
392	6
393	4
394	15
395	4
396	5
397	5
398	8
399	4
400	4
401	6
402	7
403	7
404	5
405	5
406	6
407	8
408	7
409	5
410	2
411	6
412	4
413	3
414	2
415	6
416	9
417	5
418	4
419	6
420	8
421	10
422	7
423	3
424	4
425	7
426	4
427	7
428	9
429	7
430	5
431	7
432	4
433	5
434	5
435	6
436	7
437	5
438	4
439	7
440	7
441	13
442	6
443	6
444	5
445	7
446	9
447	9
448	7
449	3
450	9
451	9
452	7
453	10
454	15
455	8
456	5
457	5
458	6
459	8
460	8
461	15
462	4
463	6
464	3
465	5
466	6
467	5
468	5
469	5
470	8
471	8
472	6
473	1
474	5
475	10
476	5
477	5
478	6
479	5
480	5
481	5
482	5
483	10
484	7
485	5
486	12
487	4
488	8
489	5
490	11
491	8
492	12
493	4
494	8
495	6
496	5
497	13
498	8
499	7
500	8
501	6
502	5
503	7
504	8
505	4
506	6
507	5
508	13
509	6
510	6
511	6
512	10
513	8
514	5
515	8
516	10
517	7
518	6
519	6
520	5
521	14
522	3
523	7
524	12
525	9
526	8
527	7
528	9
529	5
530	8
531	7
532	3
533	5
534	12
535	6
536	7
537	12
538	6
539	6
540	5
541	7
542	6
543	8
544	2
545	4
546	7
547	8
548	3
549	5
550	8
551	7
552	7
553	4
554	6
555	7
556	5
557	7
558	4
559	4
560	5
561	5
562	8
563	7
564	6
565	10
566	4
567	13
568	6
569	5
570	7
571	6
572	5
573	9
574	4
575	6
576	6
577	8
578	6
579	9
580	10
581	7
582	6
583	7
584	4
585	6
586	8
587	11
588	7
589	6
590	5
591	7
592	5
593	12
594	13
595	6
596	8
597	11
598	4
599	4
600	6
601	6
602	6
603	4
604	8
605	7
606	9
607	7
608	5
609	9
610	5
611	5
612	6
613	4
614	6
615	3
616	10
617	9
618	12
619	7
620	9
621	4
622	5
623	5
624	5
625	6
626	5
627	5
628	12
629	5
630	5
631	5
632	12
633	12
634	7
635	5
636	5
637	5
638	12
639	5
640	4
641	6
642	6
643	7
644	8
645	7
646	6
647	6
648	5
649	7
650	8
651	3
652	4
653	6
654	7
655	4
656	4
657	4
658	5
659	9
660	3
661	6
662	6
663	6
664	9
665	5
666	7
667	9
668	2
669	13
670	6
671	4
672	4
673	6
674	11
675	12
676	5
677	6
678	6
679	9
680	10
681	10
682	5
683	7
684	5
685	5
686	5
687	5
688	5
689	4
690	7
691	11
692	10
693	7
694	8
695	4
696	5
697	10
698	8
699	7
700	3
701	5
702	6
703	5
704	9
705	8
706	4
707	6
708	12
709	8
710	6
711	7
712	4
713	4
714	6
715	7
716	12
717	6
718	5
719	5
720	3
721	8
722	12
723	6
724	10
725	6
726	6
727	4
728	15
729	5
730	12
731	4
732	9
733	3
734	5
735	4
736	11
737	4
738	8
739	4
740	8
741	11
742	6
743	7
744	4
745	4
746	7
747	5
748	3
749	4
750	4
751	4
752	6
753	6
754	1
755	6
756	1
757	4
758	5
759	6
760	2
761	8
762	6
763	6
764	10
765	10
766	6
767	7
768	7
769	6
770	4
771	9
772	4
773	5
774	4
775	3
776	6
777	6
778	6
779	6
780	7
781	6
782	5
783	7
784	9
785	10
786	6
787	4
788	9
789	4
790	4
791	4
792	6
793	9
794	4
795	5
796	5
797	5
798	4
799	6
800	3
801	7
802	6
803	6
804	9
805	5
806	6
807	4
808	4
809	10
810	4
811	9
812	6
813	3
814	5
815	9
816	4
817	8
818	5
819	3
820	5
821	12
822	7
823	3
824	4
825	6
826	6
DEPOT_SECTION
1
-1
SERVICE_TIME_SECTION
1	0
2	300
3	480
4	600
5	480
6	480
7	660
8	540
9	540
10	480
11	660
12	360
13	540
14	420
15	600
16	480
17	480
18	660
19	660
20	180
21	420
22	960
23	780
24	480
25	480
26	660
27	720
28	300
29	480
30	240
31	300
32	600
33	240
34	360
35	720
36	360
37	480
38	420
39	660
40	600
41	420
42	720
43	300
44	300
45	600
46	720
47	480
48	420
49	360
50	540
51	360
52	540
53	540
54	660
55	420
56	360
57	360
58	600
59	540
60	360
61	720
62	360
63	600
64	780
65	660
66	480
67	600
68	660
69	420
70	540
71	420
72	360
73	480
74	540
75	780
76	240
77	600
78	420
79	480
80	480
81	420
82	660
83	720
84	780
85	360
86	900
87	480
88	600
89	540
90	360
91	480
92	660
93	360
94	360
95	600
96	840
97	720
98	1080
99	540
100	540
101	480
102	420
103	540
104	480
105	360
106	420
107	480
108	480
109	780
110	540
111	360
112	360
113	660
114	480
115	420
116	600
117	360
118	660
119	1020
120	600
121	780
122	480
123	360
124	420
125	720
126	480
127	960
128	480
129	420
130	600
131	840
132	420
133	540
134	720
135	300
136	720
137	360
138	840
139	480
140	480
141	480
142	780
143	720
144	480
145	780
146	480
147	840
148	720
149	720
150	480
151	600
152	840
153	540
154	240
155	780
156	420
157	660
158	420
159	300
160	720
161	960
162	1020
163	960
164	360
165	720
166	540
167	600
168	780
169	600
170	180
171	240
172	600
173	360
174	840
175	480
176	480
177	540
178	360
179	420
180	240
181	540
182	660
183	480
184	300
185	420
186	420
187	660
188	780
189	660
190	420
191	360
192	600
193	720
194	240
195	720
196	360
197	540
198	540
199	960
200	360
201	540
202	480
203	360
204	600
205	180
206	420
207	600
208	840
209	840
210	480
211	360
212	780
213	540
214	240
215	600
216	960
217	720
218	420
219	540
220	300
221	600
222	840
223	360
224	360
225	840
226	480
227	420
228	300
229	840
230	600
231	480
232	480
233	360
234	1020
235	540
236	480
237	840
238	420
239	300
240	540
241	900
242	420
243	600
244	300
245	540
246	780
247	480
248	720
249	420
250	600
251	600
252	660
253	420
254	600
255	540
256	780
257	540
258	720
259	780
260	420
261	540
262	420
263	780
264	840
265	480
266	720
267	360
268	600
269	720
270	540
271	720
272	780
273	780
274	540
275	1200
276	420
277	540
278	300
279	360
280	1080
281	480
282	840
283	300
284	420
285	660
286	300
287	840
288	420
289	480
290	480
291	480
292	720
293	540
294	720
295	300
296	420
297	780
298	840
299	900
300	420
301	540
302	660
303	660
304	720
305	600
306	420
307	540
308	300
309	720
310	360
311	660
312	420
313	720
314	480
315	360
316	540
317	480
318	540
319	600
320	540
321	480
322	420
323	540
324	300
325	720
326	420
327	420
328	480
329	360
330	480
331	540
332	660
333	420
334	840
335	600
336	780
337	420
338	360
339	540
340	540
341	420
342	540
343	720
344	780
345	240
346	300
347	420
348	660
349	660
350	540
351	360
352	480
353	420
354	300
355	660
356	360
357	660
358	420
359	840
360	660
361	660
362	780
363	480
364	720
365	420
366	360
367	780
368	420
369	600
370	360
371	540
372	480
373	600
374	480
375	480
376	840
377	480
378	420
379	360
380	900
381	480
382	660
383	420
384	480
385	420
386	300
387	480
388	540
389	480
390	480
391	600
392	540
393	600
394	540
395	660
396	1080
397	540
398	360
399	780
400	360
401	360
402	300
403	540
404	420
405	600
406	540
407	420
408	480
409	300
410	480
411	300
412	840
413	360
414	540
415	600
416	720
417	600
418	720
419	480
420	660
421	600
422	780
423	360
424	420
425	420
426	240
427	540
428	480
429	420
430	300
431	360
432	420
433	600
434	240
435	420
436	600
437	720
438	540
439	480
440	720
441	1020
442	780
443	540
444	600
445	420
446	360
447	600
448	360
449	480
450	480
451	840
452	540
453	420
454	420
455	780
456	420
457	540
458	600
459	300
460	660
461	840
462	600
463	360
464	780
465	1200
466	600
467	300
468	780
469	420
470	900
471	360
472	480
473	1080
474	480
475	660
476	600
477	600
478	420
479	780
480	600
481	360
482	660
483	480
484	240
485	840
486	480
487	660
488	540
489	480
490	840
491	420
492	840
493	720
494	300
495	780
496	420
497	720
498	420
499	480
500	540
501	480
502	480
503	660
504	780
505	540
506	420
507	420
508	540
509	900
510	300
511	1020
512	600
513	420
514	420
515	660
516	600
517	780
518	360
519	480
520	600
521	720
522	420
523	480
524	840
525	660
526	360
527	420
528	720
529	540
530	780
531	480
532	780
533	360
534	720
535	360
536	300
537	480
538	540
539	420
540	240
541	540
542	480
543	420
544	540
545	600
546	240
547	600
548	840
549	420
550	600
551	540
552	600
553	420
554	360
555	660
556	660
557	540
558	600
559	720
560	660
561	420
562	420
563	540
564	480
565	420
566	840
567	420
568	360
569	720
570	480
571	480
572	420
573	600
574	780
575	240
576	1200
577	540
578	540
579	600
580	660
581	300
582	600
583	300
584	780
585	300
586	420
587	540
588	600
589	900
590	480
591	660
592	240
593	300
594	420
595	360
596	720
597	360
598	360
599	660
600	660
601	240
602	840
603	720
604	420
605	900
606	600
607	540
608	540
609	300
610	480
611	660
612	720
613	660
614	420
615	1200
616	660
617	240
618	660
619	540
620	660
621	300
622	420
623	540
624	240
625	300
626	660
627	900
628	360
629	960
630	540
631	420
632	300
633	720
634	480
635	540
636	840
637	540
638	420
639	780
640	660
641	840
642	900
643	480
644	600
645	420
646	240
647	480
648	960
649	300
650	360
651	540
652	480
653	540
654	480
655	300
656	420
657	480
658	480
659	300
660	540
661	660
662	180
663	420
664	600
665	480
666	360
667	780
668	300
669	300
670	480
671	360
672	480
673	480
674	480
675	420
676	660
677	540
678	540
679	420
680	840
681	540
682	360
683	720
684	780
685	420
686	360
687	480
688	420
689	300
690	900
691	780
692	420
693	660
694	780
695	660
696	540
697	600
698	420
699	420
700	420
701	480
702	420
703	480
704	420
705	300
706	540
707	480
708	480
709	420
710	600
711	300
712	420
713	480
714	600
715	360
716	540
717	600
718	600
719	360
720	780
721	840
722	660
723	420
724	540
725	480
726	240
727	600
728	780
729	360
730	420
731	420
732	480
733	1020
734	240
735	720
736	540
737	840
738	420
739	840
740	840
741	420
742	480
743	780
744	540
745	420
746	840
747	720
748	540
749	720
750	540
751	420
752	420
753	480
754	780
755	360
756	240
757	540
758	420
759	1080
760	480
761	360
762	840
763	540
764	180
765	420
766	420
767	600
768	480
769	420
770	240
771	600
772	540
773	780
774	300
775	420
776	420
777	300
778	780
779	300
780	360
781	300
782	480
783	360
784	480
785	420
786	360
787	780
788	540
789	420
790	660
791	300
792	540
793	720
794	780
795	480
796	660
797	480
798	360
799	360
800	420
801	420
802	720
803	360
804	420
805	360
806	480
807	480
808	540
809	480
810	1080
811	840
812	420
813	540
814	420
815	480
816	600
817	480
818	540
819	600
820	840
821	480
822	540
823	540
824	420
825	360
826	360
TIME_WINDOW_SECTION
1	0	45000
2	9000	16200
3	5400	12600
4	23400	30600
5	9000	16200
6	19800	27000
7	19800	27000
8	5400	12600
9	23400	30600
10	7200	30600
11	23400	30600
12	7200	30600
13	23400	30600
14	19800	27000
15	12600	19800
16	16200	23400
17	23400	30600
18	12600	19800
19	12600	18900
20	16200	23400
21	16200	23400
22	19800	27000
23	12600	19800
24	9000	16200
25	9000	16200
26	5400	12600
27	23400	30600
28	12600	19800
29	23400	30600
30	16200	23400
31	19800	27000
32	9000	16200
33	7200	30600
34	12600	19800
35	9000	16200
36	9000	16200
37	12600	19800
38	9000	16200
39	9000	16200
40	12600	19800
41	19800	27000
42	12600	19800
43	7200	30600
44	23400	30600
45	16200	23400
46	7200	30600
47	5400	12600
48	16200	23400
49	9000	15300
50	19800	27000
51	19800	27000
52	9000	16200
53	19800	27000
54	19800	27000
55	7200	30600
56	5400	11700
57	12600	19800
58	9000	16200
59	16200	27000
60	16200	23400
61	19800	27000
62	23400	30600
63	9000	16200
64	12600	19800
65	19800	27000
66	19800	27000
67	12600	19800
68	12600	18900
69	5400	12600
70	5400	12600
71	19800	27000
72	23400	30600
73	12600	19800
74	23400	30600
75	12600	19800
76	7200	30600
77	7200	30600
78	5400	12600
79	7200	30600
80	19800	27000
81	16200	23400
82	9000	16200
83	16200	23400
84	16200	23400
85	9000	16200
86	23400	30600
87	16200	23400
88	5400	12600
89	23400	30600
90	12600	19800
91	23400	30600
92	12600	19800
93	5400	12600
94	12600	19800
95	23400	29700
96	12600	19800
97	5400	12600
98	16200	23400
99	12600	19800
100	23400	30600
101	16200	23400
102	19800	27000
103	19800	27000
104	12600	19800
105	9000	16200
106	9000	16200
107	12600	19800
108	19800	27000
109	5400	12600
110	9000	16200
111	7200	30600
112	23400	30600
113	7200	30600
114	7200	30600
115	9000	16200
116	9000	16200
117	5400	12600
118	5400	12600
119	16200	23400
120	9000	16200
121	16200	23400
122	5400	12600
123	5400	12600
124	9000	16200
125	5400	12600
126	12600	19800
127	23400	30600
128	5400	12600
129	5400	12600
130	12600	19800
131	5400	12600
132	9000	16200
133	12600	19800
134	19800	27000
135	16200	23400
136	23400	30600
137	9000	16200
138	7200	30600
139	12600	19800
140	12600	19800
141	16200	23400
142	9000	16200
143	16200	23400
144	12600	19800
145	7200	30600
146	9000	16200
147	5400	12600
148	7200	30600
149	23400	30600
150	19800	27000
151	16200	23400
152	7200	30600
153	12600	19800
154	9000	16200
155	9000	16200
156	19800	27000
157	5400	12600
158	19800	27000
159	23400	30600
160	12600	19800
161	23400	29700
162	5400	12600
163	12600	19800
164	12600	19800
165	19800	27000
166	12600	19800
167	12600	19800
168	7200	30600
169	5400	12600
170	9000	16200
171	23400	30600
172	19800	27000
173	16200	23400
174	9000	16200
175	12600	19800
176	19800	26100
177	16200	23400
178	19800	27000
179	19800	27000
180	19800	27000
181	5400	12600
182	16200	23400
183	7200	30600
184	19800	27000
185	5400	12600
186	9000	16200
187	5400	12600
188	7200	30600
189	9000	16200
190	16200	23400
191	5400	12600
192	5400	12600
193	19800	27000
194	23400	30600
195	19800	27000
196	12600	19800
197	7200	30600
198	12600	19800
199	23400	30600
200	12600	19800
201	23400	30600
202	9000	16200
203	12600	19800
204	16200	23400
205	9000	16200
206	5400	12600
207	16200	23400
208	5400	12600
209	16200	23400
210	16200	23400
211	16200	23400
212	16200	23400
213	7200	30600
214	23400	30600
215	12600	19800
216	5400	12600
217	9000	16200
218	12600	19800
219	19800	27000
220	5400	12600
221	19800	27000
222	16200	23400
223	16200	23400
224	7200	30600
225	9000	16200
226	7200	30600
227	9000	16200
228	7200	30600
229	12600	19800
230	23400	30600
231	16200	23400
232	16200	23400
233	12600	19800
234	5400	12600
235	5400	12600
236	9000	16200
237	9000	16200
238	23400	30600
239	9000	16200
240	23400	29700
241	16200	23400
242	16200	23400
243	16200	23400
244	5400	12600
245	5400	12600
246	12600	19800
247	12600	19800
248	12600	19800
249	7200	30600
250	23400	30600
251	23400	29700
252	23400	30600
253	9000	16200
254	16200	23400
255	16200	23400
256	23400	30600
257	16200	23400
258	12600	19800
259	12600	19800
260	19800	27000
261	19800	27000
262	19800	27000
263	5400	12600
264	9000	16200
265	16200	23400
266	9000	16200
267	9000	16200
268	23400	30600
269	7200	30600
270	19800	27000
271	12600	19800
272	16200	23400
273	19800	27000
274	19800	27000
275	12600	19800
276	7200	30600
277	12600	19800
278	16200	23400
279	12600	19800
280	23400	30600
281	23400	30600
282	19800	27000
283	5400	12600
284	9000	16200
285	12600	19800
286	7200	30600
287	16200	23400
288	12600	19800
289	19800	27000
290	7200	30600
291	19800	27000
292	19800	27000
293	19800	27000
294	5400	12600
295	9000	16200
296	16200	23400
297	9000	16200
298	19800	27000
299	9000	16200
300	12600	19800
301	5400	12600
302	9000	16200
303	19800	27000
304	7200	30600
305	19800	27000
306	16200	23400
307	7200	30600
308	12600	19800
309	5400	12600
310	7200	30600
311	19800	27000
312	5400	12600
313	5400	12600
314	19800	27000
315	5400	12600
316	23400	29700
317	12600	19800
318	19800	27000
319	9000	16200
320	12600	19800
321	9000	16200
322	16200	23400
323	16200	27000
324	16200	23400
325	5400	12600
326	12600	19800
327	12600	19800
328	12600	19800
329	9000	16200
330	7200	30600
331	19800	27000
332	9000	16200
333	9000	16200
334	12600	19800
335	7200	30600
336	19800	27000
337	5400	12600
338	9000	16200
339	19800	27000
340	12600	19800
341	12600	19800
342	9000	16200
343	9000	19800
344	9000	16200
345	23400	30600
346	19800	27000
347	9000	16200
348	16200	23400
349	9000	16200
350	9000	16200
351	7200	30600
352	12600	19800
353	16200	23400
354	19800	27000
355	7200	30600
356	9000	16200
357	23400	30600
358	7200	30600
359	12600	19800
360	19800	27000
361	19800	27000
362	5400	12600
363	9000	19800
364	23400	29700
365	16200	23400
366	5400	12600
367	23400	29700
368	7200	30600
369	7200	30600
370	19800	27000
371	9000	15300
372	12600	19800
373	12600	19800
374	5400	12600
375	23400	30600
376	5400	12600
377	5400	12600
378	19800	27000
379	9000	16200
380	9000	16200
381	7200	30600
382	16200	23400
383	5400	12600
384	12600	19800
385	16200	23400
386	5400	12600
387	23400	30600
388	9000	16200
389	5400	12600
390	12600	19800
391	12600	19800
392	12600	19800
393	9000	16200
394	19800	27000
395	19800	27000
396	9000	16200
397	19800	26100
398	16200	23400
399	16200	23400
400	9000	16200
401	16200	23400
402	12600	19800
403	16200	23400
404	12600	19800
405	12600	19800
406	9000	16200
407	9000	16200
408	7200	30600
409	16200	22500
410	23400	30600
411	19800	27000
412	7200	30600
413	7200	30600
414	19800	26040
415	19800	27000
416	19800	27000
417	7200	30600
418	12600	19800
419	16200	23400
420	16200	23400
421	19800	27000
422	9000	16200
423	7200	30600
424	12600	19800
425	12600	19800
426	9000	16200
427	12600	19800
428	19800	27000
429	23400	30600
430	23400	30600
431	23400	30600
432	23400	30600
433	23400	30600
434	9000	16200
435	9000	16200
436	9000	16200
437	19800	26100
438	19800	27000
439	19800	27000
440	7200	30600
441	12600	19800
442	12600	19800
443	16200	23400
444	12600	19800
445	19800	27000
446	16200	23400
447	23400	30600
448	19800	27000
449	7200	30600
450	16200	23400
451	16200	23400
452	16200	23400
453	12600	19800
454	23400	30600
455	16200	23400
456	19800	27000
457	12600	19800
458	9000	16200
459	16200	23400
460	12600	19800
461	9000	16200
462	19800	27000
463	16200	23400
464	19800	27000
465	16200	23400
466	9000	16200
467	19800	27000
468	16200	23400
469	12600	19800
470	7200	30600
471	9000	16200
472	9000	16200
473	16200	23400
474	19800	27000
475	19800	27000
476	16200	23400
477	9000	16200
478	9000	16200
479	7200	30600
480	9000	16200
481	16200	23400
482	23400	30600
483	19800	27000
484	9000	16200
485	23400	30600
486	16200	23400
487	16200	23400
488	9000	16200
489	9000	16200
490	19800	27000
491	19800	27000
492	12600	19800
493	19800	27000
494	12600	19800
495	7200	30600
496	19800	27000
497	16200	23400
498	19800	26100
499	7200	30600
500	19800	27000
501	7200	30600
502	12600	19800
503	7200	30600
504	7200	30600
505	9000	16200
506	23400	30600
507	23400	30600
508	7200	30600
509	19800	27000
510	16200	23400
511	12600	19800
512	9000	16200
513	23400	30600
514	12600	19800
515	23400	30600
516	7200	30600
517	16200	23400
518	12600	19800
519	19800	27000
520	7200	30600
521	16200	23400
522	12600	19800
523	16200	23400
524	12600	19800
525	23400	30600
526	23400	30600
527	23400	30600
528	9000	16200
529	7200	30600
530	19800	27000
531	12600	18900
532	23400	30600
533	7200	29700
534	9000	16200
535	19800	27000
536	23400	30600
537	16200	23400
538	23400	30600
539	19800	27000
540	9000	16200
541	23400	30600
542	19800	27000
543	23400	30600
544	12600	19800
545	16200	27000
546	16200	23400
547	16200	23400
548	9000	16200
549	7200	30600
550	12600	19800
551	16200	23400
552	16200	23400
553	19800	27000
554	23400	30600
555	12600	19800
556	12600	19800
557	23400	30600
558	23400	30600
559	19800	27000
560	7200	30600
561	9000	16200
562	23400	30600
563	19800	27000
564	7200	30600
565	19800	27000
566	19800	27000
567	7200	30600
568	23400	30600
569	19800	27000
570	7200	30600
571	7200	30600
572	23400	29700
573	12600	19800
574	16200	23400
575	16200	23400
576	19800	27000
577	16200	23400
578	23400	30600
579	16200	23400
580	12600	19800
581	12600	19800
582	12600	19800
583	16200	23400
584	23400	30600
585	19800	27000
586	23400	30600
587	19800	27000
588	19800	27000
589	19800	27000
590	19800	26040
591	12600	19800
592	7200	30600
593	7200	30600
594	23400	30600
595	23400	30600
596	12600	19800
597	19800	27000
598	16200	23400
599	23400	30600
600	19800	27000
601	19800	27000
602	16200	23400
603	7200	30600
604	7200	30600
605	7200	30600
606	16200	23400
607	7200	30600
608	16200	23400
609	7200	30600
610	9000	19800
611	16200	22500
612	7200	30600
613	19800	27000
614	19800	27000
615	12600	19800
616	12600	19800
617	23400	30600
618	7200	30600
619	19800	27000
620	19800	27000
621	23400	30600
622	23400	29700
623	16200	22500
624	16200	23400
625	23400	30600
626	7200	30600
627	7200	30600
628	12600	19800
629	12600	19800
630	23400	30600
631	16200	22500
632	19800	27000
633	12600	19800
634	23400	30600
635	16200	23400
636	16200	23400
637	19800	27000
638	7200	30600
639	16200	23400
640	19800	27000
641	16200	23400
642	7200	30600
643	7200	30600
644	23400	30600
645	19800	27000
646	23400	30600
647	12600	19800
648	23400	30600
649	19800	27000
650	16200	23400
651	12600	19800
652	16200	23400
653	19800	27000
654	7200	30600
655	7200	30600
656	12600	19800
657	16200	23400
658	19800	26100
659	12600	19800
660	19800	27000
661	12600	19800
662	23400	30600
663	19800	26040
664	16200	22500
665	19800	27000
666	19800	27000
667	19800	27000
668	7200	30600
669	23400	29700
670	23400	30600
671	12600	19800
672	19800	27000
673	23400	29700
674	12600	19800
675	7200	30600
676	16200	23400
677	16200	23400
678	23400	30600
679	16200	23400
680	23400	30600
681	12600	19800
682	19800	27000
683	19800	27000
684	16200	23400
685	16200	23400
686	7200	30600
687	23400	30600
688	23400	30600
689	23400	30600
690	19800	27000
691	16200	23400
692	19800	27000
693	16200	23400
694	23400	30600
695	16200	23400
696	16200	23400
697	16200	23400
698	19800	27000
699	16200	23400
700	16200	23400
701	16200	23400
702	19800	27000
703	16200	23400
704	23400	30600
705	16200	23400
706	19800	27000
707	16200	23400
708	7200	30600
709	23400	30600
710	23400	29700
711	23400	30600
712	23400	30600
713	16200	23400
714	16200	23400
715	23400	30600
716	16200	23400
717	7200	30600
718	19800	26100
719	16200	23400
720	19800	27000
721	7200	30600
722	23400	30600
723	23400	30600
724	16200	27000
725	19800	27000
726	19800	27000
727	19800	27000
728	23400	30600
729	23400	30600
730	7200	30600
731	16200	23400
732	23400	30600
733	19800	27000
734	23400	30600
735	7200	30600
736	7200	30600
737	7200	30600
738	16200	23400
739	16200	23400
740	7200	30600
741	23400	30600
742	16200	27000
743	23400	29700
744	19800	27000
745	23400	30600
746	19800	27000
747	23400	30600
748	7200	30600
749	19800	27000
750	7200	30600
751	23400	30600
752	7200	30600
753	23400	30600
754	16200	23400
755	7200	30600
756	23400	30600
757	19800	27000
758	23400	30600
759	19800	27000
760	19800	27000
761	7200	30600
762	23400	30600
763	7200	30600
764	16200	23400
765	19800	27000
766	7200	30600
767	7200	30600
768	19800	27000
769	19800	27000
770	7200	30600
771	19800	27000
772	7200	30600
773	19800	27000
774	19800	27000
775	23400	30600
776	23400	30600
777	7200	30600
778	16200	23400
779	7200	30600
780	19800	27000
781	16200	23400
782	19800	27000
783	19800	27000
784	23400	30600
785	7200	30600
786	23400	30600
787	23400	30600
788	19800	27000
789	19800	27000
790	7200	29700
791	7200	30600
792	19800	27000
793	23400	30600
794	16200	27000
795	23400	30600
796	7200	30600
797	7200	30600
798	19800	27000
799	19800	27000
800	19800	27000
801	19800	27000
802	23400	29700
803	19800	27000
804	19800	27000
805	23400	30600
806	19800	27000
807	7200	30600
808	23400	30600
809	19800	26100
810	7200	30600
811	23400	30600
812	7200	30600
813	23400	30600
814	19800	27000
815	7200	30600
816	19800	27000
817	19800	27000
818	7200	30600
819	23400	30600
820	23400	30600
821	19800	27000
822	19800	27000
823	19800	27000
824	19800	27000
825	7200	30600
826	19800	27000
RELEASE_TIME_SECTION
1	0
2	5400
3	5400
4	5400
5	5400
6	5400
7	5400
8	5400
9	5400
10	5400
11	5400
12	5400
13	5400
14	5400
15	5400
16	5400
17	5400
18	5400
19	5400
20	5400
21	5400
22	5400
23	5400
24	5400
25	5400
26	5400
27	5400
28	5400
29	5400
30	5400
31	5400
32	5400
33	5400
34	5400
35	5400
36	5400
37	5400
38	5400
39	5400
40	5400
41	5400
42	5400
43	5400
44	5400
45	5400
46	5400
47	5400
48	5400
49	5400
50	5400
51	5400
52	5400
53	5400
54	5400
55	5400
56	5400
57	5400
58	5400
59	5400
60	5400
61	5400
62	5400
63	5400
64	5400
65	5400
66	5400
67	5400
68	5400
69	5400
70	5400
71	5400
72	5400
73	5400
74	5400
75	5400
76	5400
77	5400
78	5400
79	5400
80	5400
81	5400
82	5400
83	5400
84	5400
85	5400
86	5400
87	5400
88	5400
89	5400
90	5400
91	5400
92	5400
93	5400
94	5400
95	5400
96	5400
97	5400
98	5400
99	5400
100	5400
101	5400
102	7200
103	7200
104	7200
105	7200
106	7200
107	7200
108	7200
109	7200
110	7200
111	7200
112	7200
113	7200
114	7200
115	7200
116	7200
117	7200
118	7200
119	7200
120	7200
121	7200
122	7200
123	7200
124	7200
125	7200
126	7200
127	7200
128	7200
129	7200
130	7200
131	7200
132	7200
133	7200
134	7200
135	7200
136	7200
137	7200
138	7200
139	7200
140	7200
141	7200
142	7200
143	7200
144	7200
145	7200
146	7200
147	7200
148	7200
149	7200
150	7200
151	7200
152	7200
153	7200
154	7200
155	7200
156	7200
157	7200
158	7200
159	7200
160	7200
161	7200
162	7200
163	7200
164	7200
165	7200
166	7200
167	7200
168	7200
169	7200
170	7200
171	7200
172	7200
173	7200
174	7200
175	7200
176	7200
177	7200
178	7200
179	7200
180	7200
181	7200
182	7200
183	7200
184	7200
185	7200
186	7200
187	7200
188	7200
189	7200
190	7200
191	7200
192	7200
193	7200
194	7200
195	7200
196	7200
197	7200
198	7200
199	7200
200	7200
201	7200
202	9000
203	9000
204	9000
205	9000
206	9000
207	9000
208	9000
209	9000
210	9000
211	9000
212	9000
213	9000
214	9000
215	9000
216	9000
217	9000
218	9000
219	9000
220	9000
221	9000
222	9000
223	9000
224	9000
225	9000
226	9000
227	9000
228	9000
229	9000
230	9000
231	9000
232	9000
233	9000
234	9000
235	9000
236	9000
237	9000
238	9000
239	9000
240	9000
241	9000
242	9000
243	9000
244	9000
245	9000
246	9000
247	9000
248	9000
249	9000
250	9000
251	9000
252	9000
253	9000
254	9000
255	9000
256	9000
257	9000
258	9000
259	9000
260	9000
261	9000
262	9000
263	9000
264	9000
265	9000
266	9000
267	9000
268	9000
269	9000
270	9000
271	9000
272	9000
273	9000
274	9000
275	9000
276	9000
277	9000
278	9000
279	9000
280	9000
281	9000
282	9000
283	9000
284	9000
285	9000
286	9000
287	9000
288	9000
289	9000
290	9000
291	9000
292	9000
293	9000
294	9000
295	9000
296	9000
297	9000
298	9000
299	9000
300	9000
301	9000
302	10800
303	10800
304	10800
305	10800
306	10800
307	10800
308	10800
309	10800
310	10800
311	10800
312	10800
313	10800
314	10800
315	10800
316	10800
317	10800
318	10800
319	10800
320	10800
321	10800
322	10800
323	10800
324	10800
325	10800
326	10800
327	10800
328	10800
329	10800
330	10800
331	10800
332	10800
333	10800
334	10800
335	10800
336	10800
337	10800
338	10800
339	10800
340	10800
341	10800
342	10800
343	10800
344	10800
345	10800
346	10800
347	10800
348	10800
349	10800
350	10800
351	10800
352	10800
353	10800
354	10800
355	10800
356	10800
357	10800
358	10800
359	10800
360	10800
361	10800
362	10800
363	10800
364	10800
365	10800
366	10800
367	10800
368	10800
369	10800
370	10800
371	10800
372	10800
373	10800
374	10800
375	10800
376	10800
377	10800
378	10800
379	10800
380	10800
381	10800
382	10800
383	10800
384	10800
385	10800
386	10800
387	10800
388	10800
389	10800
390	10800
391	10800
392	10800
393	10800
394	12600
395	12600
396	12600
397	12600
398	12600
399	12600
400	12600
401	12600
402	12600
403	12600
404	12600
405	12600
406	12600
407	12600
408	12600
409	12600
410	12600
411	12600
412	12600
413	12600
414	12600
415	12600
416	12600
417	12600
418	12600
419	12600
420	12600
421	12600
422	12600
423	12600
424	12600
425	12600
426	12600
427	12600
428	12600
429	12600
430	12600
431	12600
432	12600
433	12600
434	12600
435	12600
436	12600
437	12600
438	12600
439	12600
440	12600
441	12600
442	12600
443	12600
444	12600
445	12600
446	12600
447	12600
448	12600
449	12600
450	12600
451	12600
452	12600
453	12600
454	12600
455	12600
456	12600
457	12600
458	12600
459	12600
460	12600
461	12600
462	12600
463	12600
464	12600
465	12600
466	12600
467	12600
468	12600
469	12600
470	12600
471	12600
472	12600
473	12600
474	12600
475	12600
476	12600
477	12600
478	12600
479	12600
480	14400
481	14400
482	14400
483	14400
484	14400
485	14400
486	14400
487	14400
488	14400
489	14400
490	14400
491	14400
492	14400
493	14400
494	14400
495	14400
496	14400
497	14400
498	14400
499	14400
500	14400
501	14400
502	14400
503	14400
504	14400
505	14400
506	14400
507	14400
508	14400
509	14400
510	14400
511	14400
512	14400
513	14400
514	14400
515	14400
516	14400
517	14400
518	14400
519	14400
520	14400
521	14400
522	14400
523	14400
524	14400
525	14400
526	14400
527	14400
528	14400
529	14400
530	14400
531	14400
532	14400
533	14400
534	14400
535	14400
536	14400
537	14400
538	14400
539	14400
540	14400
541	14400
542	14400
543	14400
544	14400
545	14400
546	14400
547	14400
548	14400
549	14400
550	14400
551	14400
552	14400
553	14400
554	14400
555	14400
556	14400
557	14400
558	14400
559	14400
560	14400
561	14400
562	14400
563	16200
564	16200
565	16200
566	16200
567	16200
568	16200
569	16200
570	16200
571	16200
572	16200
573	16200
574	16200
575	16200
576	16200
577	16200
578	16200
579	16200
580	16200
581	16200
582	16200
583	16200
584	16200
585	16200
586	16200
587	16200
588	16200
589	16200
590	16200
591	16200
592	16200
593	16200
594	16200
595	16200
596	16200
597	16200
598	16200
599	16200
600	16200
601	16200
602	16200
603	16200
604	16200
605	16200
606	16200
607	16200
608	16200
609	16200
610	16200
611	16200
612	16200
613	16200
614	16200
615	16200
616	16200
617	16200
618	16200
619	16200
620	16200
621	16200
622	16200
623	16200
624	16200
625	16200
626	16200
627	16200
628	16200
629	18000
630	18000
631	18000
632	18000
633	18000
634	18000
635	18000
636	18000
637	18000
638	18000
639	18000
640	18000
641	18000
642	18000
643	18000
644	18000
645	18000
646	18000
647	18000
648	18000
649	18000
650	18000
651	18000
652	18000
653	18000
654	18000
655	18000
656	18000
657	18000
658	18000
659	18000
660	18000
661	18000
662	18000
663	18000
664	18000
665	18000
666	18000
667	18000
668	18000
669	18000
670	18000
671	18000
672	18000
673	18000
674	18000
675	18000
676	18000
677	18000
678	18000
679	18000
680	18000
681	18000
682	18000
683	18000
684	18000
685	18000
686	18000
687	18000
688	18000
689	19800
690	19800
691	19800
692	19800
693	19800
694	19800
695	19800
696	19800
697	19800
698	19800
699	19800
700	19800
701	19800
702	19800
703	19800
704	19800
705	19800
706	19800
707	19800
708	19800
709	19800
710	19800
711	19800
712	19800
713	19800
714	19800
715	19800
716	19800
717	19800
718	19800
719	19800
720	19800
721	19800
722	19800
723	19800
724	19800
725	19800
726	19800
727	19800
728	19800
729	19800
730	19800
731	19800
732	19800
733	19800
734	19800
735	19800
736	19800
737	19800
738	19800
739	19800
740	19800
741	19800
742	21600
743	21600
744	21600
745	21600
746	21600
747	21600
748	21600
749	21600
750	21600
751	21600
752	21600
753	21600
754	21600
755	21600
756	21600
757	21600
758	21600
759	21600
760	21600
761	21600
762	21600
763	21600
764	21600
765	21600
766	21600
767	21600
768	21600
769	21600
770	21600
771	21600
772	21600
773	21600
774	21600
775	21600
776	21600
777	21600
778	21600
779	21600
780	21600
781	21600
782	21600
783	21600
784	21600
785	23400
786	23400
787	23400
788	23400
789	23400
790	23400
791	23400
792	23400
793	23400
794	23400
795	23400
796	23400
797	23400
798	23400
799	23400
800	23400
801	23400
802	23400
803	23400
804	23400
805	23400
806	23400
807	23400
808	23400
809	23400
810	23400
811	23400
812	23400
813	23400
814	23400
815	23400
816	23400
817	23400
818	23400
819	23400
820	23400
821	23400
822	23400
823	23400
824	23400
825	23400
826	23400
EOF
