NAME : ORTEC-VRPTW-ASYM-752be4a9-d1-n957
TYPE : VRPTW-RT
DIMENSION : 958
EDGE_WEIGHT_TYPE : EUC_2D
CAPACITY : 145
NODE_COORD_SECTION
1	265	3100
2	1477	3039
3	945	2862
4	2598	897
5	271	4021
6	2451	1016
7	2177	1442
8	931	4155
9	2383	1086
10	1580	2924
11	1378	2734
12	2363	956
13	1254	3499
14	473	3714
15	611	3558
16	2164	1159
17	2427	1208
18	2332	1221
19	2795	709
20	2661	948
21	1524	3110
22	437	3954
23	1195	3002
24	2769	682
25	2841	639
26	2220	1189
27	1281	3036
28	2597	330
29	3064	723
30	842	3451
31	2427	1208
32	1048	3367
33	1580	2924
34	1034	3843
35	763	3217
36	545	3250
37	649	4065
38	92	4144
39	1906	2396
40	2538	929
41	526	3760
42	431	4172
43	1399	2931
44	2841	639
45	1709	3219
46	625	3358
47	2769	682
48	2450	1224
49	864	2954
50	1964	2247
51	388	3740
52	842	3451
53	2387	824
54	2290	1013
55	1432	2881
56	1678	2881
57	609	3346
58	327	4133
59	725	3398
60	163	4239
61	2363	956
62	1469	2909
63	2156	1286
64	2565	512
65	175	4170
66	1958	1415
67	1096	3935
68	2416	1000
69	494	3387
70	1048	3367
71	2450	1224
72	2518	1262
73	2545	622
74	526	3760
75	2213	1230
76	781	3339
77	553	3551
78	931	4155
79	1524	3110
80	1274	3967
81	601	3352
82	1244	2662
83	295	4420
84	2395	993
85	2636	1063
86	781	3339
87	350	4045
88	473	3714
89	1235	2571
90	1333	3081
91	507	3415
92	1924	2356
93	1344	2869
94	507	4118
95	1163	3447
96	1025	2613
97	1259	3803
98	955	4088
99	2493	1420
100	924	2831
101	1309	3835
102	1483	2832
103	1034	3847
104	1421	2854
105	215	3937
106	178	4063
107	1244	2662
108	2416	1000
109	1794	2476
110	579	3652
111	216	4059
112	2270	1433
113	2626	828
114	2237	1329
115	2324	1447
116	2188	917
117	1760	2961
118	2140	1390
119	3004	604
120	2597	330
121	470	4358
122	2412	1371
123	1580	2924
124	754	3297
125	175	4170
126	2181	1139
127	1053	3346
128	2390	817
129	1182	2923
130	271	4021
131	2188	917
132	1034	3847
133	2220	1189
134	609	3346
135	1221	3181
136	852	3086
137	669	3543
138	1980	1352
139	1254	3499
140	1096	3935
141	842	3451
142	1220	3353
143	1360	3037
144	437	3954
145	1487	3155
146	2084	1037
147	931	4155
148	578	3653
149	1760	2961
150	1667	2970
151	2167	1220
152	1244	2662
153	2332	1221
154	1557	3059
155	2663	1116
156	813	3508
157	2441	1271
158	597	3782
159	1244	2662
160	236	3978
161	1034	3847
162	2557	1042
163	1265	2943
164	2159	943
165	2290	1013
166	470	4358
167	542	3792
168	725	3398
169	1195	3063
170	1678	2540
171	1882	1407
172	2195	911
173	2416	1000
174	507	4118
175	1484	2806
176	1169	2806
177	1461	2970
178	1157	3365
179	435	3536
180	2846	889
181	1188	3245
182	473	3714
183	1627	3300
184	1964	2247
185	2324	1447
186	962	4137
187	1421	2854
188	864	2954
189	858	3308
190	234	4229
191	1378	2734
192	0	4040
193	2626	828
194	842	3451
195	787	3348
196	2213	1230
197	1254	3499
198	2237	1329
199	1416	3039
200	1171	2617
201	234	4229
202	2270	1433
203	1293	3322
204	850	4066
205	1808	2772
206	1557	3059
207	960	3510
208	510	3718
209	2841	639
210	1524	3110
211	296	4168
212	1274	3967
213	2832	666
214	1469	2909
215	507	4118
216	1919	3005
217	1309	3835
218	150	4241
219	106	4035
220	1387	2973
221	547	3827
222	1126	3053
223	1843	2947
224	771	4083
225	2800	752
226	333	3749
227	609	3346
228	934	3424
229	498	3481
230	2388	657
231	177	3840
232	516	4260
233	1176	2960
234	437	3954
235	543	3449
236	2557	1042
237	553	3551
238	299	4349
239	1015	2881
240	1113	3405
241	236	3978
242	960	3510
243	1352	2665
244	1188	3245
245	1163	3447
246	271	4021
247	543	3449
248	1520	3202
249	1589	2903
250	1835	2417
251	216	4059
252	473	3714
253	934	3424
254	1399	2931
255	2769	682
256	2543	1307
257	1333	3081
258	1309	3835
259	2577	921
260	300	3982
261	1351	3856
262	1580	2924
263	593	3535
264	339	4372
265	388	3740
266	470	4358
267	1166	2748
268	1034	3847
269	2503	858
270	1297	2932
271	1255	2931
272	1195	3063
273	335	4275
274	2949	785
275	2327	1111
276	771	4083
277	2169	1459
278	2718	900
279	852	3086
280	473	3714
281	1166	2748
282	1468	2951
283	1166	2748
284	106	4035
285	1794	2476
286	2518	1262
287	2164	1159
288	1399	2931
289	2769	682
290	300	3982
291	1274	3967
292	2188	917
293	1469	2909
294	1221	3181
295	2213	1230
296	2541	1027
297	13	4432
298	1182	2923
299	597	3782
300	1034	3847
301	1470	2990
302	1259	3803
303	2346	1306
304	311	4126
305	494	3387
306	2324	1447
307	1166	2695
308	1709	3219
309	2286	1456
310	2800	752
311	725	3398
312	2720	786
313	547	3827
314	175	4170
315	177	3840
316	2388	657
317	1469	2909
318	2346	1306
319	596	3706
320	1627	3300
321	1425	3054
322	510	4002
323	1504	2938
324	924	2831
325	1524	3110
326	2279	1182
327	578	3653
328	679	3294
329	2503	858
330	1259	3803
331	1141	3074
332	924	2831
333	163	4239
334	2390	817
335	498	3481
336	852	3086
337	603	3682
338	1826	3231
339	1416	2908
340	1102	2955
341	406	4222
342	2388	657
343	155	3989
344	331	4229
345	2283	1353
346	1096	3935
347	2321	1171
348	1504	2938
349	327	4133
350	1102	2955
351	3195	796
352	2441	1271
353	3509	463
354	2156	1286
355	2395	993
356	236	3978
357	1254	3499
358	1360	3037
359	2824	605
360	1231	2978
361	952	4100
362	815	2967
363	1015	2881
364	1808	2772
365	1964	2247
366	2159	943
367	1019	2880
368	1627	3300
369	1937	2236
370	1487	3155
371	1255	2931
372	1510	2957
373	2450	1224
374	2164	1159
375	2327	1111
376	2193	1335
377	2769	59
378	150	4241
379	170	4040
380	1255	2931
381	2084	1037
382	75	4112
383	311	4126
384	1678	2881
385	1325	2995
386	516	4260
387	75	4112
388	2705	1248
389	1228	3020
390	1980	1352
391	596	3706
392	1195	3063
393	2220	1189
394	215	3937
395	163	4239
396	2156	1286
397	924	2831
398	1557	3059
399	333	3749
400	1243	2808
401	198	3923
402	1545	2921
403	1794	2476
404	1292	3069
405	725	3398
406	3004	604
407	2279	752
408	1491	3191
409	1243	2808
410	327	4133
411	852	3086
412	494	4006
413	0	4040
414	2360	1133
415	545	3250
416	1565	2934
417	311	4126
418	99	4331
419	1378	2734
420	675	3338
421	2785	1126
422	1919	3005
423	1425	3054
424	1157	2741
425	1292	3069
426	431	4172
427	233	3871
428	2167	1220
429	0	4040
430	406	4222
431	2237	1329
432	601	3352
433	952	4100
434	526	3760
435	1589	2903
436	2606	1126
437	2720	786
438	1320	2858
439	1344	2869
440	964	2723
441	2140	1390
442	1667	2970
443	155	3989
444	578	3653
445	2718	900
446	1709	3219
447	900	4076
448	2718	900
449	431	4172
450	547	3434
451	2703	1024
452	858	3308
453	1499	2894
454	2139	2350
455	1163	3447
456	1648	2684
457	943	4032
458	1565	2934
459	1034	3847
460	2417	1150
461	311	4126
462	675	3338
463	155	3989
464	2692	1168
465	3509	463
466	207	3671
467	2330	1088
468	1504	2938
469	2538	929
470	1678	2540
471	743	3458
472	2230	1091
473	300	3982
474	0	4040
475	2283	1353
476	2388	657
477	952	4100
478	1292	3069
479	2195	911
480	1425	3054
481	611	3558
482	354	4344
483	2663	1116
484	1075	3112
485	1158	3077
486	470	4358
487	117	3961
488	2663	1116
489	494	4006
490	326	4109
491	155	3989
492	1980	1352
493	207	3671
494	1477	3039
495	2427	1208
496	611	3558
497	643	3367
498	2245	1258
499	643	3367
500	643	3367
501	864	2954
502	879	3299
503	2177	1442
504	2435	1082
505	1627	3300
506	2092	1441
507	931	4155
508	578	3653
509	1331	2854
510	900	4076
511	1378	2734
512	960	3510
513	2290	1013
514	2164	1159
515	1254	3499
516	2159	943
517	155	3989
518	2279	1182
519	1760	2961
520	1768	2770
521	1158	3077
522	1469	2909
523	596	3706
524	331	4229
525	507	3415
526	1048	3367
527	1096	3935
528	2281	927
529	3149	793
530	1034	3847
531	2846	889
532	625	3358
533	1401	2698
534	943	4032
535	117	3961
536	1627	3300
537	388	3740
538	1243	2808
539	2705	1248
540	2846	889
541	473	3714
542	415	4173
543	327	4133
544	1015	2881
545	1964	2247
546	596	3695
547	2451	1016
548	2795	709
549	2661	948
550	614	3310
551	1096	3935
552	1019	2880
553	2177	1442
554	1589	2903
555	215	3937
556	2167	1220
557	1034	3843
558	350	4045
559	1157	2741
560	2661	948
561	2924	755
562	570	3528
563	2363	956
564	1504	2938
565	1678	2540
566	2283	1353
567	1387	2973
568	2577	921
569	2720	786
570	669	3543
571	2451	1016
572	1034	3843
573	1166	2748
574	2565	512
575	2412	1371
576	1274	3967
577	611	3558
578	2360	1133
579	1468	2951
580	1980	1352
581	300	3982
582	1254	3499
583	1259	3803
584	1910	2329
585	2584	1217
586	649	4065
587	2360	1133
588	2286	1456
589	117	3961
590	2503	858
591	2360	1133
592	3004	604
593	2597	330
594	2543	841
595	2626	828
596	2441	1271
597	2698	745
598	99	4331
599	2321	1171
600	1034	3847
601	1539	2530
602	271	4021
603	1235	2571
604	1254	2924
605	2283	1353
606	1166	2748
607	1188	3245
608	0	4040
609	1980	1352
610	234	4229
611	2575	1218
612	296	4168
613	2283	1353
614	350	4045
615	1520	3202
616	1760	2961
617	2565	951
618	2543	841
619	1397	2962
620	155	3989
621	2715	252
622	2289	1260
623	1025	2613
624	2538	929
625	1484	2806
626	507	4118
627	271	4021
628	1254	2924
629	2177	1442
630	1382	2888
631	2949	785
632	1919	3005
633	526	3760
634	2626	828
635	2286	1456
636	1468	2951
637	2692	1168
638	596	3706
639	2289	1260
640	2193	1335
641	2177	1442
642	177	3840
643	2817	1116
644	931	4155
645	2324	1447
646	2159	943
647	1352	2665
648	1221	3181
649	783	3709
650	437	3954
651	1243	2808
652	333	3749
653	1545	2921
654	507	4118
655	75	4112
656	579	3652
657	1333	3081
658	1333	3081
659	2167	1220
660	2177	1442
661	473	3714
662	1768	2770
663	1157	3365
664	1487	3155
665	553	3551
666	3195	796
667	2485	1049
668	1627	3300
669	879	3299
670	234	4229
671	591	3456
672	2447	1459
673	1397	2962
674	236	3978
675	331	4229
676	547	3827
677	1470	2990
678	494	3387
679	1331	2854
680	2279	1182
681	1025	2613
682	1297	2932
683	354	4344
684	391	4032
685	2181	1139
686	1794	2476
687	296	4168
688	1182	2923
689	1815	2930
690	1331	2854
691	2577	921
692	955	4088
693	2286	1456
694	2703	1024
695	1333	3081
696	1163	3447
697	852	3086
698	1281	3036
699	2447	1459
700	2692	1168
701	545	3250
702	1794	2476
703	1096	4001
704	1469	2909
705	216	4059
706	679	3294
707	578	3653
708	579	3652
709	2841	639
710	1157	3365
711	1445	2567
712	335	4275
713	547	3434
714	1256	3056
715	1344	2869
716	771	4083
717	1339	3876
718	669	3543
719	609	3346
720	614	3310
721	2543	841
722	2332	1221
723	2346	1306
724	1098	2886
725	2230	1091
726	1314	3089
727	1048	3367
728	1195	3002
729	627	3479
730	2332	1221
731	435	3536
732	543	3449
733	3149	793
734	1906	2396
735	3064	723
736	614	3310
737	543	3449
738	1176	2960
739	1924	2356
740	2557	1042
741	579	3652
742	2769	682
743	1539	2530
744	507	4118
745	2814	1058
746	1401	2698
747	2718	900
748	1274	3967
749	2493	1420
750	333	3749
751	2712	970
752	1958	1415
753	2181	1139
754	2557	1042
755	464	3646
756	1113	3405
757	2749	1053
758	2569	900
759	2124	2338
760	3324	552
761	1815	2930
762	155	3989
763	1425	3054
764	479	4222
765	1157	2741
766	2248	1182
767	92	4144
768	2383	1086
769	1425	3054
770	331	4229
771	1314	3089
772	1483	2832
773	2493	1420
774	1333	3081
775	1855	3046
776	545	3250
777	547	3827
778	601	3352
779	2841	639
780	1256	3056
781	1255	2931
782	296	4168
783	415	4173
784	2577	921
785	331	4229
786	163	4239
787	1344	2869
788	2213	1230
789	1715	2637
790	2624	1096
791	1255	2931
792	2387	824
793	1096	3935
794	2543	1307
795	627	3479
796	524	3881
797	2565	951
798	964	2723
799	1491	3191
800	2624	1096
801	547	3434
802	547	3434
803	498	3481
804	1477	3039
805	2824	605
806	1281	3036
807	296	4168
808	1254	2924
809	1053	3346
810	1580	2924
811	554	3457
812	2485	1049
813	2518	1262
814	2569	900
815	2155	950
816	1254	3499
817	1678	2881
818	1469	2909
819	960	3510
820	960	3510
821	1378	2734
822	1166	2695
823	763	3217
824	2279	752
825	207	3671
826	1075	3112
827	1648	2684
828	2386	1116
829	996	2951
830	1195	3063
831	1331	2854
832	850	4066
833	437	3954
834	1491	3191
835	1499	2894
836	2670	870
837	1615	3222
838	1221	3181
839	2237	1329
840	2139	2350
841	2348	988
842	1254	3499
843	1445	2567
844	1048	3367
845	2447	1459
846	960	3510
847	545	3250
848	2092	1441
849	170	4040
850	596	3706
851	299	4349
852	2598	897
853	952	4100
854	804	4123
855	2139	2350
856	2155	950
857	679	3294
858	3195	796
859	1924	2356
860	2451	1016
861	1484	2806
862	339	4372
863	2715	252
864	1293	3322
865	1835	2417
866	13	4432
867	2213	1230
868	1964	2247
869	435	3536
870	625	3358
871	1919	3005
872	743	3458
873	2584	1217
874	1565	2934
875	1256	3056
876	1469	2909
877	175	4170
878	804	4123
879	216	4059
880	1667	2970
881	1034	3843
882	2451	1016
883	900	4076
884	526	3760
885	233	3871
886	415	4173
887	2363	956
888	1333	3081
889	1387	2973
890	1352	2665
891	2692	1168
892	350	4045
893	470	4358
894	570	3528
895	170	4040
896	1487	3155
897	2824	605
898	1325	2995
899	494	4006
900	2846	889
901	1339	3876
902	117	3961
903	2598	897
904	2441	1271
905	1425	3054
906	1855	3046
907	2193	1335
908	2795	709
909	2543	841
910	597	3782
911	934	3424
912	850	4066
913	435	3536
914	2924	755
915	1565	2934
916	198	3923
917	1667	2970
918	2084	1037
919	1034	3847
920	1387	2973
921	1244	2662
922	163	4239
923	1461	2970
924	1075	3112
925	198	3923
926	327	4133
927	326	4109
928	553	3551
929	339	4372
930	1387	2949
931	743	3458
932	1468	2951
933	1652	3039
934	1432	2881
935	516	4260
936	524	3881
937	609	3346
938	494	3387
939	1309	3835
940	233	3871
941	643	3367
942	1220	3353
943	1258	2927
944	435	3536
945	311	4126
946	1254	3499
947	763	3217
948	1667	2970
949	182	4043
950	1815	2930
951	479	4222
952	1195	3063
953	2584	1217
954	1787	3202
955	1794	2476
956	2795	709
957	2720	786
958	2986	570
DEMAND_SECTION
1	0
2	3
3	6
4	6
5	7
6	6
7	9
8	6
9	6
10	12
11	8
12	9
13	6
14	6
15	6
16	5
17	6
18	9
19	5
20	41
21	1
22	5
23	7
24	11
25	7
26	10
27	6
28	3
29	5
30	10
31	15
32	5
33	3
34	12
35	4
36	8
37	8
38	6
39	4
40	5
41	8
42	3
43	19
44	7
45	9
46	4
47	4
48	6
49	11
50	9
51	2
52	7
53	4
54	14
55	4
56	2
57	7
58	5
59	5
60	4
61	5
62	9
63	5
64	7
65	9
66	3
67	4
68	3
69	9
70	5
71	5
72	6
73	10
74	7
75	6
76	3
77	9
78	4
79	3
80	2
81	7
82	11
83	6
84	7
85	7
86	5
87	4
88	5
89	4
90	6
91	4
92	5
93	4
94	6
95	13
96	7
97	5
98	7
99	4
100	7
101	12
102	11
103	5
104	10
105	5
106	5
107	5
108	7
109	4
110	10
111	5
112	4
113	3
114	6
115	11
116	4
117	41
118	4
119	7
120	5
121	6
122	9
123	4
124	5
125	3
126	10
127	4
128	7
129	19
130	7
131	5
132	8
133	11
134	7
135	10
136	12
137	5
138	4
139	9
140	7
141	3
142	5
143	11
144	7
145	5
146	5
147	12
148	6
149	3
150	2
151	4
152	5
153	6
154	11
155	4
156	6
157	5
158	7
159	3
160	3
161	6
162	5
163	5
164	5
165	6
166	7
167	3
168	9
169	6
170	7
171	4
172	7
173	15
174	100
175	7
176	6
177	3
178	8
179	5
180	6
181	3
182	4
183	6
184	3
185	7
186	4
187	1
188	5
189	7
190	9
191	9
192	4
193	29
194	7
195	3
196	7
197	8
198	5
199	4
200	7
201	6
202	6
203	11
204	5
205	5
206	6
207	6
208	5
209	7
210	3
211	6
212	3
213	7
214	6
215	5
216	10
217	12
218	11
219	5
220	5
221	5
222	13
223	6
224	5
225	7
226	15
227	7
228	7
229	4
230	25
231	9
232	9
233	6
234	5
235	19
236	5
237	8
238	5
239	11
240	4
241	5
242	7
243	3
244	9
245	8
246	4
247	10
248	6
249	5
250	6
251	10
252	6
253	9
254	6
255	7
256	14
257	7
258	9
259	1
260	2
261	5
262	3
263	7
264	4
265	7
266	7
267	12
268	4
269	2
270	6
271	4
272	4
273	6
274	29
275	9
276	7
277	3
278	7
279	6
280	11
281	6
282	6
283	8
284	7
285	25
286	9
287	3
288	5
289	28
290	4
291	5
292	8
293	4
294	7
295	5
296	12
297	6
298	4
299	5
300	6
301	12
302	4
303	5
304	5
305	5
306	6
307	6
308	6
309	4
310	5
311	6
312	4
313	8
314	7
315	5
316	6
317	4
318	9
319	5
320	4
321	1
322	7
323	3
324	3
325	3
326	12
327	4
328	4
329	3
330	4
331	6
332	1
333	3
334	7
335	10
336	6
337	10
338	9
339	6
340	4
341	12
342	5
343	4
344	5
345	4
346	5
347	11
348	5
349	5
350	6
351	5
352	9
353	7
354	4
355	7
356	10
357	7
358	5
359	5
360	4
361	8
362	7
363	4
364	7
365	4
366	6
367	5
368	6
369	6
370	5
371	5
372	16
373	6
374	9
375	4
376	10
377	5
378	4
379	6
380	4
381	3
382	6
383	3
384	7
385	4
386	6
387	3
388	6
389	4
390	6
391	7
392	6
393	4
394	5
395	5
396	5
397	2
398	7
399	6
400	5
401	6
402	4
403	3
404	7
405	9
406	6
407	4
408	3
409	5
410	6
411	6
412	6
413	5
414	7
415	5
416	4
417	5
418	7
419	6
420	3
421	7
422	5
423	11
424	5
425	7
426	5
427	7
428	5
429	4
430	4
431	7
432	3
433	8
434	5
435	5
436	7
437	3
438	5
439	3
440	5
441	15
442	6
443	3
444	6
445	28
446	4
447	8
448	5
449	41
450	2
451	5
452	7
453	5
454	6
455	8
456	5
457	5
458	6
459	6
460	6
461	15
462	4
463	2
464	4
465	8
466	25
467	5
468	5
469	8
470	3
471	4
472	12
473	5
474	4
475	2
476	3
477	3
478	7
479	9
480	5
481	7
482	4
483	9
484	2
485	9
486	4
487	4
488	6
489	6
490	6
491	19
492	8
493	7
494	6
495	5
496	11
497	6
498	4
499	4
500	5
501	5
502	11
503	13
504	3
505	5
506	6
507	6
508	4
509	3
510	4
511	2
512	3
513	8
514	3
515	12
516	4
517	9
518	5
519	5
520	4
521	4
522	5
523	7
524	5
525	6
526	4
527	8
528	5
529	4
530	3
531	7
532	3
533	6
534	5
535	19
536	3
537	9
538	3
539	6
540	7
541	7
542	3
543	10
544	5
545	6
546	13
547	6
548	2
549	3
550	7
551	6
552	3
553	6
554	4
555	10
556	6
557	7
558	6
559	6
560	4
561	5
562	15
563	7
564	28
565	2
566	6
567	4
568	9
569	1
570	6
571	6
572	8
573	5
574	7
575	41
576	6
577	3
578	11
579	10
580	5
581	3
582	7
583	12
584	5
585	6
586	4
587	5
588	9
589	3
590	5
591	3
592	4
593	5
594	6
595	9
596	3
597	8
598	5
599	5
600	4
601	4
602	4
603	6
604	5
605	4
606	7
607	6
608	6
609	8
610	8
611	3
612	6
613	6
614	5
615	15
616	5
617	12
618	5
619	13
620	6
621	4
622	1
623	10
624	6
625	13
626	5
627	4
628	9
629	7
630	6
631	9
632	4
633	6
634	8
635	5
636	3
637	10
638	5
639	7
640	4
641	4
642	14
643	4
644	9
645	9
646	4
647	2
648	5
649	6
650	4
651	5
652	3
653	4
654	8
655	6
656	3
657	4
658	7
659	9
660	7
661	12
662	7
663	7
664	7
665	8
666	3
667	7
668	6
669	7
670	13
671	5
672	4
673	5
674	4
675	4
676	7
677	4
678	100
679	5
680	6
681	8
682	6
683	9
684	6
685	5
686	3
687	2
688	7
689	5
690	3
691	6
692	3
693	7
694	7
695	9
696	5
697	6
698	5
699	11
700	3
701	2
702	5
703	5
704	8
705	5
706	7
707	4
708	3
709	7
710	8
711	3
712	3
713	7
714	4
715	4
716	6
717	6
718	5
719	8
720	9
721	5
722	9
723	7
724	5
725	5
726	7
727	4
728	5
729	9
730	5
731	7
732	3
733	7
734	10
735	11
736	5
737	6
738	9
739	5
740	4
741	2
742	4
743	8
744	6
745	9
746	9
747	4
748	9
749	10
750	7
751	3
752	5
753	5
754	6
755	5
756	25
757	5
758	6
759	25
760	4
761	9
762	11
763	8
764	2
765	4
766	8
767	100
768	5
769	5
770	4
771	9
772	5
773	5
774	25
775	12
776	3
777	5
778	3
779	3
780	5
781	4
782	5
783	5
784	7
785	8
786	9
787	2
788	6
789	10
790	6
791	3
792	5
793	5
794	7
795	5
796	15
797	3
798	6
799	8
800	11
801	5
802	4
803	3
804	10
805	6
806	5
807	6
808	4
809	5
810	5
811	3
812	7
813	4
814	5
815	5
816	6
817	6
818	4
819	6
820	16
821	10
822	10
823	7
824	8
825	9
826	6
827	8
828	4
829	9
830	5
831	6
832	8
833	3
834	8
835	7
836	3
837	4
838	5
839	5
840	41
841	6
842	7
843	5
844	3
845	4
846	5
847	9
848	11
849	2
850	5
851	2
852	10
853	6
854	7
855	11
856	5
857	7
858	100
859	6
860	7
861	8
862	3
863	19
864	5
865	4
866	6
867	5
868	5
869	1
870	7
871	7
872	7
873	9
874	6
875	6
876	5
877	5
878	10
879	4
880	6
881	3
882	6
883	7
884	4
885	5
886	9
887	11
888	6
889	4
890	25
891	5
892	7
893	2
894	6
895	5
896	3
897	3
898	3
899	10
900	6
901	6
902	5
903	5
904	5
905	8
906	3
907	3
908	3
909	8
910	10
911	4
912	3
913	5
914	10
915	10
916	8
917	3
918	5
919	9
920	9
921	7
922	12
923	3
924	7
925	10
926	3
927	19
928	5
929	7
930	2
931	6
932	9
933	7
934	6
935	5
936	11
937	5
938	11
939	4
940	3
941	4
942	1
943	15
944	3
945	7
946	5
947	5
948	6
949	12
950	5
951	7
952	4
953	3
954	6
955	9
956	6
957	4
958	3
DEPOT_SECTION
1
-1
SERVICE_TIME_SECTION
1	0
2	420
3	1020
4	1260
5	540
6	780
7	480
8	360
9	240
10	660
11	840
12	960
13	660
14	420
15	420
16	540
17	720
18	720
19	600
20	360
21	300
22	1260
23	720
24	780
25	480
26	540
27	720
28	480
29	360
30	660
31	600
32	720
33	660
34	600
35	360
36	660
37	600
38	780
39	600
40	600
41	660
42	420
43	1020
44	540
45	960
46	360
47	1500
48	720
49	360
50	840
51	600
52	360
53	2820
54	840
55	660
56	780
57	360
58	1020
59	1020
60	600
61	480
62	540
63	1020
64	960
65	540
66	720
67	360
68	360
69	660
70	720
71	1080
72	360
73	1380
74	540
75	1380
76	540
77	360
78	660
79	600
80	720
81	300
82	420
83	600
84	720
85	420
86	720
87	660
88	660
89	900
90	420
91	600
92	720
93	1080
94	540
95	720
96	480
97	600
98	960
99	360
100	780
101	720
102	600
103	480
104	600
105	420
106	720
107	720
108	660
109	660
110	1140
111	360
112	300
113	540
114	1380
115	300
116	960
117	540
118	420
119	900
120	360
121	1080
122	480
123	360
124	420
125	900
126	420
127	1260
128	540
129	480
130	480
131	2280
132	720
133	360
134	360
135	300
136	1320
137	5580
138	300
139	240
140	600
141	360
142	540
143	840
144	360
145	360
146	480
147	660
148	900
149	480
150	420
151	900
152	540
153	360
154	300
155	780
156	540
157	660
158	900
159	540
160	840
161	1020
162	360
163	360
164	780
165	600
166	360
167	420
168	360
169	240
170	360
171	720
172	1020
173	360
174	480
175	300
176	360
177	360
178	720
179	720
180	780
181	540
182	780
183	480
184	720
185	1140
186	360
187	660
188	360
189	600
190	660
191	720
192	1260
193	360
194	240
195	480
196	960
197	300
198	1020
199	1020
200	960
201	1380
202	600
203	540
204	780
205	360
206	420
207	660
208	540
209	660
210	420
211	240
212	840
213	420
214	540
215	1020
216	360
217	360
218	660
219	960
220	540
221	360
222	600
223	540
224	540
225	780
226	600
227	300
228	480
229	720
230	420
231	420
232	600
233	660
234	360
235	1260
236	720
237	600
238	660
239	660
240	420
241	600
242	300
243	480
244	660
245	720
246	840
247	540
248	360
249	900
250	1380
251	300
252	900
253	600
254	540
255	1020
256	900
257	540
258	660
259	360
260	900
261	600
262	780
263	660
264	720
265	480
266	360
267	360
268	960
269	420
270	540
271	660
272	660
273	480
274	780
275	720
276	360
277	660
278	720
279	360
280	960
281	780
282	600
283	240
284	360
285	1020
286	720
287	780
288	420
289	600
290	540
291	540
292	600
293	480
294	840
295	420
296	360
297	1500
298	600
299	420
300	840
301	420
302	540
303	540
304	300
305	600
306	660
307	1140
308	900
309	480
310	540
311	360
312	1260
313	480
314	1500
315	540
316	420
317	780
318	660
319	780
320	480
321	360
322	360
323	660
324	720
325	1020
326	540
327	720
328	540
329	360
330	360
331	360
332	2820
333	360
334	900
335	600
336	600
337	540
338	600
339	600
340	900
341	720
342	540
343	1140
344	1860
345	540
346	900
347	660
348	660
349	900
350	480
351	420
352	960
353	360
354	600
355	1020
356	720
357	540
358	540
359	1380
360	480
361	540
362	660
363	540
364	540
365	1320
366	240
367	420
368	660
369	360
370	780
371	480
372	360
373	420
374	480
375	420
376	720
377	780
378	360
379	360
380	480
381	1140
382	540
383	900
384	360
385	540
386	420
387	600
388	300
389	420
390	720
391	420
392	720
393	960
394	360
395	600
396	420
397	960
398	600
399	420
400	720
401	420
402	1140
403	540
404	900
405	960
406	600
407	720
408	660
409	540
410	720
411	480
412	720
413	1380
414	660
415	480
416	540
417	720
418	900
419	1020
420	1020
421	480
422	420
423	420
424	720
425	300
426	420
427	540
428	720
429	540
430	780
431	420
432	480
433	960
434	540
435	660
436	660
437	840
438	600
439	300
440	720
441	540
442	900
443	660
444	780
445	840
446	540
447	360
448	660
449	720
450	780
451	360
452	420
453	300
454	540
455	360
456	1140
457	300
458	600
459	360
460	660
461	540
462	300
463	2280
464	660
465	600
466	540
467	780
468	720
469	720
470	660
471	1020
472	420
473	600
474	540
475	600
476	420
477	720
478	360
479	660
480	480
481	420
482	2280
483	600
484	720
485	720
486	480
487	360
488	240
489	420
490	780
491	420
492	660
493	420
494	360
495	480
496	420
497	780
498	360
499	1020
500	780
501	540
502	420
503	480
504	420
505	540
506	480
507	1140
508	840
509	660
510	420
511	480
512	480
513	1860
514	900
515	540
516	360
517	660
518	840
519	300
520	480
521	540
522	480
523	540
524	420
525	780
526	660
527	600
528	540
529	720
530	360
531	360
532	840
533	600
534	480
535	480
536	720
537	720
538	540
539	360
540	660
541	780
542	720
543	300
544	420
545	420
546	540
547	420
548	480
549	960
550	720
551	420
552	360
553	300
554	360
555	480
556	480
557	300
558	540
559	660
560	360
561	480
562	540
563	600
564	540
565	900
566	540
567	420
568	540
569	900
570	360
571	900
572	600
573	960
574	420
575	540
576	660
577	900
578	540
579	600
580	720
581	720
582	780
583	480
584	780
585	1080
586	720
587	360
588	720
589	660
590	900
591	480
592	300
593	660
594	1260
595	900
596	540
597	1020
598	660
599	480
600	540
601	5580
602	2820
603	780
604	720
605	300
606	660
607	780
608	540
609	540
610	300
611	420
612	480
613	360
614	720
615	600
616	540
617	480
618	660
619	540
620	1020
621	720
622	780
623	360
624	360
625	360
626	1020
627	720
628	420
629	660
630	360
631	540
632	360
633	480
634	540
635	1140
636	420
637	420
638	420
639	540
640	360
641	480
642	420
643	600
644	540
645	360
646	540
647	720
648	660
649	720
650	540
651	840
652	420
653	420
654	1020
655	480
656	600
657	720
658	480
659	120
660	840
661	540
662	720
663	300
664	660
665	600
666	300
667	1020
668	960
669	480
670	420
671	900
672	600
673	660
674	480
675	600
676	480
677	540
678	660
679	780
680	1020
681	480
682	480
683	480
684	600
685	360
686	780
687	720
688	480
689	240
690	840
691	960
692	480
693	720
694	480
695	420
696	420
697	540
698	780
699	1020
700	420
701	300
702	480
703	540
704	780
705	1020
706	720
707	660
708	660
709	540
710	540
711	1740
712	960
713	480
714	600
715	240
716	480
717	720
718	360
719	300
720	480
721	960
722	240
723	780
724	660
725	840
726	540
727	420
728	660
729	420
730	660
731	720
732	720
733	660
734	360
735	960
736	300
737	480
738	1380
739	600
740	480
741	360
742	540
743	540
744	1140
745	1020
746	660
747	600
748	360
749	540
750	540
751	960
752	660
753	720
754	840
755	540
756	360
757	720
758	540
759	300
760	1080
761	720
762	480
763	720
764	420
765	1080
766	1080
767	360
768	360
769	780
770	540
771	300
772	420
773	900
774	780
775	360
776	360
777	360
778	720
779	360
780	840
781	780
782	660
783	900
784	600
785	720
786	540
787	480
788	600
789	360
790	1740
791	1260
792	1020
793	300
794	420
795	420
796	360
797	480
798	420
799	420
800	660
801	540
802	660
803	300
804	480
805	420
806	420
807	780
808	420
809	1020
810	540
811	300
812	540
813	420
814	600
815	420
816	480
817	1020
818	300
819	780
820	960
821	720
822	600
823	540
824	720
825	780
826	660
827	360
828	480
829	420
830	480
831	360
832	300
833	960
834	780
835	420
836	840
837	420
838	480
839	1020
840	660
841	780
842	300
843	900
844	540
845	480
846	600
847	720
848	540
849	360
850	900
851	240
852	1020
853	360
854	300
855	300
856	1380
857	360
858	900
859	420
860	1320
861	900
862	960
863	540
864	720
865	300
866	300
867	360
868	2280
869	660
870	660
871	300
872	480
873	540
874	660
875	900
876	600
877	900
878	360
879	1380
880	720
881	600
882	720
883	720
884	960
885	540
886	420
887	420
888	900
889	660
890	540
891	660
892	420
893	540
894	660
895	1080
896	540
897	600
898	1080
899	780
900	720
901	720
902	360
903	720
904	480
905	360
906	960
907	420
908	360
909	780
910	540
911	540
912	660
913	420
914	1380
915	540
916	360
917	540
918	480
919	600
920	540
921	360
922	600
923	900
924	420
925	480
926	1740
927	480
928	900
929	900
930	1860
931	1380
932	360
933	960
934	960
935	480
936	420
937	720
938	420
939	600
940	840
941	720
942	600
943	420
944	420
945	720
946	720
947	720
948	420
949	660
950	300
951	600
952	720
953	360
954	300
955	720
956	840
957	1080
958	540
TIME_WINDOW_SECTION
1	0	45000
2	16200	23400
3	16200	23400
4	12600	18840
5	16200	23400
6	19800	27000
7	12600	19800
8	16200	23400
9	7200	29700
10	23400	30600
11	19800	27000
12	12600	19800
13	9000	16200
14	12600	19800
15	19800	27000
16	9000	16200
17	19800	27000
18	16200	23400
19	19800	27000
20	7200	30600
21	23400	30600
22	19800	27000
23	16200	23400
24	12600	19800
25	23400	30600
26	5400	12600
27	23400	30600
28	12600	19800
29	19800	26100
30	23400	30600
31	16200	23400
32	5400	12600
33	23400	30600
34	19800	27000
35	16200	23400
36	23400	30600
37	23400	30600
38	7200	30600
39	5400	12600
40	16200	23400
41	23400	30600
42	19800	27000
43	9000	16200
44	12600	19800
45	23400	30600
46	19800	27000
47	12600	18900
48	5400	12600
49	7200	29700
50	7200	30600
51	12600	19800
52	7200	30600
53	19800	27000
54	16200	23400
55	12600	19800
56	16200	23400
57	12600	19800
58	23400	30600
59	9000	16200
60	7200	30600
61	19800	27000
62	5400	11700
63	12600	18900
64	12600	19800
65	12600	19800
66	9000	16200
67	23400	30600
68	19800	27000
69	16200	23400
70	5400	12600
71	9000	16200
72	19800	27000
73	5400	12600
74	7200	30600
75	16200	23400
76	19800	27000
77	16200	23400
78	19800	27000
79	5400	12600
80	9000	16200
81	12600	19800
82	5400	12600
83	12600	19800
84	19800	27000
85	5400	12600
86	16200	25200
87	7200	30600
88	7200	30600
89	7200	30600
90	7200	30600
91	5400	12600
92	16200	23400
93	7200	30600
94	9000	16200
95	9000	16200
96	19800	27000
97	5400	12600
98	16200	23400
99	19800	27000
100	19800	27000
101	16200	23400
102	12600	19800
103	19800	27000
104	19800	27000
105	9000	16200
106	7200	29700
107	5400	12600
108	5400	12600
109	9000	16200
110	12600	19800
111	23400	29700
112	16200	23400
113	16200	25200
114	7200	30600
115	12600	19800
116	5400	12600
117	7200	30600
118	23400	30600
119	12600	19800
120	16200	23400
121	9000	16200
122	16200	23400
123	12600	19800
124	7200	30600
125	12600	19800
126	5400	12600
127	19800	27000
128	7200	30600
129	23400	30600
130	7200	30600
131	9000	16200
132	7200	29700
133	19800	27000
134	9000	16200
135	9000	16200
136	19800	26100
137	5400	12600
138	23400	30600
139	12600	19800
140	12600	19800
141	19800	27000
142	12600	19800
143	23400	30600
144	7200	30600
145	12600	19800
146	16200	23400
147	9000	16200
148	12600	19800
149	12600	19800
150	16200	23400
151	16200	23400
152	5400	12600
153	5400	12600
154	5400	12600
155	9000	16200
156	16200	23400
157	16200	25200
158	19800	27000
159	12600	18900
160	7200	29700
161	9000	16200
162	9000	16200
163	23400	30600
164	23400	30600
165	5400	12600
166	19800	27000
167	16200	23400
168	30600	43200
169	19800	27000
170	12600	19800
171	7200	30600
172	9000	16200
173	12600	19800
174	16200	23400
175	23400	30600
176	16200	23400
177	7200	30600
178	5400	12600
179	19800	27000
180	7200	30600
181	23400	30600
182	9000	16200
183	12600	19800
184	16200	23400
185	12600	19800
186	5400	12600
187	19800	27000
188	7200	30600
189	9000	16200
190	7200	30600
191	16200	25200
192	23400	30600
193	7200	30600
194	12600	18900
195	9000	16200
196	23400	30600
197	12600	19800
198	7200	30600
199	23400	30600
200	16200	23400
201	7200	30600
202	5400	12600
203	16200	23400
204	9000	16200
205	19800	27000
206	30600	43200
207	16200	23400
208	16200	23400
209	16200	23400
210	16200	23400
211	7200	30600
212	7200	30600
213	18000	41400
214	12600	19800
215	23400	30600
216	23400	30600
217	5400	12600
218	19800	27000
219	19800	27000
220	16200	23400
221	12600	19800
222	12600	19800
223	9000	16200
224	16200	23400
225	5400	12600
226	9000	16200
227	23400	30600
228	5400	12600
229	16200	23400
230	19800	27000
231	9000	16200
232	19800	27000
233	5400	12600
234	9000	16200
235	30600	43200
236	16200	23400
237	12600	19800
238	12600	18900
239	7200	30600
240	9000	16200
241	9000	16200
242	12600	19800
243	23400	30600
244	16200	23400
245	12600	19800
246	12600	19800
247	9000	16200
248	23400	30600
249	30600	43200
250	19800	27000
251	12600	19800
252	12600	19800
253	19800	27000
254	16200	23400
255	16200	23400
256	12600	19800
257	16200	23400
258	19800	27000
259	23400	30600
260	23400	30600
261	16200	23400
262	7200	30600
263	9000	16200
264	12600	19800
265	7200	30600
266	7200	30600
267	23400	30600
268	19800	27000
269	5400	12600
270	19800	27000
271	7200	30600
272	19800	27000
273	19800	26100
274	9000	16200
275	12600	19800
276	16200	23400
277	5400	12600
278	12600	19800
279	9000	16200
280	12600	18840
281	7200	30600
282	12600	19800
283	16200	23400
284	7200	30600
285	23400	30600
286	23400	30600
287	16200	23400
288	12600	19800
289	19800	27000
290	12600	19800
291	19800	27000
292	7200	30600
293	19800	27000
294	16200	25200
295	16200	25200
296	12600	19800
297	12600	18900
298	19800	27000
299	9000	16200
300	23400	30600
301	9000	16200
302	5400	12600
303	16200	23400
304	19800	27000
305	5400	11700
306	7200	30600
307	16200	23400
308	12600	18900
309	16200	23400
310	16200	23400
311	12600	19800
312	9000	16200
313	12600	19800
314	16200	23400
315	9000	16200
316	12600	19800
317	12600	19800
318	12600	19800
319	19800	26100
320	16200	23400
321	12600	19800
322	5400	12600
323	7200	30600
324	9000	16200
325	12600	19800
326	9000	16200
327	9000	16200
328	5400	12600
329	19800	27000
330	7200	29700
331	19800	27000
332	16200	23400
333	7200	30600
334	12600	19800
335	19800	27000
336	19800	27000
337	7200	30600
338	23400	30600
339	16200	23400
340	9000	16200
341	9000	16200
342	16200	23400
343	16200	23400
344	5400	12600
345	16200	23400
346	9000	16200
347	16200	23400
348	9000	16200
349	23400	30600
350	12600	19800
351	19800	27000
352	12600	19800
353	7200	30600
354	7200	30600
355	9000	16200
356	7200	30600
357	12600	19800
358	7200	30600
359	9000	16200
360	12600	19800
361	12600	19800
362	16200	23400
363	9000	16200
364	12600	19800
365	23400	30600
366	7200	30600
367	19800	27000
368	19800	27000
369	9000	16200
370	9000	16200
371	7200	30600
372	12600	19800
373	9000	16200
374	12600	19800
375	23400	30600
376	16200	23400
377	19800	27000
378	7200	30600
379	19800	27000
380	7200	30600
381	23400	30600
382	23400	30600
383	16200	23400
384	5400	12600
385	16200	23400
386	12600	19800
387	9000	16200
388	7200	30600
389	19800	27000
390	12600	19800
391	16200	23400
392	12600	18900
393	16200	23400
394	12600	19800
395	7200	30600
396	16200	23400
397	9000	16200
398	9000	16200
399	16200	23400
400	9000	16200
401	7200	30600
402	19800	27000
403	7200	30600
404	23400	30600
405	9000	16200
406	7200	30600
407	19800	27000
408	19800	27000
409	16200	23400
410	23400	30600
411	12600	19800
412	16200	23400
413	9000	16200
414	9000	16200
415	19800	27000
416	23400	30600
417	12600	19800
418	9000	16200
419	9000	16200
420	9000	16200
421	19800	27000
422	23400	30600
423	9000	16200
424	7200	30600
425	19800	27000
426	9000	16200
427	23400	30600
428	16200	23400
429	19800	27000
430	19800	27000
431	23400	30600
432	23400	30600
433	12600	19800
434	12600	19800
435	23400	30600
436	19800	27000
437	16200	23400
438	12600	19800
439	7200	30600
440	19800	27000
441	23400	30600
442	19800	27000
443	12600	19800
444	9000	16200
445	23400	30600
446	12600	19800
447	12600	19800
448	9000	16200
449	12600	19800
450	7200	30600
451	7200	30600
452	7200	30600
453	12600	19800
454	7200	30600
455	16200	23400
456	12600	18900
457	7200	30600
458	7200	30600
459	23400	30600
460	16200	23400
461	12600	19800
462	19800	27000
463	12600	19800
464	9000	16200
465	16200	23400
466	16200	23400
467	9000	16200
468	12600	19800
469	23400	30600
470	9000	16200
471	12600	19800
472	19800	27000
473	19800	27000
474	9000	16200
475	12600	19800
476	12600	19800
477	23400	30600
478	23400	30600
479	12600	19800
480	19800	27000
481	7200	30600
482	7200	30600
483	23400	30600
484	7200	30600
485	9000	16200
486	16200	23400
487	12600	19800
488	19800	27000
489	7200	30600
490	16200	23400
491	12600	18900
492	12600	19800
493	7200	30600
494	19800	27000
495	23400	30600
496	9000	16200
497	23400	30600
498	19800	27000
499	19800	27000
500	9000	16200
501	12600	19800
502	19800	27000
503	19800	27000
504	16200	23400
505	16200	23400
506	12600	19800
507	16200	23400
508	7200	30600
509	12600	19800
510	12600	19800
511	9000	16200
512	18000	41400
513	12600	19800
514	12600	19800
515	12600	19800
516	19800	27000
517	12600	19800
518	16200	23400
519	9000	16200
520	23400	30600
521	9000	16200
522	12600	18900
523	19800	27000
524	16200	23400
525	7200	30600
526	19800	27000
527	23400	30600
528	12600	19800
529	7200	30600
530	16200	23400
531	23400	30600
532	16200	23400
533	23400	30600
534	16200	23400
535	9000	16200
536	19800	27000
537	9000	16200
538	23400	30600
539	16200	23400
540	23400	30600
541	12600	19800
542	16200	23400
543	16200	23400
544	7200	30600
545	19800	27000
546	9000	16200
547	16200	23400
548	12600	19800
549	7200	30600
550	12600	19800
551	12600	19800
552	12600	19800
553	12600	19800
554	23400	30600
555	12600	18900
556	7200	30600
557	23400	30600
558	12600	19800
559	7200	30600
560	12600	19800
561	7200	30600
562	7200	29700
563	16200	23400
564	9000	16200
565	23400	30600
566	16200	23400
567	9000	16200
568	12600	19800
569	19800	27000
570	19800	27000
571	23400	30600
572	16200	23400
573	12600	19800
574	16200	23400
575	7200	30600
576	16200	23400
577	7200	30600
578	16200	23400
579	16200	23400
580	16200	23400
581	12600	19800
582	12600	19800
583	16200	23400
584	16200	23400
585	16200	23400
586	7200	30600
587	19800	27000
588	16200	23400
589	12600	18900
590	12600	19800
591	12600	19800
592	16200	23400
593	7200	30600
594	19800	27000
595	19800	27000
596	30600	43200
597	23400	30600
598	18000	41400
599	16200	23400
600	23400	30600
601	16200	23400
602	23400	30600
603	23400	30600
604	12600	19800
605	19800	27000
606	30600	43200
607	19800	27000
608	23400	30600
609	16200	23400
610	7200	30600
611	12600	19800
612	12600	18900
613	19800	27000
614	12600	19800
615	23400	30600
616	12600	19800
617	7200	30600
618	23400	30600
619	12600	18900
620	23400	30600
621	16200	23400
622	23400	30600
623	23400	30600
624	16200	23400
625	12600	19800
626	23400	29700
627	7200	29700
628	19800	27000
629	19800	27000
630	23400	30600
631	16200	25200
632	16200	23400
633	12600	19800
634	16200	23400
635	16200	23400
636	19800	27000
637	16200	23400
638	7200	30600
639	12600	19800
640	19800	27000
641	12600	19800
642	19800	27000
643	7200	29700
644	23400	30600
645	23400	30600
646	23400	30600
647	18000	41400
648	16200	23400
649	19800	27000
650	16200	23400
651	23400	30600
652	12600	19800
653	23400	30600
654	16200	25200
655	12600	19800
656	16200	23400
657	23400	30600
658	19800	26100
659	30600	43200
660	23400	29700
661	7200	30600
662	18000	41400
663	19800	27000
664	23400	30600
665	16200	23400
666	23400	30600
667	16200	23400
668	19800	27000
669	23400	29700
670	23400	30600
671	16200	23400
672	16200	23400
673	7200	30600
674	19800	27000
675	16200	23400
676	23400	30600
677	16200	23400
678	12600	19800
679	16200	23400
680	7200	30600
681	18000	41400
682	12600	19800
683	12600	19800
684	23400	30600
685	7200	30600
686	7200	29700
687	19800	27000
688	12600	19800
689	23400	30600
690	12600	19800
691	16200	23400
692	12600	19800
693	16200	23400
694	7200	29700
695	12600	19800
696	19800	27000
697	12600	19800
698	7200	30600
699	19800	27000
700	23400	30600
701	16200	23400
702	16200	23400
703	19800	27000
704	7200	30600
705	7200	30600
706	19800	27000
707	7200	30600
708	7200	30600
709	19800	27000
710	19800	27000
711	19800	27000
712	7200	30600
713	12600	19800
714	7200	30600
715	7200	30600
716	16200	25200
717	23400	30600
718	19800	27000
719	19800	27000
720	19800	27000
721	7200	29700
722	19800	27000
723	23400	30600
724	7200	30600
725	16200	23400
726	7200	30600
727	23400	30600
728	23400	30600
729	23400	30600
730	7200	30600
731	7200	30600
732	7200	30600
733	23400	30600
734	19800	27000
735	23400	30600
736	23400	30600
737	19800	27000
738	23400	30600
739	23400	30600
740	23400	30600
741	23400	30600
742	19800	27000
743	19800	27000
744	23400	30600
745	7200	30600
746	16200	23400
747	23400	30600
748	23400	29700
749	16200	23400
750	19800	27000
751	23400	30600
752	7200	30600
753	23400	30600
754	23400	30600
755	16200	23400
756	19800	27000
757	23400	30600
758	19800	27000
759	23400	30600
760	19800	27000
761	16200	23400
762	16200	23400
763	7200	30600
764	19800	27000
765	7200	29700
766	23400	30600
767	7200	30600
768	7200	30600
769	23400	30600
770	23400	30600
771	16200	25200
772	19800	26100
773	23400	30600
774	23400	30600
775	7200	29700
776	7200	30600
777	16200	23400
778	7200	30600
779	23400	30600
780	23400	30600
781	7200	30600
782	16200	23400
783	23400	30600
784	7200	30600
785	16200	23400
786	23400	30600
787	19800	27000
788	23400	30600
789	23400	30600
790	7200	29700
791	19800	27000
792	19800	27000
793	16200	23400
794	23400	30600
795	16200	25200
796	16200	23400
797	30600	43200
798	19800	27000
799	23400	30600
800	23400	29700
801	18000	41400
802	7200	30600
803	23400	30600
804	23400	29700
805	7200	30600
806	16200	23400
807	19800	27000
808	23400	30600
809	19800	27000
810	18000	41400
811	23400	30600
812	23400	30600
813	23400	30600
814	19800	27000
815	23400	30600
816	23400	30600
817	23400	30600
818	7200	30600
819	16200	23400
820	16200	23400
821	16200	23400
822	7200	30600
823	23400	30600
824	19800	26100
825	16200	23400
826	23400	30600
827	16200	23400
828	7200	29700
829	7200	30600
830	23400	30600
831	23400	30600
832	23400	30600
833	23400	30600
834	23400	29700
835	23400	30600
836	7200	30600
837	19800	27000
838	7200	30600
839	7200	30600
840	19800	27000
841	19800	27000
842	19800	27000
843	7200	30600
844	19800	27000
845	7200	29700
846	16200	25200
847	23400	30600
848	19800	27000
849	23400	30600
850	7200	30600
851	23400	29700
852	7200	30600
853	23400	30600
854	7200	30600
855	19800	27000
856	7200	30600
857	23400	30600
858	23400	30600
859	19800	27000
860	23400	30600
861	16200	25200
862	7200	29700
863	23400	30600
864	19800	27000
865	19800	27000
866	19800	27000
867	23400	30600
868	23400	30600
869	7200	30600
870	19800	27000
871	23400	30600
872	19800	27000
873	7200	30600
874	23400	30600
875	30600	43200
876	19800	27000
877	7200	30600
878	7200	30600
879	7200	30600
880	23400	30600
881	7200	30600
882	23400	30600
883	7200	30600
884	19800	27000
885	7200	30600
886	23400	30600
887	7200	29700
888	7200	30600
889	23400	30600
890	23400	30600
891	7200	30600
892	19800	27000
893	19800	27000
894	23400	29700
895	7200	30600
896	23400	29700
897	23400	30600
898	23400	30600
899	23400	30600
900	23400	30600
901	7200	29700
902	7200	30600
903	7200	30600
904	7200	30600
905	23400	30600
906	7200	30600
907	23400	30600
908	23400	30600
909	23400	30600
910	23400	30600
911	23400	30600
912	23400	30600
913	23400	30600
914	7200	30600
915	7200	30600
916	7200	30600
917	23400	30600
918	23400	30600
919	7200	30600
920	23400	30600
921	23400	30600
922	23400	30600
923	23400	30600
924	23400	30600
925	23400	30600
926	23400	30600
927	23400	30600
928	23400	30600
929	7200	30600
930	23400	30600
931	7200	29700
932	23400	30600
933	7200	30600
934	23400	30600
935	7200	30600
936	7200	30600
937	7200	30600
938	23400	30600
939	7200	30600
940	7200	29700
941	7200	30600
942	23400	30600
943	7200	30600
944	7200	30600
945	7200	30600
946	7200	30600
947	23400	29700
948	18000	41400
949	23400	30600
950	23400	30600
951	7200	30600
952	23400	30600
953	18000	41400
954	23400	30600
955	18000	41400
956	30600	43200
957	30600	43200
958	18000	41400
RELEASE_TIME_SECTION
1	0
2	5400
3	5400
4	5400
5	5400
6	5400
7	5400
8	5400
9	5400
10	5400
11	5400
12	5400
13	5400
14	5400
15	5400
16	5400
17	5400
18	5400
19	5400
20	5400
21	5400
22	5400
23	5400
24	5400
25	5400
26	5400
27	5400
28	5400
29	5400
30	5400
31	5400
32	5400
33	5400
34	5400
35	5400
36	5400
37	5400
38	5400
39	5400
40	5400
41	5400
42	5400
43	5400
44	5400
45	5400
46	5400
47	5400
48	5400
49	5400
50	5400
51	5400
52	5400
53	5400
54	5400
55	5400
56	5400
57	5400
58	5400
59	5400
60	5400
61	5400
62	5400
63	5400
64	5400
65	5400
66	5400
67	5400
68	5400
69	5400
70	5400
71	5400
72	5400
73	5400
74	5400
75	5400
76	5400
77	5400
78	5400
79	5400
80	5400
81	5400
82	5400
83	5400
84	5400
85	5400
86	5400
87	5400
88	5400
89	5400
90	5400
91	5400
92	5400
93	5400
94	5400
95	5400
96	5400
97	5400
98	5400
99	5400
100	5400
101	5400
102	7200
103	7200
104	7200
105	7200
106	7200
107	7200
108	7200
109	7200
110	7200
111	7200
112	7200
113	7200
114	7200
115	7200
116	7200
117	7200
118	7200
119	7200
120	7200
121	7200
122	7200
123	7200
124	7200
125	7200
126	7200
127	7200
128	7200
129	7200
130	7200
131	7200
132	7200
133	7200
134	7200
135	7200
136	7200
137	7200
138	7200
139	7200
140	7200
141	7200
142	7200
143	7200
144	7200
145	7200
146	7200
147	7200
148	7200
149	7200
150	7200
151	7200
152	7200
153	7200
154	7200
155	7200
156	7200
157	7200
158	7200
159	7200
160	7200
161	7200
162	7200
163	7200
164	7200
165	7200
166	7200
167	7200
168	7200
169	7200
170	7200
171	7200
172	7200
173	7200
174	7200
175	7200
176	7200
177	7200
178	7200
179	7200
180	7200
181	7200
182	7200
183	7200
184	7200
185	7200
186	7200
187	7200
188	7200
189	7200
190	7200
191	7200
192	7200
193	7200
194	7200
195	7200
196	7200
197	7200
198	7200
199	7200
200	7200
201	7200
202	9000
203	9000
204	9000
205	9000
206	9000
207	9000
208	9000
209	9000
210	9000
211	9000
212	9000
213	9000
214	9000
215	9000
216	9000
217	9000
218	9000
219	9000
220	9000
221	9000
222	9000
223	9000
224	9000
225	9000
226	9000
227	9000
228	9000
229	9000
230	9000
231	9000
232	9000
233	9000
234	9000
235	9000
236	9000
237	9000
238	9000
239	9000
240	9000
241	9000
242	9000
243	9000
244	9000
245	9000
246	9000
247	9000
248	9000
249	9000
250	9000
251	9000
252	9000
253	9000
254	9000
255	9000
256	9000
257	9000
258	9000
259	9000
260	9000
261	9000
262	9000
263	9000
264	9000
265	9000
266	9000
267	9000
268	9000
269	9000
270	9000
271	9000
272	9000
273	9000
274	9000
275	9000
276	9000
277	9000
278	9000
279	9000
280	9000
281	9000
282	9000
283	9000
284	9000
285	9000
286	9000
287	9000
288	9000
289	9000
290	9000
291	9000
292	9000
293	9000
294	9000
295	9000
296	9000
297	9000
298	9000
299	9000
300	9000
301	9000
302	10800
303	10800
304	10800
305	10800
306	10800
307	10800
308	10800
309	10800
310	10800
311	10800
312	10800
313	10800
314	10800
315	10800
316	10800
317	10800
318	10800
319	10800
320	10800
321	10800
322	10800
323	10800
324	10800
325	10800
326	10800
327	10800
328	10800
329	10800
330	10800
331	10800
332	10800
333	10800
334	10800
335	10800
336	10800
337	10800
338	10800
339	10800
340	10800
341	10800
342	10800
343	10800
344	10800
345	10800
346	10800
347	10800
348	10800
349	10800
350	10800
351	10800
352	10800
353	10800
354	10800
355	10800
356	10800
357	10800
358	10800
359	10800
360	10800
361	10800
362	10800
363	10800
364	10800
365	10800
366	10800
367	10800
368	10800
369	10800
370	10800
371	10800
372	10800
373	10800
374	10800
375	10800
376	10800
377	10800
378	10800
379	10800
380	10800
381	10800
382	10800
383	10800
384	10800
385	10800
386	10800
387	10800
388	10800
389	10800
390	10800
391	10800
392	10800
393	10800
394	10800
395	10800
396	10800
397	10800
398	12600
399	12600
400	12600
401	12600
402	12600
403	12600
404	12600
405	12600
406	12600
407	12600
408	12600
409	12600
410	12600
411	12600
412	12600
413	12600
414	12600
415	12600
416	12600
417	12600
418	12600
419	12600
420	12600
421	12600
422	12600
423	12600
424	12600
425	12600
426	12600
427	12600
428	12600
429	12600
430	12600
431	12600
432	12600
433	12600
434	12600
435	12600
436	12600
437	12600
438	12600
439	12600
440	12600
441	12600
442	12600
443	12600
444	12600
445	12600
446	12600
447	12600
448	12600
449	12600
450	12600
451	12600
452	12600
453	12600
454	12600
455	12600
456	12600
457	12600
458	12600
459	12600
460	12600
461	12600
462	12600
463	12600
464	12600
465	12600
466	12600
467	12600
468	12600
469	12600
470	12600
471	12600
472	12600
473	12600
474	12600
475	12600
476	12600
477	12600
478	12600
479	12600
480	12600
481	12600
482	12600
483	12600
484	12600
485	12600
486	14400
487	14400
488	14400
489	14400
490	14400
491	14400
492	14400
493	14400
494	14400
495	14400
496	14400
497	14400
498	14400
499	14400
500	14400
501	14400
502	14400
503	14400
504	14400
505	14400
506	14400
507	14400
508	14400
509	14400
510	14400
511	14400
512	14400
513	14400
514	14400
515	14400
516	14400
517	14400
518	14400
519	14400
520	14400
521	14400
522	14400
523	14400
524	14400
525	14400
526	14400
527	14400
528	14400
529	14400
530	14400
531	14400
532	14400
533	14400
534	14400
535	14400
536	14400
537	14400
538	14400
539	14400
540	14400
541	14400
542	14400
543	14400
544	14400
545	14400
546	14400
547	14400
548	14400
549	14400
550	14400
551	14400
552	14400
553	14400
554	14400
555	14400
556	14400
557	14400
558	14400
559	14400
560	14400
561	14400
562	14400
563	14400
564	14400
565	14400
566	14400
567	14400
568	14400
569	14400
570	16200
571	16200
572	16200
573	16200
574	16200
575	16200
576	16200
577	16200
578	16200
579	16200
580	16200
581	16200
582	16200
583	16200
584	16200
585	16200
586	16200
587	16200
588	16200
589	16200
590	16200
591	16200
592	16200
593	16200
594	16200
595	16200
596	16200
597	16200
598	16200
599	16200
600	16200
601	16200
602	16200
603	16200
604	16200
605	16200
606	16200
607	16200
608	16200
609	16200
610	16200
611	16200
612	16200
613	16200
614	16200
615	16200
616	16200
617	16200
618	16200
619	16200
620	16200
621	16200
622	16200
623	16200
624	16200
625	16200
626	16200
627	16200
628	16200
629	16200
630	16200
631	16200
632	16200
633	16200
634	16200
635	16200
636	16200
637	16200
638	16200
639	16200
640	16200
641	16200
642	16200
643	16200
644	16200
645	16200
646	16200
647	18000
648	18000
649	18000
650	18000
651	18000
652	18000
653	18000
654	18000
655	18000
656	18000
657	18000
658	18000
659	18000
660	18000
661	18000
662	18000
663	18000
664	18000
665	18000
666	18000
667	18000
668	18000
669	18000
670	18000
671	18000
672	18000
673	18000
674	18000
675	18000
676	18000
677	18000
678	18000
679	18000
680	18000
681	18000
682	18000
683	18000
684	18000
685	18000
686	18000
687	18000
688	18000
689	18000
690	18000
691	18000
692	18000
693	18000
694	18000
695	18000
696	18000
697	18000
698	18000
699	18000
700	18000
701	18000
702	18000
703	18000
704	18000
705	18000
706	18000
707	18000
708	18000
709	18000
710	18000
711	18000
712	18000
713	18000
714	18000
715	19800
716	19800
717	19800
718	19800
719	19800
720	19800
721	19800
722	19800
723	19800
724	19800
725	19800
726	19800
727	19800
728	19800
729	19800
730	19800
731	19800
732	19800
733	19800
734	19800
735	19800
736	19800
737	19800
738	19800
739	19800
740	19800
741	19800
742	19800
743	19800
744	19800
745	19800
746	19800
747	19800
748	19800
749	19800
750	19800
751	19800
752	19800
753	19800
754	19800
755	19800
756	19800
757	19800
758	19800
759	19800
760	19800
761	19800
762	19800
763	19800
764	19800
765	19800
766	19800
767	21600
768	21600
769	21600
770	21600
771	21600
772	21600
773	21600
774	21600
775	21600
776	21600
777	21600
778	21600
779	21600
780	21600
781	21600
782	21600
783	21600
784	21600
785	21600
786	21600
787	21600
788	21600
789	21600
790	21600
791	21600
792	21600
793	21600
794	21600
795	21600
796	21600
797	21600
798	21600
799	21600
800	21600
801	21600
802	21600
803	21600
804	21600
805	21600
806	21600
807	21600
808	21600
809	21600
810	21600
811	21600
812	21600
813	21600
814	21600
815	21600
816	21600
817	21600
818	21600
819	21600
820	21600
821	21600
822	21600
823	21600
824	21600
825	21600
826	21600
827	21600
828	23400
829	23400
830	23400
831	23400
832	23400
833	23400
834	23400
835	23400
836	23400
837	23400
838	23400
839	23400
840	23400
841	23400
842	23400
843	23400
844	23400
845	23400
846	23400
847	23400
848	23400
849	23400
850	23400
851	23400
852	23400
853	23400
854	23400
855	23400
856	23400
857	23400
858	23400
859	23400
860	23400
861	23400
862	23400
863	23400
864	23400
865	23400
866	23400
867	23400
868	23400
869	25200
870	25200
871	25200
872	25200
873	25200
874	25200
875	25200
876	25200
877	25200
878	25200
879	25200
880	25200
881	25200
882	25200
883	25200
884	25200
885	25200
886	25200
887	25200
888	25200
889	25200
890	25200
891	25200
892	25200
893	25200
894	25200
895	27000
896	27000
897	27000
898	27000
899	27000
900	27000
901	27000
902	27000
903	27000
904	27000
905	27000
906	27000
907	27000
908	27000
909	27000
910	27000
911	27000
912	27000
913	27000
914	27000
915	27000
916	27000
917	27000
918	27000
919	27000
920	27000
921	27000
922	27000
923	27000
924	28800
925	28800
926	28800
927	28800
928	28800
929	28800
930	28800
931	28800
932	28800
933	28800
934	28800
935	28800
936	28800
937	28800
938	28800
939	28800
940	28800
941	28800
942	28800
943	28800
944	28800
945	28800
946	28800
947	28800
948	28800
949	28800
950	28800
951	28800
952	28800
953	28800
954	28800
955	30600
956	30600
957	30600
958	30600
EOF
