NAME : ORTEC-VRPTW-ASYM-02182cf8-d1-n796
TYPE : VRPTW-RT
DIMENSION : 797
EDGE_WEIGHT_TYPE : EUC_2D
CAPACITY : 145
NODE_COORD_SECTION
1	1930	1316
2	1215	1597
3	1559	716
4	1599	1126
5	603	2638
6	1630	2141
7	511	2033
8	1416	1778
9	816	925
10	929	1348
11	185	4805
12	1608	922
13	1489	807
14	857	3311
15	1433	1888
16	1017	1984
17	1130	1826
18	588	2609
19	1207	2049
20	1326	3210
21	440	5940
22	1672	0
23	0	5328
24	1052	490
25	732	2606
26	1191	3160
27	885	1857
28	873	4891
29	1212	1375
30	776	2323
31	1130	1826
32	1228	1318
33	929	1348
34	856	2347
35	1001	1791
36	1537	1177
37	1207	2049
38	518	1631
39	1475	406
40	1043	3323
41	1504	269
42	1419	233
43	1347	1769
44	216	5153
45	758	2572
46	903	1716
47	1052	490
48	1279	1989
49	928	3507
50	684	2444
51	883	5224
52	1114	1719
53	1384	420
54	1058	3131
55	1030	1940
56	1062	1644
57	372	2244
58	325	2757
59	418	5025
60	1046	1660
61	1608	922
62	427	2636
63	586	2423
64	1436	2010
65	361	2714
66	1207	1800
67	805	2615
68	1158	3173
69	1229	1882
70	1228	1318
71	1279	1989
72	1362	1262
73	418	1884
74	1504	269
75	1118	3219
76	1229	1882
77	491	2309
78	881	3073
79	440	5940
80	974	3442
81	1525	354
82	1052	490
83	715	2512
84	513	1803
85	1414	461
86	1229	1882
87	30	5229
88	857	3311
89	1180	2160
90	1372	2023
91	1191	3160
92	368	4438
93	1014	1619
94	667	2731
95	291	4719
96	1212	3580
97	1267	1940
98	875	1847
99	945	2390
100	429	2679
101	1330	1345
102	276	4454
103	931	3387
104	1818	421
105	1631	548
106	579	2620
107	1052	490
108	1158	3173
109	1844	455
110	696	2467
111	1735	341
112	1079	2100
113	778	3520
114	987	3361
115	1055	1542
116	859	3174
117	881	3073
118	857	3311
119	482	5795
120	873	4891
121	669	3304
122	505	2408
123	929	1348
124	629	2508
125	1275	3087
126	895	1804
127	942	1522
128	1034	3370
129	1205	3259
130	603	2638
131	859	3174
132	931	3387
133	1119	3230
134	372	2244
135	983	1871
136	646	2606
137	1080	3235
138	778	3520
139	1489	807
140	805	2615
141	776	2323
142	842	1939
143	1009	3430
144	1672	0
145	1486	328
146	30	5229
147	1416	1778
148	764	3194
149	844	2017
150	1605	392
151	997	1734
152	1052	490
153	1068	587
154	1470	1090
155	1382	1006
156	511	2033
157	782	2742
158	509	2747
159	1365	1785
160	1525	354
161	505	2408
162	1738	1125
163	1643	1120
164	797	1853
165	1058	3131
166	669	3304
167	1237	3150
168	418	5025
169	1066	3583
170	856	3174
171	771	2445
172	1005	570
173	1158	3173
174	667	2731
175	923	3245
176	1620	1067
177	1082	1817
178	670	4546
179	1214	3238
180	1070	3175
181	1439	1601
182	857	3311
183	1487	545
184	513	1803
185	1055	1542
186	425	2042
187	1818	421
188	928	3507
189	1043	3323
190	1330	1345
191	0	5328
192	303	2854
193	741	3360
194	1114	1719
195	929	565
196	1118	3219
197	1489	807
198	986	3202
199	380	1830
200	1228	3199
201	884	990
202	1079	2100
203	1455	576
204	1294	1431
205	948	3486
206	1470	1090
207	771	2445
208	1541	499
209	216	5153
210	440	5940
211	1414	461
212	974	3442
213	1439	1601
214	427	2636
215	667	2731
216	1362	1262
217	1097	1554
218	1361	1985
219	839	3211
220	1617	352
221	648	2596
222	827	2163
223	477	5051
224	1735	688
225	572	2293
226	885	1857
227	372	2244
228	963	3454
229	668	978
230	1317	1011
231	1746	506
232	1379	428
233	884	990
234	1672	0
235	859	6077
236	1738	1125
237	491	2309
238	457	2518
239	588	2609
240	1541	1048
241	1525	354
242	579	1653
243	1317	1997
244	1470	1090
245	291	4719
246	1442	1149
247	859	6077
248	1631	548
249	880	2324
250	1046	625
251	1735	341
252	857	3311
253	963	3454
254	797	1853
255	1052	490
256	474	2233
257	1372	2023
258	1330	1345
259	874	2371
260	1601	254
261	1364	68
262	929	1348
263	1275	3297
264	1104	2204
265	1383	1533
266	669	3304
267	1527	821
268	505	2408
269	648	2596
270	928	1833
271	1149	1858
272	671	2115
273	1070	3175
274	738	2601
275	940	4920
276	1383	1533
277	1493	467
278	1058	3131
279	291	4719
280	857	3311
281	1581	1086
282	617	2290
283	1581	1086
284	929	1348
285	1844	455
286	1362	1262
287	1017	1984
288	1347	1769
289	1052	490
290	1601	254
291	974	3442
292	859	3174
293	695	2259
294	983	1871
295	1214	3238
296	764	2922
297	1240	280
298	1205	3259
299	684	2444
300	931	3387
301	905	1375
302	1267	1940
303	903	1716
304	1229	1882
305	1055	1542
306	1405	1747
307	1486	328
308	929	565
309	1212	3580
310	418	5025
311	1011	2948
312	648	2596
313	361	2714
314	844	2508
315	1746	506
316	1317	1011
317	427	2636
318	903	1716
319	273	2585
320	1487	545
321	570	2373
322	1544	271
323	960	3600
324	429	2679
325	440	5940
326	1757	473
327	1375	887
328	738	2601
329	1267	1940
330	302	2503
331	1046	1660
332	1034	3370
333	668	978
334	646	2606
335	952	2009
336	1541	499
337	1005	570
338	1317	1011
339	1326	3210
340	1647	830
341	1366	848
342	805	2615
343	1078	433
344	1056	3363
345	325	2757
346	711	4533
347	934	2078
348	782	2742
349	1145	1532
350	586	2423
351	513	1803
352	1525	354
353	1489	807
354	1009	3430
355	842	1939
356	711	4533
357	875	1847
358	1352	1052
359	684	2444
360	797	1853
361	1166	1808
362	709	817
363	986	3202
364	965	3353
365	1486	328
366	1149	1858
367	1623	318
368	1317	1997
369	1017	1984
370	940	4920
371	1601	254
372	426	4325
373	1361	1985
374	1244	1638
375	1149	1858
376	1757	473
377	875	5520
378	1689	399
379	486	2667
380	1062	1644
381	1012	1848
382	1379	428
383	1422	1685
384	1207	1800
385	593	2434
386	778	3520
387	273	2585
388	1066	3583
389	1631	548
390	1046	1660
391	505	2408
392	586	2423
393	429	2679
394	1470	1090
395	885	1857
396	1267	1940
397	1583	417
398	1844	455
399	1082	1817
400	418	5025
401	1372	2023
402	683	2756
403	1416	1778
404	1383	2033
405	325	2757
406	291	4719
407	494	2351
408	646	2606
409	715	2512
410	303	2854
411	1338	1910
412	1537	1177
413	1487	545
414	486	2667
415	681	2841
416	954	3105
417	1566	615
418	816	925
419	570	2373
420	442	2033
421	380	1830
422	880	2324
423	303	2854
424	986	3202
425	994	3455
426	1735	341
427	875	1847
428	1504	269
429	880	2324
430	815	3301
431	1011	2948
432	1012	1848
433	1014	1619
434	902	3610
435	857	3311
436	1430	442
437	1686	1007
438	764	3194
439	1058	3131
440	1486	328
441	1059	536
442	1570	207
443	869	2988
444	1047	2017
445	1043	3323
446	697	4527
447	1623	318
448	1212	1375
449	732	2606
450	683	2756
451	931	3387
452	506	1870
453	816	925
454	1419	233
455	1686	1007
456	806	6227
457	816	3449
458	776	2323
459	960	3600
460	656	3285
461	856	3174
462	1114	1719
463	729	2538
464	303	2854
465	1570	207
466	1317	1011
467	425	2042
468	1068	587
469	1082	1817
470	1005	570
471	570	2373
472	1433	1888
473	1333	455
474	1382	1006
475	939	1957
476	695	2259
477	806	6227
478	698	2185
479	827	2163
480	1382	1006
481	494	2351
482	1686	1007
483	778	3520
484	816	3449
485	1197	1599
486	1130	1826
487	729	2538
488	1433	1888
489	836	2984
490	547	6198
491	1442	1149
492	1442	1149
493	928	3507
494	380	1830
495	1460	417
496	511	2033
497	876	3381
498	509	2747
499	709	817
500	905	5897
501	1416	1778
502	969	3253
503	1059	536
504	185	4805
505	579	1653
506	1058	3131
507	1017	1984
508	1317	1011
509	1489	807
510	1537	1177
511	1686	1007
512	1255	113
513	445	4757
514	695	2259
515	273	2585
516	1375	887
517	1191	3160
518	1228	1318
519	844	2508
520	931	3387
521	1070	3175
522	903	1716
523	1448	723
524	732	2606
525	1358	1080
526	709	817
527	1383	1533
528	1383	2033
529	1070	3175
530	857	3311
531	429	2679
532	513	2556
533	513	1803
534	646	2606
535	1630	2141
536	1207	2049
537	1379	428
538	1079	1809
539	805	2615
540	1166	1808
541	511	2033
542	880	2324
543	1631	548
544	997	1734
545	856	2347
546	30	5229
547	442	2033
548	1326	3210
549	1608	922
550	960	3600
551	856	3174
552	1366	848
553	874	2371
554	1011	2948
555	1601	254
556	1630	2141
557	1689	399
558	1362	1262
559	856	2347
560	1789	259
561	1056	3363
562	974	3442
563	1608	922
564	1317	1011
565	617	2290
566	778	3520
567	729	2538
568	1489	807
569	1005	570
570	1267	1940
571	1429	681
572	1021	2922
573	1228	3199
574	983	3125
575	1338	1910
576	696	2467
577	1433	1888
578	738	2601
579	1608	922
580	1382	1006
581	997	1734
582	1562	396
583	741	3360
584	1630	2141
585	782	2742
586	1091	3592
587	681	2841
588	505	2408
589	486	2667
590	603	2638
591	1180	2160
592	1366	848
593	1581	1086
594	303	2854
595	778	3520
596	1414	461
597	1570	207
598	1267	1940
599	1269	2054
600	1631	548
601	881	3073
602	875	3681
603	867	2256
604	617	2290
605	1212	3580
606	1043	3323
607	505	2408
608	923	3245
609	667	2731
610	511	2033
611	741	3360
612	974	3442
613	686	2019
614	617	2290
615	511	2033
616	1487	545
617	1746	506
618	1079	1809
619	1416	1778
620	276	4454
621	797	1853
622	983	1871
623	1818	421
624	738	2601
625	1166	2183
626	1383	2033
627	1612	378
628	1017	1984
629	1583	417
630	667	2731
631	1422	1685
632	696	2467
633	1620	1067
634	1372	2023
635	511	2033
636	1237	3150
637	445	4757
638	491	2309
639	934	2078
640	752	2706
641	1487	545
642	1460	417
643	896	3472
644	1026	3330
645	934	2078
646	1647	830
647	648	2596
648	695	2259
649	1035	1847
650	1405	1747
651	1317	238
652	1047	2017
653	1562	396
654	1079	2100
655	928	1833
656	931	3387
657	1205	3259
658	579	2620
659	1789	259
660	874	2371
661	875	1847
662	1844	455
663	929	565
664	1047	2017
665	942	1522
666	1228	1318
667	291	4719
668	593	2434
669	686	2019
670	1537	1177
671	1035	1847
672	1923	302
673	1735	341
674	935	813
675	670	4546
676	1147	2208
677	1380	1963
678	1034	3370
679	1014	1619
680	1478	900
681	836	2984
682	1026	3330
683	1366	848
684	1562	396
685	1570	207
686	1114	1719
687	1055	1542
688	1265	351
689	952	2009
690	588	2609
691	1214	3238
692	636	2726
693	1212	1375
694	1562	396
695	368	4438
696	593	2434
697	778	3520
698	1317	1997
699	1559	716
700	1601	254
701	579	2620
702	1541	1048
703	1166	2183
704	1448	723
705	974	3442
706	1672	0
707	1212	3580
708	1207	1800
709	1738	1125
710	905	1375
711	1541	1048
712	1689	399
713	1362	1262
714	291	4719
715	800	2012
716	513	2556
717	1021	2922
718	1430	442
719	1123	3462
720	1686	1007
721	671	3041
722	844	2017
723	1383	2033
724	975	3330
725	442	2033
726	1017	1984
727	908	1918
728	1372	2023
729	518	1631
730	994	3455
731	1617	352
732	1414	461
733	874	2371
734	1046	1660
735	1014	1619
736	513	2556
737	561	2639
738	325	2757
739	805	2615
740	1240	280
741	617	2290
742	715	2512
743	902	3610
744	518	1631
745	1147	2208
746	1147	2208
747	1166	2183
748	667	2731
749	1414	461
750	1336	460
751	1436	2010
752	942	1522
753	511	2033
754	929	1348
755	1608	922
756	1583	417
757	1362	1262
758	800	2012
759	903	1716
760	1197	1599
761	427	2636
762	1599	1126
763	911	4927
764	1405	1747
765	1047	2017
766	939	1957
767	1407	148
768	1872	286
769	732	2606
770	669	3304
771	486	2667
772	1562	396
773	509	2747
774	844	2017
775	457	2518
776	1068	587
777	987	3361
778	1079	2100
779	814	3294
780	1009	3430
781	1746	506
782	579	1653
783	1647	830
784	1244	1638
785	1689	399
786	457	2518
787	1375	887
788	1516	1120
789	934	2078
790	1478	900
791	905	1375
792	1630	2141
793	905	1375
794	1566	615
795	1118	3219
796	1672	0
797	684	2444
DEMAND_SECTION
1	0
2	7
3	6
4	4
5	7
6	10
7	8
8	7
9	8
10	4
11	6
12	4
13	6
14	6
15	8
16	9
17	9
18	8
19	10
20	8
21	12
22	6
23	6
24	6
25	4
26	5
27	7
28	4
29	11
30	5
31	7
32	9
33	6
34	5
35	5
36	6
37	2
38	7
39	6
40	7
41	2
42	8
43	3
44	4
45	3
46	6
47	7
48	6
49	5
50	13
51	5
52	2
53	5
54	3
55	4
56	8
57	4
58	5
59	7
60	3
61	3
62	8
63	5
64	5
65	4
66	13
67	12
68	9
69	5
70	3
71	3
72	11
73	3
74	10
75	7
76	4
77	7
78	5
79	11
80	5
81	4
82	5
83	9
84	7
85	5
86	6
87	4
88	5
89	6
90	7
91	5
92	10
93	8
94	3
95	8
96	5
97	4
98	8
99	3
100	5
101	7
102	5
103	5
104	5
105	4
106	5
107	10
108	12
109	5
110	4
111	6
112	6
113	4
114	4
115	4
116	8
117	3
118	5
119	6
120	3
121	2
122	8
123	5
124	5
125	4
126	5
127	8
128	3
129	3
130	7
131	9
132	3
133	5
134	4
135	5
136	5
137	3
138	6
139	7
140	6
141	5
142	7
143	4
144	5
145	13
146	4
147	5
148	9
149	5
150	4
151	4
152	4
153	7
154	5
155	3
156	7
157	4
158	6
159	3
160	4
161	7
162	3
163	5
164	10
165	5
166	3
167	6
168	4
169	6
170	7
171	7
172	6
173	9
174	5
175	8
176	6
177	4
178	9
179	7
180	6
181	4
182	3
183	7
184	9
185	6
186	2
187	7
188	3
189	4
190	7
191	4
192	6
193	4
194	6
195	2
196	12
197	5
198	4
199	4
200	6
201	6
202	9
203	5
204	3
205	7
206	8
207	3
208	5
209	4
210	8
211	7
212	4
213	5
214	3
215	6
216	5
217	4
218	9
219	5
220	13
221	3
222	8
223	7
224	10
225	9
226	9
227	5
228	6
229	3
230	6
231	11
232	4
233	13
234	8
235	3
236	4
237	3
238	14
239	9
240	3
241	6
242	9
243	2
244	6
245	5
246	3
247	6
248	6
249	3
250	7
251	6
252	6
253	13
254	4
255	6
256	3
257	5
258	7
259	7
260	4
261	13
262	3
263	6
264	8
265	6
266	7
267	7
268	10
269	5
270	6
271	6
272	10
273	5
274	4
275	6
276	5
277	6
278	5
279	5
280	5
281	6
282	4
283	4
284	6
285	6
286	16
287	5
288	10
289	5
290	4
291	11
292	3
293	9
294	12
295	3
296	4
297	8
298	5
299	4
300	6
301	7
302	8
303	6
304	3
305	4
306	7
307	8
308	17
309	7
310	9
311	5
312	5
313	6
314	5
315	7
316	5
317	8
318	5
319	8
320	6
321	7
322	5
323	5
324	5
325	5
326	7
327	6
328	3
329	7
330	2
331	4
332	9
333	4
334	5
335	5
336	8
337	7
338	7
339	7
340	7
341	8
342	7
343	10
344	4
345	11
346	7
347	6
348	13
349	4
350	9
351	6
352	9
353	7
354	6
355	6
356	3
357	2
358	8
359	5
360	8
361	6
362	4
363	5
364	6
365	9
366	7
367	4
368	3
369	7
370	3
371	8
372	6
373	17
374	6
375	12
376	7
377	7
378	4
379	9
380	4
381	5
382	5
383	7
384	6
385	3
386	3
387	14
388	7
389	7
390	5
391	4
392	8
393	5
394	5
395	3
396	9
397	3
398	8
399	11
400	16
401	13
402	6
403	13
404	4
405	9
406	7
407	7
408	4
409	5
410	7
411	7
412	6
413	5
414	7
415	7
416	8
417	4
418	2
419	10
420	4
421	4
422	3
423	6
424	4
425	7
426	11
427	5
428	2
429	5
430	5
431	5
432	7
433	5
434	5
435	7
436	5
437	6
438	8
439	3
440	5
441	4
442	6
443	4
444	4
445	2
446	8
447	15
448	3
449	6
450	6
451	6
452	9
453	7
454	3
455	2
456	5
457	6
458	8
459	4
460	4
461	5
462	7
463	5
464	3
465	5
466	8
467	9
468	6
469	5
470	6
471	4
472	9
473	5
474	7
475	5
476	8
477	5
478	4
479	9
480	6
481	3
482	3
483	8
484	6
485	5
486	5
487	7
488	10
489	5
490	6
491	7
492	17
493	5
494	7
495	10
496	3
497	4
498	5
499	6
500	6
501	5
502	6
503	7
504	5
505	7
506	9
507	5
508	5
509	5
510	6
511	4
512	8
513	11
514	8
515	4
516	12
517	6
518	7
519	17
520	5
521	6
522	8
523	7
524	6
525	3
526	4
527	8
528	4
529	4
530	8
531	4
532	7
533	3
534	8
535	7
536	5
537	6
538	6
539	4
540	4
541	6
542	6
543	9
544	2
545	5
546	3
547	6
548	6
549	4
550	5
551	5
552	6
553	7
554	12
555	5
556	5
557	5
558	7
559	6
560	5
561	10
562	7
563	5
564	4
565	5
566	14
567	4
568	5
569	5
570	4
571	6
572	4
573	4
574	9
575	13
576	3
577	4
578	6
579	2
580	9
581	4
582	4
583	7
584	3
585	5
586	8
587	6
588	4
589	7
590	6
591	3
592	5
593	4
594	3
595	9
596	3
597	3
598	3
599	2
600	7
601	10
602	5
603	9
604	12
605	5
606	2
607	8
608	3
609	6
610	9
611	8
612	3
613	5
614	4
615	12
616	7
617	4
618	7
619	4
620	3
621	8
622	6
623	10
624	5
625	7
626	17
627	6
628	6
629	7
630	5
631	5
632	3
633	14
634	9
635	1
636	7
637	9
638	5
639	8
640	6
641	6
642	6
643	3
644	7
645	5
646	3
647	6
648	4
649	5
650	5
651	7
652	6
653	3
654	3
655	9
656	4
657	13
658	13
659	3
660	4
661	2
662	6
663	6
664	5
665	7
666	3
667	9
668	2
669	2
670	4
671	5
672	6
673	5
674	7
675	8
676	6
677	10
678	5
679	5
680	3
681	6
682	5
683	10
684	9
685	8
686	7
687	7
688	8
689	6
690	8
691	10
692	7
693	10
694	6
695	3
696	7
697	6
698	5
699	11
700	9
701	5
702	5
703	4
704	3
705	8
706	2
707	8
708	6
709	5
710	3
711	5
712	12
713	11
714	5
715	10
716	3
717	6
718	6
719	6
720	4
721	5
722	3
723	6
724	5
725	3
726	8
727	4
728	6
729	4
730	9
731	6
732	6
733	3
734	6
735	3
736	6
737	4
738	8
739	6
740	5
741	6
742	6
743	6
744	6
745	10
746	4
747	7
748	7
749	3
750	5
751	5
752	5
753	6
754	8
755	4
756	3
757	4
758	4
759	5
760	7
761	12
762	6
763	4
764	5
765	1
766	8
767	5
768	3
769	5
770	6
771	3
772	7
773	5
774	3
775	7
776	4
777	5
778	3
779	3
780	6
781	7
782	5
783	5
784	2
785	5
786	4
787	5
788	7
789	5
790	4
791	7
792	8
793	3
794	6
795	6
796	8
797	4
DEPOT_SECTION
1
-1
SERVICE_TIME_SECTION
1	0
2	480
3	600
4	540
5	720
6	420
7	780
8	360
9	360
10	420
11	420
12	720
13	840
14	660
15	540
16	420
17	660
18	300
19	540
20	360
21	1080
22	600
23	600
24	660
25	660
26	540
27	540
28	1260
29	600
30	1260
31	600
32	420
33	540
34	300
35	720
36	540
37	540
38	420
39	1200
40	540
41	660
42	660
43	540
44	600
45	780
46	240
47	540
48	840
49	660
50	720
51	600
52	720
53	240
54	420
55	1020
56	720
57	840
58	300
59	600
60	480
61	780
62	480
63	660
64	780
65	660
66	720
67	780
68	420
69	540
70	360
71	840
72	720
73	420
74	660
75	780
76	660
77	660
78	660
79	720
80	720
81	900
82	1020
83	360
84	780
85	720
86	720
87	420
88	540
89	780
90	420
91	300
92	900
93	720
94	720
95	420
96	480
97	360
98	720
99	600
100	900
101	540
102	720
103	600
104	840
105	420
106	660
107	540
108	480
109	480
110	360
111	840
112	600
113	540
114	420
115	540
116	540
117	840
118	720
119	1020
120	540
121	540
122	720
123	720
124	420
125	540
126	600
127	600
128	540
129	660
130	780
131	1020
132	840
133	900
134	360
135	900
136	660
137	660
138	660
139	600
140	300
141	420
142	600
143	660
144	300
145	780
146	540
147	660
148	540
149	780
150	300
151	780
152	840
153	780
154	600
155	480
156	420
157	720
158	780
159	660
160	300
161	660
162	1560
163	840
164	360
165	360
166	240
167	960
168	840
169	540
170	360
171	540
172	420
173	720
174	300
175	300
176	660
177	300
178	840
179	540
180	660
181	660
182	300
183	540
184	720
185	720
186	1020
187	1260
188	600
189	780
190	240
191	540
192	540
193	360
194	1020
195	780
196	720
197	420
198	660
199	660
200	720
201	780
202	300
203	720
204	300
205	660
206	720
207	540
208	1020
209	660
210	720
211	1020
212	780
213	1740
214	600
215	660
216	840
217	720
218	240
219	660
220	600
221	300
222	360
223	480
224	480
225	660
226	720
227	360
228	360
229	720
230	540
231	960
232	300
233	660
234	1560
235	240
236	660
237	420
238	600
239	240
240	840
241	780
242	660
243	420
244	660
245	660
246	240
247	420
248	720
249	360
250	780
251	420
252	720
253	720
254	720
255	420
256	480
257	480
258	600
259	600
260	360
261	600
262	660
263	600
264	780
265	240
266	720
267	480
268	540
269	420
270	540
271	240
272	780
273	600
274	480
275	540
276	1020
277	360
278	660
279	480
280	720
281	540
282	360
283	420
284	1020
285	660
286	420
287	660
288	480
289	780
290	540
291	600
292	660
293	780
294	660
295	480
296	660
297	540
298	420
299	360
300	960
301	1740
302	540
303	660
304	360
305	540
306	720
307	480
308	720
309	240
310	840
311	240
312	780
313	1200
314	420
315	420
316	360
317	360
318	240
319	660
320	720
321	600
322	540
323	840
324	780
325	1020
326	660
327	720
328	660
329	360
330	720
331	360
332	780
333	840
334	780
335	360
336	600
337	420
338	420
339	660
340	300
341	480
342	360
343	720
344	240
345	360
346	1080
347	480
348	480
349	900
350	600
351	600
352	240
353	660
354	720
355	300
356	1080
357	720
358	720
359	720
360	900
361	540
362	540
363	360
364	720
365	300
366	420
367	840
368	600
369	1020
370	720
371	480
372	660
373	900
374	540
375	660
376	600
377	660
378	720
379	780
380	480
381	900
382	240
383	720
384	540
385	720
386	420
387	660
388	840
389	360
390	540
391	720
392	780
393	780
394	780
395	540
396	540
397	360
398	660
399	360
400	480
401	1260
402	420
403	540
404	600
405	420
406	720
407	360
408	840
409	600
410	300
411	780
412	360
413	720
414	420
415	900
416	720
417	600
418	660
419	720
420	660
421	720
422	1080
423	660
424	600
425	660
426	480
427	300
428	780
429	1260
430	240
431	900
432	360
433	600
434	720
435	240
436	1020
437	540
438	480
439	660
440	780
441	480
442	720
443	300
444	660
445	720
446	240
447	720
448	420
449	420
450	540
451	420
452	780
453	420
454	720
455	660
456	300
457	600
458	480
459	540
460	660
461	1020
462	840
463	720
464	540
465	780
466	600
467	720
468	660
469	540
470	240
471	780
472	480
473	1020
474	540
475	720
476	600
477	240
478	420
479	780
480	1020
481	660
482	480
483	840
484	600
485	900
486	540
487	540
488	600
489	720
490	600
491	540
492	480
493	780
494	420
495	600
496	420
497	720
498	240
499	780
500	840
501	360
502	780
503	480
504	540
505	360
506	300
507	1020
508	540
509	540
510	420
511	1020
512	780
513	540
514	540
515	240
516	600
517	540
518	660
519	780
520	360
521	720
522	300
523	780
524	600
525	780
526	660
527	300
528	840
529	240
530	480
531	300
532	540
533	300
534	420
535	600
536	1080
537	540
538	540
539	600
540	480
541	840
542	600
543	1020
544	780
545	420
546	540
547	840
548	360
549	600
550	660
551	720
552	360
553	900
554	840
555	360
556	720
557	660
558	300
559	960
560	480
561	360
562	420
563	540
564	480
565	780
566	720
567	780
568	660
569	720
570	660
571	480
572	540
573	780
574	480
575	1020
576	1740
577	840
578	540
579	1080
580	660
581	540
582	900
583	540
584	780
585	720
586	660
587	660
588	540
589	360
590	240
591	480
592	600
593	600
594	840
595	600
596	660
597	480
598	300
599	480
600	780
601	900
602	780
603	300
604	660
605	840
606	660
607	300
608	660
609	300
610	1260
611	660
612	300
613	780
614	720
615	780
616	600
617	480
618	480
619	540
620	600
621	660
622	540
623	780
624	240
625	420
626	660
627	660
628	360
629	660
630	420
631	300
632	360
633	360
634	720
635	660
636	600
637	540
638	780
639	420
640	660
641	600
642	780
643	780
644	300
645	660
646	300
647	600
648	720
649	600
650	1200
651	660
652	600
653	660
654	540
655	1260
656	660
657	300
658	600
659	600
660	420
661	720
662	720
663	540
664	600
665	540
666	600
667	360
668	420
669	660
670	660
671	240
672	780
673	660
674	600
675	1020
676	720
677	600
678	300
679	420
680	420
681	660
682	660
683	600
684	720
685	780
686	660
687	420
688	660
689	300
690	300
691	540
692	960
693	480
694	420
695	780
696	780
697	780
698	600
699	480
700	660
701	540
702	960
703	720
704	960
705	900
706	660
707	540
708	300
709	600
710	780
711	840
712	840
713	540
714	600
715	360
716	600
717	600
718	600
719	300
720	300
721	780
722	1020
723	1020
724	480
725	840
726	720
727	420
728	600
729	600
730	420
731	420
732	420
733	780
734	540
735	420
736	540
737	660
738	420
739	240
740	840
741	300
742	360
743	840
744	600
745	360
746	600
747	660
748	900
749	420
750	300
751	480
752	300
753	600
754	480
755	600
756	660
757	960
758	660
759	720
760	300
761	900
762	720
763	780
764	540
765	660
766	540
767	420
768	240
769	1020
770	300
771	600
772	360
773	840
774	660
775	420
776	480
777	660
778	720
779	300
780	600
781	300
782	600
783	960
784	240
785	660
786	840
787	300
788	360
789	540
790	360
791	480
792	720
793	360
794	540
795	540
796	780
797	660
TIME_WINDOW_SECTION
1	0	41340
2	12600	19800
3	19800	27000
4	16200	23400
5	9000	16200
6	12600	19800
7	16200	23400
8	14400	34200
9	14400	33300
10	14400	34200
11	14400	34200
12	14400	34200
13	12600	19800
14	19800	27000
15	23400	30600
16	27000	34200
17	12600	18900
18	9000	16200
19	12600	19800
20	16200	23400
21	16200	23400
22	9000	16200
23	14400	34200
24	16200	23400
25	14400	34200
26	19800	27000
27	14400	34200
28	14400	33300
29	12600	19800
30	19800	27000
31	16200	23400
32	9000	15300
33	14400	34200
34	19800	27000
35	12600	19800
36	19800	27000
37	9000	16200
38	9000	16200
39	9000	16200
40	12600	19800
41	27000	33300
42	9000	16200
43	19800	27000
44	16200	23400
45	12600	19800
46	12600	19800
47	14400	34200
48	9000	16200
49	23400	30600
50	14400	34200
51	16200	23400
52	12600	19800
53	9000	16200
54	19800	27000
55	14400	34200
56	23400	30600
57	16200	23400
58	16200	23400
59	12600	19800
60	9000	16200
61	19800	27000
62	14400	34200
63	19800	27000
64	19800	27000
65	14400	33300
66	9000	16200
67	16200	23400
68	12600	19800
69	9000	16200
70	14400	34200
71	27000	34200
72	9000	16200
73	19800	27000
74	9000	16200
75	16200	23400
76	16200	23400
77	23400	30600
78	12600	18900
79	9000	16200
80	16200	23400
81	19800	27000
82	14400	33300
83	12600	19800
84	9000	15300
85	12600	19800
86	19800	27000
87	19800	27000
88	12600	19800
89	9000	16200
90	12600	18900
91	9000	16200
92	19800	27000
93	10800	34200
94	12600	19800
95	12600	19800
96	14400	34200
97	16200	23400
98	14400	34200
99	19800	27000
100	16200	23400
101	14400	34200
102	9000	16200
103	23400	30600
104	9000	16200
105	14400	34200
106	12600	19800
107	16200	23400
108	9000	16200
109	14400	34200
110	12600	19800
111	16200	22440
112	16200	23400
113	14400	34200
114	19800	27000
115	16200	23400
116	12600	19800
117	14400	34200
118	16200	23400
119	19800	27000
120	12600	19800
121	12600	19800
122	16200	22500
123	14400	34200
124	27000	34200
125	14400	34200
126	16200	22500
127	12600	18900
128	12600	19800
129	27000	33300
130	12600	19800
131	9000	16200
132	12600	19800
133	12600	19800
134	9000	16200
135	9000	16200
136	12600	19800
137	16200	23400
138	16200	23400
139	19800	27000
140	19800	27000
141	12600	18900
142	9000	16200
143	9000	15300
144	14400	34200
145	16200	23400
146	12600	19800
147	14400	34200
148	12600	19800
149	9000	16200
150	16200	23400
151	14400	34200
152	16200	23400
153	16200	23400
154	9000	16200
155	16200	23400
156	16200	23400
157	14400	34200
158	14400	34200
159	9000	16200
160	19800	27000
161	16200	23400
162	27000	34200
163	14400	34200
164	14400	34200
165	23400	30600
166	9000	16200
167	14400	34200
168	19800	27000
169	9000	16200
170	9000	15300
171	9000	16200
172	14400	34200
173	19800	27000
174	14400	34200
175	14400	34200
176	19800	27000
177	27000	33300
178	9000	16200
179	9000	16200
180	9000	16200
181	9000	16200
182	12600	19800
183	12600	19800
184	23400	30600
185	16200	23400
186	14400	34200
187	9000	16200
188	19800	27000
189	12600	19800
190	14400	33300
191	14400	34200
192	16200	23400
193	14400	34200
194	9000	16200
195	12600	19800
196	14400	33300
197	16200	23400
198	14400	34200
199	9000	16200
200	23400	30600
201	9000	16200
202	14400	34200
203	16200	23400
204	14400	34200
205	12600	19800
206	19800	27000
207	27000	34200
208	12600	19800
209	14400	34200
210	16200	23400
211	14400	34200
212	12600	19800
213	9000	16200
214	14400	34200
215	12600	19800
216	16200	23400
217	9000	16200
218	9000	16200
219	9000	16200
220	9000	16200
221	16200	23400
222	12600	19800
223	27000	34200
224	14400	34200
225	9000	16200
226	19800	27000
227	14400	34200
228	23400	30600
229	12600	19800
230	14400	33300
231	19800	27000
232	12600	19800
233	16200	22500
234	12600	19800
235	19800	27000
236	12600	19800
237	12600	19800
238	9000	16200
239	19800	27000
240	12600	19800
241	12600	19800
242	12600	19800
243	16200	23400
244	14400	34200
245	16200	23400
246	14400	34200
247	12600	19800
248	16200	23400
249	19800	27000
250	14400	34200
251	16200	23400
252	14400	34200
253	14400	33300
254	16200	23400
255	14400	34200
256	14400	34200
257	19800	27000
258	16200	23400
259	14400	34200
260	14400	34200
261	16200	22500
262	16200	23400
263	9000	16200
264	16200	23400
265	14400	34200
266	14400	34200
267	14400	34200
268	12600	18900
269	14400	34200
270	14400	34200
271	12600	19800
272	16200	23400
273	19800	27000
274	9000	15300
275	14400	34200
276	16200	23400
277	9000	16200
278	14400	34200
279	12600	18900
280	16200	23400
281	9000	16200
282	16200	23400
283	19800	27000
284	19800	27000
285	16200	23400
286	16200	23400
287	9000	16200
288	14400	33300
289	14400	34200
290	9000	16200
291	14400	34200
292	14400	33300
293	16200	23400
294	14400	34200
295	12600	19800
296	14400	34200
297	14400	34200
298	12600	19800
299	9000	16200
300	14400	34200
301	16200	23400
302	16200	23400
303	14400	33300
304	14400	34200
305	14400	33300
306	14400	34200
307	9000	16200
308	14400	34200
309	14400	34200
310	16200	23400
311	16200	23400
312	23400	30600
313	16200	22500
314	16200	23400
315	9000	16200
316	16200	23400
317	14400	34200
318	14400	33300
319	12600	19800
320	12600	19800
321	19800	27000
322	14400	33300
323	12600	19800
324	23400	29700
325	19800	27000
326	14400	34200
327	9000	16200
328	14400	34200
329	9000	16200
330	23400	30600
331	27000	34200
332	23400	30600
333	12600	18900
334	23400	29700
335	27000	34200
336	14400	34200
337	14400	33300
338	16200	22500
339	12600	19800
340	19800	27000
341	12600	19800
342	12600	19800
343	23400	30600
344	19800	27000
345	14400	34200
346	14400	34200
347	9000	16200
348	19800	27000
349	9000	16200
350	14400	34200
351	16200	23400
352	9000	16200
353	19800	27000
354	14400	34200
355	14400	33300
356	12600	18900
357	16200	23400
358	9000	16200
359	14400	33300
360	19800	27000
361	19800	27000
362	9000	16200
363	27000	34200
364	12600	19800
365	19800	27000
366	14400	34200
367	16200	23400
368	12600	19800
369	23400	30600
370	19800	27000
371	19800	27000
372	19800	27000
373	14400	34200
374	9000	16200
375	10800	34200
376	9000	16200
377	14400	34200
378	27000	33300
379	16200	23400
380	14400	34200
381	14400	33300
382	16200	23400
383	16200	23400
384	14400	33300
385	23400	30600
386	12600	19800
387	12600	19800
388	19800	27000
389	9000	16200
390	16200	23400
391	16200	23400
392	14400	34200
393	12600	19800
394	16200	23400
395	16200	23400
396	14400	34200
397	19800	27000
398	16200	23400
399	14400	33300
400	14400	34200
401	14400	34200
402	12600	19800
403	12600	18900
404	12600	19800
405	12600	19800
406	14400	33300
407	12600	19800
408	16200	23400
409	19800	27000
410	14400	34200
411	14400	34200
412	16200	23400
413	14400	34200
414	23400	30600
415	12600	18900
416	14400	33300
417	19800	27000
418	23400	30600
419	27000	34200
420	14400	33300
421	12600	19800
422	16200	23400
423	23400	30600
424	12600	19800
425	19800	27000
426	12600	19800
427	14400	34200
428	16200	23400
429	14400	33300
430	23400	29700
431	14400	34200
432	12600	19800
433	23400	30600
434	16200	23400
435	12600	19800
436	12600	19800
437	14400	34200
438	27000	34200
439	12600	19800
440	19800	27000
441	14400	33300
442	16200	23400
443	14400	34200
444	12600	19800
445	12600	19800
446	19800	27000
447	19800	27000
448	16200	23400
449	12600	19800
450	14400	34200
451	12600	19800
452	27000	34200
453	14400	34200
454	14400	33300
455	23400	30600
456	16200	23400
457	19800	27000
458	16200	23400
459	19800	27000
460	19800	27000
461	19800	27000
462	12600	18900
463	16200	23400
464	16200	23400
465	14400	33300
466	27000	34200
467	14400	34200
468	16200	23400
469	14400	34200
470	14400	33300
471	12600	19800
472	12600	19800
473	12600	19800
474	23400	30600
475	27000	34200
476	27000	33300
477	27000	34200
478	14400	33300
479	23400	30600
480	23400	29700
481	14400	34200
482	14400	34200
483	19800	27000
484	27000	33300
485	12600	19800
486	16200	23400
487	16200	23400
488	16200	23400
489	14400	34200
490	16200	23400
491	12600	19800
492	27000	33300
493	16200	23400
494	16200	23400
495	19800	27000
496	14400	34200
497	19800	27000
498	14400	34200
499	23400	30600
500	27000	34200
501	23400	30600
502	14400	34200
503	14400	34200
504	23400	30600
505	14400	34200
506	14400	34200
507	14400	34200
508	16200	23400
509	14400	34200
510	14400	33300
511	16200	23400
512	10800	34200
513	14400	34200
514	14400	34200
515	16200	23400
516	14400	34200
517	14400	34200
518	12600	19800
519	14400	34200
520	16200	23400
521	16200	23400
522	12600	19800
523	23400	30600
524	12600	19800
525	16200	23400
526	12600	19800
527	12600	19800
528	12600	19800
529	14400	34200
530	14400	34200
531	14400	33300
532	16200	23400
533	14400	34200
534	19800	27000
535	19800	27000
536	12600	19800
537	23400	30600
538	14400	34200
539	14400	33300
540	12600	19800
541	14400	34200
542	23400	30600
543	19800	27000
544	19800	27000
545	14400	33300
546	14400	34200
547	27000	33300
548	14400	34200
549	12600	19800
550	14400	34200
551	16200	23400
552	19800	27000
553	14400	34200
554	14400	34200
555	16200	22440
556	16200	23400
557	16200	23400
558	14400	34200
559	16200	23400
560	16200	22500
561	19800	27000
562	19800	27000
563	19800	27000
564	27000	34200
565	23400	30600
566	23400	30600
567	27000	34200
568	16200	23400
569	16200	23400
570	10800	34200
571	16200	22500
572	14400	34200
573	19800	27000
574	14400	34200
575	16200	23400
576	14400	33300
577	14400	34200
578	16200	23400
579	16200	23400
580	19800	27000
581	19800	27000
582	16200	23400
583	14400	34200
584	16200	23400
585	19800	27000
586	16200	23400
587	16200	23400
588	16200	23400
589	16200	23400
590	14400	33300
591	23400	30600
592	14400	34200
593	10800	34200
594	27000	33300
595	19800	27000
596	19800	27000
597	19800	27000
598	19800	26100
599	14400	34200
600	14400	34200
601	19800	27000
602	27000	33300
603	14400	33300
604	23400	30600
605	16200	23400
606	23400	30600
607	23400	30600
608	16200	23400
609	14400	34200
610	10800	34200
611	19800	27000
612	16200	23400
613	14400	33300
614	14400	34200
615	14400	34200
616	14400	34200
617	14400	33300
618	14400	34200
619	16200	23400
620	14400	34200
621	19800	27000
622	14400	34200
623	19800	27000
624	14400	34200
625	27000	34200
626	16200	23400
627	19800	27000
628	16200	23400
629	16200	23400
630	14400	34200
631	14400	34200
632	27000	34200
633	27000	34200
634	14400	33300
635	16200	23400
636	19800	27000
637	14400	34200
638	14400	33300
639	14400	34200
640	14400	34200
641	16200	23400
642	23400	30600
643	14400	33300
644	14400	34200
645	19800	27000
646	16200	23400
647	14400	33300
648	16200	23400
649	23400	30600
650	27000	34200
651	23400	30600
652	19800	27000
653	14400	34200
654	14400	34200
655	14400	34200
656	14400	33300
657	23400	30600
658	19800	27000
659	14400	34200
660	14400	34200
661	27000	34200
662	14400	34200
663	14400	34200
664	23400	30600
665	27000	34200
666	16200	23400
667	14400	34200
668	14400	34200
669	23400	30600
670	16200	23400
671	14400	33300
672	14400	33300
673	14400	34200
674	19800	27000
675	19800	27000
676	16200	23400
677	14400	34200
678	14400	34200
679	10800	34200
680	27000	34200
681	19800	27000
682	14400	34200
683	14400	34200
684	23400	30600
685	14400	33300
686	19800	27000
687	27000	33300
688	14400	33300
689	14400	34200
690	19800	27000
691	14400	34200
692	23400	30600
693	14400	33300
694	14400	34200
695	19800	27000
696	14400	34200
697	14400	33300
698	14400	34200
699	19800	27000
700	14400	34200
701	14400	34200
702	23400	30600
703	14400	33300
704	14400	34200
705	23400	30600
706	19800	27000
707	19800	27000
708	27000	34200
709	14400	34200
710	19800	27000
711	14400	34200
712	14400	34200
713	27000	34200
714	27000	34200
715	14400	33300
716	19800	27000
717	14400	34200
718	14400	34200
719	23400	30600
720	19800	27000
721	27000	33300
722	14400	34200
723	14400	34200
724	19800	27000
725	14400	33300
726	27000	33300
727	14400	34200
728	14400	34200
729	23400	30600
730	14400	33300
731	14400	34200
732	14400	34200
733	14400	34200
734	14400	33300
735	23400	30600
736	14400	34200
737	23400	30600
738	14400	34200
739	19800	27000
740	14400	34200
741	19800	27000
742	27000	34200
743	23400	29700
744	14400	34200
745	14400	34200
746	19800	27000
747	19800	27000
748	14400	34200
749	14400	34200
750	27000	34200
751	14400	34200
752	14400	34200
753	14400	33300
754	14400	34200
755	14400	33300
756	14400	33300
757	14400	34200
758	19800	27000
759	14400	33300
760	14400	33300
761	14400	34200
762	19800	27000
763	14400	34200
764	14400	34200
765	14400	33300
766	14400	33300
767	23400	30600
768	14400	33300
769	14400	33300
770	14400	34200
771	10800	34200
772	14400	33300
773	14400	34200
774	14400	33300
775	14400	34200
776	23400	29700
777	14400	34200
778	14400	34200
779	14400	34200
780	14400	33300
781	23400	30600
782	14400	34200
783	23400	30600
784	14400	34200
785	23400	30600
786	23400	30600
787	14400	34200
788	14400	34200
789	14400	33300
790	14400	34200
791	14400	33300
792	14400	34200
793	14400	34200
794	14400	34200
795	27000	33300
796	14400	34200
797	27000	33300
RELEASE_TIME_SECTION
1	0
2	9000
3	9000
4	9000
5	9000
6	9000
7	9000
8	9000
9	9000
10	9000
11	9000
12	9000
13	9000
14	9000
15	9000
16	9000
17	9000
18	9000
19	9000
20	9000
21	9000
22	9000
23	9000
24	9000
25	9000
26	9000
27	9000
28	9000
29	9000
30	9000
31	9000
32	9000
33	9000
34	9000
35	9000
36	9000
37	9000
38	9000
39	9000
40	9000
41	9000
42	9000
43	9000
44	9000
45	9000
46	9000
47	9000
48	9000
49	9000
50	9000
51	9000
52	9000
53	9000
54	9000
55	9000
56	9000
57	9000
58	9000
59	9000
60	9000
61	9000
62	9000
63	9000
64	9000
65	9000
66	9000
67	9000
68	9000
69	9000
70	9000
71	9000
72	9000
73	9000
74	9000
75	9000
76	9000
77	9000
78	9000
79	9000
80	9000
81	9000
82	9000
83	9000
84	9000
85	9000
86	9000
87	9000
88	9000
89	9000
90	9000
91	9000
92	9000
93	9000
94	9000
95	9000
96	9000
97	9000
98	9000
99	9000
100	9000
101	9000
102	10800
103	10800
104	10800
105	10800
106	10800
107	10800
108	10800
109	10800
110	10800
111	10800
112	10800
113	10800
114	10800
115	10800
116	10800
117	10800
118	10800
119	10800
120	10800
121	10800
122	10800
123	10800
124	10800
125	10800
126	10800
127	10800
128	10800
129	10800
130	10800
131	10800
132	10800
133	10800
134	10800
135	10800
136	10800
137	10800
138	10800
139	10800
140	10800
141	10800
142	10800
143	10800
144	10800
145	10800
146	10800
147	10800
148	10800
149	10800
150	10800
151	10800
152	10800
153	10800
154	10800
155	10800
156	10800
157	10800
158	10800
159	10800
160	10800
161	10800
162	10800
163	10800
164	10800
165	10800
166	10800
167	10800
168	10800
169	10800
170	10800
171	10800
172	10800
173	10800
174	10800
175	10800
176	10800
177	10800
178	10800
179	10800
180	10800
181	10800
182	10800
183	10800
184	10800
185	10800
186	10800
187	10800
188	10800
189	10800
190	10800
191	10800
192	10800
193	10800
194	10800
195	10800
196	10800
197	10800
198	10800
199	10800
200	10800
201	10800
202	12600
203	12600
204	12600
205	12600
206	12600
207	12600
208	12600
209	12600
210	12600
211	12600
212	12600
213	12600
214	12600
215	12600
216	12600
217	12600
218	12600
219	12600
220	12600
221	12600
222	12600
223	12600
224	12600
225	12600
226	12600
227	12600
228	12600
229	12600
230	12600
231	12600
232	12600
233	12600
234	12600
235	12600
236	12600
237	12600
238	12600
239	12600
240	12600
241	12600
242	12600
243	12600
244	12600
245	12600
246	12600
247	12600
248	12600
249	12600
250	12600
251	12600
252	12600
253	12600
254	12600
255	12600
256	12600
257	12600
258	12600
259	12600
260	12600
261	12600
262	12600
263	12600
264	12600
265	12600
266	12600
267	12600
268	12600
269	12600
270	12600
271	12600
272	12600
273	12600
274	12600
275	12600
276	12600
277	12600
278	12600
279	12600
280	12600
281	12600
282	12600
283	12600
284	12600
285	12600
286	12600
287	12600
288	12600
289	12600
290	12600
291	12600
292	12600
293	12600
294	12600
295	12600
296	12600
297	12600
298	12600
299	12600
300	12600
301	12600
302	14400
303	14400
304	14400
305	14400
306	14400
307	14400
308	14400
309	14400
310	14400
311	14400
312	14400
313	14400
314	14400
315	14400
316	14400
317	14400
318	14400
319	14400
320	14400
321	14400
322	14400
323	14400
324	14400
325	14400
326	14400
327	14400
328	14400
329	14400
330	14400
331	14400
332	14400
333	14400
334	14400
335	14400
336	14400
337	14400
338	14400
339	14400
340	14400
341	14400
342	14400
343	14400
344	14400
345	14400
346	14400
347	14400
348	14400
349	14400
350	14400
351	14400
352	14400
353	14400
354	14400
355	14400
356	14400
357	14400
358	14400
359	14400
360	14400
361	14400
362	14400
363	14400
364	14400
365	14400
366	14400
367	14400
368	14400
369	14400
370	14400
371	14400
372	14400
373	14400
374	14400
375	14400
376	14400
377	14400
378	14400
379	14400
380	14400
381	14400
382	14400
383	14400
384	14400
385	14400
386	14400
387	14400
388	14400
389	14400
390	14400
391	14400
392	14400
393	14400
394	16200
395	16200
396	16200
397	16200
398	16200
399	16200
400	16200
401	16200
402	16200
403	16200
404	16200
405	16200
406	16200
407	16200
408	16200
409	16200
410	16200
411	16200
412	16200
413	16200
414	16200
415	16200
416	16200
417	16200
418	16200
419	16200
420	16200
421	16200
422	16200
423	16200
424	16200
425	16200
426	16200
427	16200
428	16200
429	16200
430	16200
431	16200
432	16200
433	16200
434	16200
435	16200
436	16200
437	16200
438	16200
439	16200
440	16200
441	16200
442	16200
443	16200
444	16200
445	16200
446	16200
447	16200
448	16200
449	16200
450	16200
451	16200
452	16200
453	16200
454	16200
455	16200
456	16200
457	16200
458	16200
459	16200
460	16200
461	16200
462	16200
463	16200
464	16200
465	16200
466	16200
467	16200
468	16200
469	16200
470	16200
471	16200
472	16200
473	16200
474	16200
475	16200
476	16200
477	18000
478	18000
479	18000
480	18000
481	18000
482	18000
483	18000
484	18000
485	18000
486	18000
487	18000
488	18000
489	18000
490	18000
491	18000
492	18000
493	18000
494	18000
495	18000
496	18000
497	18000
498	18000
499	18000
500	18000
501	18000
502	18000
503	18000
504	18000
505	18000
506	18000
507	18000
508	18000
509	18000
510	18000
511	18000
512	18000
513	18000
514	18000
515	18000
516	18000
517	18000
518	18000
519	18000
520	18000
521	18000
522	18000
523	18000
524	18000
525	18000
526	18000
527	18000
528	18000
529	18000
530	18000
531	18000
532	18000
533	18000
534	18000
535	18000
536	18000
537	18000
538	18000
539	18000
540	18000
541	18000
542	18000
543	18000
544	18000
545	18000
546	18000
547	18000
548	18000
549	18000
550	18000
551	18000
552	18000
553	18000
554	18000
555	18000
556	19800
557	19800
558	19800
559	19800
560	19800
561	19800
562	19800
563	19800
564	19800
565	19800
566	19800
567	19800
568	19800
569	19800
570	19800
571	19800
572	19800
573	19800
574	19800
575	19800
576	19800
577	19800
578	19800
579	19800
580	19800
581	19800
582	19800
583	19800
584	19800
585	19800
586	19800
587	19800
588	19800
589	19800
590	19800
591	19800
592	19800
593	19800
594	19800
595	19800
596	19800
597	19800
598	19800
599	19800
600	19800
601	19800
602	19800
603	19800
604	19800
605	19800
606	19800
607	19800
608	19800
609	19800
610	19800
611	19800
612	19800
613	19800
614	19800
615	19800
616	19800
617	19800
618	19800
619	19800
620	19800
621	19800
622	21600
623	21600
624	21600
625	21600
626	21600
627	21600
628	21600
629	21600
630	21600
631	21600
632	21600
633	21600
634	21600
635	21600
636	21600
637	21600
638	21600
639	21600
640	21600
641	21600
642	21600
643	21600
644	21600
645	21600
646	21600
647	21600
648	21600
649	21600
650	21600
651	21600
652	21600
653	21600
654	21600
655	21600
656	21600
657	21600
658	21600
659	21600
660	21600
661	21600
662	21600
663	21600
664	21600
665	21600
666	21600
667	21600
668	21600
669	21600
670	21600
671	21600
672	21600
673	21600
674	21600
675	21600
676	21600
677	23400
678	23400
679	23400
680	23400
681	23400
682	23400
683	23400
684	23400
685	23400
686	23400
687	23400
688	23400
689	23400
690	23400
691	23400
692	23400
693	23400
694	23400
695	23400
696	23400
697	23400
698	23400
699	23400
700	23400
701	23400
702	23400
703	23400
704	23400
705	23400
706	23400
707	23400
708	23400
709	23400
710	23400
711	23400
712	23400
713	23400
714	23400
715	23400
716	23400
717	23400
718	23400
719	23400
720	23400
721	23400
722	23400
723	23400
724	23400
725	23400
726	23400
727	25200
728	25200
729	25200
730	25200
731	25200
732	25200
733	25200
734	25200
735	25200
736	25200
737	25200
738	25200
739	25200
740	25200
741	25200
742	25200
743	25200
744	25200
745	25200
746	25200
747	25200
748	25200
749	25200
750	25200
751	25200
752	25200
753	25200
754	25200
755	25200
756	25200
757	25200
758	25200
759	25200
760	25200
761	25200
762	25200
763	25200
764	25200
765	25200
766	25200
767	27000
768	27000
769	27000
770	27000
771	27000
772	27000
773	27000
774	27000
775	27000
776	27000
777	27000
778	27000
779	27000
780	27000
781	27000
782	27000
783	27000
784	27000
785	27000
786	27000
787	27000
788	27000
789	27000
790	27000
791	27000
792	27000
793	27000
794	27000
795	27000
796	27000
797	27000
EOF
