NAME : ORTEC-VRPTW-ASYM-7f99f05a-d1-n859
TYPE : VRPTW-RT
DIMENSION : 860
EDGE_WEIGHT_TYPE : EUC_2D
CAPACITY : 145
NODE_COORD_SECTION
1	1455	1048
2	2076	2285
3	1612	1852
4	3143	1675
5	738	2455
6	1871	1983
7	2542	2234
8	1552	2144
9	1793	2771
10	1944	2243
11	2422	2043
12	806	1925
13	2868	2032
14	3063	1455
15	3297	1494
16	304	1862
17	2601	1818
18	801	2064
19	0	2208
20	383	2596
21	2703	2208
22	1800	3017
23	2310	2033
24	1547	1952
25	2158	1769
26	2815	1642
27	2672	1966
28	1091	2850
29	3011	2095
30	3097	2110
31	2601	1818
32	489	2377
33	1944	2243
34	3040	2168
35	3127	2042
36	1475	2899
37	3003	1780
38	2902	2117
39	841	2257
40	3028	1526
41	617	2579
42	3134	1424
43	3007	2078
44	2969	2021
45	2801	2561
46	1779	2784
47	1547	1952
48	1292	2184
49	1812	2957
50	611	2152
51	1612	2817
52	3097	2110
53	425	2372
54	2046	3150
55	3180	1966
56	2928	1985
57	1605	2276
58	2081	3086
59	1843	2096
60	1736	1951
61	2312	1600
62	655	1916
63	2499	1889
64	2739	1931
65	643	2457
66	2707	2022
67	3075	2554
68	376	2726
69	2753	1977
70	489	2377
71	1292	2184
72	1805	2073
73	1775	2893
74	617	2579
75	1210	1874
76	3025	1875
77	2622	2110
78	685	2485
79	2703	2208
80	2969	1575
81	2441	1920
82	1891	2901
83	2136	1660
84	3073	2460
85	428	2757
86	3025	1875
87	1905	2013
88	2371	2089
89	2189	3006
90	655	1921
91	315	2705
92	2375	1975
93	2790	2123
94	784	2435
95	1078	2395
96	3016	1837
97	2428	1452
98	2757	2404
99	3366	2617
100	830	2438
101	2448	1967
102	2783	2038
103	178	2341
104	1788	2882
105	2385	2421
106	1405	2275
107	1891	2901
108	2846	1780
109	2506	1607
110	2564	1884
111	376	2726
112	2800	2300
113	3049	1654
114	1639	2844
115	3099	1843
116	1821	2847
117	685	2485
118	3063	1455
119	947	2911
120	1281	1939
121	2612	2050
122	1556	1900
123	1235	2892
124	2438	1955
125	679	2606
126	2890	2000
127	961	2159
128	2737	1919
129	2816	2030
130	1026	2407
131	1821	2847
132	178	2341
133	2815	1642
134	1605	2276
135	2844	2039
136	2353	2459
137	1377	2194
138	442	2717
139	2868	2032
140	3075	2554
141	463	2667
142	2275	2243
143	2571	2114
144	1800	3017
145	1758	2011
146	1905	2013
147	685	2485
148	292	2685
149	1105	1954
150	2202	2965
151	888	2162
152	1891	2901
153	2708	1665
154	2909	1964
155	3247	1561
156	2542	2234
157	2946	2270
158	1820	2719
159	1891	2901
160	2441	1920
161	1227	2153
162	2931	2151
163	2507	1944
164	1783	2783
165	2046	3150
166	2594	1939
167	1055	2769
168	3205	1838
169	3144	2055
170	2291	2244
171	2966	2128
172	1289	3062
173	376	2726
174	784	2435
175	1940	2080
176	2676	1911
177	2432	2002
178	2627	2168
179	575	2321
180	1949	2035
181	2297	2339
182	3063	1455
183	2919	2628
184	611	2152
185	3099	1843
186	480	2045
187	3007	2122
188	1812	2957
189	3028	1526
190	430	2127
191	2422	2043
192	3250	1611
193	1191	2115
194	3097	2110
195	1423	2102
196	1210	1874
197	2972	1777
198	1639	2844
199	2357	2930
200	1521	1974
201	430	2127
202	1505	2975
203	3195	2107
204	1765	1745
205	2326	2294
206	908	2156
207	2910	2180
208	3080	2625
209	2969	2021
210	2703	2208
211	714	2450
212	2969	1575
213	2550	2122
214	490	2076
215	784	2435
216	705	2443
217	2387	1938
218	3030	1405
219	3108	2234
220	2343	2326
221	3035	2111
222	2903	2175
223	2026	2047
224	891	2448
225	1148	2083
226	2577	2047
227	1605	2276
228	284	2722
229	464	2115
230	1269	1894
231	908	2156
232	1101	2430
233	2474	2110
234	1800	3017
235	2903	2175
236	3102	2142
237	2622	2110
238	444	2742
239	801	2064
240	1709	1697
241	2441	1920
242	2910	2180
243	1486	1696
244	2431	2250
245	1078	2395
246	3327	2173
247	2903	2175
248	2385	2421
249	1777	2106
250	3108	2293
251	1337	2990
252	3063	1455
253	1159	1795
254	3007	2078
255	1547	1952
256	3550	2396
257	655	1921
258	2448	1967
259	463	2457
260	2039	3090
261	2428	1452
262	1944	2243
263	523	2091
264	1102	3012
265	1612	2817
266	2612	2050
267	2841	1739
268	1227	2153
269	3035	2111
270	2876	2177
271	2904	1877
272	3144	2055
273	3115	1699
274	2846	1780
275	447	2416
276	1874	2279
277	555	2843
278	3012	1552
279	2210	2423
280	2371	2089
281	3206	1918
282	2773	2141
283	3206	1918
284	1944	2243
285	2506	1607
286	705	2443
287	1551	2268
288	3007	2078
289	1547	1952
290	2039	3090
291	2969	1575
292	1263	2908
293	2625	1849
294	3007	2032
295	1210	1874
296	1745	2943
297	746	2761
298	2816	2030
299	782	2801
300	178	2341
301	936	2352
302	2039	2985
303	2935	2136
304	1134	2772
305	2753	1977
306	3099	1843
307	2500	1848
308	1387	2233
309	2823	1609
310	3016	1837
311	3205	1838
312	2482	2432
313	3035	2111
314	643	2457
315	908	2156
316	1269	1894
317	655	1916
318	2935	2136
319	299	2409
320	3105	2161
321	1293	2139
322	444	2490
323	830	2438
324	467	2264
325	1759	1860
326	292	2685
327	1706	2790
328	1528	1659
329	2428	1452
330	888	2162
331	830	2438
332	1736	1951
333	2737	1919
334	2609	1692
335	2168	2509
336	2652	1953
337	1320	2376
338	3014	2013
339	3190	1919
340	439	2439
341	1269	1894
342	2817	1776
343	719	2528
344	746	2431
345	3291	2599
346	2364	1938
347	444	2490
348	2081	3086
349	3190	1919
350	2866	2034
351	2946	2270
352	1650	2043
353	2499	1889
354	3073	2460
355	3293	1551
356	2868	2032
357	2571	2114
358	2497	2173
359	2917	2029
360	912	2446
361	801	2064
362	2326	2294
363	611	2152
364	3032	1959
365	2482	2062
366	3055	2195
367	2019	2401
368	1387	2233
369	2904	1877
370	1634	2329
371	1292	2184
372	1551	2268
373	1242	1985
374	616	2066
375	423	2805
376	1774	1961
377	2244	2417
378	1853	2956
379	1362	2322
380	2098	2337
381	1134	2772
382	2928	1985
383	1812	2249
384	1101	2430
385	2098	2337
386	2707	2022
387	2589	2018
388	3049	1654
389	299	2409
390	1649	1943
391	2079	1968
392	1736	1951
393	1556	1900
394	2499	1889
395	1805	2073
396	2577	2047
397	3262	1749
398	2680	1809
399	3195	2107
400	2417	1559
401	2459	1879
402	2499	1889
403	3247	1561
404	522	2798
405	3022	2689
406	1552	2144
407	3262	1749
408	334	2545
409	2168	2509
410	2136	1660
411	2591	1320
412	1475	2899
413	865	2349
414	1134	2772
415	446	2401
416	2422	2043
417	2550	2122
418	1120	2509
419	1793	2771
420	2387	1938
421	3213	1383
422	3633	2420
423	2459	1879
424	702	1838
425	1879	2661
426	888	2162
427	2952	1458
428	598	2607
429	2019	2401
430	1639	2844
431	3314	1372
432	464	2115
433	2274	1741
434	1164	2913
435	1689	1977
436	2482	2432
437	1218	2169
438	2736	1861
439	3063	1455
440	1018	2950
441	1388	1808
442	292	2685
443	3012	1552
444	1387	2233
445	3062	2167
446	2942	1528
447	2355	1975
448	3028	1526
449	3090	2217
450	1130	2354
451	1078	2395
452	3011	2095
453	2158	1769
454	865	2349
455	178	2341
456	2679	1831
457	1793	2771
458	3134	1424
459	1388	1808
460	1248	2200
461	1650	2043
462	2296	2228
463	463	2667
464	1365	2268
465	1175	1818
466	2291	2244
467	2825	1718
468	2933	2102
469	964	2432
470	3250	1611
471	642	2353
472	2826	1631
473	2684	1814
474	2459	1879
475	2926	2240
476	2882	1683
477	2949	1848
478	945	2490
479	3030	1405
480	3065	1997
481	2770	1818
482	2652	1953
483	1248	2200
484	2644	1955
485	2679	1831
486	3247	1561
487	477	2859
488	1220	2224
489	1388	1808
490	3049	1654
491	2296	2228
492	3231	1680
493	2601	1818
494	1249	2891
495	2882	1683
496	1242	1985
497	2787	2283
498	3327	2173
499	2315	1907
500	2357	2930
501	464	2745
502	2417	1559
503	2750	1538
504	2275	1639
505	2686	1961
506	1552	2144
507	2746	2488
508	3154	2201
509	3062	2167
510	2422	2043
511	2910	2180
512	304	1862
513	1548	1892
514	2826	1631
515	2868	2032
516	2816	2030
517	1783	2783
518	1388	1808
519	1105	1954
520	2606	2083
521	2625	1849
522	299	2409
523	1649	1943
524	489	2377
525	3075	2554
526	2842	2185
527	178	2341
528	1779	2784
529	2831	1655
530	2158	1769
531	3234	2096
532	1874	2279
533	3262	1749
534	2706	2243
535	2371	2089
536	3213	1383
537	2081	3086
538	2800	1762
539	611	2152
540	2353	2459
541	1871	1983
542	345	2838
543	2817	1776
544	1101	2430
545	2888	1729
546	3075	2554
547	3250	1611
548	2482	2062
549	2542	2234
550	1777	2106
551	2219	2252
552	3040	2168
553	2606	1559
554	3633	2420
555	383	2596
556	1843	2096
557	2417	1925
558	2365	1608
559	2312	1600
560	1365	2268
561	746	2431
562	2343	2326
563	463	2457
564	2482	2432
565	616	2066
566	1548	1892
567	2098	2337
568	3040	2168
569	2739	1931
570	3212	1628
571	2882	1683
572	2312	1600
573	1269	1894
574	2868	2032
575	1289	3062
576	2428	1452
577	1688	2799
578	2614	2348
579	2591	1320
580	3039	1558
581	698	2410
582	3297	1494
583	1528	1659
584	2312	1600
585	3247	1561
586	2219	2252
587	1875	1842
588	1424	1770
589	1191	2115
590	2026	2047
591	2888	1729
592	446	2401
593	2364	1938
594	1227	2153
595	1244	2766
596	3319	1532
597	2189	3006
598	3094	1879
599	402	2445
600	3206	1918
601	598	2607
602	442	2717
603	430	2127
604	369	2436
605	746	2431
606	2428	1452
607	2606	1559
608	3003	1780
609	2385	2421
610	1105	1954
611	524	2480
612	1424	1770
613	1120	2509
614	1144	2023
615	2456	1981
616	2679	1831
617	3064	1691
618	1175	1818
619	2506	1607
620	2315	1907
621	738	2455
622	3094	1879
623	480	2045
624	3045	1972
625	1566	1930
626	617	2579
627	1191	2115
628	2998	2025
629	1248	2200
630	3064	1691
631	1081	2912
632	616	2066
633	2542	2234
634	865	2349
635	2417	1925
636	2783	2038
637	3032	1959
638	1486	1696
639	3007	2032
640	3262	1749
641	3052	1976
642	594	2565
643	1405	2017
644	2676	1911
645	655	1921
646	3171	2588
647	3633	2420
648	2219	2252
649	480	2045
650	2606	2083
651	1758	2011
652	2622	2110
653	2989	2151
654	2866	2034
655	2952	1458
656	464	2745
657	430	2127
658	2292	2885
659	2866	2034
660	2753	1977
661	806	1925
662	2441	1920
663	771	2482
664	719	2528
665	3035	2111
666	2933	2102
667	2922	2094
668	2500	1848
669	2844	1797
670	2355	1975
671	1424	1770
672	1759	1860
673	2994	1948
674	945	2490
675	2877	1574
676	2890	2000
677	477	2859
678	2994	1948
679	178	2341
680	1216	1934
681	2417	1559
682	1055	2769
683	2355	1975
684	961	2159
685	2210	2423
686	2210	2423
687	2589	2018
688	2637	2093
689	1248	2200
690	1783	2783
691	2417	1559
692	1652	2475
693	464	2115
694	1164	2913
695	2746	2488
696	2564	1884
697	2297	2365
698	742	2395
699	3115	1699
700	2942	1528
701	2738	2166
702	1294	1864
703	1242	1985
704	442	2717
705	2737	1919
706	2790	2123
707	1874	2279
708	1294	1864
709	1377	2194
710	220	2586
711	2594	1939
712	2708	1665
713	746	2431
714	2933	2102
715	912	2446
716	3232	2198
717	2652	1953
718	1874	2279
719	1829	1910
720	2676	1911
721	575	2321
722	2903	2175
723	2931	2151
724	1074	2279
725	402	2445
726	1745	2943
727	2474	2110
728	1875	1842
729	2589	2018
730	3049	1654
731	3011	2095
732	1486	1696
733	2564	1884
734	2280	1774
735	1547	1952
736	2846	1780
737	1405	2275
738	2831	1655
739	3012	1552
740	2969	1575
741	2201	1891
742	2013	2047
743	3062	2167
744	3102	2142
745	2746	2488
746	3108	2234
747	2325	2690
748	2614	2348
749	1018	2950
750	2972	1777
751	1293	2139
752	1759	1860
753	1388	1808
754	2926	2240
755	2201	1783
756	3052	1484
757	3633	2420
758	3052	1976
759	2888	1729
760	3067	2028
761	2942	1528
762	1324	1768
763	906	2294
764	2926	2240
765	1263	2908
766	522	2798
767	3496	2423
768	1783	2783
769	3035	2111
770	2969	2021
771	2326	2294
772	714	2450
773	612	2510
774	2275	1639
775	719	2528
776	2296	2228
777	2790	2123
778	1975	2315
779	906	2294
780	1853	2956
781	3448	1599
782	3075	2554
783	3550	2396
784	1829	1910
785	3064	1691
786	524	2480
787	555	2843
788	2975	1979
789	464	2115
790	2076	2285
791	2315	1907
792	714	2450
793	3234	2096
794	3094	1879
795	1543	2036
796	1975	2315
797	961	2159
798	1944	2243
799	3015	2850
800	2312	1600
801	2952	1458
802	3195	2107
803	451	1880
804	612	2510
805	3302	1807
806	1843	2096
807	2422	2043
808	2500	1848
809	2355	1975
810	2590	1917
811	594	2565
812	2441	1920
813	2627	2168
814	868	2682
815	733	2250
816	3002	1516
817	3070	1952
818	3144	2055
819	3154	2201
820	1765	1745
821	3039	2107
822	2136	1660
823	439	2439
824	3045	1878
825	1134	2772
826	1221	2030
827	1879	2661
828	2844	2039
829	2371	2089
830	2678	1991
831	2684	1814
832	1144	2023
833	1639	2844
834	1505	2975
835	3102	2660
836	3177	1416
837	2972	1777
838	2972	1777
839	2637	2093
840	3366	2617
841	908	2156
842	1783	2783
843	2594	1939
844	667	2508
845	2244	2417
846	444	2742
847	2274	1741
848	1891	2901
849	2397	2003
850	1875	1842
851	1229	2957
852	1871	1983
853	1940	2080
854	1081	2912
855	2986	1883
856	1144	2023
857	1805	2073
858	1092	2349
859	1235	2892
860	1210	1874
DEMAND_SECTION
1	0
2	2
3	4
4	8
5	10
6	3
7	5
8	13
9	6
10	6
11	6
12	10
13	3
14	3
15	6
16	6
17	6
18	4
19	6
20	11
21	5
22	7
23	10
24	5
25	8
26	6
27	5
28	4
29	5
30	6
31	16
32	6
33	9
34	3
35	7
36	7
37	5
38	6
39	8
40	4
41	9
42	6
43	9
44	6
45	7
46	8
47	11
48	16
49	4
50	4
51	8
52	7
53	8
54	5
55	6
56	3
57	6
58	4
59	7
60	7
61	8
62	5
63	5
64	10
65	6
66	7
67	6
68	4
69	5
70	4
71	8
72	4
73	5
74	4
75	5
76	9
77	10
78	7
79	4
80	15
81	6
82	4
83	5
84	10
85	4
86	7
87	5
88	9
89	7
90	7
91	7
92	5
93	5
94	7
95	5
96	4
97	7
98	9
99	8
100	9
101	14
102	5
103	9
104	15
105	7
106	7
107	6
108	5
109	7
110	8
111	6
112	4
113	4
114	11
115	3
116	6
117	11
118	9
119	6
120	4
121	8
122	6
123	6
124	4
125	8
126	14
127	3
128	5
129	8
130	10
131	16
132	4
133	4
134	4
135	14
136	5
137	6
138	6
139	12
140	6
141	4
142	6
143	3
144	7
145	6
146	5
147	3
148	6
149	4
150	7
151	3
152	3
153	8
154	5
155	4
156	17
157	6
158	6
159	6
160	10
161	6
162	9
163	9
164	6
165	5
166	6
167	9
168	5
169	7
170	9
171	7
172	2
173	6
174	9
175	5
176	6
177	4
178	7
179	6
180	7
181	4
182	5
183	7
184	6
185	5
186	7
187	4
188	10
189	7
190	6
191	7
192	7
193	8
194	3
195	10
196	5
197	7
198	7
199	3
200	2
201	6
202	6
203	6
204	7
205	10
206	6
207	5
208	6
209	11
210	6
211	7
212	8
213	6
214	8
215	7
216	6
217	10
218	5
219	9
220	3
221	10
222	5
223	5
224	5
225	8
226	6
227	7
228	7
229	4
230	5
231	5
232	10
233	10
234	4
235	6
236	3
237	6
238	8
239	5
240	3
241	7
242	6
243	4
244	10
245	7
246	4
247	6
248	9
249	6
250	4
251	10
252	6
253	4
254	8
255	10
256	5
257	5
258	10
259	4
260	24
261	6
262	3
263	3
264	6
265	6
266	12
267	14
268	6
269	12
270	7
271	7
272	6
273	5
274	8
275	3
276	7
277	9
278	3
279	9
280	4
281	7
282	7
283	6
284	7
285	7
286	7
287	5
288	6
289	4
290	6
291	4
292	3
293	8
294	5
295	4
296	6
297	6
298	14
299	6
300	4
301	4
302	3
303	6
304	4
305	6
306	9
307	5
308	8
309	9
310	6
311	8
312	6
313	5
314	5
315	4
316	5
317	7
318	4
319	4
320	4
321	10
322	5
323	5
324	12
325	14
326	8
327	6
328	3
329	3
330	11
331	4
332	4
333	6
334	5
335	5
336	6
337	5
338	5
339	6
340	12
341	7
342	3
343	5
344	7
345	7
346	4
347	6
348	4
349	4
350	5
351	4
352	5
353	7
354	3
355	4
356	7
357	8
358	8
359	3
360	9
361	7
362	3
363	5
364	6
365	3
366	5
367	6
368	8
369	7
370	4
371	4
372	6
373	8
374	6
375	7
376	6
377	7
378	5
379	13
380	3
381	13
382	7
383	9
384	5
385	13
386	4
387	4
388	4
389	7
390	3
391	7
392	7
393	5
394	4
395	8
396	7
397	9
398	6
399	5
400	8
401	11
402	7
403	6
404	7
405	5
406	7
407	6
408	4
409	10
410	6
411	12
412	5
413	11
414	6
415	7
416	5
417	10
418	6
419	4
420	5
421	5
422	9
423	3
424	7
425	11
426	3
427	7
428	7
429	4
430	8
431	10
432	8
433	5
434	7
435	14
436	5
437	5
438	3
439	3
440	8
441	7
442	6
443	5
444	4
445	3
446	7
447	12
448	6
449	5
450	4
451	7
452	6
453	7
454	3
455	5
456	6
457	3
458	9
459	9
460	4
461	6
462	5
463	5
464	12
465	6
466	5
467	4
468	4
469	6
470	4
471	3
472	8
473	5
474	4
475	6
476	7
477	6
478	9
479	10
480	8
481	4
482	5
483	10
484	9
485	11
486	5
487	4
488	16
489	9
490	7
491	6
492	4
493	9
494	4
495	4
496	11
497	8
498	3
499	4
500	14
501	3
502	10
503	7
504	14
505	4
506	5
507	3
508	4
509	6
510	15
511	6
512	4
513	5
514	7
515	4
516	6
517	3
518	6
519	7
520	5
521	7
522	7
523	7
524	9
525	4
526	9
527	5
528	8
529	5
530	10
531	4
532	4
533	8
534	4
535	3
536	4
537	10
538	4
539	6
540	4
541	5
542	10
543	11
544	3
545	3
546	8
547	10
548	4
549	4
550	3
551	8
552	7
553	5
554	7
555	7
556	5
557	6
558	3
559	6
560	4
561	3
562	8
563	7
564	5
565	5
566	6
567	7
568	6
569	5
570	13
571	8
572	6
573	5
574	7
575	7
576	6
577	8
578	6
579	6
580	8
581	5
582	3
583	3
584	10
585	7
586	3
587	5
588	4
589	10
590	8
591	9
592	3
593	6
594	6
595	4
596	6
597	13
598	7
599	8
600	10
601	8
602	7
603	5
604	10
605	8
606	3
607	4
608	4
609	3
610	6
611	5
612	10
613	7
614	4
615	7
616	3
617	7
618	11
619	4
620	5
621	6
622	2
623	5
624	7
625	7
626	4
627	9
628	7
629	13
630	6
631	13
632	7
633	5
634	2
635	9
636	8
637	8
638	3
639	3
640	4
641	7
642	11
643	5
644	4
645	4
646	9
647	4
648	16
649	3
650	9
651	5
652	6
653	7
654	8
655	6
656	10
657	4
658	12
659	10
660	5
661	5
662	7
663	10
664	4
665	5
666	8
667	3
668	10
669	4
670	7
671	10
672	4
673	7
674	9
675	4
676	5
677	3
678	5
679	5
680	3
681	6
682	3
683	7
684	6
685	5
686	8
687	7
688	9
689	4
690	7
691	5
692	5
693	6
694	5
695	7
696	6
697	7
698	6
699	3
700	6
701	7
702	6
703	3
704	12
705	7
706	12
707	4
708	8
709	5
710	3
711	6
712	5
713	10
714	5
715	5
716	17
717	7
718	5
719	6
720	6
721	4
722	6
723	4
724	3
725	9
726	6
727	4
728	9
729	4
730	5
731	5
732	6
733	24
734	8
735	4
736	7
737	5
738	8
739	3
740	5
741	7
742	4
743	6
744	7
745	9
746	9
747	5
748	4
749	4
750	6
751	6
752	5
753	5
754	7
755	5
756	8
757	7
758	9
759	5
760	8
761	7
762	11
763	11
764	8
765	8
766	5
767	5
768	7
769	5
770	8
771	3
772	6
773	4
774	7
775	6
776	8
777	7
778	5
779	5
780	12
781	6
782	5
783	11
784	5
785	6
786	5
787	4
788	8
789	4
790	5
791	2
792	13
793	10
794	5
795	7
796	15
797	7
798	1
799	6
800	6
801	7
802	15
803	5
804	10
805	7
806	7
807	8
808	13
809	5
810	5
811	4
812	10
813	4
814	5
815	7
816	6
817	16
818	7
819	9
820	11
821	5
822	6
823	4
824	11
825	8
826	6
827	6
828	4
829	3
830	4
831	4
832	4
833	10
834	5
835	6
836	13
837	9
838	3
839	3
840	4
841	6
842	5
843	9
844	7
845	9
846	7
847	6
848	5
849	6
850	6
851	5
852	7
853	3
854	4
855	6
856	6
857	6
858	4
859	6
860	8
DEPOT_SECTION
1
-1
SERVICE_TIME_SECTION
1	0
2	600
3	420
4	360
5	600
6	1020
7	720
8	900
9	720
10	660
11	720
12	360
13	600
14	360
15	840
16	660
17	360
18	360
19	780
20	480
21	780
22	960
23	660
24	840
25	480
26	480
27	1020
28	480
29	720
30	480
31	480
32	300
33	660
34	660
35	780
36	660
37	900
38	540
39	1020
40	660
41	660
42	300
43	840
44	480
45	1380
46	780
47	660
48	660
49	720
50	900
51	960
52	900
53	420
54	720
55	660
56	600
57	480
58	840
59	480
60	840
61	420
62	540
63	600
64	420
65	600
66	960
67	1680
68	480
69	960
70	300
71	1080
72	660
73	540
74	540
75	540
76	360
77	480
78	600
79	420
80	420
81	540
82	420
83	840
84	720
85	540
86	840
87	660
88	240
89	600
90	540
91	540
92	480
93	300
94	600
95	660
96	420
97	420
98	360
99	660
100	300
101	900
102	1260
103	660
104	840
105	840
106	540
107	900
108	660
109	660
110	900
111	540
112	720
113	480
114	540
115	420
116	480
117	540
118	780
119	720
120	360
121	360
122	420
123	660
124	480
125	540
126	660
127	960
128	480
129	660
130	360
131	660
132	480
133	1260
134	780
135	540
136	480
137	660
138	840
139	720
140	660
141	960
142	480
143	420
144	840
145	540
146	720
147	780
148	540
149	420
150	720
151	600
152	720
153	960
154	540
155	360
156	960
157	660
158	660
159	420
160	600
161	780
162	480
163	540
164	840
165	840
166	660
167	840
168	600
169	540
170	480
171	540
172	300
173	420
174	480
175	840
176	660
177	600
178	420
179	900
180	600
181	540
182	540
183	720
184	420
185	1260
186	660
187	600
188	540
189	660
190	600
191	420
192	1020
193	480
194	840
195	420
196	780
197	540
198	600
199	780
200	360
201	360
202	540
203	600
204	540
205	660
206	780
207	240
208	540
209	780
210	660
211	780
212	420
213	540
214	540
215	900
216	540
217	780
218	660
219	480
220	480
221	600
222	360
223	540
224	540
225	720
226	1260
227	1080
228	900
229	180
230	840
231	780
232	540
233	240
234	480
235	300
236	960
237	780
238	540
239	600
240	360
241	660
242	660
243	900
244	420
245	840
246	600
247	780
248	780
249	480
250	540
251	540
252	480
253	360
254	660
255	420
256	420
257	960
258	540
259	660
260	480
261	660
262	540
263	480
264	480
265	540
266	780
267	420
268	480
269	840
270	480
271	780
272	900
273	660
274	480
275	1440
276	960
277	660
278	1140
279	420
280	360
281	600
282	360
283	420
284	960
285	840
286	300
287	720
288	600
289	300
290	600
291	720
292	540
293	480
294	420
295	660
296	540
297	360
298	780
299	540
300	660
301	420
302	420
303	600
304	300
305	420
306	240
307	720
308	480
309	660
310	1080
311	540
312	720
313	660
314	660
315	780
316	780
317	840
318	720
319	480
320	720
321	600
322	600
323	840
324	300
325	660
326	1440
327	840
328	480
329	840
330	360
331	360
332	660
333	1020
334	660
335	420
336	480
337	480
338	420
339	600
340	660
341	480
342	600
343	420
344	420
345	480
346	600
347	780
348	720
349	600
350	600
351	600
352	780
353	660
354	420
355	660
356	360
357	600
358	480
359	540
360	660
361	540
362	840
363	480
364	480
365	600
366	720
367	780
368	840
369	660
370	600
371	660
372	960
373	660
374	420
375	840
376	360
377	360
378	480
379	480
380	600
381	360
382	420
383	420
384	600
385	1080
386	420
387	660
388	420
389	900
390	480
391	300
392	780
393	660
394	420
395	1380
396	660
397	420
398	780
399	900
400	540
401	720
402	420
403	1140
404	480
405	660
406	300
407	1140
408	780
409	480
410	780
411	780
412	900
413	360
414	1320
415	420
416	420
417	600
418	480
419	540
420	600
421	780
422	1260
423	540
424	540
425	960
426	420
427	600
428	540
429	600
430	660
431	540
432	420
433	480
434	540
435	660
436	480
437	420
438	420
439	660
440	720
441	360
442	480
443	420
444	960
445	420
446	600
447	480
448	660
449	480
450	960
451	660
452	960
453	720
454	840
455	540
456	960
457	1200
458	360
459	660
460	900
461	360
462	480
463	720
464	1440
465	1260
466	420
467	600
468	960
469	1020
470	540
471	660
472	540
473	480
474	960
475	720
476	300
477	720
478	660
479	780
480	780
481	1320
482	360
483	720
484	960
485	660
486	840
487	900
488	600
489	1080
490	300
491	600
492	360
493	720
494	780
495	660
496	780
497	660
498	600
499	360
500	1260
501	660
502	900
503	600
504	600
505	420
506	900
507	420
508	600
509	600
510	480
511	900
512	720
513	600
514	900
515	360
516	420
517	480
518	660
519	540
520	480
521	960
522	660
523	600
524	780
525	420
526	540
527	780
528	540
529	660
530	660
531	480
532	660
533	540
534	780
535	420
536	480
537	360
538	840
539	960
540	960
541	540
542	420
543	720
544	540
545	600
546	720
547	780
548	360
549	540
550	720
551	420
552	540
553	780
554	420
555	660
556	300
557	480
558	600
559	660
560	600
561	780
562	660
563	360
564	480
565	540
566	900
567	1020
568	720
569	540
570	660
571	480
572	360
573	600
574	540
575	600
576	480
577	420
578	600
579	660
580	780
581	540
582	1680
583	540
584	600
585	540
586	480
587	660
588	960
589	660
590	480
591	600
592	420
593	780
594	600
595	480
596	840
597	900
598	420
599	660
600	360
601	540
602	360
603	300
604	720
605	360
606	360
607	300
608	600
609	660
610	360
611	480
612	600
613	780
614	540
615	360
616	840
617	540
618	600
619	660
620	600
621	900
622	540
623	480
624	960
625	480
626	600
627	540
628	660
629	540
630	480
631	420
632	300
633	720
634	780
635	840
636	780
637	720
638	1140
639	540
640	420
641	1260
642	300
643	600
644	660
645	660
646	300
647	780
648	420
649	420
650	540
651	480
652	660
653	1140
654	540
655	780
656	780
657	360
658	360
659	420
660	660
661	900
662	540
663	600
664	660
665	660
666	360
667	300
668	660
669	1020
670	600
671	660
672	300
673	660
674	480
675	660
676	480
677	780
678	420
679	660
680	600
681	720
682	540
683	660
684	660
685	900
686	480
687	660
688	600
689	540
690	840
691	720
692	720
693	600
694	720
695	540
696	900
697	600
698	660
699	420
700	600
701	600
702	720
703	600
704	1320
705	600
706	480
707	900
708	1320
709	1260
710	540
711	480
712	840
713	360
714	420
715	960
716	960
717	840
718	300
719	660
720	660
721	900
722	660
723	540
724	600
725	480
726	420
727	540
728	660
729	600
730	420
731	1200
732	600
733	780
734	660
735	1080
736	660
737	420
738	720
739	480
740	780
741	480
742	720
743	360
744	540
745	480
746	420
747	660
748	540
749	960
750	720
751	660
752	600
753	600
754	720
755	420
756	420
757	600
758	300
759	300
760	600
761	480
762	480
763	480
764	600
765	480
766	600
767	720
768	540
769	420
770	780
771	900
772	960
773	540
774	540
775	660
776	360
777	720
778	660
779	660
780	360
781	300
782	480
783	660
784	360
785	600
786	240
787	600
788	1080
789	1200
790	240
791	540
792	1020
793	600
794	660
795	420
796	900
797	540
798	960
799	240
800	660
801	780
802	900
803	660
804	540
805	660
806	540
807	600
808	600
809	840
810	660
811	540
812	1020
813	360
814	360
815	480
816	360
817	300
818	480
819	960
820	360
821	480
822	540
823	360
824	600
825	540
826	300
827	780
828	600
829	540
830	540
831	420
832	600
833	840
834	420
835	480
836	840
837	600
838	360
839	600
840	300
841	720
842	360
843	480
844	1260
845	720
846	720
847	720
848	600
849	540
850	540
851	480
852	660
853	540
854	420
855	600
856	360
857	1020
858	480
859	660
860	660
TIME_WINDOW_SECTION
1	0	45000
2	5400	12600
3	23400	30600
4	12600	19800
5	9000	16200
6	19800	27000
7	19800	27000
8	16200	23400
9	16200	23400
10	23400	30600
11	19800	27000
12	23400	30600
13	7200	30600
14	23400	30600
15	19800	27000
16	12600	19800
17	16200	23400
18	7200	30600
19	16200	23400
20	7200	30600
21	23400	29700
22	23400	30600
23	23400	30600
24	19800	27000
25	19800	27000
26	12600	19800
27	19800	27000
28	5400	12600
29	5400	12600
30	9000	16200
31	12600	19800
32	16200	23400
33	23400	30600
34	16200	23400
35	9000	16200
36	9000	16200
37	9000	16200
38	7200	30600
39	19800	27000
40	5400	12600
41	7200	30600
42	9000	16200
43	23400	29700
44	7200	30600
45	9000	16200
46	9000	16200
47	16200	23400
48	9000	16200
49	12600	19800
50	16200	23400
51	5400	12600
52	7200	30600
53	16200	23400
54	12600	19800
55	5400	12600
56	9000	16200
57	5400	12600
58	12600	19800
59	7200	30600
60	5400	12600
61	23400	30600
62	16200	22440
63	9000	16200
64	7200	30600
65	19800	27000
66	7200	30600
67	19800	27000
68	16200	23400
69	7200	30600
70	16200	23400
71	12600	19800
72	23400	30600
73	7200	29700
74	5400	12600
75	12600	19800
76	12600	19800
77	12600	19800
78	19800	27000
79	23400	29700
80	5400	12600
81	5400	12600
82	19800	27000
83	9000	16200
84	12600	19800
85	16200	23400
86	5400	12600
87	19800	27000
88	7200	30600
89	7200	29700
90	7200	30600
91	19800	27000
92	23400	30600
93	7200	30600
94	7200	30600
95	9000	16200
96	16200	23400
97	12600	19800
98	19800	27000
99	19800	27000
100	7200	30600
101	7200	30600
102	23400	30600
103	19800	27000
104	19800	27000
105	19800	27000
106	5400	11700
107	19800	27000
108	19800	27000
109	16200	23400
110	19800	27000
111	16200	23400
112	23400	30600
113	9000	15300
114	19800	27000
115	16200	23400
116	16200	23400
117	23400	30600
118	16200	23400
119	7200	30600
120	16200	23400
121	12600	19800
122	12600	19800
123	5400	12600
124	19800	27000
125	16200	23400
126	12600	19800
127	16200	23400
128	5400	12600
129	23400	30600
130	23400	30600
131	16200	23400
132	9000	16200
133	23400	30600
134	7200	30600
135	12600	19800
136	9000	16200
137	16200	23400
138	12600	19800
139	23400	30600
140	5400	12600
141	16200	23400
142	7200	30600
143	5400	12600
144	12600	19800
145	23400	30600
146	9000	16200
147	7200	30600
148	16200	23400
149	5400	12600
150	16200	23400
151	23400	30600
152	19800	27000
153	19800	27000
154	9000	16200
155	23400	30600
156	16200	23400
157	9000	15300
158	7200	30600
159	9000	16200
160	19800	27000
161	9000	16200
162	12600	19800
163	9000	16200
164	9000	16200
165	5400	12600
166	19800	27000
167	5400	12600
168	9000	16200
169	5400	12600
170	23400	30600
171	7200	29700
172	12600	18900
173	5400	12600
174	9000	16200
175	9000	15300
176	23400	30600
177	19800	27000
178	23400	30600
179	23400	30600
180	19800	27000
181	12600	19800
182	9000	16200
183	16200	23400
184	19800	27000
185	7200	30600
186	19800	27000
187	5400	12600
188	19800	27000
189	19800	27000
190	19800	27000
191	9000	15300
192	16200	23400
193	5400	12600
194	9000	16200
195	7200	29700
196	7200	30600
197	5400	12600
198	12600	19800
199	19800	27000
200	9000	16200
201	7200	30600
202	9000	16200
203	12600	19800
204	16200	23400
205	23400	30600
206	19800	27000
207	19800	27000
208	7200	30600
209	19800	27000
210	7200	30600
211	7200	30600
212	9000	15300
213	16200	23400
214	7200	29700
215	5400	12600
216	23400	30600
217	7200	30600
218	23400	30600
219	12600	19800
220	9000	16200
221	16200	23400
222	16200	23400
223	12600	19800
224	5400	12600
225	7200	30600
226	19800	27000
227	19800	27000
228	19800	27000
229	9000	16200
230	12600	19800
231	12600	19800
232	23400	30600
233	12600	19800
234	23400	29700
235	9000	16200
236	5400	12600
237	7200	30600
238	9000	16200
239	5400	12600
240	9000	16200
241	19800	27000
242	7200	30600
243	16200	23400
244	5400	12600
245	5400	12600
246	9000	16200
247	9000	16200
248	23400	29700
249	9000	16200
250	16200	23400
251	16200	23400
252	16200	23400
253	5400	12600
254	7200	30600
255	23400	30600
256	16200	23400
257	12600	19800
258	19800	27000
259	9000	15300
260	7200	30600
261	16200	23400
262	9000	16200
263	7200	30600
264	19800	27000
265	16200	23400
266	7200	30600
267	5400	12600
268	16200	23400
269	7200	30600
270	23400	30600
271	5400	12600
272	16200	23400
273	19800	27000
274	12600	19800
275	12600	19800
276	19800	27000
277	7200	30600
278	16200	23400
279	5400	12600
280	16200	23400
281	23400	30600
282	5400	12600
283	12600	19800
284	5400	12600
285	23400	30600
286	16200	23400
287	7200	29700
288	7200	30600
289	23400	30600
290	7200	30600
291	12600	19800
292	16200	23400
293	7200	30600
294	9000	15300
295	19800	27000
296	12600	19800
297	23400	30600
298	23400	30600
299	12600	19800
300	7200	30600
301	23400	30600
302	12600	19800
303	7200	30600
304	12600	19800
305	7200	30600
306	19800	27000
307	7200	30600
308	19800	27000
309	9000	16200
310	5400	12600
311	23400	30600
312	23400	30600
313	19800	27000
314	7200	29700
315	7200	30600
316	12600	19800
317	16200	23400
318	23400	30600
319	9000	16200
320	7200	30600
321	19800	27000
322	19800	27000
323	19800	27000
324	5400	12600
325	16200	23400
326	7200	30600
327	5400	12600
328	16200	23400
329	19800	27000
330	19800	27000
331	19800	27000
332	12600	19800
333	19800	27000
334	16200	23400
335	7200	30600
336	19800	27000
337	9000	15300
338	7200	30600
339	7200	30600
340	16200	23400
341	12600	19800
342	9000	16200
343	23400	30600
344	23400	30600
345	7200	30600
346	9000	16200
347	7200	30600
348	9000	16200
349	7200	29700
350	16200	23400
351	23400	30600
352	12600	19800
353	7200	30600
354	23400	30600
355	7200	30600
356	7200	30600
357	16200	23400
358	7200	30600
359	5400	12600
360	23400	30600
361	16200	23400
362	23400	30600
363	5400	12600
364	16200	23400
365	23400	30600
366	16200	23400
367	9000	16200
368	16200	23400
369	23400	30600
370	16200	23400
371	19800	27000
372	7200	29700
373	23400	30600
374	23400	30600
375	16200	23400
376	16200	23400
377	9000	16200
378	7200	30600
379	19800	27000
380	5400	12600
381	16200	23400
382	9000	16200
383	7200	30600
384	23400	30600
385	9000	16200
386	5400	12600
387	19800	27000
388	9000	16200
389	7200	30600
390	19800	27000
391	7200	30600
392	12600	19800
393	19800	27000
394	23400	30600
395	19800	27000
396	23400	30600
397	23400	30600
398	7200	30600
399	23400	30600
400	19800	27000
401	9000	16200
402	23400	30600
403	12600	19800
404	7200	30600
405	12600	19800
406	16200	23400
407	7200	30600
408	16200	23400
409	16200	23400
410	12600	19800
411	9000	16200
412	19800	27000
413	7200	30600
414	7200	29700
415	12600	19800
416	16200	23400
417	19800	27000
418	23400	30600
419	16200	23400
420	19800	27000
421	12600	19800
422	16200	23400
423	16200	23400
424	9000	16200
425	16200	23400
426	7200	30600
427	16200	23400
428	19800	27000
429	12600	19800
430	19800	27000
431	9000	16200
432	16200	22440
433	19800	27000
434	7200	30600
435	7200	30600
436	9000	16200
437	12600	19800
438	7200	30600
439	7200	30600
440	23400	30600
441	7200	30600
442	12600	19800
443	7200	30600
444	12600	19800
445	16200	23400
446	19800	27000
447	19800	27000
448	7200	30600
449	7200	30600
450	19800	27000
451	23400	30600
452	9000	16200
453	7200	30600
454	16200	23400
455	23400	30600
456	16200	23400
457	16200	23400
458	16200	23400
459	19800	27000
460	9000	16200
461	19800	27000
462	23400	30600
463	9000	16200
464	16200	22500
465	19800	27000
466	23400	29700
467	23400	30600
468	16200	23400
469	19800	27000
470	23400	30600
471	12600	19800
472	16200	23400
473	19800	27000
474	9000	16200
475	23400	30600
476	9000	15300
477	9000	16200
478	7200	30600
479	12600	19800
480	19800	27000
481	12600	19800
482	16200	23400
483	9000	16200
484	19800	27000
485	16200	23400
486	7200	30600
487	19800	27000
488	7200	29700
489	23400	30600
490	16200	22500
491	19800	27000
492	12600	19800
493	12600	19800
494	12600	19800
495	16200	22500
496	12600	19800
497	16200	23400
498	23400	30600
499	12600	19800
500	19800	27000
501	23400	30600
502	12600	19800
503	23400	30600
504	7200	30600
505	16200	23400
506	12600	19800
507	19800	27000
508	16200	23400
509	16200	23400
510	19800	27000
511	12600	19800
512	12600	19800
513	16200	23400
514	23400	30600
515	12600	19800
516	7200	30600
517	23400	30600
518	23400	30600
519	19800	27000
520	7200	30600
521	19800	27000
522	16200	23400
523	12600	19800
524	23400	30600
525	23400	30600
526	16200	23400
527	12600	19800
528	12600	19800
529	16200	23400
530	7200	30600
531	16200	23400
532	7200	30600
533	7200	30600
534	19800	27000
535	12600	19800
536	23400	30600
537	19800	27000
538	23400	30600
539	19800	27000
540	7200	29700
541	9000	16200
542	16200	23400
543	7200	29700
544	19800	27000
545	9000	16200
546	23400	30600
547	7200	30600
548	16200	23400
549	16200	23400
550	7200	29700
551	7200	30600
552	19800	27000
553	23400	30600
554	19800	27000
555	12600	19800
556	7200	30600
557	12600	19800
558	19800	27000
559	12600	19800
560	9000	16200
561	23400	30600
562	19800	27000
563	16200	23400
564	7200	30600
565	7200	30600
566	12600	19800
567	23400	30600
568	12600	19800
569	7200	29700
570	12600	19800
571	7200	30600
572	7200	30600
573	19800	27000
574	16200	23400
575	23400	30600
576	7200	30600
577	7200	29700
578	7200	30600
579	19800	27000
580	23400	30600
581	19800	27000
582	16200	23400
583	16200	23400
584	19800	27000
585	23400	30600
586	7200	29700
587	7200	30600
588	7200	30600
589	19800	27000
590	16200	23400
591	7200	30600
592	12600	19800
593	16200	23400
594	16200	23400
595	16200	23400
596	19800	27000
597	16200	23400
598	7200	30600
599	19800	27000
600	7200	30600
601	7200	30600
602	19800	27000
603	23400	30600
604	19800	27000
605	23400	30600
606	7200	30600
607	12600	19800
608	23400	30600
609	16200	23400
610	7200	30600
611	19800	27000
612	23400	30600
613	23400	29700
614	23400	30600
615	23400	30600
616	7200	30600
617	7200	30600
618	7200	30600
619	19800	27000
620	23400	30600
621	19800	27000
622	19800	27000
623	7200	30600
624	19800	27000
625	19800	27000
626	23400	30600
627	16200	23400
628	16200	23400
629	7200	30600
630	7200	30600
631	12600	19800
632	16200	23400
633	23400	30600
634	7200	30600
635	16200	23400
636	19800	27000
637	23400	30600
638	19800	27000
639	23400	30600
640	23400	29700
641	19800	27000
642	7200	29700
643	16200	23400
644	12600	19800
645	19800	27000
646	16200	23400
647	19800	27000
648	16200	23400
649	16200	23400
650	12600	19800
651	16200	23400
652	7200	30600
653	23400	29700
654	7200	29700
655	16200	23400
656	23400	30600
657	19800	27000
658	19800	27000
659	7200	30600
660	16200	23400
661	19800	27000
662	23400	30600
663	19800	27000
664	12600	19800
665	7200	30600
666	16200	23400
667	19800	27000
668	12600	19800
669	7200	29700
670	7200	30600
671	16200	23400
672	12600	19800
673	19800	27000
674	23400	30600
675	12600	19800
676	7200	29700
677	16200	23400
678	16200	23400
679	7200	30600
680	7200	29700
681	7200	30600
682	7200	30600
683	7200	30600
684	19800	27000
685	16200	23400
686	12600	19800
687	16200	23400
688	7200	30600
689	12600	19800
690	7200	30600
691	12600	19800
692	19800	27000
693	12600	19800
694	23400	30600
695	19800	27000
696	12600	19800
697	16200	23400
698	23400	30600
699	23400	30600
700	7200	30600
701	7200	30600
702	7200	30600
703	16200	23400
704	23400	30600
705	16200	23400
706	7200	30600
707	23400	30600
708	16200	23400
709	16200	23400
710	23400	30600
711	23400	30600
712	19800	27000
713	7200	30600
714	19800	27000
715	16200	23400
716	19800	27000
717	23400	30600
718	16200	23400
719	23400	29700
720	23400	30600
721	16200	23400
722	16200	23400
723	7200	30600
724	19800	27000
725	16200	23400
726	16200	23400
727	16200	23400
728	7200	30600
729	16200	23400
730	19800	27000
731	23400	30600
732	16200	23400
733	23400	30600
734	19800	27000
735	16200	23400
736	19800	27000
737	7200	30600
738	7200	30600
739	19800	27000
740	23400	30600
741	16200	23400
742	23400	30600
743	7200	30600
744	7200	30600
745	16200	23400
746	23400	30600
747	23400	30600
748	23400	30600
749	16200	23400
750	23400	30600
751	19800	27000
752	19800	27000
753	23400	30600
754	19800	27000
755	23400	30600
756	16200	23400
757	16200	23400
758	23400	30600
759	7200	30600
760	7200	30600
761	23400	30600
762	16200	23400
763	19800	27000
764	19800	27000
765	19800	27000
766	23400	30600
767	7200	30600
768	19800	27000
769	23400	30600
770	23400	30600
771	7200	30600
772	7200	30600
773	7200	30600
774	23400	30600
775	16200	23400
776	23400	30600
777	19800	27000
778	7200	30600
779	7200	29700
780	19800	27000
781	19800	27000
782	19800	27000
783	19800	27000
784	16200	23400
785	23400	30600
786	19800	27000
787	7200	30600
788	16200	23400
789	7200	30600
790	7200	30600
791	23400	30600
792	23400	30600
793	23400	30600
794	19800	27000
795	16200	23400
796	16200	23400
797	23400	30600
798	7200	30600
799	23400	30600
800	19800	27000
801	23400	30600
802	19800	27000
803	19800	27000
804	16200	23400
805	19800	27000
806	7200	30600
807	19800	27000
808	16200	23400
809	7200	30600
810	16200	23400
811	7200	30600
812	19800	27000
813	7200	30600
814	7200	30600
815	23400	30600
816	19800	27000
817	19800	27000
818	23400	30600
819	23400	30600
820	19800	27000
821	7200	30600
822	19800	27000
823	23400	30600
824	7200	30600
825	7200	30600
826	7200	30600
827	7200	30600
828	7200	30600
829	7200	30600
830	19800	27000
831	19800	27000
832	23400	30600
833	7200	30600
834	7200	30600
835	19800	27000
836	23400	30600
837	23400	30600
838	19800	27000
839	19800	27000
840	7200	30600
841	19800	27000
842	7200	30600
843	19800	27000
844	19800	27000
845	7200	30600
846	23400	30600
847	19800	27000
848	19800	27000
849	19800	27000
850	19800	27000
851	7200	30600
852	7200	30600
853	19800	27000
854	19800	27000
855	7200	29700
856	23400	29700
857	19800	27000
858	23400	30600
859	7200	30600
860	7200	30600
RELEASE_TIME_SECTION
1	0
2	5400
3	5400
4	5400
5	5400
6	5400
7	5400
8	5400
9	5400
10	5400
11	5400
12	5400
13	5400
14	5400
15	5400
16	5400
17	5400
18	5400
19	5400
20	5400
21	5400
22	5400
23	5400
24	5400
25	5400
26	5400
27	5400
28	5400
29	5400
30	5400
31	5400
32	5400
33	5400
34	5400
35	5400
36	5400
37	5400
38	5400
39	5400
40	5400
41	5400
42	5400
43	5400
44	5400
45	5400
46	5400
47	5400
48	5400
49	5400
50	5400
51	5400
52	5400
53	5400
54	5400
55	5400
56	5400
57	5400
58	5400
59	5400
60	5400
61	5400
62	5400
63	5400
64	5400
65	5400
66	5400
67	5400
68	5400
69	5400
70	5400
71	5400
72	5400
73	5400
74	5400
75	5400
76	5400
77	5400
78	5400
79	5400
80	5400
81	5400
82	5400
83	5400
84	5400
85	5400
86	5400
87	5400
88	5400
89	5400
90	5400
91	5400
92	5400
93	5400
94	5400
95	5400
96	5400
97	5400
98	5400
99	5400
100	5400
101	5400
102	7200
103	7200
104	7200
105	7200
106	7200
107	7200
108	7200
109	7200
110	7200
111	7200
112	7200
113	7200
114	7200
115	7200
116	7200
117	7200
118	7200
119	7200
120	7200
121	7200
122	7200
123	7200
124	7200
125	7200
126	7200
127	7200
128	7200
129	7200
130	7200
131	7200
132	7200
133	7200
134	7200
135	7200
136	7200
137	7200
138	7200
139	7200
140	7200
141	7200
142	7200
143	7200
144	7200
145	7200
146	7200
147	7200
148	7200
149	7200
150	7200
151	7200
152	7200
153	7200
154	7200
155	7200
156	7200
157	7200
158	7200
159	7200
160	7200
161	7200
162	7200
163	7200
164	7200
165	7200
166	7200
167	7200
168	7200
169	7200
170	7200
171	7200
172	7200
173	7200
174	7200
175	7200
176	7200
177	7200
178	7200
179	7200
180	7200
181	7200
182	7200
183	7200
184	7200
185	7200
186	7200
187	7200
188	7200
189	7200
190	7200
191	7200
192	7200
193	7200
194	7200
195	7200
196	7200
197	7200
198	7200
199	7200
200	7200
201	7200
202	9000
203	9000
204	9000
205	9000
206	9000
207	9000
208	9000
209	9000
210	9000
211	9000
212	9000
213	9000
214	9000
215	9000
216	9000
217	9000
218	9000
219	9000
220	9000
221	9000
222	9000
223	9000
224	9000
225	9000
226	9000
227	9000
228	9000
229	9000
230	9000
231	9000
232	9000
233	9000
234	9000
235	9000
236	9000
237	9000
238	9000
239	9000
240	9000
241	9000
242	9000
243	9000
244	9000
245	9000
246	9000
247	9000
248	9000
249	9000
250	9000
251	9000
252	9000
253	9000
254	9000
255	9000
256	9000
257	9000
258	9000
259	9000
260	9000
261	9000
262	9000
263	9000
264	9000
265	9000
266	9000
267	9000
268	9000
269	9000
270	9000
271	9000
272	9000
273	9000
274	9000
275	9000
276	9000
277	9000
278	9000
279	9000
280	9000
281	9000
282	9000
283	9000
284	9000
285	9000
286	9000
287	9000
288	9000
289	9000
290	9000
291	9000
292	9000
293	9000
294	9000
295	9000
296	9000
297	9000
298	9000
299	9000
300	9000
301	9000
302	10800
303	10800
304	10800
305	10800
306	10800
307	10800
308	10800
309	10800
310	10800
311	10800
312	10800
313	10800
314	10800
315	10800
316	10800
317	10800
318	10800
319	10800
320	10800
321	10800
322	10800
323	10800
324	10800
325	10800
326	10800
327	10800
328	10800
329	10800
330	10800
331	10800
332	10800
333	10800
334	10800
335	10800
336	10800
337	10800
338	10800
339	10800
340	10800
341	10800
342	10800
343	10800
344	10800
345	10800
346	10800
347	10800
348	10800
349	10800
350	10800
351	10800
352	10800
353	10800
354	10800
355	10800
356	10800
357	10800
358	10800
359	10800
360	10800
361	10800
362	10800
363	10800
364	10800
365	10800
366	10800
367	10800
368	10800
369	10800
370	10800
371	10800
372	10800
373	10800
374	10800
375	10800
376	10800
377	10800
378	10800
379	10800
380	10800
381	10800
382	10800
383	10800
384	10800
385	10800
386	10800
387	10800
388	10800
389	10800
390	10800
391	10800
392	10800
393	10800
394	10800
395	10800
396	12600
397	12600
398	12600
399	12600
400	12600
401	12600
402	12600
403	12600
404	12600
405	12600
406	12600
407	12600
408	12600
409	12600
410	12600
411	12600
412	12600
413	12600
414	12600
415	12600
416	12600
417	12600
418	12600
419	12600
420	12600
421	12600
422	12600
423	12600
424	12600
425	12600
426	12600
427	12600
428	12600
429	12600
430	12600
431	12600
432	12600
433	12600
434	12600
435	12600
436	12600
437	12600
438	12600
439	12600
440	12600
441	12600
442	12600
443	12600
444	12600
445	12600
446	12600
447	12600
448	12600
449	12600
450	12600
451	12600
452	12600
453	12600
454	12600
455	12600
456	12600
457	12600
458	12600
459	12600
460	12600
461	12600
462	12600
463	12600
464	12600
465	12600
466	12600
467	12600
468	12600
469	12600
470	12600
471	12600
472	12600
473	12600
474	12600
475	12600
476	12600
477	12600
478	12600
479	12600
480	12600
481	12600
482	14400
483	14400
484	14400
485	14400
486	14400
487	14400
488	14400
489	14400
490	14400
491	14400
492	14400
493	14400
494	14400
495	14400
496	14400
497	14400
498	14400
499	14400
500	14400
501	14400
502	14400
503	14400
504	14400
505	14400
506	14400
507	14400
508	14400
509	14400
510	14400
511	14400
512	14400
513	14400
514	14400
515	14400
516	14400
517	14400
518	14400
519	14400
520	14400
521	14400
522	14400
523	14400
524	14400
525	14400
526	14400
527	14400
528	14400
529	14400
530	14400
531	14400
532	14400
533	14400
534	14400
535	14400
536	14400
537	14400
538	14400
539	14400
540	14400
541	14400
542	14400
543	14400
544	14400
545	14400
546	14400
547	14400
548	14400
549	14400
550	14400
551	14400
552	14400
553	14400
554	14400
555	14400
556	14400
557	14400
558	14400
559	14400
560	14400
561	14400
562	14400
563	14400
564	14400
565	14400
566	16200
567	16200
568	16200
569	16200
570	16200
571	16200
572	16200
573	16200
574	16200
575	16200
576	16200
577	16200
578	16200
579	16200
580	16200
581	16200
582	16200
583	16200
584	16200
585	16200
586	16200
587	16200
588	16200
589	16200
590	16200
591	16200
592	16200
593	16200
594	16200
595	16200
596	16200
597	16200
598	16200
599	16200
600	16200
601	16200
602	16200
603	16200
604	16200
605	16200
606	16200
607	16200
608	16200
609	16200
610	16200
611	16200
612	16200
613	16200
614	16200
615	16200
616	16200
617	16200
618	16200
619	16200
620	16200
621	16200
622	16200
623	16200
624	16200
625	16200
626	16200
627	16200
628	16200
629	16200
630	16200
631	16200
632	16200
633	16200
634	16200
635	16200
636	16200
637	16200
638	18000
639	18000
640	18000
641	18000
642	18000
643	18000
644	18000
645	18000
646	18000
647	18000
648	18000
649	18000
650	18000
651	18000
652	18000
653	18000
654	18000
655	18000
656	18000
657	18000
658	18000
659	18000
660	18000
661	18000
662	18000
663	18000
664	18000
665	18000
666	18000
667	18000
668	18000
669	18000
670	18000
671	18000
672	18000
673	18000
674	18000
675	18000
676	18000
677	18000
678	18000
679	18000
680	18000
681	18000
682	18000
683	18000
684	18000
685	18000
686	18000
687	18000
688	18000
689	18000
690	18000
691	18000
692	18000
693	18000
694	18000
695	18000
696	18000
697	18000
698	18000
699	18000
700	18000
701	18000
702	18000
703	19800
704	19800
705	19800
706	19800
707	19800
708	19800
709	19800
710	19800
711	19800
712	19800
713	19800
714	19800
715	19800
716	19800
717	19800
718	19800
719	19800
720	19800
721	19800
722	19800
723	19800
724	19800
725	19800
726	19800
727	19800
728	19800
729	19800
730	19800
731	19800
732	19800
733	19800
734	19800
735	19800
736	19800
737	19800
738	19800
739	19800
740	19800
741	19800
742	19800
743	19800
744	19800
745	19800
746	19800
747	19800
748	19800
749	19800
750	19800
751	19800
752	19800
753	19800
754	19800
755	19800
756	19800
757	19800
758	19800
759	21600
760	21600
761	21600
762	21600
763	21600
764	21600
765	21600
766	21600
767	21600
768	21600
769	21600
770	21600
771	21600
772	21600
773	21600
774	21600
775	21600
776	21600
777	21600
778	21600
779	21600
780	21600
781	21600
782	21600
783	21600
784	21600
785	21600
786	21600
787	21600
788	21600
789	21600
790	21600
791	21600
792	21600
793	21600
794	21600
795	21600
796	21600
797	21600
798	21600
799	21600
800	21600
801	21600
802	21600
803	21600
804	21600
805	21600
806	21600
807	21600
808	21600
809	21600
810	21600
811	21600
812	21600
813	21600
814	21600
815	21600
816	23400
817	23400
818	23400
819	23400
820	23400
821	23400
822	23400
823	23400
824	23400
825	23400
826	23400
827	23400
828	23400
829	23400
830	23400
831	23400
832	23400
833	23400
834	23400
835	23400
836	23400
837	23400
838	23400
839	23400
840	23400
841	23400
842	23400
843	23400
844	23400
845	23400
846	23400
847	23400
848	23400
849	23400
850	23400
851	23400
852	23400
853	23400
854	23400
855	23400
856	23400
857	23400
858	23400
859	23400
860	23400
EOF
