NAME : ORTEC-VRPTW-ASYM-b3635658-d1-n886
TYPE : VRPTW-RT
DIMENSION : 887
EDGE_WEIGHT_TYPE : EUC_2D
CAPACITY : 160
NODE_COORD_SECTION
1	1422	3979
2	1523	5203
3	1620	2858
4	1677	2282
5	585	2502
6	937	6484
7	1619	5314
8	935	4724
9	1155	6497
10	1426	2469
11	140	2919
12	1631	4794
13	895	5539
14	709	2612
15	812	5198
16	826	3264
17	1088	2390
18	1522	126
19	1573	5437
20	561	3982
21	1442	2429
22	1137	725
23	1355	1186
24	1544	5675
25	608	2114
26	1341	5161
27	1545	4860
28	1246	3629
29	659	5579
30	1462	5218
31	1088	2390
32	1487	836
33	1426	2469
34	908	4382
35	1409	4958
36	1311	5408
37	1622	5658
38	1531	2504
39	1722	2770
40	1768	3597
41	426	6686
42	1309	201
43	758	6068
44	802	7243
45	664	6738
46	1078	4941
47	1544	5675
48	165	2753
49	518	4943
50	490	3663
51	843	4972
52	1462	5218
53	1033	2272
54	974	4767
55	676	5752
56	1516	4983
57	1577	3865
58	746	6840
59	1746	3947
60	534	3795
61	1629	4257
62	745	2767
63	1854	2492
64	837	4564
65	1208	2488
66	1026	2002
67	629	7003
68	1016	7840
69	1724	1959
70	1487	836
71	165	2753
72	638	2743
73	442	3047
74	426	6686
75	634	5637
76	1631	2589
77	866	3244
78	1215	6437
79	1619	4071
80	1734	4237
81	1639	5316
82	762	2806
83	233	2947
84	814	3613
85	177	4321
86	1631	2589
87	1742	5207
88	709	2612
89	1306	1231
90	1272	5334
91	590	5224
92	1554	4056
93	866	3244
94	1578	5541
95	1378	5135
96	450	3195
97	1333	2472
98	724	2875
99	1472	2023
100	1874	4230
101	1304	5400
102	1425	616
103	1424	428
104	815	2741
105	1399	6008
106	1622	4713
107	762	2806
108	1016	7840
109	742	6217
110	1385	6360
111	1016	7840
112	954	1867
113	904	4407
114	1301	3846
115	427	5112
116	908	4382
117	1215	6437
118	544	2803
119	439	6586
120	1246	3629
121	1676	5001
122	1694	4301
123	1426	2469
124	1385	4744
125	1208	2488
126	777	3899
127	1358	3015
128	204	3163
129	1053	2041
130	585	2502
131	908	4382
132	270	6284
133	1341	5161
134	936	4713
135	1026	2002
136	565	6148
137	633	4162
138	1362	2304
139	895	5539
140	629	7003
141	1814	2427
142	537	1520
143	0	4148
144	1137	725
145	1493	4011
146	1742	5207
147	1215	6437
148	1462	0
149	994	6878
150	566	2791
151	896	2208
152	762	2806
153	1508	2359
154	758	5092
155	597	2839
156	1619	5314
157	1360	2866
158	1309	2618
159	762	2806
160	1639	5316
161	270	6284
162	555	2532
163	204	3163
164	1206	3388
165	974	4767
166	1676	5001
167	630	3910
168	1746	3947
169	504	4897
170	736	1844
171	1547	5319
172	1283	2367
173	1016	7840
174	1578	5541
175	1426	5724
176	1269	6318
177	987	6422
178	586	3003
179	1162	2555
180	702	4782
181	1345	5469
182	709	2612
183	1549	2317
184	814	3613
185	1077	1328
186	1181	1507
187	595	6701
188	518	4943
189	1768	3597
190	1304	5400
191	140	2919
192	574	5976
193	904	4407
194	1462	5218
195	1321	5957
196	946	1321
197	895	5539
198	1584	479
199	1092	2142
200	575	5732
201	970	2401
202	954	1867
203	592	5966
204	1288	4849
205	1221	2038
206	758	5092
207	1067	7541
208	1789	4833
209	802	7243
210	1442	2429
211	177	4321
212	1734	4237
213	359	5303
214	964	1857
215	1578	5541
216	1514	5990
217	1053	1910
218	338	3719
219	1182	2636
220	1698	3164
221	922	2233
222	660	3065
223	1114	7094
224	968	3989
225	1642	1985
226	1038	2385
227	1577	3865
228	939	4076
229	618	7126
230	1366	823
231	1053	5285
232	1550	5049
233	721	3757
234	1137	725
235	1232	3591
236	555	2532
237	866	3244
238	617	5448
239	1522	126
240	1599	5007
241	742	5766
242	1067	7541
243	578	7207
244	758	5092
245	1378	5135
246	917	4332
247	1232	3591
248	914	4846
249	1516	518
250	754	5783
251	1265	1985
252	709	2612
253	1289	5756
254	758	6068
255	762	2806
256	1503	1670
257	1272	5334
258	1304	5400
259	523	3352
260	1310	1651
261	645	4629
262	1182	2636
263	1433	6037
264	975	1870
265	399	5036
266	300	3476
267	899	5122
268	270	6284
269	922	2233
270	595	6701
271	763	3226
272	504	4897
273	1740	3859
274	1313	3957
275	542	4155
276	968	3989
277	1422	4307
278	974	4767
279	1600	5108
280	709	2612
281	899	5122
282	1006	6287
283	899	5122
284	1182	2636
285	742	6217
286	1514	5990
287	697	6897
288	758	6068
289	1544	5675
290	1310	1651
291	1734	4237
292	1246	5609
293	745	2767
294	1534	2315
295	634	5637
296	493	2827
297	1375	3750
298	1078	2373
299	1309	2618
300	270	6284
301	515	6303
302	1333	2472
303	802	7243
304	914	3789
305	1724	1959
306	1077	1328
307	1000	3321
308	1615	4166
309	1318	5709
310	450	3195
311	1854	2492
312	940	3098
313	922	2233
314	1208	2488
315	1578	2514
316	1053	5285
317	1366	823
318	964	1857
319	1078	4941
320	710	2649
321	1549	2317
322	1677	1943
323	951	3640
324	433	5274
325	1874	4230
326	1619	4071
327	1136	6784
328	1462	0
329	1610	1871
330	344	5022
331	1333	2472
332	375	4625
333	1874	4230
334	1661	1189
335	1348	551
336	618	7126
337	565	6148
338	300	3476
339	937	3523
340	1691	4797
341	827	6641
342	1366	823
343	731	3903
344	729	2866
345	627	5999
346	610	5408
347	1288	1509
348	1283	1252
349	746	6840
350	1691	4797
351	1698	5446
352	1360	2866
353	1514	4946
354	1359	1986
355	814	3613
356	742	5766
357	1403	6045
358	0	4148
359	537	1520
360	1217	711
361	724	2875
362	801	6189
363	1522	126
364	1221	2038
365	490	3663
366	1206	3388
367	1367	5042
368	821	4816
369	1584	479
370	922	5650
371	1615	4166
372	763	3226
373	1196	3341
374	165	2753
375	697	6897
376	572	2959
377	1021	4586
378	338	3719
379	1231	5135
380	1269	6318
381	1545	3669
382	679	4361
383	1154	4727
384	914	3789
385	1465	5164
386	1708	3108
387	1550	5049
388	1154	4727
389	1431	2342
390	514	2798
391	1362	2304
392	1475	5649
393	504	4897
394	1341	5161
395	1399	6008
396	534	3795
397	1694	4301
398	1854	2492
399	1874	4230
400	758	5092
401	1038	2385
402	662	2085
403	572	6131
404	592	5966
405	1214	7516
406	987	6422
407	1854	2492
408	951	4154
409	789	5853
410	935	4724
411	662	2085
412	746	6840
413	1600	5108
414	1554	4056
415	565	6148
416	1144	2257
417	903	3606
418	807	2804
419	917	4861
420	914	3789
421	140	2919
422	1553	7100
423	494	5647
424	1155	6497
425	1053	1910
426	410	2805
427	1677	1943
428	1265	1517
429	761	4375
430	1324	2658
431	1146	2164
432	896	2208
433	165	4430
434	903	3606
435	922	5650
436	1584	479
437	1265	1985
438	715	2083
439	1185	1681
440	1516	518
441	736	2085
442	940	3098
443	599	4972
444	866	3244
445	844	3105
446	544	2803
447	566	2791
448	1462	0
449	508	2844
450	1615	4166
451	285	2656
452	1011	2154
453	508	2844
454	1309	201
455	515	5164
456	1342	3586
457	1768	3597
458	610	3047
459	1598	4657
460	1378	5135
461	1222	5252
462	608	2114
463	270	6284
464	981	2131
465	1087	4277
466	1155	6497
467	1285	299
468	399	6809
469	1619	5304
470	1009	1959
471	1814	2427
472	433	5274
473	1768	3597
474	736	1844
475	575	5732
476	863	7120
477	1310	1651
478	543	3721
479	1077	2195
480	1360	5946
481	735	6463
482	987	6422
483	1283	2367
484	1677	1943
485	290	3112
486	1217	711
487	597	2839
488	1410	5574
489	1272	5927
490	300	3476
491	1619	5304
492	827	5428
493	1348	2212
494	981	2131
495	597	2839
496	1626	5764
497	1323	773
498	399	6809
499	904	4407
500	1009	1959
501	1523	5203
502	1278	3483
503	290	3112
504	917	4332
505	603	4864
506	724	2875
507	917	4332
508	1574	2031
509	518	4943
510	1146	2164
511	1453	5870
512	1619	5314
513	1214	7516
514	1475	5584
515	821	4816
516	1417	2109
517	1215	6437
518	822	4824
519	0	4148
520	1037	6345
521	285	2656
522	140	2919
523	974	4767
524	826	3264
525	793	7029
526	1403	6045
527	1053	2041
528	1206	3388
529	399	6809
530	1599	4743
531	994	6878
532	1342	3586
533	745	2767
534	745	2767
535	1475	5649
536	1256	594
537	1310	4215
538	555	2532
539	270	6284
540	702	4782
541	1469	1138
542	1321	1526
543	608	2114
544	1740	3859
545	821	4816
546	399	5036
547	662	2085
548	702	4782
549	709	2612
550	410	2805
551	746	6840
552	1506	6159
553	490	3663
554	565	6148
555	937	6484
556	1573	5437
557	731	3903
558	1550	5049
559	422	2694
560	610	5408
561	1367	5042
562	1619	5314
563	1516	518
564	958	4678
565	1742	5207
566	1265	1517
567	731	3903
568	1436	2307
569	815	2741
570	864	2059
571	1629	4257
572	433	5274
573	736	1844
574	627	5999
575	1698	3164
576	523	3352
577	940	3098
578	572	2959
579	633	4162
580	937	6484
581	1514	5990
582	958	4678
583	899	5122
584	837	4564
585	1694	4301
586	1283	1252
587	1734	4237
588	1629	4257
589	1366	823
590	894	1865
591	904	4407
592	1310	1651
593	895	5539
594	1283	2367
595	1333	2472
596	582	5823
597	1622	5658
598	687	2491
599	1318	5709
600	1264	6501
601	812	5198
602	1222	5252
603	1629	4257
604	951	4154
605	896	2208
606	1174	2915
607	1246	3629
608	608	5730
609	596	2443
610	1360	2866
611	422	2694
612	793	7029
613	1288	1509
614	270	6284
615	585	2502
616	1306	1231
617	899	5122
618	1345	5469
619	903	3606
620	1362	2304
621	970	2401
622	794	2312
623	177	4321
624	543	3721
625	1333	2472
626	503	7167
627	914	4846
628	994	6878
629	1692	4513
630	608	5730
631	494	5647
632	399	6809
633	1577	2142
634	981	2131
635	1006	6287
636	717	5258
637	1768	3597
638	270	6284
639	742	6217
640	1574	2031
641	585	2502
642	741	7101
643	426	6686
644	904	4407
645	1318	5709
646	894	1865
647	1619	5304
648	710	2649
649	530	5487
650	572	2959
651	1619	5314
652	815	2741
653	935	4724
654	1077	1328
655	578	7207
656	1534	2315
657	629	7174
658	282	3159
659	344	5022
660	1324	2658
661	1038	2385
662	826	3264
663	1426	5724
664	1574	2031
665	810	6628
666	1490	1990
667	1272	5334
668	1272	5334
669	285	2656
670	1181	1507
671	709	2612
672	1114	7094
673	866	3244
674	1698	5446
675	1453	5870
676	970	2401
677	827	5428
678	494	5647
679	1639	5316
680	1087	4277
681	1362	1392
682	863	7120
683	745	2767
684	1000	3321
685	921	3906
686	617	5448
687	1136	6784
688	717	5258
689	595	6701
690	1265	1517
691	777	3899
692	1214	7516
693	1626	5764
694	450	3195
695	1424	428
696	1078	2373
697	1535	599
698	990	4650
699	1378	2087
700	724	2875
701	1214	7516
702	630	3910
703	1037	6345
704	1512	5805
705	1092	2142
706	1272	5334
707	1600	5108
708	1600	5108
709	1490	4537
710	608	2114
711	1619	5304
712	1101	4653
713	1467	5070
714	745	2767
715	1385	6360
716	802	7243
717	586	3003
718	333	2789
719	1740	3859
720	515	5164
721	976	4577
722	809	6975
723	603	4864
724	1334	6358
725	399	5036
726	600	5212
727	659	5579
728	1676	5001
729	936	4713
730	627	5999
731	1508	2359
732	543	3721
733	1078	4941
734	399	5586
735	863	7120
736	427	5112
737	1487	836
738	669	5014
739	1303	7558
740	968	3989
741	1737	2567
742	1490	1990
743	964	1857
744	1232	3591
745	1722	2770
746	975	1870
747	493	2827
748	721	3757
749	793	7029
750	514	2798
751	659	5579
752	1078	4941
753	578	7207
754	1037	6345
755	1154	4727
756	1385	6360
757	1544	5675
758	1313	3957
759	1599	5007
760	1324	2658
761	788	5840
762	1734	4237
763	1137	725
764	802	4262
765	1431	2342
766	523	3352
767	822	4824
768	1182	2636
769	1342	6075
770	1599	5007
771	1600	5108
772	812	5198
773	1136	6784
774	1381	344
775	575	5732
776	895	5539
777	1545	3669
778	1011	2154
779	1696	5145
780	493	2827
781	1677	2282
782	1387	1661
783	1265	1517
784	826	3264
785	1358	3015
786	515	5164
787	669	1741
788	1195	4106
789	1433	6037
790	656	2826
791	1063	5034
792	1073	3386
793	1087	4277
794	1578	5541
795	1334	6358
796	1311	5408
797	602	4058
798	721	3660
799	1195	4106
800	1269	6318
801	610	5408
802	1479	2807
803	1737	2567
804	1531	2504
805	655	1914
806	233	2947
807	1063	5034
808	523	3352
809	1692	4513
810	515	5164
811	618	7126
812	1324	2658
813	1692	4513
814	1545	4860
815	1000	3321
816	177	4321
817	530	5487
818	821	4816
819	1641	4457
820	1619	5314
821	1641	4457
822	1629	4257
823	165	4430
824	592	5966
825	1514	5990
826	1078	4941
827	895	5539
828	1465	5164
829	745	2767
830	928	5389
831	1436	2307
832	1692	4513
833	726	3886
834	789	5853
835	1416	2617
836	1009	1959
837	1342	6075
838	550	5891
839	1373	926
840	591	4663
841	233	2947
842	645	4629
843	1676	5001
844	914	3789
845	572	6131
846	1283	2367
847	1146	2164
848	1026	2002
849	709	2612
850	375	4625
851	1288	4849
852	1243	2583
853	282	3159
854	629	7003
855	895	5539
856	1490	4537
857	1472	2023
858	1053	5285
859	1676	5001
860	729	2866
861	1475	5649
862	1272	5927
863	1417	2109
864	928	5389
865	715	2083
866	1610	1871
867	1074	2289
868	1598	4657
869	1694	4301
870	801	6189
871	1698	5446
872	1289	5756
873	935	4724
874	854	6922
875	515	6303
876	1269	6318
877	530	5487
878	1577	2142
879	618	7126
880	1196	3341
881	1874	4230
882	1619	5314
883	754	5783
884	915	6018
885	282	3159
886	490	3663
887	1584	479
DEMAND_SECTION
1	0
2	6
3	7
4	5
5	6
6	7
7	9
8	3
9	4
10	5
11	7
12	8
13	6
14	9
15	3
16	10
17	2
18	11
19	5
20	6
21	6
22	7
23	7
24	3
25	10
26	9
27	4
28	3
29	4
30	7
31	5
32	15
33	7
34	4
35	4
36	9
37	3
38	4
39	7
40	5
41	3
42	4
43	8
44	6
45	9
46	8
47	3
48	4
49	7
50	7
51	10
52	7
53	3
54	5
55	9
56	5
57	6
58	6
59	7
60	5
61	10
62	9
63	11
64	6
65	6
66	16
67	6
68	10
69	7
70	5
71	10
72	9
73	6
74	4
75	8
76	5
77	8
78	6
79	4
80	6
81	8
82	7
83	6
84	13
85	7
86	7
87	7
88	7
89	12
90	5
91	10
92	3
93	4
94	4
95	3
96	7
97	5
98	4
99	2
100	6
101	7
102	11
103	12
104	6
105	7
106	6
107	5
108	7
109	14
110	39
111	5
112	4
113	5
114	7
115	4
116	8
117	4
118	10
119	7
120	8
121	3
122	4
123	8
124	5
125	6
126	7
127	7
128	4
129	5
130	14
131	10
132	9
133	5
134	9
135	7
136	9
137	8
138	4
139	6
140	17
141	10
142	7
143	4
144	5
145	6
146	3
147	4
148	2
149	10
150	8
151	9
152	9
153	5
154	11
155	4
156	8
157	9
158	6
159	9
160	5
161	4
162	7
163	7
164	8
165	3
166	5
167	7
168	6
169	4
170	5
171	4
172	5
173	6
174	6
175	4
176	7
177	8
178	8
179	2
180	7
181	8
182	6
183	12
184	5
185	14
186	10
187	5
188	8
189	5
190	5
191	7
192	7
193	2
194	7
195	6
196	7
197	8
198	3
199	5
200	5
201	7
202	6
203	7
204	4
205	8
206	3
207	3
208	7
209	4
210	6
211	12
212	6
213	6
214	3
215	7
216	9
217	3
218	3
219	4
220	4
221	8
222	3
223	6
224	3
225	11
226	6
227	3
228	9
229	10
230	5
231	2
232	6
233	14
234	8
235	5
236	6
237	5
238	7
239	3
240	10
241	7
242	4
243	3
244	7
245	8
246	5
247	6
248	5
249	7
250	5
251	8
252	9
253	7
254	5
255	7
256	5
257	6
258	8
259	5
260	39
261	6
262	8
263	17
264	8
265	12
266	4
267	7
268	6
269	10
270	7
271	7
272	6
273	3
274	2
275	3
276	3
277	7
278	5
279	6
280	7
281	6
282	13
283	4
284	9
285	7
286	7
287	3
288	7
289	7
290	2
291	5
292	4
293	10
294	9
295	8
296	9
297	12
298	7
299	7
300	7
301	5
302	3
303	5
304	6
305	7
306	4
307	4
308	4
309	12
310	8
311	3
312	8
313	11
314	14
315	4
316	8
317	3
318	3
319	7
320	8
321	9
322	5
323	6
324	10
325	8
326	5
327	7
328	7
329	4
330	3
331	5
332	8
333	5
334	5
335	8
336	6
337	3
338	8
339	4
340	7
341	5
342	7
343	7
344	14
345	9
346	4
347	5
348	5
349	6
350	5
351	7
352	7
353	5
354	7
355	17
356	4
357	3
358	7
359	5
360	5
361	3
362	4
363	12
364	5
365	14
366	12
367	7
368	3
369	5
370	4
371	11
372	6
373	6
374	7
375	5
376	8
377	7
378	12
379	7
380	5
381	7
382	6
383	3
384	10
385	5
386	10
387	3
388	6
389	7
390	4
391	7
392	18
393	8
394	5
395	7
396	5
397	7
398	8
399	5
400	6
401	3
402	9
403	5
404	6
405	4
406	7
407	7
408	4
409	9
410	16
411	7
412	5
413	4
414	5
415	5
416	5
417	8
418	7
419	7
420	7
421	4
422	4
423	5
424	3
425	5
426	9
427	5
428	7
429	17
430	4
431	4
432	4
433	4
434	5
435	9
436	10
437	4
438	5
439	6
440	10
441	6
442	8
443	5
444	5
445	11
446	9
447	3
448	4
449	6
450	7
451	7
452	9
453	7
454	6
455	8
456	4
457	7
458	8
459	8
460	12
461	8
462	2
463	5
464	7
465	6
466	4
467	8
468	5
469	7
470	5
471	8
472	4
473	15
474	7
475	8
476	5
477	2
478	14
479	4
480	7
481	7
482	4
483	7
484	7
485	4
486	2
487	8
488	10
489	7
490	5
491	14
492	5
493	3
494	6
495	9
496	7
497	4
498	8
499	9
500	5
501	5
502	10
503	5
504	6
505	3
506	12
507	12
508	6
509	6
510	7
511	5
512	7
513	13
514	5
515	7
516	7
517	3
518	12
519	4
520	6
521	8
522	6
523	4
524	4
525	4
526	10
527	5
528	3
529	6
530	8
531	9
532	4
533	7
534	4
535	11
536	8
537	5
538	12
539	7
540	9
541	4
542	8
543	7
544	8
545	8
546	11
547	7
548	6
549	10
550	4
551	4
552	5
553	7
554	8
555	6
556	14
557	7
558	17
559	3
560	5
561	8
562	7
563	4
564	3
565	6
566	8
567	7
568	4
569	7
570	9
571	7
572	7
573	10
574	6
575	3
576	3
577	6
578	4
579	5
580	5
581	8
582	7
583	9
584	6
585	4
586	4
587	3
588	7
589	7
590	5
591	7
592	3
593	5
594	8
595	5
596	7
597	6
598	6
599	5
600	5
601	7
602	7
603	6
604	8
605	3
606	8
607	7
608	8
609	3
610	5
611	4
612	7
613	2
614	15
615	15
616	5
617	9
618	8
619	3
620	8
621	5
622	6
623	7
624	3
625	4
626	8
627	9
628	5
629	9
630	8
631	4
632	6
633	10
634	8
635	9
636	7
637	8
638	8
639	7
640	7
641	4
642	7
643	5
644	4
645	9
646	6
647	7
648	7
649	3
650	8
651	5
652	3
653	6
654	7
655	5
656	7
657	4
658	4
659	8
660	12
661	7
662	4
663	3
664	6
665	3
666	7
667	6
668	7
669	9
670	9
671	5
672	5
673	6
674	4
675	7
676	4
677	7
678	7
679	5
680	3
681	6
682	3
683	8
684	6
685	6
686	4
687	9
688	8
689	3
690	7
691	21
692	9
693	5
694	6
695	5
696	17
697	5
698	14
699	6
700	6
701	9
702	7
703	4
704	4
705	4
706	15
707	3
708	6
709	10
710	2
711	3
712	4
713	7
714	3
715	5
716	4
717	11
718	5
719	5
720	9
721	4
722	2
723	5
724	4
725	9
726	7
727	8
728	6
729	5
730	7
731	3
732	4
733	3
734	7
735	4
736	8
737	6
738	3
739	6
740	2
741	7
742	7
743	2
744	6
745	9
746	4
747	9
748	7
749	5
750	5
751	9
752	5
753	8
754	7
755	9
756	5
757	10
758	4
759	3
760	8
761	8
762	9
763	6
764	6
765	2
766	8
767	8
768	5
769	7
770	4
771	5
772	5
773	6
774	7
775	3
776	8
777	6
778	8
779	4
780	5
781	9
782	10
783	4
784	4
785	10
786	9
787	6
788	5
789	6
790	5
791	8
792	6
793	7
794	4
795	4
796	3
797	8
798	5
799	5
800	5
801	7
802	10
803	7
804	5
805	7
806	6
807	4
808	3
809	12
810	5
811	6
812	5
813	5
814	9
815	3
816	5
817	6
818	6
819	4
820	9
821	8
822	7
823	3
824	8
825	9
826	6
827	13
828	4
829	7
830	9
831	4
832	3
833	5
834	10
835	15
836	11
837	6
838	5
839	6
840	4
841	9
842	6
843	2
844	5
845	4
846	4
847	5
848	8
849	9
850	4
851	5
852	14
853	8
854	4
855	4
856	5
857	2
858	7
859	4
860	8
861	14
862	5
863	3
864	5
865	8
866	6
867	3
868	7
869	6
870	7
871	6
872	8
873	3
874	9
875	5
876	4
877	8
878	8
879	14
880	7
881	4
882	4
883	10
884	6
885	12
886	9
887	5
DEPOT_SECTION
1
-1
SERVICE_TIME_SECTION
1	0
2	360
3	300
4	720
5	420
6	360
7	600
8	660
9	600
10	780
11	300
12	480
13	480
14	960
15	420
16	420
17	780
18	720
19	420
20	540
21	840
22	600
23	420
24	360
25	600
26	300
27	540
28	420
29	480
30	900
31	660
32	1380
33	840
34	240
35	300
36	540
37	960
38	600
39	360
40	540
41	540
42	360
43	540
44	780
45	660
46	300
47	540
48	780
49	540
50	540
51	360
52	300
53	300
54	300
55	540
56	420
57	360
58	300
59	600
60	600
61	540
62	300
63	900
64	540
65	420
66	420
67	420
68	300
69	600
70	660
71	840
72	480
73	300
74	1680
75	480
76	420
77	540
78	480
79	660
80	480
81	540
82	660
83	420
84	480
85	420
86	660
87	780
88	540
89	480
90	420
91	540
92	720
93	600
94	240
95	1140
96	360
97	420
98	420
99	360
100	1020
101	420
102	360
103	300
104	360
105	420
106	360
107	420
108	1200
109	540
110	300
111	420
112	900
113	600
114	300
115	780
116	540
117	720
118	720
119	780
120	660
121	720
122	420
123	480
124	300
125	660
126	420
127	600
128	1020
129	480
130	540
131	300
132	960
133	240
134	540
135	540
136	720
137	540
138	480
139	600
140	240
141	540
142	840
143	600
144	540
145	480
146	420
147	540
148	660
149	240
150	240
151	360
152	600
153	540
154	360
155	540
156	600
157	360
158	360
159	420
160	360
161	480
162	780
163	300
164	540
165	420
166	420
167	420
168	540
169	480
170	540
171	900
172	1380
173	480
174	540
175	480
176	540
177	900
178	840
179	660
180	660
181	840
182	660
183	420
184	480
185	360
186	1020
187	480
188	480
189	360
190	840
191	660
192	720
193	540
194	360
195	540
196	480
197	720
198	900
199	540
200	480
201	600
202	540
203	240
204	660
205	660
206	720
207	540
208	360
209	840
210	1020
211	360
212	720
213	360
214	360
215	960
216	300
217	300
218	420
219	360
220	780
221	660
222	420
223	300
224	300
225	720
226	360
227	420
228	240
229	960
230	420
231	600
232	540
233	240
234	780
235	780
236	420
237	540
238	300
239	480
240	480
241	240
242	300
243	660
244	600
245	1080
246	780
247	480
248	300
249	480
250	900
251	660
252	720
253	840
254	720
255	600
256	540
257	360
258	600
259	420
260	480
261	1020
262	2460
263	420
264	540
265	540
266	300
267	240
268	540
269	540
270	480
271	300
272	660
273	660
274	360
275	660
276	720
277	420
278	420
279	240
280	420
281	540
282	420
283	600
284	720
285	720
286	600
287	720
288	480
289	420
290	420
291	960
292	600
293	480
294	300
295	720
296	540
297	540
298	540
299	660
300	420
301	660
302	720
303	360
304	540
305	420
306	540
307	360
308	1020
309	600
310	480
311	420
312	300
313	540
314	600
315	360
316	480
317	540
318	360
319	600
320	540
321	600
322	480
323	540
324	720
325	1020
326	240
327	480
328	660
329	900
330	720
331	420
332	660
333	660
334	780
335	480
336	1020
337	360
338	360
339	780
340	1020
341	660
342	300
343	720
344	780
345	480
346	480
347	480
348	300
349	840
350	1020
351	480
352	780
353	300
354	300
355	600
356	660
357	780
358	360
359	360
360	720
361	240
362	360
363	1680
364	720
365	720
366	480
367	900
368	720
369	840
370	300
371	300
372	660
373	540
374	360
375	900
376	300
377	360
378	240
379	660
380	600
381	480
382	480
383	420
384	360
385	240
386	540
387	540
388	420
389	780
390	780
391	840
392	600
393	660
394	780
395	360
396	960
397	720
398	660
399	660
400	660
401	420
402	480
403	720
404	300
405	840
406	840
407	480
408	600
409	1380
410	600
411	900
412	960
413	600
414	660
415	360
416	900
417	900
418	900
419	480
420	480
421	600
422	600
423	600
424	300
425	300
426	720
427	720
428	420
429	900
430	900
431	360
432	660
433	1020
434	840
435	540
436	360
437	300
438	240
439	420
440	900
441	840
442	300
443	600
444	300
445	900
446	540
447	780
448	360
449	360
450	540
451	240
452	420
453	540
454	480
455	840
456	660
457	1020
458	660
459	360
460	1020
461	1980
462	360
463	720
464	900
465	420
466	300
467	360
468	300
469	360
470	840
471	660
472	660
473	420
474	960
475	540
476	240
477	420
478	720
479	900
480	420
481	480
482	720
483	600
484	600
485	540
486	420
487	540
488	480
489	480
490	540
491	420
492	300
493	1980
494	360
495	1020
496	600
497	960
498	540
499	420
500	660
501	240
502	540
503	360
504	420
505	300
506	300
507	540
508	540
509	1260
510	360
511	360
512	420
513	480
514	780
515	900
516	360
517	300
518	720
519	480
520	540
521	780
522	540
523	780
524	780
525	360
526	720
527	600
528	1980
529	360
530	720
531	900
532	480
533	1020
534	900
535	540
536	540
537	720
538	1020
539	540
540	660
541	480
542	420
543	300
544	540
545	600
546	480
547	720
548	480
549	720
550	540
551	720
552	240
553	660
554	600
555	660
556	540
557	360
558	900
559	900
560	660
561	660
562	780
563	480
564	660
565	720
566	840
567	780
568	540
569	300
570	420
571	300
572	480
573	720
574	540
575	420
576	660
577	960
578	420
579	600
580	300
581	660
582	360
583	780
584	720
585	240
586	1020
587	780
588	780
589	360
590	360
591	780
592	540
593	2460
594	600
595	480
596	720
597	660
598	660
599	360
600	660
601	420
602	240
603	1020
604	300
605	540
606	600
607	420
608	420
609	720
610	360
611	900
612	600
613	300
614	420
615	300
616	360
617	900
618	600
619	720
620	840
621	540
622	660
623	480
624	660
625	360
626	720
627	720
628	660
629	480
630	360
631	480
632	600
633	780
634	540
635	480
636	420
637	720
638	660
639	660
640	660
641	420
642	1080
643	1020
644	1680
645	300
646	240
647	660
648	600
649	1020
650	360
651	600
652	300
653	1020
654	240
655	420
656	300
657	540
658	600
659	840
660	540
661	300
662	300
663	360
664	1380
665	660
666	360
667	960
668	540
669	840
670	360
671	840
672	480
673	720
674	660
675	360
676	600
677	360
678	300
679	600
680	840
681	300
682	600
683	420
684	600
685	540
686	300
687	300
688	540
689	540
690	480
691	540
692	960
693	480
694	420
695	300
696	660
697	300
698	420
699	540
700	420
701	480
702	900
703	240
704	540
705	540
706	1020
707	420
708	480
709	900
710	780
711	1080
712	720
713	1260
714	420
715	660
716	540
717	360
718	840
719	480
720	600
721	420
722	840
723	420
724	480
725	300
726	600
727	720
728	360
729	300
730	540
731	360
732	360
733	660
734	600
735	360
736	600
737	360
738	540
739	720
740	360
741	360
742	420
743	720
744	660
745	360
746	780
747	600
748	420
749	240
750	420
751	420
752	600
753	660
754	540
755	780
756	240
757	480
758	540
759	480
760	660
761	480
762	300
763	720
764	360
765	720
766	240
767	360
768	360
769	480
770	300
771	660
772	540
773	840
774	360
775	720
776	420
777	360
778	540
779	660
780	360
781	360
782	300
783	900
784	360
785	360
786	360
787	660
788	1980
789	600
790	540
791	360
792	780
793	960
794	540
795	420
796	480
797	300
798	840
799	360
800	720
801	300
802	360
803	480
804	540
805	900
806	300
807	360
808	240
809	600
810	420
811	300
812	420
813	600
814	300
815	480
816	540
817	900
818	360
819	1080
820	660
821	420
822	540
823	480
824	600
825	600
826	240
827	360
828	540
829	600
830	600
831	420
832	540
833	480
834	240
835	660
836	540
837	600
838	540
839	360
840	600
841	1680
842	600
843	480
844	420
845	780
846	720
847	840
848	660
849	720
850	720
851	360
852	300
853	600
854	840
855	900
856	300
857	660
858	240
859	1020
860	240
861	360
862	420
863	1260
864	600
865	480
866	360
867	300
868	480
869	360
870	420
871	660
872	600
873	1020
874	300
875	1020
876	360
877	480
878	420
879	300
880	420
881	480
882	240
883	600
884	900
885	420
886	300
887	360
TIME_WINDOW_SECTION
1	0	45000
2	5400	12600
3	12600	19800
4	19800	27000
5	16200	23400
6	12600	19800
7	16200	23400
8	5400	11700
9	19800	27000
10	12600	19800
11	9000	16200
12	12600	18840
13	19800	27000
14	5400	11700
15	19800	27000
16	16200	23400
17	19800	27000
18	9000	16200
19	23400	30600
20	23400	30600
21	19800	27000
22	12600	19800
23	23400	30600
24	16200	23400
25	19800	27000
26	5400	12600
27	7200	30600
28	16200	23400
29	16200	23400
30	12600	19800
31	16200	23400
32	12600	19800
33	9000	16200
34	23400	30600
35	23400	30600
36	12600	19800
37	16200	23400
38	5400	12600
39	5400	12600
40	9000	16200
41	12600	19800
42	12600	19800
43	23400	30600
44	16200	23400
45	12600	19800
46	9000	16200
47	9000	16200
48	7200	30600
49	12600	19800
50	16200	23400
51	23400	30600
52	5400	12600
53	16200	23400
54	5400	12600
55	16200	23400
56	23400	30600
57	12600	19800
58	5400	12600
59	5400	12600
60	19800	27000
61	12600	19800
62	16200	23400
63	12600	19800
64	19800	27000
65	7200	30600
66	7200	30600
67	12600	19800
68	23400	30600
69	12600	19800
70	9000	16200
71	23400	30600
72	23400	30600
73	12600	19800
74	23400	30600
75	23400	30600
76	5400	12600
77	19800	27000
78	7200	29700
79	5400	12600
80	23400	30600
81	12600	19800
82	12600	19800
83	12600	19800
84	16200	23400
85	12600	19800
86	5400	12600
87	12600	19800
88	12600	19800
89	16200	22500
90	16200	23400
91	5400	12600
92	23400	30600
93	23400	30600
94	7200	29700
95	9000	16200
96	19800	27000
97	12600	19800
98	5400	12600
99	23400	30600
100	23400	30600
101	12600	18900
102	19800	27000
103	19800	27000
104	23400	30600
105	23400	30600
106	23400	30600
107	12600	19800
108	5400	12600
109	12600	19800
110	5400	12600
111	16200	23400
112	12600	19800
113	16200	23400
114	12600	19800
115	16200	23400
116	12600	19800
117	23400	30600
118	12600	19800
119	16200	23400
120	23400	30600
121	5400	12600
122	23400	30600
123	16200	22500
124	7200	30600
125	16200	23400
126	19800	27000
127	19800	26100
128	5400	12600
129	16200	23400
130	16200	23400
131	19800	27000
132	23400	30600
133	9000	16200
134	5400	12600
135	9000	16200
136	16200	23400
137	12600	19800
138	5400	12600
139	16200	23400
140	16200	23400
141	7200	30600
142	16200	23400
143	7200	30600
144	9000	16200
145	19800	27000
146	23400	30600
147	23400	30600
148	16200	23400
149	19800	27000
150	16200	23400
151	12600	18900
152	16200	25200
153	5400	12600
154	7200	30600
155	16200	23400
156	7200	30600
157	16200	23400
158	12600	19800
159	16200	23400
160	7200	30600
161	5400	12600
162	23400	30600
163	19800	26100
164	23400	29700
165	16200	27000
166	23400	30600
167	9000	16200
168	12600	19800
169	16200	23400
170	7200	30600
171	16200	22500
172	12600	19800
173	23400	30600
174	16200	23400
175	5400	12600
176	16200	23400
177	23400	30600
178	16200	23400
179	12600	19800
180	23400	30600
181	23400	30600
182	12600	19800
183	16200	23400
184	9000	16200
185	16200	23400
186	16200	23400
187	16200	23400
188	12600	19800
189	19800	27000
190	7200	30600
191	16200	23400
192	16200	23400
193	5400	12600
194	5400	12600
195	9000	16200
196	16200	25200
197	12600	19800
198	9000	16200
199	7200	29700
200	19800	27000
201	16200	23400
202	19800	27000
203	9000	16200
204	12600	19800
205	16200	23400
206	12600	19800
207	12600	19800
208	19800	27000
209	7200	30600
210	19800	27000
211	5400	12600
212	9000	16200
213	7200	29700
214	19800	27000
215	5400	12600
216	19800	27000
217	19800	27000
218	12600	19800
219	9000	16200
220	9000	16200
221	16200	23400
222	23400	30600
223	16200	23400
224	19800	27000
225	5400	12600
226	16200	23400
227	19800	27000
228	19800	27000
229	9000	16200
230	9000	16200
231	5400	12600
232	19800	27000
233	19800	27000
234	16200	23400
235	12600	19800
236	5400	12600
237	5400	12600
238	5400	12600
239	9000	16200
240	9000	16200
241	7200	30600
242	9000	16200
243	12600	19800
244	12600	19800
245	19800	27000
246	19800	27000
247	19800	27000
248	5400	12600
249	12600	19800
250	19800	27000
251	16200	23400
252	5400	12600
253	9000	16200
254	23400	30600
255	12600	18900
256	16200	23400
257	23400	30600
258	19800	27000
259	5400	12600
260	12600	18900
261	5400	12600
262	16200	23400
263	7200	29700
264	16200	23400
265	5400	12600
266	18000	41400
267	12600	19800
268	19800	26100
269	5400	12600
270	12600	19800
271	23400	30600
272	16200	23400
273	5400	12600
274	23400	30600
275	9000	16200
276	19800	27000
277	19800	27000
278	16200	23400
279	19800	27000
280	19800	27000
281	16200	23400
282	7200	30600
283	7200	30600
284	9000	16200
285	19800	27000
286	7200	30600
287	12600	19800
288	19800	27000
289	12600	19800
290	9000	16200
291	12600	19800
292	7200	30600
293	19800	27000
294	16200	23400
295	9000	16200
296	9000	16200
297	18000	41400
298	9000	16200
299	19800	27000
300	23400	30600
301	16200	23400
302	12600	19800
303	19800	27000
304	12600	19800
305	23400	30600
306	7200	30600
307	12600	18900
308	12600	19800
309	12600	19800
310	12600	19800
311	19800	27000
312	5400	12600
313	23400	30600
314	12600	19800
315	19800	27000
316	7200	30600
317	9000	16200
318	16200	23400
319	12600	19800
320	16200	23400
321	5400	12600
322	19800	27000
323	12600	19800
324	23400	30600
325	16200	23400
326	23400	30600
327	12600	19800
328	19800	27000
329	16200	23400
330	19800	27000
331	19800	27000
332	19800	27000
333	5400	12600
334	16200	23400
335	19800	27000
336	7200	30600
337	16200	23400
338	7200	30600
339	7200	30600
340	5400	12600
341	19800	27000
342	23400	30600
343	23400	30600
344	23400	30600
345	7200	30600
346	23400	29700
347	19800	27000
348	12600	19800
349	23400	29700
350	16200	23400
351	16200	23400
352	12600	19800
353	16200	23400
354	18000	41400
355	16200	23400
356	23400	30600
357	19800	27000
358	5400	12600
359	12600	19800
360	19800	27000
361	16200	23400
362	9000	16200
363	12600	19800
364	7200	30600
365	12600	19800
366	5400	12600
367	12600	19800
368	16200	23400
369	19800	27000
370	19800	27000
371	5400	12600
372	23400	30600
373	19800	27000
374	16200	23400
375	16200	23400
376	7200	30600
377	23400	30600
378	16200	23400
379	12600	19800
380	23400	30600
381	23400	30600
382	9000	16200
383	23400	30600
384	16200	23400
385	19800	27000
386	19800	27000
387	19800	27000
388	16200	23400
389	16200	23400
390	19800	27000
391	23400	30600
392	19800	27000
393	5400	12600
394	5400	12600
395	16200	23400
396	9000	16200
397	7200	30600
398	16200	23400
399	19800	27000
400	23400	30600
401	7200	30600
402	19800	27000
403	18000	41400
404	23400	30600
405	23400	30600
406	9000	16200
407	9000	16200
408	16200	23400
409	16200	23400
410	7200	30600
411	19800	27000
412	16200	23400
413	16200	23400
414	23400	30600
415	12600	19800
416	23400	30600
417	9000	16200
418	9000	16200
419	19800	27000
420	16200	23400
421	12600	19800
422	7200	30600
423	12600	19800
424	12600	19800
425	23400	30600
426	23400	30600
427	7200	30600
428	7200	30600
429	19800	27000
430	19800	27000
431	12600	19800
432	9000	16200
433	12600	19800
434	16200	23400
435	12600	19800
436	16200	23400
437	16200	23400
438	23400	30600
439	16200	23400
440	9000	16200
441	16200	23400
442	12600	19800
443	12600	19800
444	19800	27000
445	23400	30600
446	19800	27000
447	9000	16200
448	16200	23400
449	7200	29700
450	16200	23400
451	16200	23400
452	19800	27000
453	23400	30600
454	16200	22500
455	7200	30600
456	9000	16200
457	23400	30600
458	23400	30600
459	7200	30600
460	16200	23400
461	16200	23400
462	23400	30600
463	16200	25200
464	16200	23400
465	16200	23400
466	19800	27000
467	12600	19800
468	23400	30600
469	16200	23400
470	7200	30600
471	16200	23400
472	7200	30600
473	19800	26100
474	23400	30600
475	19800	27000
476	7200	30600
477	19800	27000
478	12600	19800
479	16200	23400
480	12600	19800
481	16200	25200
482	19800	27000
483	7200	30600
484	9000	16200
485	9000	16200
486	16200	23400
487	7200	30600
488	7200	30600
489	23400	30600
490	16200	23400
491	12600	19800
492	19800	27000
493	7200	30600
494	23400	30600
495	16200	23400
496	7200	30600
497	7200	30600
498	18000	41400
499	16200	23400
500	23400	30600
501	12600	19800
502	23400	30600
503	23400	30600
504	16200	23400
505	12600	19800
506	12600	19800
507	9000	16200
508	23400	30600
509	23400	30600
510	16200	25200
511	16200	23400
512	23400	30600
513	16200	23400
514	7200	30600
515	23400	30600
516	16200	23400
517	12600	19800
518	16200	25200
519	23400	30600
520	19800	27000
521	16200	22500
522	12600	19800
523	23400	30600
524	16200	23400
525	12600	19800
526	19800	27000
527	12600	18900
528	23400	30600
529	19800	27000
530	12600	19800
531	12600	19800
532	23400	30600
533	23400	30600
534	12600	19800
535	9000	16200
536	7200	30600
537	18000	40500
538	16200	23400
539	16200	23400
540	7200	30600
541	7200	30600
542	12600	19800
543	19800	27000
544	9000	16200
545	16200	25200
546	9000	16200
547	12600	19800
548	12600	19800
549	16200	23400
550	7200	30600
551	12600	19800
552	12600	19800
553	9000	16200
554	19800	27000
555	7200	30600
556	12600	19800
557	16200	23400
558	7200	30600
559	19800	27000
560	12600	19800
561	23400	30600
562	16200	23400
563	12600	19800
564	16200	25200
565	23400	30600
566	23400	30600
567	23400	30600
568	19800	27000
569	12600	19800
570	19800	27000
571	7200	30600
572	19800	27000
573	7200	30600
574	7200	30600
575	7200	30600
576	16200	23400
577	12600	19800
578	16200	23400
579	12600	19800
580	7200	30600
581	12600	19800
582	12600	19800
583	19800	27000
584	23400	30600
585	19800	27000
586	12600	19800
587	7200	30600
588	12600	19800
589	7200	30600
590	19800	27000
591	23400	30600
592	23400	30600
593	19800	27000
594	16200	23400
595	7200	30600
596	23400	30600
597	19800	27000
598	23400	30600
599	19800	27000
600	12600	18840
601	12600	19800
602	12600	19800
603	16200	23400
604	23400	30600
605	12600	19800
606	19800	27000
607	19800	27000
608	23400	30600
609	19800	27000
610	12600	19800
611	19800	27000
612	16200	23400
613	7200	30600
614	7200	29700
615	19800	27000
616	23400	30600
617	19800	27000
618	12600	19800
619	12600	19800
620	12600	19800
621	16200	23400
622	23400	30600
623	12600	19800
624	12600	19800
625	16200	23400
626	12600	19800
627	12600	19800
628	16200	23400
629	23400	30600
630	16200	23400
631	16200	23400
632	12600	19800
633	7200	30600
634	16200	23400
635	7200	30600
636	7200	30600
637	16200	23400
638	16200	27000
639	16200	23400
640	19800	27000
641	12600	19800
642	23400	30600
643	12600	19800
644	16200	23400
645	16200	23400
646	19800	27000
647	12600	19800
648	16200	23400
649	12600	19800
650	19800	26100
651	12600	19800
652	19800	27000
653	19800	27000
654	19800	27000
655	7200	30600
656	16200	23400
657	23400	30600
658	23400	30600
659	23400	30600
660	7200	30600
661	23400	30600
662	16200	23400
663	12600	19800
664	16200	23400
665	16200	22500
666	19800	27000
667	16200	25200
668	16200	23400
669	12600	19800
670	23400	30600
671	12600	19800
672	23400	30600
673	7200	30600
674	7200	30600
675	7200	30600
676	16200	23400
677	16200	23400
678	16200	23400
679	12600	19800
680	19800	27000
681	16200	25200
682	23400	30600
683	16200	23400
684	23400	30600
685	16200	23400
686	16200	23400
687	7200	30600
688	16200	23400
689	19800	27000
690	19800	27000
691	16200	22500
692	23400	30600
693	12600	19800
694	19800	27000
695	23400	30600
696	23400	30600
697	7200	29700
698	12600	19800
699	19800	27000
700	23400	30600
701	23400	30600
702	7200	29700
703	23400	30600
704	23400	30600
705	7200	30600
706	23400	30600
707	19800	27000
708	7200	30600
709	16200	27000
710	16200	23400
711	16200	23400
712	16200	23400
713	12600	19800
714	19800	27000
715	19800	27000
716	23400	30600
717	12600	19800
718	19800	27000
719	16200	23400
720	16200	23400
721	12600	19800
722	19800	27000
723	19800	27000
724	19800	27000
725	7200	29700
726	23400	30600
727	23400	30600
728	7200	30600
729	23400	30600
730	16200	23400
731	7200	29700
732	16200	23400
733	23400	30600
734	19800	27000
735	16200	23400
736	23400	30600
737	23400	30600
738	18000	41400
739	19800	27000
740	19800	27000
741	19800	27000
742	16200	23400
743	23400	30600
744	23400	30600
745	19800	27000
746	23400	30600
747	19800	27000
748	19800	27000
749	7200	30600
750	16200	23400
751	18000	40500
752	23400	29700
753	19800	27000
754	7200	30600
755	23400	30600
756	7200	30600
757	23400	30600
758	19800	27000
759	23400	30600
760	19800	27000
761	16200	23400
762	16200	23400
763	16200	23400
764	19800	27000
765	16200	23400
766	23400	30600
767	7200	30600
768	19800	27000
769	7200	30600
770	19800	27000
771	23400	30600
772	7200	30600
773	23400	30600
774	7200	29700
775	19800	27000
776	16200	23400
777	19800	27000
778	23400	30600
779	16200	23400
780	16200	23400
781	7200	30600
782	23400	30600
783	19800	27000
784	16200	23400
785	16200	23400
786	19800	27000
787	19800	27000
788	23400	30600
789	19800	27000
790	23400	30600
791	23400	30600
792	16200	23400
793	19800	27000
794	23400	30600
795	19800	27000
796	7200	29700
797	16200	23400
798	23400	30600
799	16200	23400
800	19800	27000
801	16200	23400
802	16200	23400
803	16200	23400
804	7200	30600
805	7200	30600
806	19800	27000
807	23400	30600
808	16200	23400
809	19800	27000
810	16200	23400
811	19800	27000
812	7200	30600
813	23400	30600
814	7200	30600
815	19800	27000
816	19800	27000
817	19800	27000
818	19800	27000
819	23400	30600
820	19800	27000
821	16200	25200
822	7200	30600
823	16200	23400
824	7200	30600
825	7200	30600
826	16200	23400
827	19800	27000
828	23400	30600
829	16200	23400
830	16200	23400
831	23400	30600
832	19800	27000
833	16200	23400
834	23400	30600
835	16200	23400
836	19800	27000
837	23400	30600
838	19800	27000
839	23400	30600
840	7200	30600
841	23400	30600
842	23400	30600
843	23400	30600
844	7200	30600
845	23400	30600
846	23400	30600
847	23400	30600
848	23400	30600
849	7200	30600
850	23400	30600
851	19800	27000
852	7200	30600
853	7200	30600
854	23400	30600
855	7200	30600
856	7200	30600
857	7200	29700
858	23400	30600
859	19800	27000
860	19800	27000
861	7200	30600
862	23400	30600
863	7200	30600
864	23400	30600
865	19800	26100
866	7200	30600
867	19800	27000
868	23400	30600
869	7200	30600
870	7200	30600
871	23400	30600
872	23400	30600
873	23400	30600
874	23400	30600
875	7200	30600
876	23400	30600
877	19800	27000
878	19800	27000
879	7200	29700
880	23400	30600
881	23400	30600
882	23400	30600
883	23400	30600
884	7200	30600
885	23400	30600
886	23400	30600
887	19800	27000
RELEASE_TIME_SECTION
1	0
2	5400
3	5400
4	5400
5	5400
6	5400
7	5400
8	5400
9	5400
10	5400
11	5400
12	5400
13	5400
14	5400
15	5400
16	5400
17	5400
18	5400
19	5400
20	5400
21	5400
22	5400
23	5400
24	5400
25	5400
26	5400
27	5400
28	5400
29	5400
30	5400
31	5400
32	5400
33	5400
34	5400
35	5400
36	5400
37	5400
38	5400
39	5400
40	5400
41	5400
42	5400
43	5400
44	5400
45	5400
46	5400
47	5400
48	5400
49	5400
50	5400
51	5400
52	5400
53	5400
54	5400
55	5400
56	5400
57	5400
58	5400
59	5400
60	5400
61	5400
62	5400
63	5400
64	5400
65	5400
66	5400
67	5400
68	5400
69	5400
70	5400
71	5400
72	5400
73	5400
74	5400
75	5400
76	5400
77	5400
78	5400
79	5400
80	5400
81	5400
82	5400
83	5400
84	5400
85	5400
86	5400
87	5400
88	5400
89	5400
90	5400
91	5400
92	5400
93	5400
94	5400
95	5400
96	5400
97	5400
98	5400
99	5400
100	5400
101	5400
102	7200
103	7200
104	7200
105	7200
106	7200
107	7200
108	7200
109	7200
110	7200
111	7200
112	7200
113	7200
114	7200
115	7200
116	7200
117	7200
118	7200
119	7200
120	7200
121	7200
122	7200
123	7200
124	7200
125	7200
126	7200
127	7200
128	7200
129	7200
130	7200
131	7200
132	7200
133	7200
134	7200
135	7200
136	7200
137	7200
138	7200
139	7200
140	7200
141	7200
142	7200
143	7200
144	7200
145	7200
146	7200
147	7200
148	7200
149	7200
150	7200
151	7200
152	7200
153	7200
154	7200
155	7200
156	7200
157	7200
158	7200
159	7200
160	7200
161	7200
162	7200
163	7200
164	7200
165	7200
166	7200
167	7200
168	7200
169	7200
170	7200
171	7200
172	7200
173	7200
174	7200
175	7200
176	7200
177	7200
178	7200
179	7200
180	7200
181	7200
182	7200
183	7200
184	7200
185	7200
186	7200
187	7200
188	7200
189	7200
190	7200
191	7200
192	7200
193	7200
194	7200
195	7200
196	7200
197	7200
198	7200
199	7200
200	7200
201	7200
202	9000
203	9000
204	9000
205	9000
206	9000
207	9000
208	9000
209	9000
210	9000
211	9000
212	9000
213	9000
214	9000
215	9000
216	9000
217	9000
218	9000
219	9000
220	9000
221	9000
222	9000
223	9000
224	9000
225	9000
226	9000
227	9000
228	9000
229	9000
230	9000
231	9000
232	9000
233	9000
234	9000
235	9000
236	9000
237	9000
238	9000
239	9000
240	9000
241	9000
242	9000
243	9000
244	9000
245	9000
246	9000
247	9000
248	9000
249	9000
250	9000
251	9000
252	9000
253	9000
254	9000
255	9000
256	9000
257	9000
258	9000
259	9000
260	9000
261	9000
262	9000
263	9000
264	9000
265	9000
266	9000
267	9000
268	9000
269	9000
270	9000
271	9000
272	9000
273	9000
274	9000
275	9000
276	9000
277	9000
278	9000
279	9000
280	9000
281	9000
282	9000
283	9000
284	9000
285	9000
286	9000
287	9000
288	9000
289	9000
290	9000
291	9000
292	9000
293	9000
294	9000
295	9000
296	9000
297	9000
298	9000
299	9000
300	9000
301	9000
302	10800
303	10800
304	10800
305	10800
306	10800
307	10800
308	10800
309	10800
310	10800
311	10800
312	10800
313	10800
314	10800
315	10800
316	10800
317	10800
318	10800
319	10800
320	10800
321	10800
322	10800
323	10800
324	10800
325	10800
326	10800
327	10800
328	10800
329	10800
330	10800
331	10800
332	10800
333	10800
334	10800
335	10800
336	10800
337	10800
338	10800
339	10800
340	10800
341	10800
342	10800
343	10800
344	10800
345	10800
346	10800
347	10800
348	10800
349	10800
350	10800
351	10800
352	10800
353	10800
354	10800
355	10800
356	10800
357	10800
358	10800
359	10800
360	10800
361	10800
362	10800
363	10800
364	10800
365	10800
366	10800
367	10800
368	10800
369	10800
370	10800
371	10800
372	10800
373	10800
374	10800
375	10800
376	10800
377	10800
378	10800
379	10800
380	10800
381	10800
382	10800
383	10800
384	10800
385	10800
386	10800
387	10800
388	10800
389	10800
390	10800
391	10800
392	10800
393	10800
394	10800
395	10800
396	10800
397	10800
398	10800
399	10800
400	12600
401	12600
402	12600
403	12600
404	12600
405	12600
406	12600
407	12600
408	12600
409	12600
410	12600
411	12600
412	12600
413	12600
414	12600
415	12600
416	12600
417	12600
418	12600
419	12600
420	12600
421	12600
422	12600
423	12600
424	12600
425	12600
426	12600
427	12600
428	12600
429	12600
430	12600
431	12600
432	12600
433	12600
434	12600
435	12600
436	12600
437	12600
438	12600
439	12600
440	12600
441	12600
442	12600
443	12600
444	12600
445	12600
446	12600
447	12600
448	12600
449	12600
450	12600
451	12600
452	12600
453	12600
454	12600
455	12600
456	12600
457	12600
458	12600
459	12600
460	12600
461	12600
462	12600
463	12600
464	12600
465	12600
466	12600
467	12600
468	12600
469	12600
470	12600
471	12600
472	12600
473	12600
474	12600
475	12600
476	12600
477	12600
478	12600
479	12600
480	12600
481	12600
482	12600
483	12600
484	12600
485	12600
486	12600
487	12600
488	12600
489	12600
490	14400
491	14400
492	14400
493	14400
494	14400
495	14400
496	14400
497	14400
498	14400
499	14400
500	14400
501	14400
502	14400
503	14400
504	14400
505	14400
506	14400
507	14400
508	14400
509	14400
510	14400
511	14400
512	14400
513	14400
514	14400
515	14400
516	14400
517	14400
518	14400
519	14400
520	14400
521	14400
522	14400
523	14400
524	14400
525	14400
526	14400
527	14400
528	14400
529	14400
530	14400
531	14400
532	14400
533	14400
534	14400
535	14400
536	14400
537	14400
538	14400
539	14400
540	14400
541	14400
542	14400
543	14400
544	14400
545	14400
546	14400
547	14400
548	14400
549	14400
550	14400
551	14400
552	14400
553	14400
554	14400
555	14400
556	14400
557	14400
558	14400
559	14400
560	14400
561	14400
562	14400
563	14400
564	14400
565	14400
566	14400
567	14400
568	14400
569	14400
570	14400
571	14400
572	14400
573	14400
574	14400
575	14400
576	14400
577	14400
578	14400
579	16200
580	16200
581	16200
582	16200
583	16200
584	16200
585	16200
586	16200
587	16200
588	16200
589	16200
590	16200
591	16200
592	16200
593	16200
594	16200
595	16200
596	16200
597	16200
598	16200
599	16200
600	16200
601	16200
602	16200
603	16200
604	16200
605	16200
606	16200
607	16200
608	16200
609	16200
610	16200
611	16200
612	16200
613	16200
614	16200
615	16200
616	16200
617	16200
618	16200
619	16200
620	16200
621	16200
622	16200
623	16200
624	16200
625	16200
626	16200
627	16200
628	16200
629	16200
630	16200
631	16200
632	16200
633	16200
634	16200
635	16200
636	16200
637	16200
638	16200
639	16200
640	16200
641	16200
642	16200
643	16200
644	16200
645	16200
646	16200
647	16200
648	16200
649	16200
650	16200
651	16200
652	16200
653	16200
654	16200
655	18000
656	18000
657	18000
658	18000
659	18000
660	18000
661	18000
662	18000
663	18000
664	18000
665	18000
666	18000
667	18000
668	18000
669	18000
670	18000
671	18000
672	18000
673	18000
674	18000
675	18000
676	18000
677	18000
678	18000
679	18000
680	18000
681	18000
682	18000
683	18000
684	18000
685	18000
686	18000
687	18000
688	18000
689	18000
690	18000
691	18000
692	18000
693	18000
694	18000
695	18000
696	18000
697	18000
698	18000
699	18000
700	18000
701	18000
702	18000
703	18000
704	18000
705	18000
706	18000
707	18000
708	18000
709	18000
710	18000
711	18000
712	18000
713	18000
714	18000
715	18000
716	18000
717	18000
718	18000
719	18000
720	18000
721	18000
722	18000
723	19800
724	19800
725	19800
726	19800
727	19800
728	19800
729	19800
730	19800
731	19800
732	19800
733	19800
734	19800
735	19800
736	19800
737	19800
738	19800
739	19800
740	19800
741	19800
742	19800
743	19800
744	19800
745	19800
746	19800
747	19800
748	19800
749	19800
750	19800
751	19800
752	19800
753	19800
754	19800
755	19800
756	19800
757	19800
758	19800
759	19800
760	19800
761	19800
762	19800
763	19800
764	19800
765	19800
766	19800
767	19800
768	19800
769	19800
770	19800
771	19800
772	19800
773	19800
774	19800
775	19800
776	19800
777	19800
778	19800
779	19800
780	19800
781	19800
782	19800
783	19800
784	19800
785	21600
786	21600
787	21600
788	21600
789	21600
790	21600
791	21600
792	21600
793	21600
794	21600
795	21600
796	21600
797	21600
798	21600
799	21600
800	21600
801	21600
802	21600
803	21600
804	21600
805	21600
806	21600
807	21600
808	21600
809	21600
810	21600
811	21600
812	21600
813	21600
814	21600
815	21600
816	21600
817	21600
818	21600
819	21600
820	21600
821	21600
822	21600
823	21600
824	21600
825	21600
826	21600
827	21600
828	21600
829	21600
830	21600
831	21600
832	21600
833	21600
834	21600
835	21600
836	21600
837	23400
838	23400
839	23400
840	23400
841	23400
842	23400
843	23400
844	23400
845	23400
846	23400
847	23400
848	23400
849	23400
850	23400
851	23400
852	23400
853	23400
854	23400
855	23400
856	23400
857	23400
858	23400
859	23400
860	23400
861	23400
862	23400
863	23400
864	23400
865	23400
866	23400
867	23400
868	23400
869	23400
870	23400
871	23400
872	23400
873	23400
874	23400
875	23400
876	23400
877	23400
878	23400
879	23400
880	23400
881	23400
882	23400
883	23400
884	23400
885	23400
886	23400
887	23400
EOF
